0 -7633.8588867188 2 4 7 8 9 10 11 12 13 14 15 17 18 19 20 21 22 24 18_1 .0704787665709946700621618036934006632424
.0014648438 -7633.8574218750 1 2 3 4 6 7 8 9 11 13 15 16 17 18 20 21 22 24 18_2 .0678546383923299011238120266533855901190
.0043945313 -7633.8544921875 1 2 3 4 7 8 9 10 11 13 14 15 16 17 18 20 22 24 18_3 .0628958560294226200752763838793929115804
.0112304688 -7633.8476562500 1 2 6 7 8 9 10 11 12 13 15 16 17 18 20 21 22 23 18_4 .0526891485202448017070135275691532651583
.0146484376 -7633.8442382812 1 2 3 4 5 6 7 9 10 11 12 13 15 17 18 20 22 24 18_5 .0482248353580671151474995950269375376535
.0302734376 -7633.8286132812 1 2 3 4 6 7 8 9 11 12 13 15 16 17 20 21 22 24 18_6 .0321734310338584122476266722176694663697
.0322265626 -7633.8266601562 1 2 3 4 6 7 8 9 10 11 13 15 16 17 18 20 22 24 18_7 .0305862127677928876660007805991009873780
.0356445313 -7633.8232421875 1 2 3 4 5 6 7 9 10 11 12 13 17 18 19 20 22 24 18_8 .0279946653191329499002732935555335335961
.0361328126 -7633.8227539062 2 4 6 7 8 9 10 11 12 13 15 16 17 18 20 21 22 24 18_9 .0276428209825035793197200044191367447904
.0375976563 -7633.8212890625 1 2 3 4 5 7 8 9 10 11 12 14 15 16 17 18 20 22 18_10 .0266135989323942100676011352438667661313
.0385742188 -7633.8203125000 1 2 3 4 5 7 8 9 10 11 12 14 15 17 18 20 22 24 18_11 .0259488294569275392565962213900285607580
.0419921876 -7633.8168945312 1 2 3 4 7 8 9 10 11 12 13 14 15 16 17 18 22 24 18_12 .0237502040446539864146171845843649618524
.0463867188 -7633.8125000000 1 2 3 4 5 6 7 9 10 11 13 17 18 19 20 22 23 24 18_13 .0211948859324403054990789987145928852401
.0488281250 -7633.8100585938 2 3 4 6 7 8 9 11 12 13 15 16 17 18 20 21 22 24 18_14 .0198960330701427136724409191696296834537
.0493164063 -7633.8095703125 2 4 7 8 9 10 11 12 13 14 15 16 17 18 19 20 21 22 18_15 .0196459744794320033746049850095912967850
.0498046876 -7633.8090820312 1 2 3 4 6 7 9 11 12 13 15 16 17 20 21 22 24 25 18_16 .0193990586910360953213953800403177046339
.0502929688 -7633.8085937500 1 2 5 6 7 8 9 10 11 12 15 16 17 18 20 21 22 23 18_17 .0191552462550043457970113622600459216776
.0571289063 -7633.8017578125 1 2 3 4 5 6 7 9 10 11 12 13 15 17 18 19 20 22 18_18 .0160467426407178526000517477654670400972
.0581054688 -7633.8007812500 2 4 7 8 9 10 11 12 13 14 15 16 17 18 20 21 22 36 18_19 .0156459180579428310991632643031907328279
.0639648438 -7633.7949218750 1 2 3 4 6 7 9 10 11 13 15 16 17 18 20 22 24 34 18_20 .0134426854110612498764454925286370376431
.0703125000 -7633.7885742188 1 2 3 4 5 6 7 9 10 11 12 13 14 16 17 18 20 22 18_21 .0114045486384003653620835394982508413664
.0727539063 -7633.7861328125 1 2 3 4 5 7 8 9 10 11 12 13 15 16 17 18 20 24 18_22 .0107056615919134920149561496193871037032
.0732421876 -7633.7856445312 1 3 4 5 8 9 10 11 12 14 15 16 17 18 19 20 22 24 18_23 .0105711100136736562483435831679522234913
.0747070313 -7633.7841796875 1 5 6 8 9 10 11 14 15 16 17 18 19 20 21 22 23 24 18_24 .0101775170613808583902202955843624644599
.0771484376 -7633.7817382812 1 2 3 4 5 7 8 9 10 11 13 15 16 17 18 20 22 24 18_25 .0095538242643114330104871395647120400684
.0791015626 -7633.7797851562 1 3 4 5 6 8 10 11 14 15 16 17 18 19 20 22 23 24 18_26 .0090825035535318783587526610698172180285
.0825195313 -7633.7763671875 1 2 3 4 5 6 7 9 11 12 13 15 16 17 20 21 22 23 18_27 .0083129496669393720017004331264973166202
.0849609376 -7633.7739257812 4 6 7 8 9 10 11 12 13 15 16 17 18 19 20 21 22 24 18_28 .0078035202257110695927090821151903950237
.0874023438 -7633.7714843750 4 7 9 10 11 12 13 14 15 16 17 18 19 20 21 22 24 46 18_29 .0073253093679848354426997025768097382207
.0878906250 -7633.7709960938 2 4 5 7 8 9 10 11 12 13 14 15 16 17 18 20 21 22 18_30 .0072332429667155896996666788380404983080
.0903320313 -7633.7685546875 1 3 4 5 7 8 9 10 11 12 14 16 17 18 19 20 22 23 18_31 .0067899794958134332752703243344717623561
.0908203126 -7633.7680664062 1 4 6 7 8 9 10 11 12 13 14 15 16 17 19 20 21 22 18_32 .0067046412428213986454164222632452635423
.0913085938 -7633.7675781250 4 7 8 9 10 11 12 13 14 15 16 17 18 19 21 22 24 32 18_33 .0066203755606475222691376419021096370708
.0932617188 -7633.7656250000 1 2 3 4 7 8 9 11 13 15 16 17 18 20 21 22 23 24 18_34 .0062937712576431198993977496934616832786
.0937500000 -7633.7651367188 1 2 3 4 5 6 7 8 9 10 11 12 13 14 15 16 17 18 18_35 .0062146694967488329219636139961332637723
.0942382813 -7633.7646484375 1 3 4 5 7 9 10 11 12 13 14 15 16 17 18 19 20 22 18_36 .0061365618915487825920103579003626410884
.0957031250 -7633.7631835938 1 2 3 4 7 8 9 11 14 15 17 18 19 20 21 22 24 25 18_37 .0059080799716086837624399938208457782988
.0961914063 -7633.7626953125 1 2 3 4 5 7 9 10 11 12 13 15 17 18 19 20 22 24 18_38 .0058338256644159764442882484353986988212
.0976562500 -7633.7612304688 1 2 3 7 8 9 11 13 14 15 17 18 19 20 21 22 23 24 18_39 .0056166154884317212521821575976182048880
.0981445313 -7633.7607421875 1 2 3 4 5 6 7 9 10 11 12 14 16 17 18 20 22 23 18_40 .0055460243837301090087112883737812950768
.0986328126 -7633.7602539062 1 2 3 4 5 7 8 9 10 11 12 14 16 18 21 22 23 24 18_41 .0054763204866490393228085729867568324463
.1000976563 -7633.7587890625 1 5 6 8 10 11 12 14 15 16 17 18 19 20 21 22 23 24 18_42 .0052724212608105342878125572371057623351
.1015625000 -7633.7573242188 1 4 7 8 9 10 11 12 13 14 15 16 17 18 19 21 22 36 18_43 .0050761137919553721612980787267571338514
.1030273438 -7633.7558593750 1 2 5 7 8 9 10 12 14 15 16 17 18 20 21 22 23 24 18_44 .0048871154043890817323103564402195324220
.1040039063 -7633.7548828125 3 4 7 8 9 10 11 12 13 14 16 17 18 19 20 22 23 24 18_45 .0047650422810894608656118351253835679911
.1064453126 -7633.7524414062 1 3 4 5 7 9 10 11 12 14 15 16 17 18 19 20 22 24 18_46 .0044730336771713320962391013830835678824
.1074218750 -7633.7514648438 1 5 7 8 10 11 12 14 15 16 17 18 19 20 21 22 23 24 18_47 .0043613037319573703726033476240259502360
.1083984376 -7633.7504882812 1 2 3 7 8 9 11 13 14 15 16 17 18 19 20 21 22 24 18_48 .0042523646179820564731738609400656556573
.1093750000 -7633.7495117188 1 2 3 4 5 6 7 8 9 10 11 12 13 15 17 18 20 22 18_49 .0041461466683561149692333101248000009917
.1103515626 -7633.7485351562 1 2 3 4 5 6 7 9 10 11 12 13 16 17 18 20 22 36 18_50 .0040425818693367859168285556015296879431
.1108398438 -7633.7480468750 1 2 3 4 6 7 9 10 11 13 15 16 17 18 20 21 22 25 18_51 .0039917736446121385495958237647023840314
.1113281250 -7633.7475585938 4 5 7 9 10 11 12 13 14 15 16 17 18 19 20 21 24 34 18_52 .0039416039909252853476402508294279465042
.1123046876 -7633.7465820312 1 2 3 6 7 8 9 10 11 12 13 14 15 16 17 20 22 23 18_53 .0038431483747143392489028714659808783518
.1127929688 -7633.7460937500 1 2 3 4 5 7 9 11 12 14 15 17 18 19 20 21 22 24 18_54 .0037948466822356452307939362357177656616
.1137695313 -7633.7451171875 1 2 3 4 6 7 8 9 10 11 12 13 15 16 17 20 22 36 18_55 .0037000568627589721769739954239348612370
.1147460938 -7633.7441406250 1 3 4 5 6 8 9 10 11 12 14 16 17 18 19 20 22 23 18_56 .0036076347568235289097362148964864877520
.1162109376 -7633.7426757812 1 2 4 5 6 7 9 10 11 12 13 15 17 20 21 22 24 25 18_57 .0034733120879644641025340991846394346120
.1166992188 -7633.7421875000 1 4 5 6 7 8 9 10 11 12 14 15 16 17 19 20 21 22 18_58 .0034296585945268446764344999908963649167
.1176757813 -7633.7412109375 1 2 4 7 8 10 11 12 14 15 16 17 18 20 21 22 23 24 18_59 .0033439906489511628943776107919592054108
.1191406250 -7633.7397460938 1 2 3 4 5 7 9 11 14 15 17 18 19 20 21 22 24 25 18_60 .0032194842205573859774348639711161011785
.1201171876 -7633.7387695312 1 2 3 4 5 6 9 10 11 13 16 18 19 20 21 22 23 24 18_61 .0031390661208329676330462974202829694799
.1210937500 -7633.7377929688 1 2 3 4 5 6 7 9 10 11 13 16 18 19 20 22 23 24 18_62 .0030606567657919689586061510633478608569
.1225585938 -7633.7363281250 1 2 3 4 5 7 9 10 11 14 15 17 18 19 20 21 22 24 18_63 .0029466996684264051720929683034924311957
.1230468750 -7633.7358398438 1 2 3 4 5 6 7 8 9 10 11 12 13 15 16 17 18 24 18_64 .0029096647774115659996363379135188732566
.1235351563 -7633.7353515625 4 5 7 9 10 11 12 13 14 15 16 17 18 19 20 21 24 37 18_65 .0028730953431371531351902136271045118795
.1240234376 -7633.7348632812 1 2 3 4 5 7 9 11 14 17 18 19 20 21 22 23 24 25 18_66 .0028369855231569821949329638895164613549
.1250000000 -7633.7338867188 1 2 3 4 5 6 7 9 10 11 12 13 15 17 18 20 22 43 18_67 .0027661217067960952448601365338210484599
.1259765626 -7633.7329101562 1 2 3 4 5 6 7 10 11 13 15 16 18 19 20 21 22 23 18_68 .0026970279526330464886434404935853036406
.1289062500 -7633.7299804688 1 3 4 7 8 9 10 11 12 13 14 16 17 18 19 20 22 23 18_69 .0024999305320107253941986956038172958506
.1303710938 -7633.7285156250 1 2 3 4 5 6 7 9 11 12 13 15 16 17 18 20 22 33 18_70 .0024068508929516962693579673455841364402
.1308593750 -7633.7280273438 1 2 3 4 5 6 7 8 9 10 11 15 16 18 20 21 22 23 18_71 .0023766009623379545745903378562174303466
.1313476563 -7633.7275390625 1 3 4 5 7 9 10 11 12 13 14 15 16 17 18 19 22 24 18_72 .0023467312146737442446060782287419607687
.1337890626 -7633.7250976562 1 3 4 5 6 9 10 11 12 13 14 16 17 18 19 20 22 23 18_73 .0022029201705435548908190476711842024446
.1362304688 -7633.7226562500 1 2 5 6 7 9 10 11 12 15 16 17 18 20 21 22 23 24 18_74 .0020679220781714597881631427193333605548
.1372070313 -7633.7216796875 1 3 4 5 7 8 9 11 12 14 16 17 18 19 21 22 23 24 18_75 .0020162683548736795847726861649534659922
.1386718750 -7633.7202148438 2 4 7 8 9 10 11 12 13 14 15 16 17 18 20 21 22 38 18_76 .0019411968615884169777854275422415380752
.1391601563 -7633.7197265625 1 3 4 5 7 9 10 11 13 14 15 17 18 19 20 21 22 24 18_77 .0019167993874894572369466058929695798577
.1396484376 -7633.7192382812 1 3 4 8 9 10 11 12 13 14 15 16 17 18 19 20 22 24 18_78 .0018927085472792017818458801493152325712
.1401367188 -7633.7187500000 1 2 3 4 5 6 7 8 11 13 15 16 17 18 20 21 22 23 18_79 .0018689204919431204587215231169778432095
.1406250000 -7633.7182617188 1 4 5 8 9 10 11 12 13 14 15 16 17 18 19 20 21 24 18_80 .0018454314110991689018923100520872355706
.1420898438 -7633.7167968750 2 4 7 8 9 10 11 12 13 14 16 17 18 19 20 21 22 24 18_81 .0017767206659589241465185949089413827666
.1425781250 -7633.7163085938 1 2 4 5 6 7 8 9 10 11 12 14 15 17 18 21 22 24 18_82 .0017543903766075359684210218483657744778
.1430664063 -7633.7158203125 1 2 3 4 6 7 8 9 10 11 12 13 15 18 20 21 22 24 18_83 .0017323407356773922013507885149473646285
.1435546876 -7633.7153320312 1 2 3 4 6 7 8 9 10 11 12 13 14 16 17 20 22 23 18_84 .0017105682204495042858354305955980908578
.1445312500 -7633.7143554688 1 2 3 4 5 6 7 10 11 13 15 16 18 20 21 22 23 26 18_85 .0016678406875603646907881663331608339663
.1450195313 -7633.7138671875 1 2 3 4 5 6 7 8 9 10 11 15 16 17 18 20 22 23 18_86 .0016468788259474992000086407793384511824
.1459960938 -7633.7128906250 1 2 3 4 5 6 7 9 10 11 12 15 16 17 18 20 22 37 18_87 .0016057421583339470980443358737183622463
.1464843750 -7633.7124023438 1 3 4 5 6 8 9 10 11 12 14 16 17 18 19 20 23 24 18_88 .0015855607715204115051571216790320751725
.1484375000 -7633.7104492188 1 2 3 4 5 6 7 8 9 10 11 12 15 17 18 21 22 24 18_89 .0015073399869275059064990601561585825535
.1489257813 -7633.7099609375 1 4 7 8 9 10 11 12 13 14 15 16 17 18 19 21 22 48 18_90 .0014883953404482723981596542194151931917
.1494140626 -7633.7094726562 1 2 3 4 5 6 7 8 9 10 11 12 13 16 17 20 23 24 18_91 .0014696887952821704411443609345022513688
.1518554688 -7633.7070312500 1 2 3 4 5 6 7 9 11 12 13 15 16 17 18 19 20 22 18_92 .0013796241681582649272359532552459375373
.1523437500 -7633.7065429688 1 2 4 5 7 8 9 10 11 12 14 15 16 17 18 20 21 26 18_93 .0013622846912999175665804809342078931789
.1528320313 -7633.7060546875 1 2 3 4 5 6 7 8 10 11 13 15 16 18 20 21 22 23 18_94 .0013451631380308673893955108025153893537
.1572265626 -7633.7016601562 2 6 7 8 9 10 11 12 13 15 16 17 18 20 21 22 23 34 18_95 .0012004351265207129737393640720437539446
.1606445313 -7633.6982421875 1 3 4 5 9 10 11 12 13 14 16 17 18 19 20 22 23 24 18_96 .0010987231357935585215675096045200845884
.1611328126 -7633.6977539062 1 2 3 4 5 7 8 9 10 11 12 14 15 16 17 18 20 21 18_97 .0010849140936619342960882124855808948320
.1625976563 -7633.6962890625 1 2 3 4 6 7 9 10 11 12 13 15 17 19 20 22 24 37 18_98 .0010445196090187771030252457288948523473
.1630859376 -7633.6958007812 1 3 4 5 6 7 9 10 11 12 13 14 16 17 18 19 22 23 18_99 .0010313918111064938776095542537655365692
.1645507813 -7633.6943359375 1 2 3 4 5 7 8 9 10 11 12 13 14 15 16 17 18 21 18_100 .0009929901156006360215153985773280446527
.1650390626 -7633.6938476562 1 2 5 6 8 9 10 11 12 14 15 17 18 19 21 22 23 24 18_101 .0009805099539512575779687937448463134874
.1655273438 -7633.6933593750 1 2 3 4 5 6 7 8 9 10 11 12 13 17 19 20 23 24 18_102 .0009681866487727078789060421419951146851
.1660156250 -7633.6928710938 1 2 3 4 5 6 7 9 10 11 12 13 16 17 18 20 22 37 18_103 .0009560182261120884559283319080402427807
.1679687500 -7633.6909179688 1 2 3 6 7 8 9 10 11 12 13 15 16 17 20 22 23 36 18_104 .0009088547890021393007304845518238882734
.1689453126 -7633.6899414062 1 2 3 4 5 6 7 9 10 11 12 16 17 18 20 22 23 37 18_105 .0008861528994912984877999380800544181457
.1699218750 -7633.6889648438 1 3 4 5 6 7 8 9 10 11 12 13 14 15 16 17 18 22 18_106 .0008640180751065269926089972094074863621
.1704101563 -7633.6884765625 1 4 7 8 9 10 11 12 13 14 15 16 17 18 19 21 22 34 18_107 .0008531588680752547518784430014940796528
.1728515626 -7633.6860351562 1 2 3 4 5 6 7 9 11 12 13 15 16 17 20 21 22 33 18_108 .0008008760728153423715815711305474488652
.1733398438 -7633.6855468750 4 7 9 10 11 12 13 14 15 16 17 18 19 20 21 22 24 40 18_109 .0007908104531694326094120916270281633570
.1743164063 -7633.6845703125 1 2 3 4 5 6 7 8 9 10 11 16 18 19 20 21 22 23 18_110 .0007710571439126709803884922478527541603
.1752929688 -7633.6835937500 1 5 7 8 9 10 11 12 13 14 15 16 17 18 19 22 23 24 18_111 .0007517972439489067278636565579179190198
.1757812500 -7633.6831054688 1 5 6 7 8 9 10 11 12 15 16 17 18 20 21 22 23 24 18_112 .0007423484598419832092576224897233762370
.1777343750 -7633.6811523438 1 2 3 4 5 6 7 9 10 11 12 14 16 17 20 22 23 37 18_113 .0007057260357676956965631841670848707695
.1782226563 -7633.6806640625 1 2 3 4 5 6 7 8 9 10 11 12 14 16 17 22 23 44 18_114 .0006968562848324324752816022241093679976
.1801757813 -7633.6787109375 1 3 5 6 9 10 11 12 13 14 15 16 17 18 19 20 22 24 18_115 .0006624781352672024806874463804424710105
.1816406250 -7633.6772460938 1 3 4 5 6 8 9 10 11 12 13 14 15 16 17 18 19 20 18_116 .0006378121612349606761590858047544738544
.1826171876 -7633.6762695312 1 2 3 4 5 6 7 9 10 11 12 14 16 17 20 22 23 24 18_117 .0006218805279440977717913698657548622741
.1831054688 -7633.6757812500 2 3 4 7 8 9 10 11 12 13 14 15 16 17 18 20 22 23 18_118 .0006140645710539409079903452273446759949
.1835937500 -7633.6752929688 1 2 3 4 5 6 7 8 9 10 11 12 13 17 20 22 23 24 18_119 .0006063468471512531131619962476705950425
.1845703126 -7633.6743164062 1 2 3 4 6 7 8 9 10 11 12 13 17 19 20 22 24 27 18_120 .0005912011722911495487528350354543456335
.1850585938 -7633.6738281250 1 2 3 4 5 6 7 8 9 10 11 12 16 17 18 22 23 36 18_121 .0005837708015552882069981342490944192652
.1855468750 -7633.6733398438 1 2 3 4 5 6 7 8 9 11 12 15 17 18 21 22 24 28 18_122 .0005764338176594061930940220808756109677
.1860351563 -7633.6728515625 1 2 5 6 8 9 10 11 12 15 16 17 18 20 21 22 23 24 18_123 .0005691890454189430978514212640571068146
.1865234376 -7633.6723632812 1 2 6 7 8 9 10 11 12 13 15 16 17 18 20 22 24 29 18_124 .0005620353273866270984409112425477407059
.1870117188 -7633.6718750000 1 3 5 7 8 9 10 11 12 14 16 17 18 19 20 22 23 26 18_125 .0005549715206066953117677042027156980580
.1875000000 -7633.6713867188 4 7 8 9 10 11 12 13 14 15 16 17 18 19 21 22 24 31 18_126 .0005479964935952101544513109836696060055
.1879882813 -7633.6708984375 3 5 8 9 10 11 12 14 15 16 18 19 20 21 22 23 24 36 18_127 .0005411091291432246455592364213521916486
.1884765626 -7633.6704101562 1 2 4 5 6 7 8 9 10 11 12 15 16 17 20 21 23 24 18_128 .0005343083269040432082822115013047308259
.1889648438 -7633.6699218750 1 2 5 6 7 8 9 10 11 12 14 15 16 17 21 22 23 24 18_129 .0005275930003075667155536917047849458650
.1894531250 -7633.6694335938 1 2 3 5 6 7 8 11 12 13 15 16 17 18 20 21 22 23 18_130 .0005209620736895795030548591538702144019
.1904296876 -7633.6684570312 1 2 3 4 6 7 8 9 11 12 13 15 16 18 20 21 22 24 18_131 .0005079491880456314849861214290741888846
.1914062500 -7633.6674804688 1 2 4 6 7 9 11 12 13 15 16 17 20 21 22 24 25 33 18_132 .0004952613481929021774659360695890131810
.1923828126 -7633.6665039062 3 7 8 9 10 11 12 13 14 15 16 17 18 19 20 22 23 34 18_133 .0004828904298220920519004062342090120974
.1943359376 -7633.6645507812 1 2 3 6 7 8 9 11 12 13 15 16 17 20 21 22 24 35 18_134 .0004590679002971786597583245040637890804
.1948242188 -7633.6640625000 1 2 3 4 5 7 9 10 11 12 13 17 18 19 20 22 24 27 18_135 .0004532982150326480488378008467356415181
.1953125000 -7633.6635742188 1 2 3 4 5 6 7 8 9 10 11 12 14 15 18 19 20 21 18_136 .0004476010446793760813152888336726460870
.1967773438 -7633.6621093750 4 7 8 9 10 11 12 13 14 15 16 17 18 19 21 22 24 27 18_137 .0004309355641199258995648904165629903237
.1977539063 -7633.6611328125 1 3 5 6 7 8 9 10 11 12 14 15 16 17 18 19 22 39 18_138 .0004201714126931438252332330844419272626
.1982421876 -7633.6606445312 1 3 4 5 6 8 9 10 11 12 14 15 16 17 19 20 21 22 18_139 .0004148905875686295870029645799731152211
.1987304688 -7633.6601562500 1 4 7 8 9 10 11 12 13 14 15 16 17 18 19 22 24 41 18_140 .0004096761343081477607588090034964859324
.1997070313 -7633.6591796875 1 2 3 4 5 6 7 8 9 10 11 12 14 15 17 19 22 24 18_141 .0003994430129025438428111089172816122772
.2006835938 -7633.6582031250 1 2 4 5 6 7 9 10 11 12 15 16 17 19 20 21 22 24 18_142 .0003894655001715303364802953279051083484
.2011718750 -7633.6577148438 1 3 5 7 8 9 10 11 12 14 16 17 18 19 20 22 23 35 18_143 .0003845705960496606486722503485535674024
.2021484376 -7633.6567382812 1 2 5 6 7 8 9 10 11 12 15 16 17 21 22 23 24 44 18_144 .0003749645739586915705757243992417202756
.2045898438 -7633.6542968750 1 4 5 6 7 8 9 10 11 12 13 15 16 17 19 20 21 22 18_145 .0003519862096636981990328383424127155365
.2050781250 -7633.6538085938 2 4 5 7 10 11 12 13 14 15 16 17 18 20 21 22 23 26 18_146 .0003475623550533019015845934577264030052
.2055664063 -7633.6533203125 4 7 8 9 10 11 12 13 14 15 16 17 18 19 21 22 24 46 18_147 .0003431940997140429191672794622916381417
.2065429688 -7633.6523437500 1 2 3 4 5 6 7 8 9 10 11 12 16 18 21 22 23 36 18_148 .0003346216040425739467855402098426231509
.2070312500 -7633.6518554688 1 3 5 7 8 9 10 11 12 14 15 16 17 18 19 20 22 39 18_149 .0003304159923306938141194432471862392300
.2084960938 -7633.6503906250 1 2 3 4 5 6 7 9 10 11 12 14 15 16 20 21 22 24 18_150 .0003181136499609099291698956695150402575
.2089843750 -7633.6499023438 1 2 3 4 5 6 7 8 9 10 11 12 14 15 17 19 22 30 18_151 .0003141155145272685217848489068925584027
.2104492188 -7633.6484375000 1 2 3 5 7 8 9 10 11 15 16 17 18 20 22 23 24 44 18_152 .0003024200860580929889086487526946258272
.2109375000 -7633.6479492188 1 3 4 5 7 9 10 11 12 14 15 17 18 19 20 22 24 25 18_153 .0002986191914342303455042766473015848207
.2119140626 -7633.6469726562 1 2 3 4 5 6 7 9 10 12 13 16 18 19 20 21 23 25 18_154 .0002911601121932003888482135529210852405
.2124023438 -7633.6464843750 1 2 6 7 8 9 10 11 12 13 15 16 17 18 20 22 23 34 18_155 .0002875007358616104449947792799575114161
.2128906250 -7633.6459960938 1 2 6 7 9 10 11 12 13 15 16 17 18 20 21 22 25 37 18_156 .0002838873515274659307643379312764242786
.2138671876 -7633.6450195312 6 7 8 9 10 11 12 13 14 15 16 17 18 19 20 22 23 25 18_157 .0002767962525247554026546513599021923207
.2143554688 -7633.6445312500 1 2 3 4 5 6 7 8 10 11 13 15 16 17 18 20 21 23 18_158 .0002733174049328511638886975406576428625
.2148437500 -7633.6440429688 1 3 4 5 7 8 9 10 11 12 14 16 17 18 21 22 23 24 18_159 .0002698822804060437531186549184100606510
.2153320313 -7633.6435546875 1 2 3 4 5 7 8 9 10 11 12 14 16 18 19 22 23 26 18_160 .0002664903287311441714207384724309469432
.2163085938 -7633.6425781250 1 2 4 5 6 7 8 9 10 11 12 15 16 17 21 22 23 24 18_161 .0002598337830870332636359706103146052430
.2172851563 -7633.6416015625 1 5 6 10 11 12 14 15 16 17 18 19 20 21 22 23 24 34 18_162 .0002533435083921275512638152630162660876
.2177734376 -7633.6411132812 1 2 4 5 6 7 8 9 10 11 12 14 15 17 19 21 22 24 18_163 .0002501594203655897058491006680939992311
.2182617188 -7633.6406250000 1 2 3 4 5 7 8 9 11 12 14 15 16 18 21 22 24 29 18_164 .0002470153514369355534929453615409833102
.2187500000 -7633.6401367188 1 2 4 5 7 8 9 10 11 12 13 16 17 18 20 21 22 24 18_165 .0002439107979877052102297265637822977448
.2192382813 -7633.6396484375 1 2 3 6 7 8 9 11 12 13 14 15 16 17 20 21 22 35 18_166 .0002408452627531735144951846283718956377
.2202148438 -7633.6386718750 1 4 7 8 10 11 12 13 14 15 16 17 18 19 20 21 22 39 18_167 .0002348292940224590408849394763445539212
.2216796876 -7633.6372070312 1 2 3 4 5 6 7 9 10 11 12 13 17 18 19 22 24 27 18_168 .0002260859206973944478479076192641559878
.2241210938 -7633.6347656250 1 2 3 4 6 7 8 9 10 11 12 13 16 17 19 20 22 27 18_169 .0002122310527750556449484028160242029889
.2265625000 -7633.6323242188 1 2 3 4 5 7 9 10 11 14 15 17 18 20 21 22 24 46 18_170 .0001992252309346370815464942337213732820
.2275390626 -7633.6313476562 2 3 4 5 6 7 9 10 12 13 16 18 19 20 21 22 23 26 18_171 .0001942488703155599780472125947650406915
.2280273438 -7633.6308593750 1 2 4 5 7 8 9 10 12 14 15 16 17 20 21 22 23 24 18_172 .0001918074997819507215864918136891612342
.2285156250 -7633.6303710938 1 2 3 5 6 7 8 9 11 15 17 18 20 21 22 23 24 43 18_173 .0001893968130308143977709199814595081923
.2290039063 -7633.6298828125 1 2 4 5 7 8 9 11 12 13 14 15 16 17 18 21 22 29 18_174 .0001870164239359320968848452448827496273
.2299804688 -7633.6289062500 1 2 3 4 5 7 8 9 10 14 16 17 19 20 22 23 24 32 18_175 .0001823450222829893318439382512657047762
.2309570313 -7633.6279296875 1 2 3 4 5 7 8 9 10 11 12 13 14 15 16 17 18 44 18_176 .0001777903055336708182994900396638151643
.2314453126 -7633.6274414062 1 2 3 4 5 7 8 9 11 12 14 15 16 17 18 21 22 29 18_177 .0001755557900859410449271027913743721261
.2338867188 -7633.6250000000 2 4 5 7 8 9 10 11 12 14 15 16 17 18 20 21 22 48 18_178 .0001647974806912659418637486030298716811
.2343750000 -7633.6245117188 1 4 6 7 8 10 11 12 13 14 15 16 17 18 20 21 22 25 18_179 .0001627262629141993178237108487085054281
.2348632813 -7633.6240234375 1 3 4 5 6 7 8 9 10 11 12 14 16 17 19 21 22 23 18_180 .0001606810763268786059021793130466072324
.2353515626 -7633.6235351562 1 2 3 4 5 6 7 8 9 11 14 15 17 18 19 21 22 24 18_181 .0001586615941839545676686173372722203575
.2358398438 -7633.6230468750 1 2 3 4 6 7 9 10 11 13 16 17 18 20 21 22 25 27 18_182 .0001566674938310057026345954293858111733
.2363281250 -7633.6225585938 1 2 3 4 5 6 9 10 11 13 16 17 18 19 20 22 24 26 18_183 .0001546984558520868152013415674165390680
.2373046876 -7633.6215820312 1 3 4 7 8 9 10 11 14 16 17 18 19 20 22 23 24 36 18_184 .0001508343102319623514305985155019779724
.2377929688 -7633.6210937500 1 2 3 5 7 8 9 10 11 15 16 18 20 21 22 23 24 44 18_185 .0001489385852279539620026095654932461022
.2382812500 -7633.6206054688 1 2 3 5 6 7 8 9 11 12 13 14 15 16 17 20 22 23 18_186 .0001470666861908976266582936849260034427
.2387695313 -7633.6201171875 1 2 5 7 8 10 12 14 15 16 17 19 20 21 22 23 24 27 18_187 .0001452183132936602603546604229139287803
.2392578126 -7633.6196289062 1 2 3 4 6 7 9 10 11 12 13 16 17 20 22 24 27 37 18_188 .0001433931712344578718953466381327926527
.2397460938 -7633.6191406250 2 4 5 7 8 9 10 11 12 14 15 16 17 18 20 21 22 38 18_189 .0001415909684087534607728669326939028330
.2402343750 -7633.6186523438 1 2 3 4 5 7 8 9 10 12 13 14 16 18 19 20 23 24 18_190 .0001398114161388392299438927833461304788
.2412109376 -7633.6176757812 1 2 6 7 8 9 11 12 13 14 15 16 17 20 21 22 23 25 18_191 .0001363191274256742457754788890640590098
.2426757813 -7633.6162109375 1 4 5 6 10 11 12 14 16 17 18 19 20 21 22 23 24 34 18_192 .0001312435726591409446964626773737398841
.2431640626 -7633.6157226562 1 3 5 7 8 9 10 11 12 14 16 17 18 19 22 23 26 35 18_193 .0001295940688257243626689417859066212035
.2436523438 -7633.6152343750 3 4 6 7 8 9 11 12 13 15 16 17 18 19 20 21 22 26 18_194 .0001279652967229693859933294484526255066
.2446289063 -7633.6142578125 1 2 3 5 6 7 9 11 12 13 15 16 17 19 20 22 23 24 18_195 .0001247689074110029859458568791883497705
.2456054688 -7633.6132812500 1 2 3 4 5 6 9 10 11 13 16 18 19 20 21 22 24 26 18_196 .0001216523593129851730439205829440124108
.2465820313 -7633.6123046875 1 2 3 4 7 8 9 11 13 16 17 18 20 21 22 23 24 48 18_197 .0001186136581100697043566500590981882826
.2470703126 -7633.6118164062 1 2 3 4 5 6 7 8 9 11 12 14 16 17 18 22 23 45 18_198 .0001171228903735324987307890634527453947
.2480468750 -7633.6108398438 1 2 3 4 5 6 7 8 9 11 12 14 16 17 20 22 23 45 18_199 .0001141973290947247182514175477441501694
.2490234376 -7633.6098632812 1 2 3 4 5 7 8 10 11 13 15 16 18 19 20 21 23 24 18_200 .0001113448435503750530111790952394326361
.2495117188 -7633.6093750000 1 2 3 5 6 7 8 9 10 11 15 17 18 20 22 23 24 40 18_201 .0001099454324769844062948165369184391624
.2500000000 -7633.6088867188 1 2 3 4 5 8 9 10 12 14 16 18 19 20 21 23 24 36 18_202 .0001085636095674447632158501432573314988
.2509765626 -7633.6079101562 1 2 5 7 8 9 10 11 15 16 17 18 20 21 22 23 24 44 18_203 .0001058518462592443920374799600906633063
.2514648438 -7633.6074218750 1 2 3 4 6 7 10 11 12 13 15 16 17 18 21 22 23 25 18_204 .0001045214726104008040188994754691143030
.2519531250 -7633.6069335938 1 2 3 4 5 7 8 9 10 12 14 16 17 19 22 23 24 32 18_205 .0001032078194450261836636000110687165334
.2524414063 -7633.6064453125 1 2 5 7 8 9 11 12 13 14 15 16 17 18 21 22 23 29 18_206 .0001019106763517390166433127682660080613
.2534179688 -7633.6054687500 6 7 8 9 10 11 12 13 14 15 16 17 18 19 20 21 23 28 18_207 .0000993650940336581248832046239171722440
.2539062500 -7633.6049804688 1 2 3 4 5 6 7 9 10 11 13 16 18 19 20 23 24 25 18_208 .0000981162475809142817783060598558968405
.2543945313 -7633.6044921875 1 2 3 4 5 6 7 8 10 11 15 16 18 20 21 22 23 28 18_209 .0000968830967055910444781666790353015907
.2548828126 -7633.6040039062 3 4 5 6 9 10 11 12 13 14 16 17 18 19 20 22 24 36 18_210 .0000956654443956818219267572108055468606
.2553710938 -7633.6035156250 1 2 4 5 6 7 9 11 12 13 15 17 20 21 22 24 25 33 18_211 .0000944630961058161491812405093202354345
.2558593750 -7633.6030273438 1 2 3 4 7 8 9 10 11 12 13 15 16 18 20 21 22 48 18_212 .0000932758592432717523471821295804550950
.2563476563 -7633.6025390625 1 3 4 5 7 8 9 10 11 12 13 14 15 16 17 18 24 37 18_213 .0000921035436451083537567826102194871431
.2568359376 -7633.6020507812 1 2 3 4 7 8 11 13 15 16 17 18 20 21 22 23 24 44 18_214 .0000909459620185518298663482962516082371
.2573242188 -7633.6015625000 1 2 3 4 7 8 9 11 13 14 17 18 19 20 22 23 24 30 18_215 .0000898029294157771331143601382343551004
.2583007813 -7633.6005859375 1 2 3 4 5 7 9 11 14 15 17 18 19 20 22 24 29 34 18_216 .0000875597812254573483779734477691675071
.2597656250 -7633.5991210938 1 2 3 4 5 6 7 8 11 12 17 18 20 21 22 23 24 28 18_217 .0000842996777216567335840921565239562350
.2602539063 -7633.5986328125 1 2 3 4 5 6 9 10 14 16 17 19 20 22 23 24 32 37 18_218 .0000832401771401021946266371207902287893
.2607421876 -7633.5981445312 1 2 3 4 6 7 8 10 11 14 15 17 18 19 20 22 23 24 18_219 .0000821939926412736282193778360845870905
.2612304688 -7633.5976562500 1 2 3 4 5 6 7 9 10 11 13 16 18 19 20 22 24 25 18_220 .0000811609570753621414958107954439390716
.2631835938 -7633.5957031250 1 2 3 4 5 6 7 8 10 11 15 16 18 20 21 22 23 46 18_221 .0000771570274532522686772149994821899415
.2636718750 -7633.5952148438 1 2 3 4 5 6 7 9 10 11 12 16 17 18 20 22 37 39 18_222 .0000761872977813152187101203644031389791
.2641601563 -7633.5947265625 1 2 5 6 7 8 9 10 12 13 15 16 17 18 19 20 21 22 18_223 .0000752297557302898554570902757087575766
.2656250000 -7633.5932617188 1 2 4 5 7 10 11 12 15 17 18 19 20 21 22 23 24 34 18_224 .0000724287346814264331293079302932532853
.2661132813 -7633.5927734375 1 2 3 4 5 6 7 8 9 11 12 17 18 20 22 23 24 43 18_225 .0000715184312426682501691918670543275694
.2666015626 -7633.5922851562 1 3 4 5 7 8 9 10 11 12 13 14 16 17 18 19 24 37 18_226 .0000706195687375983299132142799620093807
.2670898438 -7633.5917968750 4 5 7 9 10 11 12 13 14 15 16 17 18 19 20 22 29 36 18_227 .0000697320035541710803722050695535388334
.2675781250 -7633.5913085938 1 2 3 4 5 7 8 9 12 14 16 17 19 21 22 23 24 32 18_228 .0000688555935217722855274178708012734866
.2680664063 -7633.5908203125 1 2 3 4 5 6 9 10 11 12 13 16 17 19 20 22 24 26 18_229 .0000679901982634359769989478693035444779
.2695312500 -7633.5893554688 1 2 3 4 5 6 7 9 10 11 13 16 18 20 21 22 25 27 18_230 .0000654587268449317750470432406498889575
.2700195313 -7633.5888671875 2 3 4 5 7 8 9 10 11 12 14 15 16 17 18 20 23 24 18_231 .0000646360243028293171993858023032968352
.2705078126 -7633.5883789062 1 2 3 4 5 6 7 8 11 17 18 20 21 22 23 24 28 35 18_232 .0000638236617032433895457786651503502972
.2709960938 -7633.5878906250 1 2 3 4 5 6 7 9 10 11 12 17 19 20 22 23 24 35 18_233 .0000630215092542936645315607200672436679
.2714843750 -7633.5874023438 1 2 3 4 5 6 9 10 14 15 16 17 19 20 22 23 24 32 18_234 .0000622294384668184541085298076824358978
.2719726563 -7633.5869140625 1 3 4 5 7 8 9 10 11 12 14 17 18 19 21 22 24 35 18_235 .0000614473224726968244885465577195003691
.2724609376 -7633.5864257812 1 2 3 4 7 8 11 13 15 16 17 18 20 21 22 23 24 39 18_236 .0000606750363186530068235583477277435078
.2729492188 -7633.5859375000 1 3 5 6 8 9 10 11 12 14 15 16 17 18 19 20 22 39 18_237 .0000599124566158552954509341725882367845
.2734375000 -7633.5854492188 1 2 3 5 6 7 8 11 15 16 17 18 20 21 22 23 24 41 18_238 .0000591594612139233467210729115526744882
.2744140626 -7633.5844726562 1 2 3 4 5 7 8 10 11 13 15 16 18 20 21 23 24 30 18_239 .0000576817426957936050440240362099296454
.2749023438 -7633.5839843750 1 2 3 4 5 6 7 9 10 11 12 14 15 16 18 20 21 37 18_240 .0000569567834889988712912557673998496374
.2753906250 -7633.5834960938 1 2 3 4 5 6 7 8 11 12 13 15 16 18 20 21 23 41 18_241 .0000562409357588508855225219085654475926
.2758789063 -7633.5830078125 1 2 3 4 5 6 7 8 9 10 11 12 14 17 19 22 30 39 18_242 .0000555340848460820233340490616918537990
.2773437500 -7633.5815429688 1 2 3 4 5 6 7 8 10 11 12 13 15 16 20 21 23 41 18_243 .0000534663904999655598237354890614558794
.2778320313 -7633.5810546875 1 4 5 7 8 9 10 11 12 14 15 16 18 19 20 21 24 37 18_244 .0000527944108037278516420275355561549173
.2788085938 -7633.5800781250 1 2 3 4 5 6 8 9 12 14 16 17 19 20 22 23 24 32 18_245 .0000514756822519555119470382117460138280
.2792968750 -7633.5795898438 2 4 5 7 8 9 10 11 12 14 15 16 17 18 20 21 22 45 18_246 .0000508287224336399534863307892984427223
.2797851563 -7633.5791015625 1 2 4 5 7 10 11 12 13 15 16 17 18 20 21 22 26 27 18_247 .0000501898936452793447655773001315347542
.2802734376 -7633.5786132812 1 4 6 7 8 10 11 12 13 14 15 16 17 18 21 22 25 27 18_248 .0000495590938256060975291444626244938736
.2807617188 -7633.5781250000 1 2 3 6 7 8 12 15 16 17 19 20 21 22 23 24 25 27 18_249 .0000489362221911834220912443894086121647
.2827148438 -7633.5761718750 1 2 3 4 5 6 7 9 10 11 12 13 14 15 16 18 21 37 18_250 .0000465220418181810188699095096029107787
.2846679688 -7633.5742187500 1 2 3 5 6 7 8 9 10 11 15 17 18 20 22 23 24 44 18_251 .0000442269606852184418221046740162511920
.2851562500 -7633.5737304688 1 2 3 4 5 6 9 10 11 12 13 16 17 19 20 22 24 32 18_252 .0000436711046926838059744596748889072669
.2861328126 -7633.5727539062 1 4 5 7 10 11 12 15 16 17 18 19 20 21 22 23 24 34 18_253 .0000425802631132075318389580329956533048
.2880859376 -7633.5708007812 1 2 3 4 5 6 7 9 10 14 16 17 19 20 22 23 24 32 18_254 .0000404796425323302422298270767043253838
.2885742188 -7633.5703125000 1 2 3 4 7 9 10 11 12 13 14 15 16 18 20 21 22 37 18_255 .0000399708838130186542311537806654625677
.2890625000 -7633.5698242188 1 2 6 7 9 10 11 12 13 15 16 17 18 19 21 22 23 25 18_256 .0000394685193061625947304325718500041699
.2900390626 -7633.5688476562 2 3 4 5 6 7 9 10 12 13 16 18 19 20 21 22 23 40 18_257 .0000384826522839634283650269957738851369
.2905273438 -7633.5683593750 1 3 4 5 7 9 10 11 12 13 14 16 17 18 19 22 24 32 18_258 .0000379989922596421773825498207654145900
.2915039063 -7633.5673828125 1 2 3 4 7 8 9 11 12 13 14 15 16 17 18 22 26 45 18_259 .0000370498320120231634042319718246426886
.2919921876 -7633.5668945312 1 2 6 7 9 10 11 12 13 15 16 17 18 21 22 23 25 37 18_260 .0000365841799523219670231425971442865282
.2924804688 -7633.5664062500 1 2 3 4 7 8 9 10 11 13 15 16 17 18 22 24 30 32 18_261 .0000361243804240839751409858439295950392
.2929687500 -7633.5659179688 1 2 3 4 5 6 8 9 10 11 14 19 20 22 23 24 30 41 18_262 .0000356703597764015514183975531589774565
.2934570313 -7633.5654296875 1 2 3 4 5 6 7 9 10 11 12 16 19 20 21 22 24 39 18_263 .0000352220452875592287093417070186294565
.2939453126 -7633.5649414062 1 2 3 4 5 6 8 9 10 11 12 14 16 17 19 22 23 32 18_264 .0000347793653334445013011564231049860893
.2944335938 -7633.5644531250 1 3 4 5 6 10 11 12 13 14 16 17 18 19 20 22 24 39 18_265 .0000343422491866954040414170712893491959
.2949218750 -7633.5639648438 1 2 3 4 5 6 7 8 9 10 11 12 14 16 17 22 23 28 18_266 .0000339106268298391614758274755861436859
.2954101563 -7633.5634765625 1 2 3 4 5 6 8 9 11 12 14 19 20 21 22 23 24 40 18_267 .0000334844291287551454297906979215231917
.2968750000 -7633.5620117188 1 3 4 6 7 9 10 11 12 13 14 16 18 19 21 22 23 25 18_268 .0000322377071383890961718825805386671072
.2973632813 -7633.5615234375 1 2 3 4 5 6 7 8 9 10 11 12 19 20 21 23 24 40 18_269 .0000318325351331782926537944591658872446
.3002929688 -7633.5585937500 1 2 6 7 8 9 11 12 13 15 16 17 20 21 22 23 34 41 18_270 .0000295062297025553820299692411833010609
.3012695313 -7633.5576171875 2 3 4 5 6 7 9 10 11 12 13 16 19 20 21 22 24 39 18_271 .0000287692064652174375537545995379730830
.3017578126 -7633.5571289062 4 5 7 9 10 11 12 13 14 15 16 17 18 19 20 21 24 39 18_272 .0000284076274911980640771983823175117768
.3022460938 -7633.5566406250 1 2 4 6 7 9 10 12 13 15 16 17 18 19 21 22 23 25 18_273 .0000280505930097408828438828236758949568
.3027343750 -7633.5561523438 1 2 3 4 5 6 7 8 10 11 13 15 16 18 20 21 23 41 18_274 .0000276980458308924427044849776311725843
.3032226563 -7633.5556640625 1 2 3 4 5 7 8 9 11 12 14 16 17 18 19 20 23 24 18_275 .0000273499294862173105323056455197418587
.3037109376 -7633.5551757812 2 4 5 7 8 9 10 11 12 13 14 15 17 18 20 21 26 40 18_276 .0000270061883595691055251911867361281952
.3046875000 -7633.5541992188 4 5 7 8 9 10 11 12 14 15 16 17 18 19 20 21 24 45 18_277 .0000263316126323054696067062503089913990
.3056640626 -7633.5532226562 1 2 6 7 8 9 11 12 13 15 16 17 20 21 22 23 25 41 18_278 .0000256738867030872522018985208490079742
.3061523438 -7633.5527343750 1 4 5 6 7 8 9 10 11 12 13 14 16 17 18 20 21 22 18_279 .0000253512105898191747516663044525321017
.3066406250 -7633.5522460938 1 4 5 7 8 9 10 11 12 14 15 16 18 19 20 21 24 46 18_280 .0000250325899542151501254255382184120793
.3071289063 -7633.5517578125 1 2 3 4 5 6 7 8 11 17 18 20 21 22 23 24 27 43 18_281 .0000247179737619459630483878148371589829
.3076171876 -7633.5512695312 1 2 5 6 7 9 10 12 13 15 16 18 19 20 21 22 23 26 18_282 .0000244073117489534310675609792242641367
.3081054688 -7633.5507812500 1 2 3 4 5 6 7 9 10 12 16 18 19 20 21 22 23 27 18_283 .0000241005542804970661344853984854579134
.3085937500 -7633.5502929688 1 2 3 4 7 8 9 11 15 17 18 19 20 21 22 24 25 37 18_284 .0000237976522200193284534310931727931278
.3100585938 -7633.5488281250 1 2 3 4 5 7 8 10 11 14 16 18 19 20 21 22 24 35 18_285 .0000229115968473885985063614228848196030
.3105468750 -7633.5483398438 1 3 4 5 6 8 9 10 11 12 14 16 17 18 19 20 23 48 18_286 .0000226236379144471561893955652567411399
.3115234376 -7633.5473632812 1 2 3 4 5 6 7 8 9 10 11 12 13 17 19 23 24 32 18_287 .0000220585318771769498835546594048461578
.3120117188 -7633.5468750000 1 2 4 5 6 9 10 11 12 13 14 16 17 18 19 21 22 23 18_288 .0000217812944875739356721684114818776947
.3125000000 -7633.5463867188 4 5 7 9 10 11 12 13 14 15 16 17 18 19 20 21 37 48 18_289 .0000215075414898888359047493416049925401
.3134765626 -7633.5454101562 1 2 3 4 7 9 10 11 12 13 14 15 16 18 20 21 22 26 18_290 .0000209703139410420512479394193023825717
.3139648438 -7633.5449218750 1 3 4 5 6 10 11 13 14 16 17 18 19 20 22 23 24 37 18_291 .0000207067535586674904383641216793180554
.3144531250 -7633.5444335938 1 2 3 4 5 6 7 9 10 12 16 18 19 20 21 22 23 31 18_292 .0000204465056720120076863274431430739835
.3159179688 -7633.5429687500 1 2 3 4 5 8 9 10 12 14 16 17 19 20 22 23 24 32 18_293 .0000196852231709184515554414663607617763
.3168945313 -7633.5419921875 1 2 3 4 7 9 11 15 16 17 18 20 21 22 23 24 25 37 18_294 .0000191935145705514676794661363065235844
.3173828126 -7633.5415039062 1 2 3 4 5 7 8 10 11 13 15 16 18 20 21 23 24 41 18_295 .0000189522854176154468866037560340367290
.3178710938 -7633.5410156250 1 2 6 7 8 9 10 11 12 13 14 15 16 17 20 21 27 37 18_296 .0000187140881447666873169875879632456965
.3188476563 -7633.5400390625 1 2 3 4 5 6 7 9 10 11 12 13 14 16 18 19 21 23 18_297 .0000182466371024842816045860472599419676
.3193359376 -7633.5395507812 1 3 4 5 6 7 8 9 10 11 12 13 14 16 17 18 21 22 18_298 .0000180173085552823719967000864134688790
.3198242188 -7633.5390625000 2 3 4 5 7 8 9 10 11 12 14 15 16 17 18 20 21 23 18_299 .0000177908623158249431026368496840623836
.3203125000 -7633.5385742188 1 2 3 4 6 7 11 13 15 17 18 19 20 21 22 23 46 48 18_300 .0000175672621118454034634834603422730600
.3212890626 -7633.5375976562 1 2 3 4 5 6 7 9 10 11 12 14 16 20 21 22 24 27 18_301 .0000171284570922790097203918861211503789
.3217773438 -7633.5371093750 1 2 4 5 6 7 10 11 13 15 16 18 19 20 21 22 23 26 18_302 .0000169131821701476824720554712773644351
.3222656250 -7633.5366210938 1 3 4 7 8 10 11 14 15 16 17 18 19 20 22 23 24 35 18_303 .0000167006128794605055064892381047217055
.3247070313 -7633.5341796875 1 2 3 4 6 7 10 11 12 13 14 15 16 17 19 20 22 23 18_304 .0000156771754441071747647536926158271574
.3251953126 -7633.5336914062 2 3 4 5 6 7 9 10 11 12 13 18 19 20 21 22 27 48 18_305 .0000154801405686595197921440486925855453
.3256835938 -7633.5332031250 1 2 5 6 8 9 10 11 14 15 17 18 19 21 22 23 24 44 18_306 .0000152855821190836755130615536209773355
.3261718750 -7633.5327148438 1 2 3 4 5 6 7 10 11 12 14 17 19 20 22 23 24 35 18_307 .0000150934689309144357713859052876016025
.3266601563 -7633.5322265625 1 2 4 5 7 8 9 10 11 12 13 15 16 17 18 21 24 47 18_308 .0000149037702328626998520984674047820231
.3271484376 -7633.5317382812 1 2 3 4 6 7 8 9 10 11 12 16 17 18 21 22 23 36 18_309 .0000147164557180764038607147694600644285
.3276367188 -7633.5312500000 1 2 3 4 5 6 7 9 10 12 13 16 18 19 20 21 22 37 18_310 .0000145314954591523178245508810518857718
.3281250000 -7633.5307617188 1 2 3 4 5 6 7 8 9 10 12 16 19 20 21 23 24 35 18_311 .0000143488598290679899931051532233511854
.3286132813 -7633.5302734375 1 2 5 7 8 9 11 12 14 15 16 17 18 21 22 23 29 47 18_312 .0000141685195745804391230197669766312856
.3295898438 -7633.5292968750 1 2 3 4 5 7 8 10 11 15 17 18 19 20 22 23 24 35 18_313 .0000138146103062526412918663839082468780
.3300781250 -7633.5288085938 1 2 3 4 6 7 9 11 12 13 14 15 17 18 20 22 34 45 18_314 .0000136409846759970282496236606969526347
.3310546876 -7633.5278320312 1 2 3 4 5 6 7 8 9 10 11 12 13 17 20 22 23 43 18_315 .0000133002524372710151417309504317580289
.3315429688 -7633.5273437500 2 3 5 7 8 9 10 11 12 13 14 15 16 18 19 20 21 26 18_316 .0000131330913910462993122302535934400492
.3320312500 -7633.5268554688 1 2 3 4 5 6 7 8 9 10 11 12 15 19 20 21 24 40 18_317 .0000129680312685075609025086731178630896
.3325195313 -7633.5263671875 1 2 3 4 5 7 8 9 10 12 14 16 18 19 21 22 23 39 18_318 .0000128050456315284118137703146276610546
.3334960938 -7633.5253906250 1 2 3 4 5 6 7 8 13 16 18 19 20 21 22 23 24 27 18_319 .0000124851939839018826059839126224225539
.3339843750 -7633.5249023438 1 2 3 4 5 6 7 8 9 10 11 12 13 16 17 19 22 23 18_320 .0000123282768051858528232384174768206236
.3359375000 -7633.5229492188 1 2 3 4 6 7 10 11 14 15 17 18 19 20 22 23 24 34 18_321 .0000117200834759226339319361792918119722
.3369140626 -7633.5219726562 1 2 3 4 5 7 8 9 10 12 14 16 18 19 21 22 23 44 18_322 .0000114273325949811896145963013987213142
.3374023438 -7633.5214843750 1 2 3 4 5 6 7 8 9 10 11 12 16 18 22 23 45 48 18_323 .0000112837108944800828870800696991333234
.3383789063 -7633.5205078125 6 7 8 9 10 11 13 14 15 16 17 18 20 21 22 23 24 30 18_324 .0000110018600034489286360377975893906726
.3388671876 -7633.5200195312 4 5 7 8 10 11 12 13 14 15 16 17 18 19 20 21 22 45 18_325 .0000108635857254579323232475684514456394
.3393554688 -7633.5195312500 1 2 3 6 7 8 9 11 12 13 15 16 17 20 21 22 35 37 18_326 .0000107270493428453296563953215053659234
.3398437500 -7633.5190429688 1 2 3 5 7 8 9 10 11 12 15 16 17 18 20 21 22 48 18_327 .0000105922289851482618834852931331824917
.3403320313 -7633.5185546875 1 2 3 4 5 6 7 8 9 11 12 17 18 20 22 23 41 43 18_328 .0000104591030578252876141059324786907770
.3437500000 -7633.5151367188 1 2 3 4 7 8 9 11 13 14 17 18 19 20 22 24 39 45 18_329 .0000095729109015567558011007414353210118
.3442382813 -7633.5146484375 1 2 3 4 5 8 9 10 11 12 13 14 16 17 18 19 23 24 18_330 .0000094525960327282176636829759443129102
.3447265626 -7633.5141601562 1 2 3 5 6 8 9 10 12 13 14 16 17 18 19 20 22 23 18_331 .0000093337933129011785678189171477096825
.3452148438 -7633.5136718750 1 2 3 5 6 7 9 11 12 15 16 17 20 22 23 24 33 37 18_332 .0000092164837608615818365276709006818262
.3461914063 -7633.5126953125 1 2 4 5 7 8 9 11 12 15 16 17 18 20 21 22 24 47 18_333 .0000089862692344114433877215672760134760
.3466796876 -7633.5122070312 1 2 3 4 6 7 10 11 12 13 15 16 17 18 21 22 25 39 18_334 .0000088733274327677742883046418726956302
.3471679688 -7633.5117187500 1 2 5 7 8 9 10 11 12 14 16 17 18 21 22 24 27 39 18_335 .0000087618051361683966889430992249114999
.3476562500 -7633.5112304688 1 3 4 7 9 10 11 12 14 16 17 18 19 20 21 22 23 25 18_336 .0000086516844809186745616747110630335068
.3481445313 -7633.5107421875 1 2 3 4 5 6 7 9 10 12 13 16 18 19 21 22 23 48 18_337 .0000085429478286953311918091842690387558
.3491210938 -7633.5097656250 1 2 3 4 5 6 9 10 11 12 13 16 18 19 20 22 23 48 18_338 .0000083295572624120048577561976769866412
.3510742188 -7633.5078125000 1 2 3 4 7 8 9 11 12 13 14 15 16 17 18 22 34 45 18_339 .0000079186335588994433306125741736471798
.3520507813 -7633.5068359375 2 3 4 5 7 8 10 11 13 14 15 16 18 19 20 21 22 24 18_340 .0000077208374663553826514218719135691347
.3525390626 -7633.5063476562 1 3 4 5 6 8 9 10 11 12 13 14 17 18 19 22 24 39 18_341 .0000076237999448988790842547679857455951
.3535156250 -7633.5053710938 7 8 9 10 13 14 15 16 17 18 19 20 21 22 23 24 29 30 18_342 .0000074333683918092936310108714952381773
.3544921876 -7633.5043945312 1 2 4 5 7 8 9 10 11 12 13 14 15 17 18 21 26 43 18_343 .0000072476935073654225531111204577749889
.3554687500 -7633.5034179688 2 3 4 7 8 9 11 12 14 15 17 18 19 20 22 24 25 33 18_344 .0000070666565519232229367571531755448542
.3564453126 -7633.5024414062 1 2 3 4 5 7 8 9 11 12 14 17 19 22 23 24 29 42 18_345 .0000068901416034472869170595878402078467
.3583984376 -7633.5004882812 1 2 3 4 5 8 9 11 12 14 15 16 18 19 21 22 24 29 18_346 .0000065502288786508351228932615795496159
.3598632813 -7633.4990234375 1 2 3 4 5 6 7 8 15 16 18 20 21 22 23 24 28 35 18_347 .0000063063449422234457713521170517009294
.3603515626 -7633.4985351562 1 2 3 5 7 8 9 10 11 12 16 17 18 21 22 23 24 39 18_348 .0000062270851358475459775433870137243955
.3608398438 -7633.4980468750 1 2 3 4 5 7 8 10 14 16 19 20 21 22 23 24 32 35 18_349 .0000061488215035482305555790611891088649
.3613281250 -7633.4975585938 1 2 3 4 5 7 8 9 10 11 12 13 14 15 17 18 26 43 18_350 .0000060715415090195666777784712418319862
.3637695313 -7633.4951171875 3 5 6 7 9 10 11 12 13 14 16 17 19 20 21 22 23 27 18_351 .0000056994687644154172672284267213417978
.3642578126 -7633.4946289062 1 2 4 5 7 9 10 11 12 13 15 16 17 20 21 22 26 30 18_352 .0000056278363378907457522692948060589950
.3666992188 -7633.4921875000 1 2 3 4 7 8 9 11 12 15 17 18 19 21 22 24 25 37 18_353 .0000052829544942558281474116030327577171
.3671875000 -7633.4916992188 1 2 3 4 5 6 7 8 10 11 12 13 15 16 17 20 23 41 18_354 .0000052165569424362352675902556661074495
.3676757813 -7633.4912109375 1 2 3 4 5 6 7 8 9 11 12 19 20 21 22 23 24 48 18_355 .0000051509938790462114517218197494110772
.3681640626 -7633.4907226562 1 2 3 5 6 7 9 11 13 15 16 17 19 20 22 23 24 42 18_356 .0000050862548295275049859368657159779918
.3686523438 -7633.4902343750 1 3 4 5 7 8 10 11 15 16 17 18 19 20 22 23 24 35 18_357 .0000050223294504657687123201517109759593
.3691406250 -7633.4897460938 1 2 3 4 6 7 8 9 10 11 12 13 15 16 17 19 22 23 18_358 .0000049592075022633089660371962218313206
.3701171876 -7633.4887695312 1 2 3 4 5 7 8 9 11 14 15 17 18 19 20 23 24 41 18_359 .0000048353336093817812466980781054100413
.3710937500 -7633.4877929688 1 2 3 4 7 8 9 10 11 12 14 17 18 19 22 24 35 47 18_360 .0000047145539331578589153835357733517106
.3715820313 -7633.4873046875 1 2 4 5 7 10 11 12 13 15 16 18 19 20 21 22 23 26 18_361 .0000046553001759792861238122229898336965
.3725585938 -7633.4863281250 1 2 3 4 5 7 8 9 11 12 14 15 17 19 22 23 24 29 18_362 .0000045390174641225757650760206675709992
.3735351563 -7633.4853515625 2 3 5 7 8 9 11 15 16 17 18 19 20 21 22 23 24 42 18_363 .0000044256393273878995762916261600782425
.3740234376 -7633.4848632812 2 4 7 8 9 10 11 12 14 15 16 17 18 20 21 22 34 45 18_364 .0000043700167251687037328582026227019610
.3745117188 -7633.4843750000 1 2 3 4 6 7 9 10 11 12 13 15 17 20 22 24 37 47 18_365 .0000043150932136606325065766225138112162
.3754882813 -7633.4833984375 1 2 3 4 5 6 7 9 10 11 12 14 16 20 22 23 32 45 18_366 .0000042073083830737641854712845116752933
.3759765626 -7633.4829101562 1 2 4 5 7 8 9 10 11 12 15 16 17 18 20 21 26 33 18_367 .0000041544298217420787713319729609574290
.3769531250 -7633.4819335938 3 4 5 7 8 9 10 11 12 14 15 16 18 20 21 22 23 38 18_368 .0000040506581424123521842230497826511578
.3774414063 -7633.4814453125 1 2 3 4 5 7 8 9 10 14 16 17 19 22 23 24 32 44 18_369 .0000039997484026179143111527777463014774
.3784179688 -7633.4804687500 3 5 8 9 10 11 12 14 15 16 18 19 20 21 22 23 36 48 18_370 .0000038998404324722259134532739512865678
.3818359376 -7633.4770507812 1 3 6 7 8 9 10 11 12 13 15 16 17 20 21 22 23 30 18_371 .0000035694097942471846257737367666653449
.3828125000 -7633.4760742188 1 2 3 4 5 7 8 10 11 12 14 17 18 19 22 24 35 47 18_372 .0000034802510734459549917386915728642458
.3837890626 -7633.4750976562 1 2 3 4 7 9 11 15 16 17 18 19 20 21 22 24 25 36 18_373 .0000033933193916245928420228653565673002
.3852539063 -7633.4736328125 1 2 3 5 6 8 9 10 11 12 14 15 16 17 20 22 23 45 18_374 .0000032669763116931237363238572112555931
.3862304688 -7633.4726562500 1 2 3 4 5 7 8 14 15 16 18 20 21 22 23 24 28 35 18_375 .0000031853719358774662973891385979595744
.3867187500 -7633.4721679688 2 3 4 5 6 7 9 10 11 12 13 18 19 20 21 22 26 37 18_376 .0000031453373494718732715887810734839956
.3872070313 -7633.4716796875 3 7 8 9 11 12 14 15 16 17 18 19 21 22 23 24 34 42 18_377 .0000031058059201590119694369675814452147
.3876953126 -7633.4711914062 1 2 3 4 5 6 7 8 10 11 12 13 15 16 17 20 23 33 18_378 .0000030667713322751885239214424153503038
.3886718750 -7633.4702148438 1 2 3 4 7 9 11 13 14 17 18 19 20 22 24 34 39 45 18_379 .0000029901677970307275029274502870776102
.3896484376 -7633.4692382812 1 2 3 4 5 6 7 9 10 11 12 14 16 19 20 22 23 48 18_380 .0000029154776927715023595365597717201101
.3906250000 -7633.4682617188 2 3 4 5 7 8 10 11 13 14 15 16 18 20 21 22 24 35 18_381 .0000028426532549524060279315448125555195
.3911132813 -7633.4677734375 1 2 3 4 5 8 9 10 11 12 14 17 18 19 22 24 35 47 18_382 .0000028069260391648865639948853630094696
.3916015626 -7633.4672851562 1 2 4 5 7 8 9 10 11 12 14 15 17 18 19 24 25 46 18_383 .0000027716478524475515151837037285928616
.3925781250 -7633.4663085938 1 4 5 6 7 9 10 11 13 15 16 17 18 20 21 22 28 29 18_384 .0000027024160770896263544519600512807875
.3930664063 -7633.4658203125 1 2 3 4 6 7 9 10 11 12 13 15 17 20 22 24 37 48 18_385 .0000026684513991375630700636681474346238
.3940429688 -7633.4648437500 1 2 5 7 8 9 10 11 12 15 16 17 18 20 21 24 38 39 18_386 .0000026017973159592908048613837002178480
.3945312500 -7633.4643554688 1 2 3 6 7 8 12 15 16 17 18 19 20 21 22 23 25 47 18_387 .0000025690972477875283012834895807505463
.3955078126 -7633.4633789062 1 2 3 4 5 6 7 8 9 11 12 17 18 22 23 24 33 43 18_388 .0000025049248821163161032161154400563337
.3964843750 -7633.4624023438 1 3 4 7 10 11 12 13 14 16 17 18 19 20 21 22 23 25 18_389 .0000024423554627818894428295800780364300
.3984375000 -7633.4604492188 1 2 4 5 7 8 9 10 11 12 15 16 17 18 20 21 38 47 18_390 .0000023218662554395715170868702121935881
.3994140626 -7633.4594726562 7 8 9 10 13 14 15 16 17 18 19 20 21 22 23 24 29 40 18_391 .0000022638693654767517563999305727419758
.4023437500 -7633.4565429688 1 2 3 4 5 8 9 11 12 14 16 17 19 20 22 23 24 32 18_392 .0000020984269524213954195839871488275619
.4042968750 -7633.4545898438 1 2 3 4 5 7 8 9 11 14 15 17 18 19 22 24 26 29 18_393 .0000019949048386194090575622006620120550
.4047851563 -7633.4541015625 1 2 4 7 8 9 10 11 12 13 14 15 18 20 21 24 25 46 18_394 .0000019698323485009772127746236652998548
.4052734376 -7633.4536132812 1 2 3 4 6 7 8 11 13 15 17 18 20 21 22 23 46 48 18_395 .0000019450749760506011089819816107894845
.4067382813 -7633.4521484375 1 3 4 6 7 10 11 12 13 14 15 16 17 19 20 22 23 27 18_396 .0000018726542178459903702987915472968006
.4072265626 -7633.4516601562 1 2 3 6 7 8 9 11 13 15 17 18 20 21 22 23 40 46 18_397 .0000018491182057700073806232743621202727
.4077148438 -7633.4511718750 1 2 3 4 5 6 7 9 10 11 16 17 20 22 23 24 34 35 18_398 .0000018258780052303922125368180952592772
.4086914063 -7633.4501953125 2 4 7 8 10 11 12 13 14 15 16 17 18 20 21 22 34 45 18_399 .0000017802701952199351121080932444951044
.4096679688 -7633.4492187500 3 4 5 6 9 10 11 12 13 14 16 17 18 19 20 22 36 48 18_400 .0000017358016027957523389386286082765443
.4101562500 -7633.4487304688 1 2 3 4 5 7 9 11 14 17 18 19 20 22 24 34 39 45 18_401 .0000017139855949169265339207497013729215
.4140625000 -7633.4448242188 1 8 9 11 12 13 14 15 16 17 19 20 21 22 23 24 36 41 18_402 .0000015490442483539099406182432092915653
.4145507813 -7633.4443359375 1 2 3 5 6 7 9 11 12 13 15 16 17 20 22 23 28 33 18_403 .0000015295754517186050025982140766892093
.4155273438 -7633.4433593750 1 2 3 4 7 8 9 11 12 15 16 18 20 21 22 24 29 37 18_404 .0000014913688539071380026809911012950696
.4174804688 -7633.4414062500 1 2 3 4 7 9 10 11 14 16 17 18 20 21 22 24 37 39 18_405 .0000014177948579018155507986683492667755
.4194335938 -7633.4394531250 1 2 5 7 8 9 11 12 14 15 16 17 18 21 22 29 32 47 18_406 .0000013478505024606028411326478203364900
.4233398438 -7633.4355468750 1 2 3 4 6 7 8 9 10 11 12 13 15 16 17 19 22 27 18_407 .0000012181432998441972057859448214399580
.4262695313 -7633.4326171875 1 2 3 5 6 7 8 9 10 12 15 16 17 18 22 23 28 39 18_408 .0000011291220088333253110417584060932422
.4272460938 -7633.4316406250 2 3 4 7 8 9 11 12 14 15 17 18 19 21 22 24 25 33 18_409 .0000011009181628425314090050391584222602
.4277343750 -7633.4311523438 1 2 3 5 7 8 9 11 12 14 15 17 18 19 22 24 26 29 18_410 .0000010870815358479305781541578570991463
.4291992188 -7633.4296875000 1 2 3 4 5 6 7 8 10 11 13 15 16 17 20 23 24 34 18_411 .0000010466063483621903558085644036101304
.4321289063 -7633.4267578125 3 5 7 8 9 10 11 12 14 15 16 18 19 20 21 24 26 35 18_412 .0000009701208902692934337408289029589004
.4326171876 -7633.4262695312 4 5 7 8 9 10 11 13 14 15 16 17 18 19 20 21 25 30 18_413 .0000009579281550750701627206539253421334
.4355468750 -7633.4233398438 1 5 7 8 9 10 11 13 14 15 16 17 18 20 21 24 25 30 18_414 .0000008879232564152438970518540914854025
.4365234376 -7633.4223632812 1 2 3 5 7 8 9 10 11 12 15 16 17 18 21 23 24 39 18_415 .0000008657442065767362019261161326539722
.4399414063 -7633.4189453125 1 2 3 5 7 8 9 10 11 12 15 16 17 18 20 22 28 48 18_416 .0000007923903328304390052515544425112848
.4404296876 -7633.4184570312 1 2 3 4 5 7 8 9 10 16 19 20 21 22 23 24 32 35 18_417 .0000007824313621541327773938674570569792
.4414062500 -7633.4174804688 1 2 3 4 6 7 8 9 10 11 12 13 17 18 19 22 26 42 18_418 .0000007628873525319091834183217553110497
.4423828126 -7633.4165039062 1 2 3 4 5 6 7 9 10 11 12 14 16 20 22 23 45 48 18_419 .0000007438315202955930468632519923486848
.4428710938 -7633.4160156250 1 2 3 7 8 12 13 15 16 17 19 20 21 22 23 24 27 42 18_420 .0000007344828514839321566412336569145594
.4448242188 -7633.4140625000 4 5 7 8 10 11 12 13 14 15 16 17 18 19 20 21 45 48 18_421 .0000006982484630296715543369405228812828
.4453125000 -7633.4135742188 1 2 3 5 7 8 9 10 11 12 16 17 18 21 22 24 27 39 18_422 .0000006894726939865398700284672966975836
.4458007813 -7633.4130859375 1 2 4 5 6 7 8 11 12 13 14 17 19 20 21 22 23 24 18_423 .0000006808072193371979094775157116055568
.4467773438 -7633.4121093750 1 2 4 5 7 8 9 11 12 14 15 17 18 20 21 22 45 48 18_424 .0000006638016328608108613958029811326834
.4487304688 -7633.4101562500 2 3 4 5 6 9 10 11 12 13 16 18 19 20 22 23 36 48 18_425 .0000006310541750092679771117151800623225
.4545898438 -7633.4042968750 1 3 5 6 7 8 9 10 11 12 15 16 17 18 22 27 28 44 18_426 .0000005421901559608293220948456768515335
.4555664063 -7633.4033203125 1 2 4 7 8 9 11 12 13 15 16 18 20 21 22 24 29 37 18_427 .0000005286470246279770069784114030850285
.4594726563 -7633.3994140625 1 2 3 5 6 9 10 12 13 14 16 17 18 19 20 22 23 46 18_428 .0000004777739295697324083764680814175771
.4619140626 -7633.3969726562 1 2 3 4 6 7 8 9 10 11 13 17 18 19 20 25 26 27 18_429 .0000004484952600570165680005910227474177
.4628906250 -7633.3959960938 1 2 3 5 7 12 14 15 16 17 18 20 21 22 23 24 28 47 18_430 .0000004372924937799290048476142159316074
.4648437500 -7633.3940429688 2 3 4 5 7 8 9 11 12 14 15 17 18 20 22 24 26 41 18_431 .0000004157194562941097488362787608719858
.4653320313 -7633.3935546875 1 2 3 4 6 7 10 11 12 13 15 16 17 18 19 22 25 39 18_432 .0000004104945845317116303926111022457243
.4667968750 -7633.3920898438 1 2 3 4 7 8 9 11 12 14 15 17 18 20 21 22 34 45 18_433 .0000003952106857531486341407032199084287
.4692382813 -7633.3896484375 1 2 3 4 5 6 7 8 9 11 12 17 18 22 23 24 25 43 18_434 .0000003709916098682820888049434759892903
.4702148438 -7633.3886718750 1 4 6 7 9 10 11 13 14 15 17 18 19 20 22 23 24 34 18_435 .0000003617247723195099166744483503760967
.4721679688 -7633.3867187500 1 2 3 6 7 8 10 12 14 15 16 18 19 20 21 23 25 27 18_436 .0000003438797322518306421483066237597556
.4746093750 -7633.3842773438 2 3 4 5 7 9 11 14 16 17 18 20 21 22 23 24 37 42 18_437 .0000003228062914253437737462330817725123
.4750976563 -7633.3837890625 1 3 7 8 9 10 12 14 16 17 18 19 20 22 23 24 28 36 18_438 .0000003187491768225586214532587142459476
.4770507813 -7633.3818359375 3 5 6 9 10 11 12 13 14 16 17 19 20 21 22 23 27 32 18_439 .0000003030242603467965528480969480329270
.4775390626 -7633.3813476562 2 4 7 10 11 12 15 17 18 19 20 21 22 23 24 25 34 36 18_440 .0000002992157715276265414907119702552875
.4785156250 -7633.3803710938 1 2 3 4 5 7 9 11 14 17 18 19 20 22 24 29 34 45 18_441 .0000002917417920826346568229069261937332
.4790039063 -7633.3798828125 2 3 4 7 8 9 11 12 14 15 17 18 19 20 22 24 25 40 18_442 .0000002880751043000797500002995098177217
.4804687500 -7633.3784179688 1 3 5 6 7 8 10 11 14 15 16 17 20 21 22 23 27 30 18_443 .0000002773492362846242090072246423623521
.4824218750 -7633.3764648438 1 2 4 5 7 8 9 10 11 12 14 17 18 20 22 23 41 43 18_444 .0000002636667113016029657742509861939284
.4829101563 -7633.3759765625 1 2 3 4 7 8 9 11 12 13 16 18 20 21 22 24 29 37 18_445 .0000002603528785384101561014421398606926
.4897460938 -7633.3691406250 1 3 4 5 6 9 10 11 12 13 14 17 19 22 24 31 32 39 18_446 .0000002181029459010206960861311255896680
.4902343750 -7633.3686523438 1 4 5 6 7 10 11 13 15 16 17 18 19 20 22 23 26 45 18_447 .0000002153617711155451325175398679823374
.4907226563 -7633.3681640625 1 2 3 4 5 7 8 9 11 12 14 15 17 18 22 26 43 47 18_448 .0000002126550475798403597392023098702145
.4921875000 -7633.3666992188 1 3 4 5 6 9 11 12 13 14 16 17 18 19 22 23 26 45 18_449 .0000002047372860686414396477002622828012
.4946289063 -7633.3642578125 4 5 7 9 10 11 12 13 14 15 16 17 18 19 20 25 29 43 18_450 .0000001921906924503322399529462825035753
.5034179688 -7633.3554687500 1 2 3 4 6 7 8 9 11 15 17 18 20 21 23 24 32 46 18_451 .0000001530593368491501429129653866748069
.5078125000 -7633.3510742188 1 2 4 5 6 8 10 11 12 13 15 16 17 18 21 23 29 36 18_452 .0000001365914658801811123860498678353417
.5092773438 -7633.3496093750 1 2 3 4 5 6 7 8 11 13 17 20 21 22 23 24 27 43 18_453 .0000001315057708259089387931478832037525
.5102539063 -7633.3486328125 1 2 3 4 7 8 9 10 11 12 14 17 18 22 24 35 46 47 18_454 .0000001282209455561341551002129001277823
.5107421876 -7633.3481445312 3 5 7 8 10 11 12 14 15 16 18 19 20 21 22 24 26 35 18_455 .0000001266094308972910778000277592547147
.5122070313 -7633.3466796875 1 2 3 4 7 8 9 10 11 13 15 16 17 18 24 30 32 36 18_456 .0000001218953961714659105360581402151994
.5131835938 -7633.3457031250 2 3 6 7 8 11 12 15 16 17 19 20 21 22 23 24 27 42 18_457 .0000001188506242569063037288638074067631
.5136718750 -7633.3452148438 1 2 4 5 6 7 11 12 14 17 19 20 21 22 23 24 25 32 18_458 .0000001173568785713303195462719695688737
.5146484376 -7633.3442382812 1 2 3 6 7 8 12 14 15 16 17 18 19 20 21 23 25 47 18_459 .0000001144254720112255550118261628068979
.5156250000 -7633.3432617188 1 2 4 5 6 7 8 10 11 12 13 15 17 18 21 23 27 29 18_460 .0000001115672883619173758220654961288601
.5161132813 -7633.3427734375 1 3 4 5 6 9 10 11 12 13 14 17 19 22 24 31 32 37 18_461 .0000001101650812586801687826933046802985
.5170898438 -7633.3417968750 1 2 5 6 8 9 10 11 12 13 15 16 17 18 21 23 26 27 18_462 .0000001074133157620590142023681881066379
.5185546876 -7633.3403320312 2 3 4 5 6 7 8 9 11 12 13 17 19 20 21 22 27 38 18_463 .0000001034140075679931309318869666732824
.5190429688 -7633.3398437500 1 2 3 4 6 7 8 10 11 13 15 16 17 19 20 23 24 34 18_464 .0000001021142733125053179890657148626373
.5195312500 -7633.3393554688 1 2 6 7 8 9 10 12 13 14 16 17 19 20 22 23 34 39 18_465 .0000001008308744565887649110843289076698
.5219726563 -7633.3369140625 1 2 4 5 6 7 8 9 10 11 12 14 15 17 22 23 41 43 18_466 .0000000946518143045389174447013474002264
.5273437500 -7633.3315429688 1 2 5 7 8 9 10 11 12 15 16 17 18 20 21 37 38 39 18_467 .0000000823581998611142778921347461657792
.5283203126 -7633.3305664062 1 2 5 6 8 10 11 12 13 15 16 17 18 21 23 26 27 36 18_468 .0000000803010101139913625569307757078155
.5292968750 -7633.3295898438 1 2 4 5 6 7 11 12 13 17 19 20 21 22 23 24 32 42 18_469 .0000000782952064227623276516386409016089
.5351562500 -7633.3237304688 5 6 7 8 10 11 13 14 15 16 17 19 20 21 22 23 27 32 18_470 .0000000672698032315836862522961261574112
.5366210938 -7633.3222656250 1 2 3 4 6 7 10 11 12 13 15 17 18 19 22 25 36 39 18_471 .0000000647651540326591230246194253086912
.5375976563 -7633.3212890625 2 3 4 7 9 11 15 17 18 19 20 21 22 23 24 25 34 36 18_472 .0000000631474135089450033733966964846495
.5390625000 -7633.3198242188 1 3 4 5 6 9 11 12 13 14 16 17 18 19 22 23 26 44 18_473 .0000000607962529514925874532557077158625
.5419921876 -7633.3168945312 1 2 4 5 6 7 10 11 13 15 16 18 19 20 22 23 26 45 18_474 .0000000563532936503399007540907829194212
.5424804688 -7633.3164062500 4 5 7 8 9 10 11 13 14 15 16 17 18 19 21 24 30 48 18_475 .0000000556450307380960868346829949149097
.5444335938 -7633.3144531250 1 2 3 4 5 6 7 8 9 10 11 12 13 15 17 22 41 43 18_476 .0000000528998833800061971516363259390084
.5458984376 -7633.3129882812 1 2 3 6 7 8 9 11 12 13 15 16 17 18 22 27 28 44 18_477 .0000000509302678294031352080193300660747
.5463867188 -7633.3125000000 1 2 5 7 8 9 11 12 14 15 16 17 18 20 21 22 43 48 18_478 .0000000502901629219947122428496391045565
.5468750000 -7633.3120117188 1 5 6 7 8 10 11 13 14 15 16 17 20 21 22 23 27 30 18_479 .0000000496581030202371686030884421369220
.5473632813 -7633.3115234375 1 2 4 5 6 7 12 13 16 17 19 20 21 22 23 24 42 46 18_480 .0000000490339868853860365362715373018733
.5522460938 -7633.3066406250 1 3 5 6 8 9 10 11 12 15 16 17 18 22 24 26 27 28 18_481 .0000000432083842525427785534004353443387
.5537109376 -7633.3051757812 3 4 7 8 9 10 11 13 14 15 16 17 18 19 20 21 30 35 18_482 .0000000415996112250316024776003126561240
.5546875000 -7633.3041992188 1 2 6 7 8 9 10 12 13 14 16 17 19 20 22 23 25 45 18_483 .0000000405605127923915530349977874180136
.5581054688 -7633.3007812500 1 2 6 7 8 11 12 13 15 16 20 21 22 23 24 27 29 34 18_484 .0000000371238500979056953472766512146539
.5590820313 -7633.2998046875 1 2 3 4 7 8 9 10 11 17 18 20 23 24 25 32 36 46 18_485 .0000000361965496444954307458671946186150
.5659179688 -7633.2929687500 2 3 4 5 6 9 11 12 13 15 18 19 20 21 22 26 41 45 18_486 .0000000303225919883666711587486989362439
.5673828126 -7633.2915039062 1 3 5 8 9 10 12 14 16 19 20 21 22 23 24 27 28 37 18_487 .0000000291935942496409980114172055923033
.5678710938 -7633.2910156250 1 2 3 4 5 6 7 8 10 11 12 13 15 17 23 24 29 42 18_488 .0000000288266815326947671510922799162506
.5698242188 -7633.2890625000 2 4 5 7 9 10 11 13 14 15 16 17 18 20 21 24 44 48 18_489 .0000000274045691247704646823267625419379
.5844726563 -7633.2744140625 3 4 6 7 8 9 11 12 13 14 16 17 19 20 21 22 27 38 18_490 .0000000187514751154569485813816967013149
.5854492188 -7633.2734375000 2 3 5 7 8 9 11 12 14 15 16 17 18 20 21 23 45 48 18_491 .0000000182830902003466631077159104726687
.5878906250 -7633.2709960938 2 3 4 7 8 9 12 13 14 15 17 19 20 21 22 24 32 44 18_492 .0000000171626763366410440576552154848639
.5947265626 -7633.2641601562 1 2 3 4 5 6 7 8 9 10 11 17 18 20 25 26 27 44 18_493 .0000000143775259174591631537787224515559
.5961914063 -7633.2626953125 1 2 3 4 7 8 9 10 11 13 15 17 18 24 25 32 36 43 18_494 .0000000138422091091770403550868818474117
.6025390626 -7633.2563476562 1 3 4 5 7 9 11 12 14 16 17 18 19 22 23 26 28 33 18_495 .0000000117434978065994253152007345563067
.6049804688 -7633.2539062500 3 4 5 7 8 10 11 12 15 18 19 20 21 22 24 26 31 35 18_496 .0000000110238394990196133536392585254072
.6054687500 -7633.2534179688 1 2 3 4 7 8 9 12 13 14 15 16 17 21 22 24 29 37 18_497 .0000000108852890051278171179317913507987
.6113281250 -7633.2475585938 3 4 5 6 7 8 9 11 12 13 16 17 19 20 21 22 27 38 18_498 .0000000093524403721475634168473479500322
.6132812500 -7633.2456054688 1 3 5 9 10 12 14 15 16 19 20 21 22 23 24 28 37 44 18_499 .0000000088910545729351799302914389968392
.6142578126 -7633.2446289062 3 7 8 9 10 11 13 14 15 16 17 18 19 20 21 30 35 42 18_500 .0000000086689687777211379910607789652251
.6171875000 -7633.2416992188 1 3 5 6 9 10 12 14 16 17 18 19 20 22 23 28 46 48 18_501 .0000000080354449820644506699913408402044
.6206054688 -7633.2382812500 1 2 4 5 7 9 11 12 14 15 16 17 18 22 23 24 28 45 18_502 .0000000073546075837602903074836439797187
.6230468750 -7633.2358398438 1 3 4 5 6 9 10 11 12 13 14 17 19 22 24 27 32 41 18_503 .0000000069039067334848115599782235926633
.6313476563 -7633.2275390625 1 2 4 6 7 9 10 11 15 17 18 20 21 22 24 25 27 45 18_504 .0000000055682061935251482619408449443813
.6391601563 -7633.2197265625 1 2 3 5 7 8 9 10 12 13 15 16 18 22 24 26 27 28 18_505 .0000000045480855048190277929954589747738
.6499023438 -7633.2089843750 1 2 3 4 5 6 7 8 9 10 11 17 18 20 25 26 27 39 18_506 .0000000034433758141677993375918123968946
.6508789063 -7633.2080078125 1 2 3 4 5 6 9 11 14 16 17 18 19 22 23 26 33 44 18_507 .0000000033573652321479168763227376709429
.6528320313 -7633.2060546875 3 7 8 11 12 14 15 16 17 18 20 21 22 23 24 27 28 42 18_508 .0000000031917356660406981621452794691631
.6625976563 -7633.1962890625 1 2 3 4 7 8 11 15 16 17 18 20 22 23 24 27 44 46 18_509 .0000000024783837705100828706516000194106
.6713867188 -7633.1875000000 1 2 4 5 6 7 9 10 11 12 14 17 19 21 22 27 32 41 18_510 .0000000019737676759242761858780258056818
.6801757813 -7633.1787109375 1 2 3 5 7 8 9 10 12 13 15 16 17 22 24 26 27 28 18_511 .0000000015718949118690048045957702241027
.6840820313 -7633.1748046875 1 3 4 5 6 7 8 10 11 12 19 20 22 23 24 34 35 38 18_512 .0000000014206273258472014713321692277397
.6889648438 -7633.1699218750 1 2 3 5 7 8 9 11 14 17 19 20 22 23 24 27 34 44 18_513 .0000000012518462249122682220665783692036
.6943359376 -7633.1645507812 2 3 4 7 8 9 12 13 14 15 17 19 21 22 24 30 40 41 18_514 .0000000010892533025085749424749940774263
.6948242188 -7633.1640625000 1 3 5 7 8 9 10 12 14 15 16 20 22 23 24 27 28 48 18_515 .0000000010755632825251331749586392517904
.6977539063 -7633.1611328125 1 2 4 6 7 9 10 11 17 18 20 21 22 24 25 26 27 46 18_516 .0000000009969616664537523633630467311399
.7036132813 -7633.1552734375 1 3 5 8 9 10 12 14 15 16 20 21 22 23 24 27 28 48 18_517 .0000000008565711516187807719186308952372
.7133789063 -7633.1455078125 2 3 4 7 8 9 12 13 14 15 17 19 21 22 24 35 40 44 18_518 .0000000006651277745354643933821579752969
.7148437500 -7633.1440429688 1 2 6 7 8 9 10 12 13 14 15 16 18 19 23 25 27 45 18_519 .0000000006403631467818293597836928050344
.7158203126 -7633.1430664062 1 2 6 7 8 9 10 12 13 14 15 16 18 19 23 25 42 45 18_520 .0000000006243677935296155906326714721993
.7250976563 -7633.1337890625 3 4 7 9 11 12 13 14 17 19 20 21 22 24 27 37 43 46 18_521 .0000000004909927183196488219799803208852
.7314453126 -7633.1274414062 3 4 7 8 9 11 12 13 16 17 19 20 21 22 24 27 37 38 18_522 .0000000004165499787761759391001291627727
.7319335938 -7633.1269531250 1 2 4 7 8 9 12 13 14 15 16 17 21 22 24 25 30 37 18_523 .0000000004113146698536186900553722714177
.7470703126 -7633.1118164062 3 5 6 9 10 12 14 16 17 18 19 20 22 23 28 39 46 48 18_524 .0000000002779033233561595522224040269114
.7490234376 -7633.1098632812 1 2 3 5 6 8 9 10 12 14 16 18 19 23 27 36 38 45 18_525 .0000000002641934634855409577511914368573
.7661132813 -7633.0927734375 1 2 4 5 6 7 9 10 11 12 14 19 21 22 27 30 34 41 18_526 .0000000001696953487074112577821409910885
.7690429688 -7633.0898437500 1 2 4 5 6 7 9 11 12 15 16 17 22 23 24 28 34 45 18_527 .0000000001572940991808522800876377328530
.7792968750 -7633.0795898438 3 4 7 9 11 12 13 16 17 19 20 21 22 24 27 37 38 46 18_528 .0000000001206038447412531367581384899858
.7807617188 -7633.0781250000 1 2 4 5 6 7 9 11 12 15 17 22 23 24 28 34 42 45 18_529 .0000000001161134150297451098799776443367
.7983398438 -7633.0605468750 3 4 8 9 10 11 13 14 16 17 18 19 20 21 30 35 36 46 18_530 .0000000000736439967275228832414892664625
.8051757813 -7633.0537109375 2 3 4 5 7 9 11 12 14 17 20 21 22 23 24 26 28 41 18_531 .0000000000616930864155136564171221447927
.8276367188 -7633.0312500000 1 3 4 5 6 8 10 11 12 15 17 19 20 24 34 36 40 44 18_532 .0000000000344796040172345316841365556331
.8286132813 -7633.0302734375 1 3 5 6 8 9 10 11 14 16 17 19 20 23 25 32 38 41 18_533 .0000000000336183530329140319097757521694
.8442382813 -7633.0146484375 1 3 5 6 8 9 10 11 14 16 17 19 20 23 25 32 34 41 18_534 .0000000000224286460440020957047424310817
.8784179688 -7632.9804687500 1 3 6 7 9 12 13 15 16 17 18 20 22 25 27 31 36 37 18_535 .0000000000092533458940974620356532976361
.8881835938 -7632.9707031250 1 3 5 6 8 9 10 12 14 16 17 18 19 23 27 36 38 45 18_536 .0000000000071852260608083941650807295778
.8911132813 -7632.9677734375 3 4 6 8 10 11 13 14 15 16 17 18 19 20 21 39 41 46 18_537 .0000000000066601334052727640987228739457
.9233398438 -7632.9355468750 2 3 4 7 9 11 12 14 15 18 20 21 22 23 26 28 31 37 18_538 .0000000000028903493610096347430258205224
.9272460938 -7632.9316406250 2 5 6 7 8 11 12 15 17 19 21 22 23 24 30 37 42 45 18_539 .0000000000026122034319794725784639108137
.9301757813 -7632.9287109375 1 3 4 6 10 11 13 14 15 16 18 19 20 21 24 33 44 46 18_540 .0000000000024213049375842848743285550821
.9755859376 -7632.8833007812 1 3 5 6 9 10 11 14 16 17 19 20 23 25 29 32 34 48 18_541 .0000000000007468065395456264516615957833
.9907226563 -7632.8681640625 1 4 6 7 9 12 13 15 16 17 18 20 22 25 27 31 33 37 18_542 .0000000000005045772373139347402404203015
1.0249023438 -7632.8339843750 1 3 7 8 11 14 17 19 20 21 22 23 24 26 27 30 34 40 18_543 .0000000000002081725173242250875011750087
1.0488281250 -7632.8100585938 1 3 4 5 6 8 10 11 12 17 18 19 20 24 34 36 40 44 18_544 .0000000000001120135114937615756855331443
1.0566406250 -7632.8022460938 4 5 6 7 8 11 12 15 17 19 20 22 23 24 37 42 44 45 18_545 .0000000000000914921269548269503999635153
1.0771484376 -7632.7817382812 3 4 7 8 11 12 14 17 20 21 22 23 24 27 30 33 34 40 18_546 .0000000000000537874761399434446790350716
1.0903320313 -7632.7685546875 1 3 4 5 6 9 10 16 19 20 22 23 25 26 29 32 34 48 18_547 .0000000000000382271904964846288381098519
1.1313476563 -7632.7275390625 1 3 4 5 6 10 11 12 16 17 19 20 26 34 36 39 40 44 18_548 .0000000000000132119605431345911616363971
1.1918945313 -7632.6669921875 1 3 4 6 8 9 10 13 14 15 19 20 21 24 31 33 37 46 18_549 .0000000000000027532486498815920050500536
1.2050781250 -7632.6538085938 1 3 4 6 8 11 14 16 17 21 22 24 27 30 32 34 43 48 18_550 .0000000000000019567558877344898985308565
1.2158203126 -7632.6430664062 4 6 7 9 11 12 13 17 18 20 22 23 26 31 37 41 42 43 18_551 .0000000000000014814686033196069199269284
1.2285156250 -7632.6303710938 2 3 4 5 7 8 9 12 18 19 20 22 26 27 29 33 44 45 18_552 .0000000000000010662930654827649075832192
1.2314453126 -7632.6274414062 2 3 4 6 7 9 12 17 18 19 20 21 22 23 27 35 43 44 18_553 .0000000000000009883689095841906920409679
1.4101562500 -7632.4487304688 1 3 4 5 6 11 12 16 17 19 20 26 34 36 39 40 44 47 18_554 .0000000000000000096496394260864478429309
1.5468750000 -7632.3120117188 1 3 4 5 8 9 14 16 19 20 23 25 30 34 36 38 41 46 18_555 .0000000000000000002795722380338722325995
1.5527343750 -7632.3061523438 1 3 4 6 8 14 16 19 20 22 23 25 30 34 38 40 41 43 18_556 .0000000000000000002402033317340418293077
1.5878906250 -7632.2709960938 5 6 7 8 11 12 15 18 19 20 22 23 24 28 36 37 42 45 18_557 .0000000000000000000966248717179208886524
1.8413085938 -7632.0175781250 6 10 11 13 18 19 20 21 22 23 26 32 39 41 42 43 45 46 18_558 .0000000000000000000001362274048109219239
