0 -7734.0083007812 12 37 2_1 .51655037654042791262
.0444335937 -7733.9638671875 14 47 2_2 .16340191584697268851
.0639648437 -7733.9443359375 12 13 2_3 .09852363437419249364
.0981445312 -7733.9101562500 1 2 2_4 .04064771746896397269
.1054687500 -7733.9028320312 3 8 2_5 .03362345925418126902
.1069335937 -7733.9013671875 16 20 2_6 .03237156077076450660
.1079101562 -7733.9003906250 2 4 2_7 .03156296567889871691
.1103515624 -7733.8979492188 2 5 2_8 .02962874209093915879
.1406250000 -7733.8676757812 1 3 2_9 .01352546783466439907
.1508789062 -7733.8574218750 14 21 2_10 .01037053157924979852
.1748046874 -7733.8334960938 11 13 2_11 .00558017779282306059
.1767578124 -7733.8315429688 8 10 2_12 .00530488977298640875
.1840820312 -7733.8242187500 10 16 2_13 .00438816140822968803
.1967773437 -7733.8115234375 6 12 2_14 .00315839705087884789
.2138671874 -7733.7944335938 10 18 2_15 .00202868489566047976
.2158203124 -7733.7924804688 19 20 2_16 .00192860338060245113
.2329101562 -7733.7753906250 2 12 2_17 .00123877032392892124
.2348632812 -7733.7734375000 10 24 2_18 .00117765782139443189
.2368164062 -7733.7714843750 7 23 2_19 .00111956019409055249
.2558593750 -7733.7524414062 29 44 2_20 .00068363398734723326
.2573242187 -7733.7509765625 13 19 2_21 .00065818031984971880
.2578125000 -7733.7504882812 12 21 2_22 .00064990813601111581
.2607421874 -7733.7475585938 13 16 2_23 .00060241318249230072
.2705078124 -7733.7377929688 5 21 2_24 .00046777402982193242
.2934570312 -7733.7148437500 20 24 2_25 .00025814811592386847
.3071289062 -7733.7011718750 11 24 2_26 .00018116206211215569
.3164062500 -7733.6918945312 13 25 2_27 .00014246291052201222
.3305664062 -7733.6777343750 6 31 2_28 .00009872046470875923
.3842773437 -7733.6240234375 1 29 2_29 .00002455761633568886
.3867187500 -7733.6215820312 41 43 2_30 .00002305269049479958
.4033203124 -7733.6049804688 1 35 2_31 .00001499555031289327
.4082031250 -7733.6000976562 3 28 2_32 .00001321396728016424
.4096679687 -7733.5986328125 15 34 2_33 .00001272197311998873
.4150390624 -7733.5932617188 7 31 2_34 .00001106961142311153
.4394531250 -7733.5688476562 11 34 2_35 .00000588147796848687
.4516601562 -7733.5566406250 3 32 2_36 .00000428709912124568
.4804687500 -7733.5278320312 15 28 2_37 .00000203273779332828
.4809570312 -7733.5273437500 1 47 2_38 .00000200718981385677
.4897460937 -7733.5185546875 11 45 2_39 .00000159851207112269
.4921875000 -7733.5161132812 13 28 2_40 .00000150055296589349
.4926757812 -7733.5156250000 4 46 2_41 .00000148169362432255
.4965820312 -7733.5117187500 6 46 2_42 .00000133910634569291
.4990234374 -7733.5092773438 13 34 2_43 .00000125704399746569
.5043945312 -7733.5039062500 13 29 2_44 .00000109377597534717
.5087890624 -7733.4995117188 3 42 2_45 .00000097609506804827
.5102539062 -7733.4980468750 1 39 2_46 .00000093975222753416
.5146484374 -7733.4936523438 1 49 2_47 .00000083864295354660
.5498046874 -7733.4584960938 22 41 2_48 .00000033735488687268
.5517578124 -7733.4565429688 15 38 2_49 .00000032071209120605
.5590820312 -7733.4492187500 13 49 2_50 .00000026529041733336
.5659179687 -7733.4423828125 20 45 2_51 .00000022223922341300
.5795898437 -7733.4287109375 13 46 2_52 .00000015596207569292
.5883789062 -7733.4199218750 14 41 2_53 .00000012420711728974
.6430664062 -7733.3652343750 26 34 2_54 .00000003012587469852
.6791992187 -7733.3291015625 27 30 2_55 .00000001181581636436
.6928710937 -7733.3154296875 26 30 2_56 .00000000829205222143
.7724609374 -7733.2358398438 32 40 2_57 .00000000105515532166
.7963867187 -7733.2119140625 34 42 2_58 .00000000056775819385
