0 -7723.5043945312 2 13 20 21 4_1 .5529170395342806589492217951033994520823
.0141601562 -7723.4902343750 7 13 15 21 4_2 .3831469319853722348398758594941535746104
.0839843750 -7723.4204101562 11 17 18 22 4_3 .0627882062952942416359490056791004987864
.2558593750 -7723.2485351562 3 14 19 20 4_4 .0007317638270649182552704953494194576368
.2783203124 -7723.2260742188 4 18 22 24 4_5 .0004089749520190198675541503256304725605
.4741210937 -7723.0302734375 3 19 20 24 4_6 .0000025647000958424955399166691099509026
.4770507812 -7723.0273437500 7 13 15 20 4_7 .0000023772731210220392918663430227650506
.4985351562 -7723.0058593750 7 13 15 17 4_8 .0000013626699774712031854848712099227075
.5239257812 -7722.9804687500 10 16 18 23 4_9 .0000007059256316994667971835915035596531
.6147460937 -7722.8896484375 16 18 23 24 4_10 .0000000671546672450512712361495252477730
.7192382812 -7722.7851562500 2 20 21 24 4_11 .0000000044832375137601741927053341946089
.7841796874 -7722.7202148438 1 15 19 21 4_12 .0000000008337457881505315584813847921304
.8378906250 -7722.6665039062 3 4 19 20 4_13 .0000000002074018714788815559466646155735
.8754882812 -7722.6289062500 9 11 17 18 4_14 .0000000000783173501497712968824481755621
.9038085937 -7722.6005859375 7 13 15 28 4_15 .0000000000376070043449232906377226931255
.9399414062 -7722.5644531250 7 13 15 33 4_16 .0000000000147500267394797445502463514315
.9497070312 -7722.5546875000 10 16 18 36 4_17 .0000000000114534005038906692368039061083
.9604492187 -7722.5439453125 9 13 14 17 4_18 .0000000000086714205885721804365658066469
.9838867187 -7722.5205078125 7 13 15 40 4_19 .0000000000047253087109318610139317546128
1.0405273437 -7722.4638671875 8 10 11 18 4_20 .0000000000010895613717997561238743840711
1.0683593750 -7722.4360351562 3 4 13 20 4_21 .0000000000005298529671946268089118407251
1.0761718750 -7722.4282226562 4 20 21 24 4_22 .0000000000004327814947990665389573407843
1.0981445312 -7722.4062500000 4 21 24 34 4_23 .0000000000002449556001866109406819041586
1.1118164062 -7722.3925781250 4 17 24 34 4_24 .0000000000001719038757920452644545770759
1.1567382812 -7722.3476562500 9 10 11 18 4_25 .0000000000000536954160405434406551753717
1.2065429687 -7722.2978515625 7 15 17 37 4_26 .0000000000000147794943156247095493625388
1.2250976562 -7722.2792968750 4 11 22 24 4_27 .0000000000000091396315982749266825758663
1.2290039062 -7722.2753906250 3 20 23 31 4_28 .0000000000000082601007857756375011554792
1.2377929687 -7722.2666015625 16 23 24 29 4_29 .0000000000000065782870775841128087434260
1.2880859374 -7722.2163085938 7 15 25 30 4_30 .0000000000000017878960623793670422232665
1.2968750000 -7722.2075195312 3 14 20 31 4_31 .0000000000000014238680420222156777967522
1.3173828124 -7722.1870117188 11 13 14 17 4_32 .0000000000000008370804273822710365602892
1.3798828124 -7722.1245117188 5 14 19 20 4_33 .0000000000000001658340404674315432412931
1.4213867187 -7722.0830078125 3 14 20 43 4_34 .0000000000000000565946855090183304165411
1.4248046874 -7722.0795898438 5 19 21 35 4_35 .0000000000000000517994591777267231534824
1.4326171874 -7722.0717773438 8 14 17 19 4_36 .0000000000000000423095627668443765595267
1.4360351562 -7722.0683593750 2 4 5 48 4_37 .0000000000000000387247043424682153054927
1.4526367187 -7722.0517578125 10 11 18 35 4_38 .0000000000000000251900423920678419109158
1.4716796874 -7722.0327148438 7 15 30 34 4_39 .0000000000000000153817269115492925416199
1.4926757812 -7722.0117187500 7 15 29 37 4_40 .0000000000000000089291397804988966288925
1.7104492187 -7721.7939453125 3 4 18 31 4_41 .0000000000000000000316933531376266532646
1.7900390624 -7721.7143554688 3 5 30 35 4_42 .0000000000000000000040329473731883567384
1.8325195312 -7721.6718750000 16 23 29 32 4_43 .0000000000000000000013419572702108653969
1.8344726562 -7721.6699218750 4 19 21 34 4_44 .0000000000000000000012757542255521659738
1.9335937500 -7721.5708007812 4 26 30 34 4_45 .0000000000000000000000978824112134848550
