0 -7448.6455078125 1 2 3 4 5 6 7 8 9 10 11 12 13 14 15 16 17 18 19 20 21 22 23 24 25 26 27 28 29 30 31 32 33 34 35 36 37 38 39 40 41 42 43 44 45 46 47 47_1 .2927881222141573321704790083503616604601
.0146484375 -7448.6308593750 1 2 3 4 5 6 7 8 9 10 11 12 13 14 15 16 17 18 19 20 21 22 23 24 25 26 27 28 29 30 31 32 33 34 35 36 37 38 39 40 41 42 43 44 45 46 48 47_2 .2003391902570598782095885075158154574591
.0449218750 -7448.6005859375 1 2 3 4 5 6 7 8 9 10 11 12 13 14 15 16 17 18 19 20 21 22 23 24 25 26 27 28 29 30 31 32 33 34 35 36 37 38 39 40 41 42 44 45 46 47 48 47_3 .0914544826961147150712760397659968717736
.0478515625 -7448.5976562500 1 2 3 4 5 6 7 8 9 10 11 12 13 14 15 16 17 18 19 20 21 22 23 24 25 26 27 28 29 30 31 32 33 34 36 37 38 39 40 41 42 43 44 45 46 47 48 47_4 .0847710357491250827030475167686790460594
.0537109375 -7448.5917968750 1 2 3 4 5 6 7 8 9 10 11 12 13 14 15 16 17 18 19 20 21 22 23 24 25 26 27 28 29 30 31 32 33 34 35 36 37 38 40 41 42 43 44 45 46 47 48 47_5 .0728337168407199671828840947739686665686
.0556640625 -7448.5898437500 1 2 3 4 5 6 7 8 9 10 11 12 13 14 15 16 17 18 19 20 21 22 23 24 25 26 27 28 29 30 31 32 33 34 35 36 38 39 40 41 42 43 44 45 46 47 48 47_6 .0692405966157312925993468467037014607885
.0566406250 -7448.5888671875 1 2 3 4 5 6 7 8 9 10 11 12 13 14 15 16 17 18 19 20 21 22 23 24 25 26 27 28 29 30 31 32 33 34 35 36 37 38 39 40 42 43 44 45 46 47 48 47_7 .0675110659644967369352115683453215801799
.0703125000 -7448.5751953125 1 2 3 4 5 6 7 8 9 10 11 12 13 14 15 16 17 18 19 20 21 22 23 24 25 26 27 28 29 30 31 32 33 34 35 36 37 38 39 40 41 43 44 45 46 47 48 47_8 .0473776222683140901482419095942174120025
.0732421875 -7448.5722656250 1 2 3 4 5 6 7 8 9 10 11 12 13 14 15 16 17 18 19 20 21 22 23 24 26 27 28 29 30 31 32 33 34 35 36 37 38 39 40 41 42 43 44 45 46 47 48 47_9 .0439152897989812995855569548084147389962
.0927734375 -7448.5527343750 1 2 3 4 5 6 7 8 9 10 11 12 13 14 15 16 17 18 19 20 21 22 23 24 25 26 27 28 29 30 31 33 34 35 36 37 38 39 40 41 42 43 44 45 46 47 48 47_10 .0264788447134458652862481026554854989255
.2602539063 -7448.3852539062 1 2 3 4 5 6 7 8 9 10 11 12 13 14 15 16 17 18 19 20 21 22 23 24 25 26 27 28 29 30 31 32 33 34 35 36 37 38 39 40 41 42 43 44 45 46 49 47_11 .0003458025210057302979766019854037153046
.2851562500 -7448.3603515625 1 2 3 4 5 6 7 8 9 10 11 12 13 14 15 16 17 18 19 20 21 22 23 24 25 26 27 28 29 30 31 32 33 34 35 36 37 39 40 41 42 43 44 45 46 48 60 47_12 .0001814217438823761070785193897692349346
.2900390625 -7448.3554687500 1 2 3 4 5 6 7 8 9 10 11 12 13 14 15 16 17 18 19 20 21 22 23 24 25 26 27 28 29 30 31 32 33 34 35 36 37 38 39 40 41 42 44 45 46 48 49 47_13 .0001598674902728011011280239994175054158
.2949218750 -7448.3505859375 1 2 3 4 5 6 7 8 9 10 11 12 13 14 15 16 17 18 19 20 21 22 23 24 25 26 27 28 29 30 31 32 33 34 35 36 37 38 39 40 41 42 43 44 45 46 54 47_14 .0001408740424339339829642048761528063357
.2963867187 -7448.3491210938 1 2 3 4 5 6 7 8 9 10 11 12 13 14 15 16 17 18 19 20 21 22 23 24 25 26 27 28 29 30 31 32 33 34 35 36 37 39 40 41 42 43 44 45 46 47 60 47_15 .0001356288950282904302416276817959872731
.2998046875 -7448.3457031250 1 2 3 4 5 6 7 8 9 10 11 12 13 14 15 16 17 18 19 20 21 22 23 24 25 26 27 28 29 30 31 32 33 34 35 36 37 38 39 40 41 42 43 44 45 46 55 47_16 .0001241371575785238086406919985374857847
.3012695313 -7448.3442382812 1 2 3 4 5 6 7 8 9 10 11 12 13 14 15 16 17 18 19 20 21 22 23 24 25 26 27 28 29 30 31 32 33 34 36 37 38 39 40 41 42 43 44 45 46 47 60 47_17 .0001195151724180284587561338080024177467
.3027343750 -7448.3427734375 1 2 3 4 5 6 7 8 9 10 11 12 13 14 15 16 17 18 19 20 21 22 23 24 25 26 27 28 29 30 31 32 33 34 35 36 37 38 39 40 41 42 43 44 46 48 49 47_18 .0001150652774216706258438237501702515443
.3081054687 -7448.3374023438 1 2 3 4 5 6 7 8 9 10 11 12 13 14 15 16 17 18 19 20 21 22 23 24 25 26 27 28 29 30 31 32 33 34 35 36 37 38 39 40 41 42 43 44 46 47 60 47_19 .0001001203113178367439440701514654667014
.3125000000 -7448.3330078125 1 2 3 4 5 6 7 8 9 10 11 12 13 14 15 16 17 18 19 20 21 22 23 24 25 26 27 28 29 30 31 32 33 34 35 36 37 38 39 41 42 43 44 45 46 47 49 47_20 .0000893482249001106484023812727348468650
.3173828125 -7448.3281250000 1 2 3 4 5 6 7 8 9 10 11 12 13 14 15 16 17 18 19 20 21 22 23 24 25 26 27 28 29 30 31 32 33 34 35 36 37 38 39 40 41 42 43 44 45 46 50 47_21 .0000787329907068436354973824133128866738
.3188476563 -7448.3266601562 1 2 3 4 5 6 7 8 9 10 11 12 13 14 15 16 17 18 19 20 21 22 23 24 25 26 27 28 29 30 31 32 33 34 35 36 37 38 39 41 42 43 44 45 46 47 60 47_22 .0000758015339070674651852594902469405419
.3198242187 -7448.3256835938 1 2 3 4 5 6 7 8 9 10 11 12 13 14 15 16 17 18 19 20 21 22 23 24 25 26 27 28 29 30 32 33 34 35 36 37 38 39 40 41 42 43 44 45 46 47 60 47_23 .0000739081206573986750469919929908198653
.3251953125 -7448.3203125000 1 2 3 4 5 6 7 8 9 10 11 12 13 14 15 16 17 18 19 20 21 22 23 24 25 26 28 29 30 31 32 33 34 35 36 37 38 39 40 41 42 43 44 45 46 47 49 47_24 .0000643087488752188046200557583615334737
.3276367187 -7448.3178710938 1 2 3 4 5 6 7 8 9 10 11 12 13 14 15 16 17 18 19 20 21 22 23 24 25 26 27 28 29 30 31 32 33 34 35 36 37 38 40 41 42 43 44 45 46 47 56 47_25 .0000603678169535466078467083905908303817
.3295898437 -7448.3159179688 1 2 3 4 5 6 7 8 9 10 11 12 13 14 15 16 17 18 19 20 21 22 23 24 25 26 27 28 29 30 31 32 33 34 35 36 37 39 40 41 42 43 44 45 46 47 51 47_26 .0000573896794446705971439474657113302494
.3305664063 -7448.3149414062 1 2 3 4 5 6 7 8 9 10 11 12 13 14 15 16 17 18 19 20 21 22 23 24 25 26 27 28 29 30 31 32 33 34 35 36 37 38 39 40 41 42 44 45 46 47 51 47_27 .0000559561675376189445545977944451684908
.3374023437 -7448.3081054688 1 2 3 4 5 6 7 8 9 10 11 12 13 14 15 16 17 18 19 20 21 22 23 24 25 26 27 28 29 30 31 32 33 34 35 36 38 39 40 41 42 43 44 45 46 47 56 47_28 .0000468756292667519397992376935373472940
.3378906250 -7448.3076171875 1 2 3 4 5 6 7 8 9 10 11 12 13 14 15 16 17 18 19 20 21 22 23 24 25 26 27 28 29 30 31 32 33 34 36 37 38 39 40 41 42 43 44 45 46 47 55 47_29 .0000462864839958430370881019327376101800
.3393554687 -7448.3061523438 1 2 3 4 5 6 7 8 9 10 11 12 13 14 15 16 17 18 19 20 21 22 23 24 25 26 27 28 29 30 31 32 33 34 35 36 38 39 40 41 42 43 44 45 46 47 51 47_30 .0000445631045339310617399547172804724608
.3403320313 -7448.3051757812 1 2 3 4 5 6 7 8 9 10 11 12 13 14 15 16 17 18 19 20 21 22 23 24 25 27 28 29 30 31 32 33 34 35 36 37 38 39 40 41 42 43 44 45 46 47 60 47_31 .0000434499820773721945121445455725397744
.3408203125 -7448.3046875000 1 2 3 4 5 6 7 8 9 10 11 12 13 14 15 16 17 18 19 20 21 22 23 24 25 26 27 28 29 30 31 32 33 34 35 36 38 39 40 41 42 43 44 45 46 47 53 47_32 .0000429038913549024967081881526540686991
.3422851563 -7448.3032226562 1 2 3 4 5 6 7 8 9 10 11 12 13 14 15 16 17 18 19 20 21 22 23 24 25 26 27 28 29 30 31 32 33 34 35 36 37 38 39 40 41 42 44 45 46 47 54 47_33 .0000413064554780223021415449928809367753
.3437500000 -7448.3017578125 1 2 3 4 5 6 7 8 9 10 11 12 13 14 15 16 17 18 19 20 21 22 23 24 25 26 27 28 29 30 31 32 33 34 35 36 37 38 39 40 41 42 44 45 46 48 58 47_34 .0000397684968587934516964314670270401465
.3461914063 -7448.2993164062 1 2 3 4 5 6 7 8 9 10 11 12 13 14 15 16 17 18 19 20 21 22 23 24 25 26 27 28 29 30 31 32 33 34 35 36 37 38 39 40 42 43 44 45 46 47 54 47_35 .0000373314265113287336276791904958941548
.3466796875 -7448.2988281250 1 2 3 4 5 6 7 8 9 10 11 12 13 14 15 16 17 18 19 20 21 22 23 24 25 26 27 28 29 30 31 32 33 34 35 36 37 38 39 40 42 43 44 45 46 47 58 47_36 .0000368622353931806618535575722396207321
.3476562500 -7448.2978515625 1 2 3 4 5 6 7 8 9 10 11 12 13 14 15 16 17 18 19 20 21 22 23 24 25 26 27 28 29 30 31 32 33 34 35 36 38 39 40 41 42 43 44 45 46 47 50 47_37 .0000359414696993298321133796153351111959
.3481445313 -7448.2973632812 1 2 3 4 5 6 7 8 9 10 11 12 13 14 15 16 17 18 19 20 21 22 23 24 25 26 27 28 29 30 31 32 33 34 35 36 37 38 39 40 41 42 43 44 46 48 56 47_38 .0000354897478294776300879176699187098276
.3496093750 -7448.2958984375 1 2 3 4 5 6 7 8 9 10 11 12 13 14 15 16 17 18 19 20 21 22 23 24 25 26 27 28 29 30 31 32 33 34 35 36 37 38 39 40 41 42 44 45 46 48 54 47_39 .0000341683620330699832048039479764777481
.3535156250 -7448.2919921875 1 2 3 4 5 6 7 8 9 10 11 12 13 14 15 16 17 18 19 20 21 22 23 24 25 26 27 28 29 30 32 33 34 35 36 38 39 40 41 42 43 44 45 46 47 48 49 47_40 .0000308802505925182502441748403079219383
.3540039063 -7448.2915039062 1 2 3 4 5 6 7 8 9 10 11 12 13 14 15 16 17 18 19 20 21 22 23 24 25 26 27 28 29 30 31 32 33 34 35 36 37 38 39 41 42 43 44 45 46 48 55 47_41 .0000304921394591714407469373433178152046
.3544921875 -7448.2910156250 1 2 3 4 5 6 7 8 9 10 11 12 13 14 15 16 17 18 19 20 21 22 23 24 25 26 27 28 29 30 31 32 33 34 35 36 37 38 39 41 42 43 44 45 46 47 55 47_42 .0000301089062868940823583370866053144784
.3549804687 -7448.2905273438 1 2 3 4 5 6 7 8 9 10 11 12 13 14 15 16 17 18 19 20 21 22 23 24 25 26 27 28 29 30 31 32 33 34 35 36 37 38 39 40 41 42 43 44 46 48 55 47_43 .0000297304896892139384831855915606297121
.3554687500 -7448.2900390625 1 2 3 4 5 6 7 8 9 10 11 12 13 14 15 16 17 18 19 20 21 22 23 24 25 26 28 29 30 31 32 33 34 35 36 37 38 39 40 41 42 43 44 45 46 47 58 47_44 .0000293568290541207734331839540335747714
.3579101563 -7448.2875976562 1 2 3 4 5 6 7 8 9 10 11 12 13 14 15 16 17 18 19 20 21 22 23 24 25 26 27 28 29 30 31 32 33 34 35 36 37 39 41 42 43 44 45 46 47 48 55 47_45 .0000275578005960570190283716806358497682
.3588867187 -7448.2866210938 1 2 3 4 5 6 7 8 9 10 11 12 13 14 15 16 17 18 19 20 21 22 23 24 25 26 27 28 29 30 31 32 33 34 35 36 37 39 40 41 42 43 44 46 47 48 55 47_46 .0000268694463888153114451437180861275363
.3603515625 -7448.2851562500 1 2 3 4 5 6 7 8 9 10 11 12 13 14 15 16 17 18 19 20 21 22 23 24 25 26 27 28 29 30 31 32 33 34 35 36 37 38 39 41 42 43 44 45 46 47 50 47_47 .0000258690192411156197815727145802714137
.3608398437 -7448.2846679688 1 2 3 4 5 6 7 8 9 10 11 12 13 14 15 16 17 18 19 20 21 22 23 24 25 26 27 28 29 30 31 32 33 34 35 36 37 39 41 42 43 44 45 46 47 48 54 47_48 .0000255438906511473332604052569236555605
.3647460937 -7448.2807617188 1 2 3 4 5 6 7 8 9 10 11 12 13 14 15 16 17 18 19 20 21 22 23 24 25 26 27 28 29 30 31 32 33 34 35 36 37 38 39 40 41 42 43 45 46 47 52 47_49 .0000230857347991065234231588999712017496
.3657226563 -7448.2797851562 1 2 3 4 5 6 7 8 9 10 11 12 13 14 15 16 17 18 19 20 21 22 23 24 25 26 27 28 29 30 31 32 33 34 35 36 37 38 39 40 41 42 43 44 46 48 52 47_50 .0000225090862442132779840040211153485504
.3691406250 -7448.2763671875 1 2 3 4 5 6 7 8 9 10 11 12 13 14 15 16 17 18 19 20 21 22 23 24 25 27 28 29 30 31 32 33 34 35 36 37 39 40 41 42 43 44 45 46 47 48 60 47_51 .0000206019078213494270165547544784792311
.3710937500 -7448.2744140625 1 2 3 4 5 6 7 8 9 10 11 12 13 14 15 16 17 18 19 20 21 22 23 24 25 26 27 28 29 30 31 32 33 34 35 36 37 38 39 40 41 42 43 44 45 47 59 47_52 .0000195855498091923854454146661975576813
.3715820313 -7448.2739257812 1 2 3 4 5 6 7 8 9 10 11 12 13 14 15 16 17 18 19 20 21 22 23 24 25 26 27 28 29 30 31 32 33 34 35 36 39 40 41 42 43 44 45 46 47 48 57 47_53 .0000193393934539875567170141557214423950
.3740234375 -7448.2714843750 1 2 3 4 5 6 7 8 9 10 11 12 13 14 15 16 17 18 19 20 21 22 23 24 25 26 27 28 29 30 31 32 33 34 35 36 38 39 40 42 43 44 45 46 47 48 60 47_54 .0000181542478191924874817193396083056730
.3750000000 -7448.2705078125 1 2 3 4 5 6 7 8 9 10 11 12 13 14 15 16 17 18 19 20 21 22 23 24 25 27 28 29 30 31 32 33 34 35 36 37 38 39 41 42 43 44 45 46 47 48 60 47_55 .0000177007807841284384782778572511971311
.3754882813 -7448.2700195312 1 2 3 4 5 6 7 8 9 10 11 12 13 14 15 16 17 18 19 20 21 22 23 24 25 26 27 28 29 31 32 33 34 35 36 37 38 39 40 41 42 43 44 45 46 47 54 47_56 .0000174783127030916878869223730073773459
.3759765625 -7448.2695312500 1 2 3 4 5 6 7 8 9 10 11 12 13 14 15 16 17 18 19 20 21 22 23 24 25 26 27 28 29 30 31 32 33 34 35 36 37 38 39 41 42 43 44 45 46 48 50 47_57 .0000172586407042727670426655386962595690
.3769531250 -7448.2685546875 1 2 3 4 5 6 7 8 9 10 11 12 13 14 15 16 17 18 19 20 21 22 23 24 25 26 27 28 29 31 32 33 34 35 36 37 38 39 40 41 42 43 44 45 46 47 59 47_58 .0000168275446485535938920634123627988922
.3774414063 -7448.2680664062 1 2 3 4 5 6 7 8 9 10 11 12 13 14 15 16 17 18 19 20 21 22 23 24 25 26 27 28 29 30 31 32 33 34 35 36 37 38 39 40 41 42 43 44 45 47 55 47_59 .0000166160516295631161308768581185902550
.3779296875 -7448.2675781250 1 2 3 4 5 6 7 8 9 10 11 12 13 14 15 16 17 18 19 20 21 22 23 24 25 26 27 28 29 30 31 32 33 34 35 36 37 38 39 40 41 42 43 44 45 47 50 47_60 .0000164072167531108333908856992097270975
.3818359375 -7448.2636718750 1 2 3 4 5 6 7 8 9 10 11 12 13 14 15 16 17 18 19 20 21 22 23 24 25 26 27 28 29 30 31 32 33 34 35 36 37 38 39 41 42 43 44 46 47 48 56 47_61 .0000148283070862880201412587617798061848
.3823242187 -7448.2631835938 1 2 3 4 5 6 7 8 9 10 11 12 13 14 15 16 17 18 19 20 21 22 23 24 25 26 27 28 29 30 31 32 33 34 35 36 37 38 39 41 42 43 44 46 47 48 54 47_62 .0000146419410501563132214337718557988620
.3833007813 -7448.2622070312 1 2 3 4 5 6 7 8 9 10 11 12 13 14 15 16 17 18 19 20 21 22 23 24 25 26 27 28 29 30 31 32 33 34 35 36 37 38 39 41 42 43 44 46 47 48 55 47_63 .0000142762063563777334753488907351001968
.3837890625 -7448.2617187500 1 2 3 4 5 6 7 8 9 10 11 12 13 14 15 16 17 18 19 20 21 22 23 24 25 26 27 28 29 30 31 32 33 34 35 36 37 38 39 40 41 43 44 45 46 47 55 47_64 .0000140967792664102821459792707278821360
.3867187500 -7448.2587890625 1 2 3 4 5 6 7 8 9 10 11 12 13 14 15 16 17 18 19 20 21 22 23 24 25 26 27 28 29 30 32 33 34 35 36 37 38 39 40 41 42 43 44 45 47 48 49 47_65 .0000130665938280044388247640828752058423
.3896484375 -7448.2558593750 1 2 3 4 5 6 7 8 9 10 11 12 13 14 15 16 17 18 19 20 21 22 23 24 25 26 27 28 29 30 31 32 33 34 35 36 37 38 41 42 43 44 45 46 47 48 56 47_66 .0000121116938159677418115764933216304437
.3911132813 -7448.2543945312 1 2 3 4 5 6 7 8 9 10 11 12 13 14 15 16 17 18 19 20 21 22 23 24 25 26 27 28 29 30 31 32 33 34 36 37 38 39 41 42 43 44 45 46 47 48 53 47_67 .0000116607404497247969947626803758349469
.3945312500 -7448.2509765625 1 2 3 4 5 6 7 8 9 10 11 12 13 14 15 16 17 18 19 20 21 22 23 24 25 27 28 29 30 31 32 33 34 35 36 37 38 40 41 42 43 44 45 46 47 48 56 47_68 .0000106727344356624462079144389708531865
.3959960937 -7448.2495117188 1 2 3 4 5 6 7 8 9 10 11 12 13 14 15 16 17 18 19 20 21 22 23 24 25 26 27 28 29 30 31 32 33 34 35 36 38 39 40 42 43 44 45 46 47 48 58 47_69 .0000102753577126753807672581139531040616
.3964843750 -7448.2490234375 1 2 3 4 5 6 7 8 9 10 11 12 13 14 15 16 17 18 19 20 21 22 23 24 25 28 29 30 31 32 33 34 35 36 37 38 39 40 41 42 43 44 45 46 47 48 60 47_70 .0000101462143070717830821928091946269174
.3969726563 -7448.2485351562 1 2 3 4 5 6 7 8 9 10 11 12 13 14 15 16 17 18 19 20 21 22 23 24 26 27 28 29 30 31 32 33 34 35 36 37 38 39 40 41 42 44 45 46 47 48 55 47_71 .0000100186940098481809499071669163174399
.3979492187 -7448.2475585938 1 2 3 4 5 6 7 8 9 10 11 12 13 14 15 16 17 18 19 20 21 22 23 24 25 26 27 28 29 30 31 32 33 34 35 36 37 38 40 41 42 43 44 46 47 48 55 47_72 .0000097684414489187347084595534668763970
.3994140625 -7448.2460937500 1 2 3 4 5 6 7 8 9 10 11 12 13 14 15 16 17 18 19 20 21 22 23 24 25 26 28 29 30 31 32 33 34 35 36 37 38 39 40 42 43 44 45 46 47 48 60 47_73 .0000094047341408187373071975911212340417
.4008789063 -7448.2446289062 1 2 3 4 5 6 7 8 9 10 11 12 13 14 15 16 17 18 19 20 21 22 23 24 25 27 28 29 30 31 32 33 34 35 36 37 38 39 41 42 43 44 45 46 47 48 58 47_74 .0000090545687069938822106362505469883469
.4018554687 -7448.2436523438 1 2 3 4 5 6 7 8 9 10 11 12 13 14 15 16 17 18 19 20 21 22 23 24 25 26 27 28 29 30 31 33 34 35 36 37 38 39 40 41 42 43 44 45 46 47 51 47_75 .0000088283986088943215564579620873556309
.4023437500 -7448.2431640625 1 2 3 4 5 6 7 8 9 10 11 12 13 14 15 16 17 18 19 20 21 22 23 24 25 26 27 28 29 30 31 32 33 34 35 36 37 38 39 41 42 44 45 46 47 48 56 47_76 .0000087174409669066127905726698170691041
.4042968750 -7448.2412109375 1 2 3 4 5 6 7 8 9 10 11 12 13 14 15 16 17 18 19 20 21 22 23 24 25 26 27 28 29 30 31 32 34 35 36 37 38 39 41 42 43 44 45 46 47 48 51 47_77 .0000082873817195275887529769256226715773
.4047851563 -7448.2407226562 1 2 3 4 5 6 7 8 9 10 11 12 13 14 15 16 17 18 19 20 21 22 23 24 25 27 28 29 30 31 32 33 34 35 36 37 38 39 41 42 43 44 45 46 47 48 50 47_78 .0000081832237204852245220615533272389404
.4052734375 -7448.2402343750 1 2 3 4 5 6 7 8 9 10 11 12 13 14 15 16 17 18 19 20 21 22 23 24 25 26 27 28 29 30 31 32 34 35 36 37 38 40 41 42 43 44 45 46 47 48 51 47_79 .0000080803748275744449476826983391996856
.4062500000 -7448.2392578125 1 2 3 4 5 6 7 8 9 10 11 12 13 14 15 16 17 18 19 20 21 22 23 24 25 26 27 28 29 30 32 33 34 35 36 37 38 39 40 41 42 43 45 46 47 48 60 47_80 .0000078785386704524394945890284941328023
.4077148437 -7448.2377929688 1 2 3 4 5 6 7 8 9 10 11 12 13 14 15 16 17 18 19 20 21 22 23 24 25 26 27 28 29 30 31 32 34 35 36 37 38 39 40 41 42 44 45 46 47 48 50 47_81 .0000075851979246797335476451479820968225
.4091796875 -7448.2363281250 1 2 3 4 5 6 7 8 9 10 11 12 13 14 15 16 17 18 19 20 21 22 23 24 25 26 27 28 30 31 32 33 34 35 36 37 38 39 41 42 43 44 45 46 47 48 52 47_82 .0000073027790830439143123837461594174328
.4096679687 -7448.2358398438 1 2 3 4 5 6 7 8 9 10 11 12 13 14 15 16 17 18 19 20 21 22 23 24 25 26 27 29 30 31 32 33 34 35 36 37 38 39 40 41 42 43 44 46 47 48 55 47_83 .0000072109958482799832679581931003799842
.4106445313 -7448.2348632812 1 2 3 4 5 6 7 8 9 10 11 12 13 14 15 16 17 18 19 20 21 22 23 24 25 26 27 28 29 30 31 32 34 35 36 37 38 39 41 42 43 44 45 46 47 48 50 47_84 .0000070308755111351253882729079313526524
.4121093750 -7448.2333984375 1 2 3 4 5 6 7 8 9 10 11 12 13 14 15 16 17 18 19 20 21 22 23 24 25 26 27 28 30 31 32 33 34 35 36 37 38 39 41 42 43 44 45 46 47 48 59 47_85 .0000067690957126039095381894412410196963
.4125976563 -7448.2329101562 1 2 3 4 5 6 7 8 9 10 11 12 13 14 15 16 17 18 19 20 21 22 23 24 25 26 27 28 29 31 32 33 34 35 36 37 38 39 40 41 42 44 45 46 47 48 53 47_86 .0000066840199325068319552470018334763624
.4130859375 -7448.2324218750 1 2 3 4 5 6 7 8 9 10 11 12 13 14 15 16 17 18 19 20 21 22 23 24 25 26 27 29 30 31 32 33 34 35 36 37 39 40 41 42 43 44 45 46 47 48 59 47_87 .0000066000134243466042081650001833134249
.4160156250 -7448.2294921875 1 2 3 4 5 6 7 8 9 10 11 12 13 14 15 16 17 18 19 20 21 22 23 24 25 26 28 29 30 32 33 34 35 36 37 38 39 40 41 42 43 44 45 46 47 48 60 47_88 .0000061176878097825641089363761585479740
.4165039063 -7448.2290039062 1 2 3 4 5 6 7 8 9 10 11 12 13 14 15 16 17 18 19 20 21 22 23 24 25 26 27 28 29 30 31 32 33 34 35 36 37 38 39 41 42 44 45 46 47 48 54 47_89 .0000060407990960008199352316017997054480
.4179687500 -7448.2275390625 1 2 3 4 5 6 7 8 9 10 11 12 13 14 15 16 17 18 19 20 21 22 23 24 25 26 27 28 29 30 33 34 35 36 37 38 39 40 41 42 43 44 45 46 47 48 60 47_90 .0000058158827014758175763460469300024806
.4184570313 -7448.2270507812 1 2 3 4 5 6 7 8 9 10 11 12 13 14 15 16 17 18 19 20 21 22 23 24 25 26 27 28 29 30 31 33 34 35 36 37 38 39 40 41 42 44 45 46 47 48 55 47_91 .0000057427871538888829585726239131869522
.4208984375 -7448.2246093750 1 2 3 4 5 6 7 8 9 10 11 12 13 14 15 16 17 18 19 20 21 22 23 24 26 27 28 29 30 32 33 34 35 36 37 38 39 40 41 42 43 44 45 46 47 48 59 47_92 .0000053908609601754351620618500949199927
.4223632813 -7448.2231445312 1 2 3 4 5 6 7 8 9 10 11 12 13 14 15 16 17 18 19 20 21 22 23 24 25 26 27 28 29 30 31 32 33 34 35 36 37 38 39 40 42 43 44 46 47 48 55 47_93 .0000051901436258473675557270003193461020
.4248046875 -7448.2207031250 1 2 3 4 5 6 7 8 9 10 11 12 13 14 15 16 17 18 19 20 21 22 23 24 25 26 27 28 29 30 32 33 34 35 36 37 38 39 41 42 43 44 45 46 47 48 52 47_94 .0000048720842163437990351765108626002362
.4252929687 -7448.2202148438 1 2 3 4 5 6 7 8 9 10 11 12 13 14 15 16 17 18 19 20 21 22 23 24 25 26 27 28 29 30 31 33 34 35 36 37 38 39 41 42 43 44 45 46 47 48 53 47_95 .0000048108505894829497813312958592677903
.4257812500 -7448.2197265625 1 2 3 4 5 6 7 8 9 10 11 12 13 14 15 16 17 18 19 20 21 22 23 24 25 26 27 28 29 30 32 33 34 35 36 37 38 39 41 42 43 44 45 46 47 48 56 47_96 .0000047503865505318289958446443939313442
.4267578125 -7448.2187500000 1 2 3 4 5 6 7 8 9 10 11 12 13 14 15 16 17 18 19 20 21 22 23 24 25 26 27 28 29 31 32 33 34 35 36 37 38 39 41 42 43 44 45 46 47 48 59 47_97 .0000046317287176140440618131969161295473
.4282226563 -7448.2172851562 1 2 3 4 5 6 7 8 9 10 11 12 13 14 15 16 17 18 19 20 21 22 23 24 25 26 27 28 29 30 31 33 34 36 37 38 39 40 41 42 43 44 45 46 47 48 55 47_98 .0000044592760707366525772862487942532326
.4316406250 -7448.2138671875 1 2 3 4 5 6 7 8 9 10 11 12 13 14 15 16 17 18 19 20 21 22 23 24 25 26 27 28 30 31 32 33 34 35 36 37 38 39 40 41 42 43 45 46 47 48 59 47_99 .0000040814448690863215461605215328551450
.4345703125 -7448.2109375000 1 2 3 4 5 6 7 8 9 10 11 12 13 14 15 16 17 18 19 20 21 22 23 24 25 26 27 28 29 31 32 33 34 35 36 37 38 39 40 41 42 43 44 46 47 48 59 47_100 .0000037831749598874328285651521753111485
.4350585937 -7448.2104492188 1 2 3 4 5 6 7 8 9 10 11 12 13 14 15 16 17 18 19 20 21 22 23 24 25 26 27 28 29 30 31 33 34 35 36 37 38 39 40 41 42 43 44 46 47 48 55 47_101 .0000037356270289493875506285322352881511
.4355468750 -7448.2099609375 1 2 3 4 5 6 7 8 9 10 11 12 13 14 15 16 17 18 19 20 21 22 23 24 26 27 28 29 30 31 32 33 34 35 36 37 38 39 40 41 43 44 45 46 47 48 51 47_102 .0000036886766832705933419110193783509075
.4360351563 -7448.2094726562 1 2 3 4 5 6 7 8 9 10 11 12 13 14 15 16 17 18 19 20 21 22 23 24 25 26 27 28 29 30 31 33 34 35 36 37 38 39 41 42 43 44 45 46 47 48 58 47_103 .0000036423164219182791833089268952848386
.4536132813 -7448.1918945312 1 2 3 4 5 6 7 8 9 10 11 12 13 14 15 16 17 18 19 20 21 22 23 24 25 26 27 29 30 31 33 34 35 36 37 38 39 40 41 42 43 44 45 46 47 48 55 47_104 .0000023101098058965722388157276462139303
.4555664063 -7448.1899414062 1 2 3 4 5 6 7 8 9 10 11 12 13 14 15 16 17 18 19 20 21 22 23 24 25 27 28 29 30 31 33 34 35 36 37 38 39 40 41 42 43 44 45 46 47 48 50 47_105 .0000021961446998226367173140802650421774
.5571289063 -7448.0883789062 1 2 3 4 5 6 7 8 9 10 11 12 14 15 16 17 18 19 20 21 22 23 24 25 26 27 28 29 30 31 32 33 34 35 36 37 38 39 40 41 42 43 44 46 47 48 55 47_106 .0000001581736023809368781951605198158506
.5698242187 -7448.0756835938 1 2 3 4 5 6 7 8 9 10 11 12 13 14 15 16 17 18 19 20 21 22 24 25 26 27 28 29 30 31 32 33 34 35 36 37 38 39 40 42 43 44 45 46 47 48 53 47_107 .0000001138460950055214542993349168309480
.6088867187 -7448.0366210938 1 2 3 4 5 6 7 8 10 11 12 13 14 15 16 17 18 19 20 21 22 23 24 25 26 27 28 29 30 31 32 33 34 35 36 37 38 39 40 41 42 44 45 46 47 48 54 47_108 .0000000413889775456035724422864664000428
.6337890625 -7448.0117187500 1 2 3 4 5 6 7 8 9 10 11 12 13 14 15 16 17 18 19 20 21 22 23 24 25 26 27 28 29 30 32 33 34 35 36 37 38 40 41 42 43 44 45 46 47 49 51 47_109 .0000000217143022628725568377728643599223
.6718750000 -7447.9736328125 1 2 3 4 5 6 7 8 9 10 11 12 13 14 15 16 17 18 19 20 21 22 23 24 26 27 28 29 30 32 33 34 35 36 37 38 39 40 41 42 43 44 45 46 47 49 54 47_110 .0000000080965177854630627715516838173093
.6826171875 -7447.9628906250 1 2 3 4 5 6 7 8 9 10 11 12 13 14 15 16 17 18 19 20 21 22 23 24 25 26 27 28 29 30 32 33 34 35 36 37 39 40 41 42 43 44 45 46 47 51 55 47_111 .0000000061299097151763607287369916203076
.6835937500 -7447.9619140625 1 2 3 4 5 6 7 8 9 10 11 12 13 14 15 16 17 18 19 20 21 22 23 24 25 26 27 28 29 30 31 32 33 34 35 36 39 40 41 42 44 45 46 47 48 57 60 47_112 .0000000059767933750538771098262338725840
.6840820313 -7447.9614257812 1 2 3 4 5 6 7 8 9 10 11 12 13 14 15 16 17 18 19 20 21 22 23 24 26 27 28 29 30 32 33 34 35 36 37 38 39 40 41 42 43 44 45 46 47 49 53 47_113 .0000000059016754596852150325955573354659
.6855468750 -7447.9599609375 1 2 3 4 5 6 7 8 9 10 11 12 13 14 15 16 17 18 19 20 21 22 23 24 25 27 28 29 30 31 32 33 34 36 37 39 40 41 42 43 44 45 46 47 48 50 60 47_114 .0000000056819390398913751766233865509061
.6879882813 -7447.9575195312 1 2 3 4 5 6 7 8 9 10 11 12 13 14 15 16 17 18 19 20 21 22 23 24 25 26 27 28 29 30 31 32 33 34 35 36 39 40 41 42 44 45 46 47 48 53 60 47_115 .0000000053337416916388333227890751173473
.6894531250 -7447.9560546875 1 2 3 4 5 6 7 8 9 10 11 12 13 14 15 16 17 18 19 20 21 22 23 24 25 26 27 28 29 30 32 33 34 35 36 37 39 40 41 42 43 44 45 46 47 51 59 47_116 .0000000051351510860672471228809295832511
.6904296875 -7447.9550781250 1 2 3 4 5 6 7 8 9 10 11 12 13 14 15 16 17 18 19 20 21 22 23 24 25 26 27 28 29 30 32 33 35 36 37 38 39 40 41 42 43 44 45 46 47 49 51 47_117 .0000000050068823876999674669703883555616
.6953125000 -7447.9501953125 1 2 3 4 5 6 7 8 9 10 11 12 13 14 15 16 17 18 19 20 21 22 23 24 25 27 28 29 30 31 32 33 34 36 37 39 40 41 42 43 44 45 46 47 48 56 60 47_118 .0000000044120274906608964675006159153368
.6972656250 -7447.9482421875 1 2 3 4 5 6 7 8 9 10 11 12 13 14 15 16 17 18 19 20 21 22 23 24 25 26 27 28 29 30 31 33 34 36 37 39 40 41 42 43 44 45 46 47 48 57 60 47_119 .0000000041943680617926911191684262214052
.6982421875 -7447.9472656250 1 2 3 4 5 6 7 8 9 10 11 12 13 14 15 16 17 18 19 20 21 22 23 24 25 26 27 28 29 30 31 33 34 36 37 39 40 41 42 43 44 45 46 47 48 56 60 47_120 .0000000040895987720985353392753573476105
.7045898437 -7447.9409179688 1 2 3 4 5 6 7 8 9 10 11 12 13 14 15 16 17 18 19 20 21 22 23 24 25 26 27 28 29 30 32 33 34 35 36 37 38 39 40 41 43 44 45 46 47 53 59 47_121 .0000000034695469455502270086381690285509
.7055664063 -7447.9399414062 1 2 3 4 5 6 7 8 9 10 11 12 13 14 15 16 17 18 19 20 21 22 23 24 25 26 27 28 29 30 32 33 34 36 38 39 40 41 42 43 44 45 46 47 48 49 56 47_122 .0000000033828826374960928749807063645492
.7114257813 -7447.9340820312 1 2 3 4 5 6 7 8 9 10 11 12 13 14 15 16 17 18 19 20 21 22 23 24 25 27 28 29 30 32 33 34 35 36 37 38 40 41 42 43 44 45 46 47 48 49 56 47_123 .0000000029065106253266619544058872847837
.7163085937 -7447.9291992188 1 2 3 4 5 6 7 8 9 10 11 12 13 14 15 16 17 18 19 20 21 22 23 24 25 27 28 29 30 32 33 34 35 36 37 38 39 40 41 42 44 45 46 47 48 49 54 47_124 .0000000025611955346822000927688475358105
.7202148437 -7447.9252929688 1 2 3 4 5 6 7 8 9 10 11 12 13 14 15 16 17 18 19 20 21 22 23 24 25 26 27 28 29 30 31 32 33 34 35 36 38 39 41 43 44 45 46 47 48 49 56 47_125 .0000000023147249449908424379028856613744
.7231445313 -7447.9223632812 1 2 3 4 5 6 7 8 9 10 11 12 13 14 15 16 17 18 19 20 21 22 23 24 27 28 29 30 32 33 34 35 36 37 38 39 40 41 42 43 44 45 46 47 48 49 54 47_126 .0000000021455660211314613969982462427810
.7338867187 -7447.9116210938 1 2 3 4 5 6 7 8 9 10 11 12 13 14 15 16 17 18 19 20 21 22 23 24 25 26 27 28 29 31 32 33 34 35 36 37 38 39 40 41 43 44 45 46 48 49 55 47_127 .0000000016244176052040471351439111591091
.7363281250 -7447.9091796875 1 2 3 4 5 6 7 8 9 10 11 12 13 14 15 16 17 18 19 20 21 22 23 24 25 26 27 28 29 30 32 33 34 35 37 38 39 40 42 43 44 45 46 47 48 54 59 47_128 .0000000015248709718072891720007709477837
.7456054687 -7447.8999023438 1 2 3 4 5 6 7 8 9 10 11 12 13 14 15 16 17 18 19 20 21 22 23 24 25 26 28 29 30 32 33 34 35 36 38 39 40 41 42 43 44 45 46 47 48 49 56 47_129 .0000000011991338299208292459139678800506
.7485351563 -7447.8969726562 1 2 3 4 5 6 7 8 9 10 11 12 13 14 15 16 17 18 19 20 21 22 23 24 25 28 29 30 32 33 34 35 36 37 38 39 40 41 42 43 44 45 46 47 48 49 56 47_130 .0000000011115017383966295852208608169644
.7524414063 -7447.8930664062 1 2 3 4 5 6 7 8 9 10 11 12 13 14 15 16 17 18 19 20 21 22 23 24 25 26 27 28 30 31 32 33 34 35 37 38 39 41 42 43 44 45 46 47 48 52 53 47_131 .0000000010045389996303451151916484081729
.7539062500 -7447.8916015625 1 2 3 4 5 6 7 8 9 10 11 12 13 14 15 16 17 18 19 20 21 22 23 24 26 27 28 29 30 31 32 33 34 35 36 38 39 41 42 43 44 45 46 47 48 52 56 47_132 .0000000009671371118393429637177867394969
.7548828125 -7447.8906250000 1 2 3 4 5 6 7 8 9 10 11 12 13 14 15 16 17 18 19 20 21 22 23 24 25 26 27 28 29 30 31 32 33 34 36 38 39 40 41 42 43 44 46 47 48 51 55 47_133 .0000000009429794159119717320858958231217
.7553710937 -7447.8901367188 1 2 3 4 5 6 7 8 9 10 11 12 13 14 15 16 17 18 19 20 21 22 23 24 25 26 27 28 29 30 31 32 33 34 35 37 38 39 40 41 43 44 45 47 48 59 60 47_134 .0000000009311278043372549210085761641700
.7558593750 -7447.8896484375 1 2 3 4 5 6 7 8 9 10 11 12 13 14 15 16 17 18 19 20 21 22 23 24 25 26 27 28 29 30 31 32 33 34 35 36 38 39 41 43 44 45 46 47 48 55 56 47_135 .0000000009194251445304846139262777290090
.7695312500 -7447.8759765625 1 2 3 4 5 6 7 8 9 10 11 12 13 14 15 16 17 18 19 20 21 22 23 24 25 26 27 28 29 30 31 32 33 34 36 38 39 40 41 42 43 44 46 47 48 50 55 47_136 .0000000006452301793673820144529891791199
.7724609375 -7447.8730468750 1 2 3 4 5 6 7 8 9 10 11 12 13 14 15 16 17 18 19 20 21 22 23 24 26 27 28 29 30 31 32 33 34 35 36 37 38 39 42 43 44 45 46 47 48 52 56 47_137 .0000000005980770869735664688078828701544
.7827148437 -7447.8627929688 1 2 3 4 5 6 7 8 9 10 11 12 13 14 15 16 17 18 19 20 21 22 23 24 26 27 28 29 30 31 32 33 34 35 37 38 39 40 41 42 43 44 45 47 48 59 60 47_138 .0000000004585702611623560141214663875997
.7885742187 -7447.8569335938 1 2 3 4 5 6 7 8 9 10 11 12 13 14 15 16 17 18 19 20 21 22 23 24 26 27 28 29 30 31 32 33 34 35 37 38 39 40 41 42 43 44 45 47 48 55 60 47_139 .0000000003939951453691982984468398332802
.7924804687 -7447.8530273438 1 2 3 4 5 6 7 8 9 10 11 12 13 14 15 16 17 18 19 20 21 22 23 24 25 26 27 28 29 30 31 32 33 34 35 36 37 38 39 41 43 44 45 47 48 55 59 47_140 .0000000003560799551778613723763079127532
.7949218750 -7447.8505859375 1 2 3 4 5 6 7 8 9 10 11 12 13 14 15 16 17 18 19 20 21 22 23 24 25 26 27 28 29 30 31 32 33 34 35 36 37 38 39 41 43 44 45 47 48 55 56 47_141 .0000000003342588664107447152993006315779
.8173828125 -7447.8281250000 1 2 3 4 5 6 7 8 9 10 11 12 13 14 15 16 17 18 19 20 21 22 23 24 25 26 27 28 29 30 31 32 33 34 35 36 37 38 39 40 41 43 46 47 48 50 55 47_142 .0000000001868136937657573684525004138046
.8901367187 -7447.7553710938 1 2 3 4 5 6 7 8 9 10 12 13 14 15 16 17 18 19 20 21 22 23 24 25 26 27 28 29 30 31 32 33 34 35 36 39 40 41 42 43 44 45 46 47 48 49 56 47_143 .0000000000283768330332149806329244927554
.9140625000 -7447.7314453125 1 2 3 5 6 7 8 9 10 11 12 13 14 15 16 17 18 19 20 21 22 23 24 25 27 28 29 30 31 32 33 34 35 36 37 38 39 40 41 42 43 44 45 46 48 55 57 47_144 .0000000000152690121911650280036928016863
.9184570313 -7447.7270507812 1 2 3 4 5 6 7 8 10 11 12 13 14 15 16 17 18 19 20 21 22 23 24 25 26 27 28 29 30 31 32 33 34 35 36 37 38 39 40 41 43 44 45 46 48 49 55 47_145 .0000000000136261974948103982897561348437
.9448242187 -7447.7006835938 1 2 3 4 5 6 7 8 10 11 12 13 14 15 16 17 18 19 20 21 22 23 24 25 26 27 28 29 30 31 32 33 34 35 36 37 38 39 40 41 43 44 45 46 48 55 60 47_146 .0000000000068826725469000411174968305340
.9619140625 -7447.6835937500 1 2 3 4 5 6 7 8 10 11 12 13 14 15 16 17 18 19 20 21 22 23 24 25 26 27 28 29 30 31 32 33 34 35 36 37 38 39 40 41 43 44 45 46 48 55 57 47_147 .0000000000044208418310231916023484816409
.9824218750 -7447.6630859375 1 2 3 4 5 6 7 8 9 10 11 12 13 14 15 16 17 19 20 21 22 23 24 25 26 27 28 29 30 31 32 33 34 35 36 37 38 39 40 41 43 44 45 46 48 55 57 47_148 .0000000000025989769069196800571051308631
1.0112304687 -7447.6342773438 1 2 3 4 5 6 7 8 9 10 11 12 13 14 15 16 17 18 19 20 21 22 23 24 25 26 27 28 29 30 32 33 34 35 37 38 40 41 42 43 44 45 46 47 56 59 60 47_149 .0000000000012323108113330980560610692057
1.0190429687 -7447.6264648438 1 2 3 4 5 6 7 8 9 10 11 12 13 14 15 16 17 18 19 20 21 22 23 24 25 27 28 29 30 31 32 34 35 37 38 39 40 41 42 43 44 45 46 48 49 55 57 47_150 .0000000000010065458683935006310787193968
1.0249023437 -7447.6206054688 1 2 3 4 5 6 7 8 9 10 11 12 13 14 15 16 17 18 19 20 21 22 23 24 25 26 27 28 29 30 31 32 33 34 36 37 38 39 40 41 42 43 45 46 50 56 58 47_151 .0000000000008648057218827297876708829133
1.0273437500 -7447.6181640625 1 2 3 4 5 6 7 8 9 10 11 12 13 14 15 16 17 18 19 20 21 22 23 24 25 26 27 28 29 30 31 32 33 34 36 38 39 40 42 43 44 45 46 47 56 57 58 47_152 .0000000000008118091907691280377108591874
1.0312500000 -7447.6142578125 1 2 3 4 5 6 7 8 9 10 11 12 13 14 15 16 17 18 19 20 21 22 23 24 25 27 28 29 30 32 33 34 35 36 37 38 40 41 42 43 44 45 46 47 49 55 56 47_153 .0000000000007336866549235553632121221439
1.0332031250 -7447.6123046875 1 2 3 4 5 6 7 8 9 10 11 12 13 14 15 16 17 18 19 20 21 22 23 24 25 27 28 29 30 31 32 33 34 35 36 37 38 39 40 41 42 43 44 45 52 57 59 47_154 .0000000000006974915453924123689381365772
1.0537109375 -7447.5917968750 1 2 3 4 5 6 7 8 9 10 11 12 13 14 15 16 17 18 19 20 21 22 23 24 25 26 27 28 29 30 31 32 33 34 36 37 38 39 40 43 44 45 46 47 50 56 58 47_155 .0000000000004100495988174813783689242860
1.0595703125 -7447.5859375000 1 2 3 4 5 6 7 8 9 10 11 12 13 14 15 16 17 18 19 20 21 22 23 24 25 26 27 28 29 30 32 33 34 35 36 40 41 42 43 44 45 46 47 48 50 56 58 47_156 .0000000000003523070835103191406954181164
1.0639648437 -7447.5815429688 1 2 3 4 5 6 7 8 9 10 11 12 13 14 15 16 17 18 19 20 21 22 23 24 25 27 28 29 30 31 32 34 35 36 38 39 40 41 42 43 44 45 46 48 55 57 58 47_157 .0000000000003144018651019855856899315319
1.0659179687 -7447.5795898438 1 2 3 4 5 6 7 8 9 10 11 12 13 14 15 16 17 18 19 20 21 22 23 24 25 26 27 28 29 30 32 33 34 35 37 38 40 41 42 43 44 45 46 47 52 56 59 47_158 .0000000000002988914154191469314711336164
1.0893554687 -7447.5561523438 1 2 3 4 5 6 7 8 9 10 11 12 13 14 15 16 17 18 19 20 21 22 23 24 25 26 27 28 29 30 32 34 35 36 37 38 39 40 41 42 43 45 46 47 51 53 59 47_159 .0000000000001628746056631309244141682578
1.0942382813 -7447.5512695312 1 2 3 4 5 6 7 8 9 10 11 12 13 14 15 16 17 18 19 20 21 22 23 24 25 26 27 28 29 30 31 32 33 34 35 36 38 40 41 42 43 45 46 48 56 57 58 47_160 .0000000000001435238897602692573325178472
1.1059570313 -7447.5395507812 1 2 3 4 5 6 7 8 9 10 11 12 13 14 15 16 17 18 19 20 21 22 23 24 25 26 27 28 29 30 31 32 33 34 36 37 38 40 42 43 45 46 47 48 53 57 60 47_161 .0000000000001059483417700019978442056860
1.1064453125 -7447.5390625000 1 2 3 4 5 6 7 8 9 10 11 12 13 14 15 16 17 18 19 20 21 22 23 24 25 26 27 28 30 31 32 33 34 35 36 38 40 41 42 43 44 45 46 48 57 58 60 47_162 .0000000000001046167553403777211721519569
1.1108398437 -7447.5346679688 1 2 3 4 5 6 7 8 9 10 11 12 13 14 15 16 17 18 19 20 21 22 23 24 26 27 28 29 30 31 32 33 34 35 36 37 39 41 42 43 44 45 47 48 52 57 58 47_163 .0000000000000933608903692947242264942910
1.1147460937 -7447.5307617188 1 2 3 4 5 6 7 8 9 10 11 12 13 14 15 16 17 18 19 20 21 22 23 24 25 26 27 28 29 31 32 33 34 35 36 38 39 41 43 44 45 46 47 48 49 52 54 47_164 .0000000000000843765260785434932570314291
1.1772460937 -7447.4682617188 1 3 4 5 6 7 8 9 10 11 12 13 14 15 16 17 18 19 20 21 22 23 24 25 26 27 28 29 30 31 32 33 34 35 36 38 39 40 41 42 43 44 45 46 50 53 60 47_165 .0000000000000167158373108400181778125716
1.1889648437 -7447.4565429688 1 2 3 4 5 6 7 8 9 10 12 13 14 15 16 17 18 19 20 21 22 23 24 25 26 27 28 29 30 31 32 33 34 35 36 38 39 40 41 42 43 44 45 46 50 53 60 47_166 .0000000000000123395153750277431328458909
1.1948242187 -7447.4506835938 1 2 3 4 5 6 7 8 9 10 11 12 13 15 16 17 18 19 20 21 22 23 24 25 26 27 28 29 30 31 32 33 34 36 37 38 39 42 43 44 45 46 47 48 49 52 59 47_167 .0000000000000106018849579262911050919403
1.2075195313 -7447.4379882812 1 2 3 4 5 6 7 8 9 10 11 12 13 15 16 17 18 19 20 21 22 23 24 25 26 27 28 29 30 31 32 33 34 36 37 39 41 42 43 44 45 46 47 48 49 52 59 47_168 .0000000000000076307498706261554425089334
1.2148437500 -7447.4306640625 1 2 3 4 5 6 7 8 9 10 12 13 14 15 16 17 18 19 20 21 22 23 24 25 26 27 28 29 30 31 32 33 34 35 36 39 40 41 42 43 44 45 46 47 49 51 56 47_169 .0000000000000063120938639259838618967287
1.2172851563 -7447.4282226562 1 2 3 4 5 6 7 8 9 10 12 13 14 15 16 17 18 19 20 21 22 23 24 25 26 27 28 29 30 31 32 33 34 36 37 38 39 40 41 42 43 44 45 46 50 56 58 47_170 .0000000000000059252797270776965996894926
1.2255859375 -7447.4199218750 1 3 4 5 6 7 8 9 10 11 12 13 14 15 16 17 18 19 20 21 22 23 24 25 26 27 28 29 30 31 33 34 35 36 38 39 40 41 42 43 44 45 46 48 49 50 53 47_171 .0000000000000047789144080009014194853749
1.2622070313 -7447.3833007812 1 2 3 4 5 6 7 8 9 10 11 12 13 14 15 16 17 18 19 20 21 22 23 25 26 27 28 29 30 31 32 33 34 35 38 39 41 42 43 44 45 46 47 48 53 56 59 47_172 .0000000000000018508038788312023947091615
1.3173828125 -7447.3281250000 1 2 3 4 5 6 7 8 9 10 11 12 13 14 15 16 17 18 19 21 22 23 24 25 26 27 28 29 30 31 32 33 35 36 37 39 40 41 42 43 44 45 46 47 52 58 59 47_173 .0000000000000004432621683120269018540414
1.3383789063 -7447.3071289062 2 3 4 5 6 7 8 9 10 11 12 13 14 15 16 17 18 19 20 21 22 23 24 25 26 27 28 29 30 31 32 34 35 36 37 38 39 40 41 42 43 45 46 47 51 53 59 47_174 .0000000000000002573150520110528065755564
1.3647460937 -7447.2807617188 1 2 3 4 5 6 7 8 9 10 11 12 13 14 15 16 17 18 19 20 21 22 23 24 25 26 27 28 29 30 33 34 35 36 39 40 41 42 43 44 45 46 48 49 50 51 58 47_175 .0000000000000001299713471095020377164490
1.4013671875 -7447.2441406250 1 2 4 5 6 7 8 9 10 11 12 13 14 15 16 17 18 19 20 21 22 23 24 25 26 27 28 29 30 31 32 33 34 35 36 37 38 39 40 41 43 46 47 48 50 55 59 47_176 .0000000000000000503360078942718706162623
1.4604492187 -7447.1850585938 1 2 3 4 5 6 7 8 9 10 11 12 13 14 15 16 17 18 19 20 21 22 23 24 25 27 28 29 30 31 32 33 34 35 37 38 39 41 42 43 45 46 48 53 55 57 58 47_177 .0000000000000000108952121340992423677932
1.4804687500 -7447.1650390625 1 2 3 4 5 6 7 8 9 10 11 12 13 14 15 16 17 18 19 20 21 22 23 24 25 26 27 28 30 33 34 35 36 37 38 39 40 41 42 43 45 47 48 49 57 58 60 47_178 .0000000000000000064867334375670633780575
1.4814453125 -7447.1640625000 1 2 3 4 5 6 7 8 9 10 11 12 13 14 15 16 17 18 19 20 21 22 23 24 25 27 28 30 31 32 34 35 36 37 38 39 41 42 43 45 46 47 48 55 57 58 59 47_179 .0000000000000000063247041533752601986689
1.4824218750 -7447.1630859375 1 2 3 4 5 6 7 8 9 10 11 12 13 14 15 16 17 18 19 20 21 22 23 24 25 26 27 28 30 33 34 35 36 37 38 39 40 41 42 43 46 47 48 49 57 58 60 47_180 .0000000000000000061667221279753266669747
1.5004882813 -7447.1450195312 1 2 3 4 5 6 7 8 9 10 11 12 13 14 15 16 17 18 19 20 21 22 23 24 26 27 28 29 30 32 33 34 35 37 38 39 40 41 42 44 45 46 48 53 55 57 58 47_181 .0000000000000000038620368444555641580921
1.5385742187 -7447.1069335938 1 2 3 4 5 6 7 8 9 10 11 12 13 14 15 16 17 18 19 20 21 22 23 24 26 27 28 29 30 31 33 34 35 36 37 38 39 40 42 43 46 47 48 54 57 58 60 47_182 .0000000000000000014400209457205719896264
1.5478515625 -7447.0976562500 1 2 3 4 5 6 7 8 9 10 11 12 13 14 15 16 17 18 19 20 21 22 23 24 25 26 27 28 30 31 33 34 35 36 37 40 41 42 43 45 46 47 48 53 54 55 58 47_183 .0000000000000000011324091410099269820282
1.5527343750 -7447.0927734375 1 2 3 4 5 6 7 8 9 10 11 12 14 15 16 17 18 19 20 21 22 23 24 25 26 27 28 29 30 32 33 34 35 36 40 41 42 43 44 45 46 47 48 49 50 51 56 47_184 .0000000000000000009978705058232102863123
1.5922851563 -7447.0532226562 1 2 3 4 5 6 7 8 9 10 11 12 13 14 15 16 17 18 19 20 21 22 23 25 26 27 28 29 30 31 32 33 34 38 39 41 42 43 44 45 46 47 48 53 55 56 59 47_185 .0000000000000000003582183482734576389595
1.6406250000 -7447.0048828125 1 2 3 4 5 6 7 8 9 10 11 12 13 14 15 16 17 18 20 21 22 23 24 25 26 27 28 29 32 33 34 35 37 38 40 41 42 43 44 45 46 47 48 49 50 53 56 47_186 .0000000000000000001024115512956372385403
1.7670898437 -7446.8784179688 1 3 4 5 6 7 8 9 10 11 12 13 14 15 16 17 18 19 20 21 23 24 25 26 27 28 29 30 31 32 33 34 35 36 39 40 41 42 43 44 45 46 48 52 58 59 60 47_187 .0000000000000000000038697524245456807901
1.7719726563 -7446.8735351562 1 2 3 4 6 7 8 9 10 12 13 14 15 16 17 18 19 20 21 22 23 24 25 26 27 28 29 30 31 32 33 34 35 36 39 40 41 42 43 44 45 46 47 49 51 53 56 47_188 .0000000000000000000034099970226712414075
1.9023437500 -7446.7431640625 1 2 3 4 5 6 7 8 9 10 11 12 13 14 15 16 17 18 19 20 21 22 23 24 26 27 29 30 32 33 34 35 36 38 39 40 41 42 44 45 46 48 53 55 56 57 58 47_189 .0000000000000000000001164514477132756996
1.9135742187 -7446.7319335938 1 2 3 4 5 6 7 8 9 10 11 12 13 14 15 16 17 18 19 20 21 22 23 24 25 26 27 28 30 31 33 34 36 37 40 41 42 43 45 46 47 48 50 53 55 58 60 47_190 .0000000000000000000000870578180972419766
2.2646484375 -7446.3808593750 1 2 3 4 5 6 7 8 9 10 11 12 13 14 15 16 17 18 19 20 21 22 23 24 25 27 29 30 31 32 35 38 39 40 42 43 44 45 46 47 48 53 54 55 58 59 60 47_191 .0000000000000000000000000097813709502841
2.4497070313 -7446.1958007812 1 2 3 4 5 6 9 10 11 12 13 14 15 16 17 18 20 21 22 23 24 25 28 29 30 31 32 33 34 35 36 37 38 40 41 42 43 44 45 46 47 48 51 53 58 59 60 47_192 .0000000000000000000000000000810184263682
