0 -7602.3583984375 1 2 3 4 5 6 7 8 9 10 11 12 14 15 16 17 18 19 20 21 22 23 24 23_1 .1585837959589775355762918725517394255872
.0180664063 -7602.3403320312 1 2 3 4 5 6 7 8 9 10 11 12 13 15 16 17 18 19 20 21 22 23 24 23_2 .0993163710342625501796329013388464059849
.0195312500 -7602.3388671875 1 2 3 4 5 6 7 8 9 10 11 12 13 14 15 16 17 18 19 20 21 22 24 23_3 .0956185357420539379965219575542346616044
.0214843750 -7602.3369140625 1 2 3 4 5 7 8 9 10 11 12 13 14 15 16 17 18 19 20 21 22 23 24 23_4 .0909013675188541364909571318173717068997
.0234375000 -7602.3349609375 1 2 3 4 5 6 7 9 10 11 12 13 14 15 16 17 18 19 20 21 22 23 24 23_5 .0864169122929124542016780883994948928904
.0268554687 -7602.3315429688 1 2 3 4 5 6 7 8 9 10 11 12 13 14 15 16 17 18 19 20 21 22 23 23_6 .0790948704868870705636512636132607210509
.0556640625 -7602.3027343750 1 2 3 5 6 7 8 9 10 11 12 13 14 15 16 17 18 19 20 21 22 23 24 23_7 .0375030126316239586095695697123492931086
.0566406250 -7602.3017578125 1 2 3 4 5 6 7 8 10 11 12 13 14 15 16 17 18 19 20 21 22 23 24 23_8 .0365662412427232782312812482671513780106
.0585937500 -7602.2998046875 1 3 4 5 6 7 8 9 10 11 12 13 14 15 16 17 18 19 20 21 22 23 24 23_9 .0347623115977708725998570687725838897323
.0615234375 -7602.2968750000 1 2 3 4 5 6 7 8 9 10 11 12 13 14 16 17 18 19 20 21 22 23 24 23_10 .0322218995975147686735897762877730041587
.0639648437 -7602.2944335938 1 2 3 4 5 6 7 8 9 10 11 12 13 14 15 16 17 18 19 20 22 23 24 23_11 .0302472955984981510672580959202427893123
.0644531250 -7602.2939453125 1 2 3 4 5 6 7 8 9 10 11 12 13 14 15 17 18 19 20 21 22 23 24 23_12 .0298671396104423639856843584479326362987
.0839843750 -7602.2744140625 1 2 3 4 5 6 7 8 9 10 12 13 14 15 16 17 18 19 20 21 22 23 24 23_13 .0180084739369761970653889716987399053554
.1103515625 -7602.2480468750 1 2 3 4 5 6 7 9 10 11 12 13 14 15 16 17 18 19 20 21 22 24 37 23_14 .0090961861446481373763035994100990821338
.1191406250 -7602.2392578125 1 2 3 4 5 6 7 8 9 10 11 12 14 15 16 17 18 20 21 22 23 24 34 23_15 .0072441396688139401753948439559582629374
.1201171875 -7602.2382812500 1 2 3 4 5 6 7 8 9 10 11 12 13 15 16 17 18 19 20 21 22 24 27 23_16 .0070631914648495724969302810611646973479
.1220703125 -7602.2363281250 1 2 3 4 5 6 7 9 10 11 12 13 14 15 16 17 18 20 21 22 23 24 37 23_17 .0067147416368554927498477069069096590521
.1240234375 -7602.2343750000 1 2 3 4 5 7 8 9 10 11 12 13 14 15 16 17 18 19 20 21 22 24 27 23_18 .0063834819534629496726065278210717069726
.1279296875 -7602.2304687500 1 2 3 4 5 6 7 9 10 11 12 13 14 15 16 17 18 19 20 21 22 24 27 23_19 .0057691826779687898089105955572613182881
.1308593750 -7602.2275390625 1 2 3 4 5 6 7 8 9 10 11 12 13 15 16 17 18 19 20 21 22 24 36 23_20 .0053475737505658900660915961565620736119
.1328125000 -7602.2255859375 1 2 3 4 5 6 7 8 9 10 11 12 15 16 17 18 19 20 21 22 23 24 34 23_21 .0050837608321644171384861632191510716623
.1376953125 -7602.2207031250 1 2 3 4 5 6 7 8 9 10 11 12 14 15 16 17 18 19 20 21 22 24 35 23_22 .0044797722036682683092586715248441794754
.1401367187 -7602.2182617188 1 2 3 4 5 7 8 9 10 11 12 13 14 15 16 17 18 20 21 22 23 24 28 23_23 .0042052453688590284823922420696400156701
.1416015625 -7602.2167968750 1 2 3 4 5 6 7 8 9 10 11 13 14 15 16 17 18 19 20 21 22 24 32 23_24 .0040486719296870103796748597165977076888
.1425781250 -7602.2158203125 1 2 3 4 5 6 7 8 9 10 11 12 14 15 16 17 18 19 20 22 23 24 37 23_25 .0039475419201053810028674240177287190422
.1430664063 -7602.2153320312 1 2 3 4 5 6 7 8 9 10 11 12 13 14 15 16 17 18 19 20 21 22 36 23_26 .0038979281721872427486581999258200848531
.1445312500 -7602.2138671875 1 2 3 4 5 6 7 8 9 10 11 12 14 15 17 18 19 20 21 22 23 24 34 23_27 .0037527970501828389427290978779013617028
.1455078125 -7602.2128906250 1 2 3 4 5 6 7 8 9 10 11 12 14 15 16 17 18 19 20 22 23 24 34 23_28 .0036590575701177696922844430937498022447
.1464843750 -7602.2119140625 1 2 3 4 5 6 7 8 9 11 12 14 15 16 17 18 19 20 21 22 23 24 34 23_29 .0035676595676240605563234655030354848428
.1474609375 -7602.2109375000 1 2 3 4 5 6 7 8 9 10 11 12 14 16 17 18 19 20 21 22 23 24 34 23_30 .0034785445559551093905708626773424998987
.1494140625 -7602.2089843750 1 2 3 4 5 6 7 8 9 10 11 12 13 14 16 17 18 19 20 21 22 24 27 23_31 .0033069368261881357153632457728378840434
.1518554687 -7602.2065429688 1 2 4 5 6 7 8 9 10 11 12 13 14 15 16 17 18 19 20 21 22 23 29 23_32 .0031042830173484465842358846062632775615
.1562500000 -7602.2021484375 1 2 4 5 6 7 8 9 10 11 12 14 15 16 17 18 19 20 21 22 23 24 37 23_33 .0027702888009121697470926464207552428878
.1640625000 -7602.1943359375 1 2 3 4 5 6 7 9 10 11 12 13 14 15 16 17 18 20 21 22 23 24 43 23_34 .0022627592983611410982433967331308616951
.1660156250 -7602.1923828125 1 2 3 4 5 6 7 8 10 11 12 13 14 15 16 17 18 19 20 21 22 24 27 23_35 .0021511301442840136866694426210755020261
.1665039063 -7602.1918945312 1 2 3 4 6 7 8 9 10 11 12 13 14 15 16 17 18 20 21 22 23 24 46 23_36 .0021240941733234402398113036520634561905
.1704101563 -7602.1879882812 1 2 3 4 5 6 7 8 10 11 12 13 15 16 17 18 19 20 21 22 23 24 39 23_37 .0019196869984827400154148491453256200556
.1713867187 -7602.1870117188 1 2 3 4 5 6 7 8 9 10 11 12 14 15 16 17 18 20 21 22 23 24 30 23_38 .0018717359794096914366675786567868971754
.1723632813 -7602.1860351562 1 2 3 4 5 6 7 8 9 10 11 12 14 15 16 17 18 20 21 22 23 24 32 23_39 .0018249826983441017492657762321294116506
.1728515625 -7602.1855468750 1 2 3 4 5 6 7 8 9 10 11 12 13 14 15 16 17 18 20 21 22 23 31 23_40 .0018020458391652244377749939297737876733
.1743164063 -7602.1840820312 1 2 3 4 5 6 7 8 10 11 12 14 15 16 17 18 19 20 21 22 23 24 46 23_41 .0017349504642619810397755943231361233062
.1757812500 -7602.1826171875 1 2 4 5 7 8 9 10 11 12 13 14 15 16 17 18 19 20 21 22 23 24 33 23_42 .0016703532484135646223333466543917599225
.1762695313 -7602.1821289062 1 2 3 4 5 7 8 9 10 11 12 14 15 16 17 18 19 20 21 22 23 24 35 23_43 .0016493598082732705194714542043481023062
.1767578125 -7602.1816406250 1 2 3 4 6 7 8 10 11 12 13 14 15 16 17 18 19 20 21 22 23 24 34 23_44 .0016286302234437868367952090981052054231
.1772460937 -7602.1811523438 1 2 3 4 5 6 7 8 9 10 11 12 13 14 15 16 17 18 19 20 21 24 34 23_45 .0016081611734503330396922360782408700866
.1777343750 -7602.1806640625 1 2 3 4 5 6 7 8 9 10 11 12 13 14 15 16 17 18 19 20 21 22 30 23_46 .0015879493797097937894639193126906729475
.1801757813 -7602.1782226562 1 2 3 4 5 6 7 10 11 12 13 14 15 16 17 18 19 20 21 22 23 24 39 23_47 .0014906375713126397493767938790614600185
.1811523437 -7602.1772460938 1 2 3 4 5 6 7 8 9 10 11 12 13 14 15 16 17 18 19 20 21 22 48 23_48 .0014534035895908753002205504958811947046
.1821289063 -7602.1762695312 1 2 3 4 5 6 7 8 9 11 12 13 14 15 16 17 18 20 21 22 23 24 28 23_49 .0014170996518168577914008591029014101747
.1835937500 -7602.1748046875 1 2 3 4 5 7 8 9 10 11 13 14 15 16 17 18 19 20 21 22 23 24 42 23_50 .0013643369395822642837697027745822554363
.1845703125 -7602.1738281250 1 2 3 4 5 7 8 9 10 11 12 13 14 15 16 17 18 19 20 21 23 24 34 23_51 .0013302577624672166548330610771579461501
.1855468750 -7602.1728515625 1 2 3 5 6 7 8 9 10 11 12 13 14 15 16 17 18 19 20 21 22 23 35 23_52 .0012970298342476173768735545378591397081
.1860351563 -7602.1723632812 1 2 3 4 5 6 7 8 9 10 11 12 13 15 16 17 18 19 20 21 23 24 46 23_53 .0012807284212313502634110622664017402370
.1875000000 -7602.1708984375 1 2 3 4 5 7 8 9 10 11 12 13 14 15 16 17 18 19 20 21 22 24 29 23_54 .0012330432037143903707184599703352791459
.1879882813 -7602.1704101562 1 2 3 4 5 6 7 8 9 10 11 12 13 14 15 16 17 18 20 21 22 23 30 23_55 .0012175459915455513259959306121993467345
.1884765625 -7602.1699218750 1 2 3 4 5 6 7 8 9 10 11 12 14 15 16 17 18 19 20 22 23 24 30 23_56 .0012022435555404176151730543240153995338
.1894531250 -7602.1689453125 1 2 3 4 5 6 7 8 10 11 12 13 14 15 16 17 18 19 20 21 22 23 39 23_57 .0011722132383394252935144010771121751769
.1899414063 -7602.1684570312 1 2 3 4 5 6 7 8 9 10 11 12 14 15 17 18 19 20 21 22 23 24 32 23_58 .0011574805532178131542531466151073408237
.1914062500 -7602.1669921875 1 2 3 4 5 6 7 8 9 10 11 12 14 15 16 17 18 19 20 22 23 24 32 23_59 .0011143842097332391200410483587981734360
.1953125000 -7602.1630859375 1 2 3 4 5 6 7 9 10 11 13 14 15 16 17 18 19 20 21 22 23 24 44 23_60 .0010071440831609546127079062366169931457
.1962890625 -7602.1621093750 1 2 3 4 5 6 7 8 9 10 11 12 13 14 15 16 17 18 19 20 22 24 45 23_61 .0009819870705531134637461064925400578636
.1967773437 -7602.1616210938 1 2 3 4 5 6 7 8 9 11 12 14 15 16 17 18 19 20 21 22 23 24 32 23_62 .0009696452005873368547320512404618674071
.1972656250 -7602.1611328125 1 2 3 4 5 6 7 8 10 11 12 13 14 15 16 17 18 19 20 21 22 23 26 23_63 .0009574584439864877670669445865387156211
.1977539063 -7602.1606445312 1 2 3 4 5 6 7 8 9 10 11 12 13 14 15 16 17 18 19 20 22 24 41 23_64 .0009454248537565528844686713302531504845
.1997070313 -7602.1586914062 1 2 3 4 5 6 7 8 9 10 11 12 13 14 15 16 17 18 19 20 22 24 35 23_65 .0008987840215899262197416557871349088804
.2001953125 -7602.1582031250 1 2 4 5 6 7 8 9 11 12 13 14 15 16 17 18 19 20 21 22 23 24 29 23_66 .0008874878692734475803680436744581305338
.2011718750 -7602.1572265625 1 2 3 4 5 6 7 8 9 10 11 12 13 14 15 16 17 18 19 20 21 22 29 23_67 .0008653196970229135635480343263204333204
.2021484375 -7602.1562500000 1 2 3 5 6 7 8 9 10 11 12 13 14 15 16 17 18 19 20 21 22 23 47 23_68 .0008437052538744253692079570553462596338
.2041015625 -7602.1542968750 1 2 3 4 5 6 7 8 10 11 12 13 14 15 16 17 18 19 20 21 22 24 39 23_69 .0008020825749405043699884131917637239178
.2065429687 -7602.1518554688 1 2 3 4 5 6 7 8 10 11 12 13 14 15 16 17 19 20 21 22 23 24 30 23_70 .0007529298099017472571090111809275215560
.2080078125 -7602.1503906250 1 2 3 4 5 6 7 9 10 11 12 13 14 15 16 17 18 20 21 22 23 28 34 23_71 .0007248960569453921583367636879457462778
.2104492187 -7602.1479492188 1 2 3 4 5 6 7 9 10 11 12 13 14 15 17 18 19 20 21 22 24 25 27 23_72 .0006804733919009591567345932822016136238
.2109375000 -7602.1474609375 1 2 4 5 6 7 8 9 10 11 12 13 14 15 16 18 19 20 21 22 23 24 29 23_73 .0006719210228535714518541259878388064786
.2114257813 -7602.1469726562 1 2 3 4 5 6 7 8 9 10 11 12 13 14 15 16 17 18 19 20 22 24 32 23_74 .0006634761422358464912641252066956996107
.2128906250 -7602.1455078125 1 2 3 4 5 6 7 8 10 11 13 14 15 16 17 18 19 20 21 22 23 24 42 23_75 .0006387730095221900304861844450190473013
.2138671875 -7602.1445312500 1 2 3 4 5 6 7 8 10 11 12 13 14 15 16 17 18 20 21 22 23 24 43 23_76 .0006228173772320579776712467664275450955
.2143554687 -7602.1440429688 1 2 3 4 5 6 7 8 9 10 11 12 13 14 15 16 18 20 21 22 23 24 31 23_77 .0006149896457753754847747282223889014242
.2148437500 -7602.1435546875 1 2 3 4 5 6 7 8 10 11 12 13 14 15 16 17 18 19 20 21 22 23 25 23_78 .0006072602937190076853950695341333342523
.2172851563 -7602.1411132812 1 2 3 4 5 6 7 8 9 10 11 12 14 15 17 18 19 20 21 22 23 24 35 23_79 .0005700465146750036311456984476509448786
.2177734375 -7602.1406250000 1 2 3 4 5 6 7 8 9 11 12 13 14 15 16 17 18 19 20 21 22 24 32 23_80 .0005628820212009701242566297627701374243
.2192382813 -7602.1391601562 1 2 3 4 5 6 7 8 10 11 12 13 14 15 16 17 18 20 21 22 23 24 31 23_81 .0005419242966980964984630692016073873039
.2207031250 -7602.1376953125 1 2 3 4 5 6 7 8 9 10 11 12 14 15 16 17 18 19 20 21 22 24 36 23_82 .0005217468902024018167745908348245399346
.2216796875 -7602.1367187500 1 2 3 4 5 6 7 8 10 11 12 13 14 15 16 18 19 20 21 22 23 24 29 23_83 .0005087144022849544627241367900233684333
.2241210937 -7602.1342773438 1 2 3 4 5 6 7 10 11 12 13 14 15 16 17 18 19 20 21 22 24 25 27 23_84 .0004775396576033374953813424069332138555
.2246093750 -7602.1337890625 1 2 3 4 5 6 7 8 10 11 12 13 14 15 16 17 19 20 21 22 23 24 27 23_85 .0004715378132473404956023575767982705053
.2250976563 -7602.1333007812 1 3 4 6 7 8 9 10 11 12 13 14 15 16 17 18 19 20 21 22 23 24 43 23_86 .0004656114016540472258444744351874543373
.2265625000 -7602.1318359375 1 2 3 4 5 6 7 8 9 10 11 13 14 16 17 18 19 20 21 22 23 24 44 23_87 .0004482753446116782724620391793196730687
.2270507813 -7602.1313476562 1 2 3 4 5 6 7 8 10 11 12 13 14 16 17 18 19 20 21 22 23 24 39 23_88 .0004426413018590970306429102960508433947
.2280273437 -7602.1303710938 1 3 4 5 6 7 8 9 10 11 12 13 15 16 17 18 19 20 21 22 23 24 31 23_89 .0004315847590348031405295722580428656025
.2290039063 -7602.1293945312 1 2 3 4 5 6 7 8 10 11 12 13 14 15 16 18 19 20 21 22 23 24 39 23_90 .0004208043905614981110098601009286357919
.2294921875 -7602.1289062500 1 2 3 4 5 6 7 9 10 11 12 13 14 15 17 18 19 20 21 22 24 25 37 23_91 .0004155156110805090299959708768100442821
.2304687500 -7602.1279296875 1 2 3 4 5 6 7 8 9 11 12 13 15 16 17 18 19 20 21 22 23 24 42 23_92 .0004051366279325371028535718980398993929
.2314453125 -7602.1269531250 1 2 3 4 5 6 7 8 9 10 11 12 13 14 15 17 19 20 21 22 23 24 42 23_93 .0003950168968759745959942252621111970931
.2329101563 -7602.1254882812 1 2 3 4 5 6 7 9 11 12 13 14 15 16 17 18 19 20 21 22 23 24 28 23_94 .0003803092761190648196477441499503526860
.2333984375 -7602.1250000000 1 2 3 4 5 6 7 8 9 10 11 12 13 14 16 17 18 20 21 22 23 24 43 23_95 .0003755294498123942611556916864591355792
.2338867187 -7602.1245117188 1 2 3 5 7 8 9 10 11 12 13 14 15 16 17 18 19 20 21 22 23 24 28 23_96 .0003708096976110810150615535714500556364
.2353515625 -7602.1230468750 1 2 3 4 5 6 7 9 10 11 12 13 14 15 17 18 20 21 22 23 24 28 34 23_97 .0003570033808469641963849324592270450704
.2358398437 -7602.1225585938 1 2 3 5 6 7 8 9 10 11 12 13 14 15 16 17 18 19 20 21 22 23 42 23_98 .0003525164691188147774389907796092121712
.2363281250 -7602.1220703125 1 2 3 4 5 6 7 9 10 11 12 13 14 15 16 17 18 19 20 22 23 24 41 23_99 .0003480859491674557422931982031711466408
.2382812500 -7602.1201171875 1 2 3 4 5 6 7 8 9 10 11 12 13 14 15 16 17 19 20 21 22 24 25 23_100 .0003309137558723757667281845319796160607
.2426757813 -7602.1157226562 1 2 3 5 6 7 8 9 10 11 12 13 14 15 16 17 18 19 20 21 22 23 37 23_101 .0002953102751385269316442309459898114018
.2460937500 -7602.1123046875 1 4 5 6 7 9 10 11 12 13 14 15 16 17 18 19 20 21 22 23 24 25 29 23_102 .0002702888514039682835618279253497406383
.2480468750 -7602.1103515625 1 2 4 5 6 7 8 9 10 11 12 14 15 16 17 18 19 20 21 22 23 24 47 23_103 .0002569546377911654256086244248982981034
.2500000000 -7602.1083984375 1 2 4 5 6 7 8 10 11 12 13 14 15 16 17 18 19 20 21 22 23 24 37 23_104 .0002442782435880359576526333787193016293
.2509765625 -7602.1074218750 1 2 3 4 5 6 8 9 10 11 12 13 14 15 16 17 18 19 20 22 23 24 32 23_105 .0002381765239269540467269656541778404696
.2519531250 -7602.1064453125 1 2 3 4 5 6 7 8 9 10 11 13 14 15 16 17 18 19 20 21 23 24 34 23_106 .0002322272164589335117177254004484500813
.2529296875 -7602.1054687500 1 2 3 4 5 6 7 8 10 11 12 14 15 16 17 18 19 20 21 22 23 26 27 23_107 .0002264265141463056211759499608349468429
.2534179687 -7602.1049804688 1 2 3 4 5 6 7 8 10 11 12 14 15 16 17 18 19 20 21 22 23 25 27 23_108 .0002235807265812781728853820161827492681
.2548828125 -7602.1035156250 1 2 3 4 5 6 7 8 9 10 11 13 15 16 17 18 19 20 21 22 24 32 36 23_109 .0002152561699328970462051328520564804986
.2558593750 -7602.1025390625 1 2 3 4 5 6 7 8 9 10 11 12 13 15 16 17 18 19 21 22 23 24 36 23_110 .0002098793799864956347440868845249851496
.2563476563 -7602.1020507812 1 2 3 4 5 6 7 9 10 11 12 13 14 15 16 17 18 19 20 22 23 24 28 23_111 .0002072415605883454133727701260672553762
.2568359375 -7602.1015625000 1 2 3 4 6 7 8 10 11 12 13 14 15 16 17 18 19 20 21 22 23 24 47 23_112 .0002046368945301199239220549864838556326
.2573242187 -7602.1010742188 1 2 3 4 5 6 7 8 9 10 11 12 13 15 16 17 18 19 21 22 23 24 42 23_113 .0002020649645951682206791918950801717304
.2583007813 -7602.1000976562 1 2 3 4 5 6 7 10 11 12 13 14 15 16 17 18 19 20 21 22 23 24 31 23_114 .0001970176715008687836071155332833054701
.2607421875 -7602.0976562500 2 3 4 5 6 7 8 9 10 11 12 13 14 15 16 17 18 19 20 22 23 24 32 23_115 .0001849441473796353075225298610256950314
.2617187500 -7602.0966796875 1 2 3 4 5 6 8 9 10 11 12 13 14 15 16 17 18 19 21 22 23 24 36 23_116 .0001803245082185994333814203821202929034
.2622070313 -7602.0961914062 1 2 3 4 5 6 7 9 10 11 13 14 15 16 17 18 19 20 21 22 23 24 28 23_117 .0001780581422431923855875522656859871950
.2656250000 -7602.0927734375 1 2 3 4 5 6 7 8 9 10 11 12 13 14 15 16 17 18 19 20 21 23 38 23_118 .0001629714060151173058491728126853307480
.2680664063 -7602.0903320312 1 2 3 4 5 6 7 9 10 11 12 14 16 17 18 19 20 21 22 23 24 35 37 23_119 .0001529842852422522305433627357098155717
.2690429687 -7602.0893554688 1 2 3 4 5 6 7 8 9 10 11 12 13 15 16 17 18 19 20 21 22 23 28 23_120 .0001491629579189303098589652518763313134
.2705078125 -7602.0878906250 1 2 3 4 5 6 7 9 10 11 12 14 16 17 18 19 20 21 22 23 24 27 37 23_121 .0001436091898816624578813281205255611895
.2724609375 -7602.0859375000 1 2 3 4 5 6 7 8 9 10 11 12 14 16 17 18 19 20 21 22 24 27 34 23_122 .0001365244891820333059036843348536809813
.2734375000 -7602.0849609375 1 2 3 4 5 7 8 10 11 12 14 15 16 17 18 19 20 21 22 23 24 36 37 23_123 .0001331143035362495940244284214986767172
.2763671875 -7602.0820312500 1 2 3 4 5 6 7 8 9 10 11 12 14 15 16 17 18 19 21 22 23 24 47 23_124 .0001233863781318036254629374495612362532
.2773437500 -7602.0810546875 1 2 3 4 5 6 7 8 9 10 11 12 13 15 17 18 20 21 22 23 24 28 31 23_125 .0001203043636294143235474408160520276070
.2778320313 -7602.0805664062 1 2 3 4 5 6 7 9 10 11 12 13 14 15 16 17 18 19 20 22 23 24 39 23_126 .0001187923466600283557504137091183846231
.2783203125 -7602.0800781250 1 2 3 5 6 7 8 9 10 11 12 14 15 16 17 18 19 20 22 23 24 27 37 23_127 .0001172993334225101453386627330336149235
.2792968750 -7602.0791015625 1 2 3 4 5 7 9 11 12 13 14 15 16 17 18 19 20 21 22 23 24 26 34 23_128 .0001143693645539645924657523776766221674
.2797851563 -7602.0786132812 1 2 3 4 5 6 8 9 10 11 12 14 15 17 18 19 20 21 22 23 24 25 28 23_129 .0001129319402181676521191133258128756433
.2812500000 -7602.0771484375 1 3 4 5 6 7 8 9 10 11 12 13 15 16 17 18 19 20 21 22 23 24 42 23_130 .0001087271579671904497875645199068249490
.2827148437 -7602.0756835938 1 2 3 4 5 6 7 10 11 12 13 14 15 16 17 19 20 21 22 23 24 30 34 23_131 .0001046789319016819236616067935245287582
.2861328125 -7602.0722656250 1 2 3 4 6 7 8 9 10 11 12 13 14 15 16 17 18 20 22 23 24 25 34 23_132 .0000958095622759453887152515947022975505
.2871093750 -7602.0712890625 1 3 4 6 7 9 10 11 12 13 14 15 16 17 18 19 20 21 22 23 24 37 46 23_133 .0000934163770242751908322827985952925979
.2875976563 -7602.0708007812 1 3 4 5 6 7 9 10 11 12 13 14 15 16 17 18 19 20 21 22 24 35 37 23_134 .0000922422953615820621450298866292674800
.2890625000 -7602.0693359375 1 2 3 4 5 6 7 9 10 11 12 13 14 15 17 18 19 20 21 22 24 37 47 23_135 .0000888078483346692885866234591409294893
.2910156250 -7602.0673828125 1 2 3 4 5 6 7 8 9 10 11 12 13 14 15 17 19 20 21 22 23 24 34 23_136 .0000844266731066240037669568258791053739
.2924804687 -7602.0659179688 1 2 3 4 5 6 7 9 10 11 12 13 14 15 16 17 18 19 20 22 23 24 35 23_137 .0000812832242656496252423693013755505733
.2929687500 -7602.0654296875 1 2 3 4 5 6 7 10 11 12 13 14 15 16 17 19 20 21 22 23 24 32 37 23_138 .0000802616352666449527731921604124179506
.2949218750 -7602.0634765625 1 2 3 4 5 6 7 10 11 12 13 14 15 16 18 19 20 21 22 23 24 27 37 23_139 .0000763020720660200882232321020473715986
.2954101563 -7602.0629882812 1 2 3 4 5 6 7 8 9 10 11 12 14 15 17 18 19 20 21 22 24 25 31 23_140 .0000753430875015156838119610619445053120
.2958984375 -7602.0625000000 1 2 3 4 5 6 7 9 11 12 13 14 15 17 18 19 20 21 22 23 24 28 29 23_141 .0000743961559006341418449965944047257260
.2963867187 -7602.0620117188 1 2 3 4 5 6 7 10 11 12 13 14 15 16 17 18 19 20 21 22 24 37 39 23_142 .0000734611255834201963421174380022682472
.2968750000 -7602.0615234375 1 2 3 4 5 6 8 10 11 12 14 15 16 17 18 19 20 21 22 23 24 34 38 23_143 .0000725378467835382661293139376841760712
.2978515625 -7602.0605468750 1 2 3 4 6 7 8 9 10 11 12 13 14 15 16 17 18 20 22 23 24 25 37 23_144 .0000707259555590455244633847434093853627
.2988281250 -7602.0595703125 1 2 3 4 5 6 7 9 10 11 12 13 14 16 18 19 20 21 22 23 24 27 37 23_145 .0000689593227748700219793682387192718378
.3002929687 -7602.0581054688 1 2 3 4 5 6 7 8 9 10 11 12 13 14 17 18 19 20 21 22 24 27 35 23_146 .0000663917680522377530220691457112954826
.3007812500 -7602.0576171875 1 2 3 4 7 8 9 10 11 12 13 14 15 16 17 18 20 21 22 23 24 40 46 23_147 .0000655573388021754013892238510386083254
.3017578125 -7602.0566406250 1 2 3 4 5 6 7 10 11 12 13 14 15 16 17 19 20 21 22 23 24 27 32 23_148 .0000639198106407561453241249037969582494
.3032226563 -7602.0551757812 1 2 3 4 5 6 7 8 10 11 12 13 14 15 17 18 19 20 21 22 24 27 35 23_149 .0000615398913482077611823305481791705282
.3051757813 -7602.0532226562 1 2 3 4 5 6 7 8 10 11 12 14 15 16 17 18 19 20 21 22 23 27 48 23_150 .0000585039316603283327848414132506828995
.3056640625 -7602.0527343750 1 2 3 4 5 6 7 8 9 10 11 13 14 15 16 17 18 19 21 22 23 24 42 23_151 .0000577686389678983263234083914615072853
.3066406250 -7602.0517578125 1 2 3 4 5 6 7 8 9 10 11 12 13 15 16 17 18 20 21 22 24 27 48 23_152 .0000563256613412095461945628641349360020
.3076171875 -7602.0507812500 1 2 3 4 5 6 7 8 9 10 11 15 16 17 18 19 20 21 22 23 24 34 36 23_153 .0000549187272230458923276606457948499790
.3085937500 -7602.0498046875 1 2 3 5 6 7 8 9 10 11 12 13 15 16 17 18 19 20 21 22 24 27 30 23_154 .0000535469362983347173451527615647802966
.3090820313 -7602.0493164062 1 2 3 4 5 6 7 8 9 10 11 12 13 15 16 17 18 20 21 22 24 36 44 23_155 .0000528739442812611493904384244810933494
.3095703125 -7602.0488281250 1 2 3 4 5 6 7 8 9 10 12 14 15 16 17 18 19 20 21 22 23 31 34 23_156 .0000522094107405807406094353227415104768
.3115234375 -7602.0468750000 1 2 3 4 5 6 7 8 9 10 11 12 14 15 17 19 20 21 22 23 24 34 42 23_157 .0000496337535064871907390999732472445808
.3120117187 -7602.0463867188 1 2 3 4 6 7 8 10 11 12 13 14 15 16 17 18 19 20 21 22 23 24 41 23_158 .0000490099435296965227973799321741345389
.3129882813 -7602.0454101562 1 2 3 4 5 6 7 8 11 12 13 14 15 16 17 18 19 20 21 22 24 27 35 23_159 .0000477857454109131060873507292734894715
.3139648437 -7602.0444335938 1 2 3 4 5 7 8 9 10 11 13 14 15 16 17 18 19 20 21 22 24 30 44 23_160 .0000465921262472527966005200856811244686
.3159179687 -7602.0424804688 1 2 3 5 6 7 8 9 10 11 12 14 15 16 18 19 20 21 22 23 24 33 35 23_161 .0000442935876252250205628437818440597952
.3173828125 -7602.0410156250 1 2 3 4 7 8 9 10 11 13 14 15 16 17 18 19 20 21 22 23 24 25 46 23_162 .0000426444093396710698844600014724110512
.3183593750 -7602.0400390625 1 3 4 5 6 7 9 10 11 12 13 14 15 16 17 18 19 20 21 22 24 37 47 23_163 .0000415792132457368162626750799425613291
.3188476563 -7602.0395507812 1 2 3 4 7 8 9 10 11 12 13 14 15 16 17 18 20 21 22 23 24 30 46 23_164 .0000410566347281783677273854502728332026
.3242187500 -7602.0341796875 1 2 3 4 5 7 8 9 10 11 12 14 15 16 17 18 19 21 22 23 24 32 46 23_165 .0000357240962934815139572128806861548471
.3271484375 -7602.0312500000 1 2 3 4 6 7 9 10 11 12 13 14 15 16 17 18 19 20 21 22 23 34 39 23_166 .0000331133975582430719531885843839615019
.3295898437 -7602.0288085938 1 2 3 4 5 6 7 8 9 10 11 14 15 16 17 18 19 20 21 22 24 37 42 23_167 .0000310841612917202567608779344226588780
.3310546875 -7602.0273437500 1 2 3 4 5 6 7 8 10 11 12 14 15 16 17 18 19 20 21 22 23 27 28 23_168 .0000299268081267269692766693714430250805
.3315429687 -7602.0268554688 1 2 3 4 5 7 8 9 10 11 12 14 15 16 17 18 19 20 21 22 23 36 42 23_169 .0000295506801862819189188545067680393601
.3364257813 -7602.0219726562 1 2 3 4 5 6 7 8 9 10 11 14 15 16 17 18 19 20 21 22 24 42 46 23_170 .0000260398393483691112793890572042482600
.3369140625 -7602.0214843750 1 2 3 4 5 6 7 8 9 10 11 12 14 15 17 18 19 20 22 23 24 28 32 23_171 .0000257125638466802100254683352908357572
.3388671875 -7602.0195312500 1 2 3 4 5 6 7 8 9 10 11 14 15 16 17 18 20 21 22 23 24 37 40 23_172 .0000244440808253363553170305824612335075
.3398437500 -7602.0185546875 1 2 3 4 5 6 7 8 10 11 12 13 14 15 17 18 20 21 22 23 24 28 31 23_173 .0000238335027960437983565369661606085471
.3403320313 -7602.0180664062 1 2 3 4 5 6 7 8 11 12 13 15 16 17 18 19 20 21 22 23 24 33 39 23_174 .0000235339570474080007587157272452684776
.3408203125 -7602.0175781250 1 2 3 4 5 6 7 8 9 10 11 12 13 14 17 18 19 20 21 22 24 27 34 23_175 .0000232381761289324844155971773890856245
.3432617187 -7602.0151367188 1 2 3 4 7 8 9 10 11 12 13 14 15 16 17 18 20 21 22 23 24 29 46 23_176 .0000218141075269192832419611997820409908
.3442382813 -7602.0141601562 1 3 4 6 7 8 9 10 11 12 13 14 15 16 17 18 19 20 22 23 24 31 37 23_177 .0000212692223980226836451579705933352735
.3452148437 -7602.0131835938 2 3 4 5 6 7 8 9 10 11 12 13 14 15 16 17 18 19 20 22 23 24 31 23_178 .0000207379478258228513900239156810651261
.3466796875 -7602.0117187500 1 2 4 6 7 8 9 10 11 12 13 14 15 16 17 19 20 21 22 23 24 34 42 23_179 .0000199658140910106204724789203734300799
.3486328125 -7602.0097656250 1 3 4 6 7 8 9 10 11 12 13 14 16 17 18 19 20 21 22 23 24 27 46 23_180 .0000189808366172444336623856960460666994
.3515625000 -7602.0068359375 1 2 3 4 5 6 9 10 11 12 14 15 16 17 18 19 20 21 22 23 24 37 40 23_181 .0000175937267588643517813244180020739884
.3525390625 -7602.0058593750 1 2 3 4 5 6 7 8 10 11 12 13 15 16 17 18 19 21 22 23 24 27 44 23_182 .0000171542607347950542327027564583684766
.3535156250 -7602.0048828125 1 3 4 6 7 8 9 10 11 12 14 15 16 17 18 19 20 21 22 23 24 25 29 23_183 .0000167257719407895332732830599130617695
.3544921875 -7602.0039062500 1 3 4 6 7 8 9 10 11 12 13 14 15 16 17 18 19 20 22 23 24 31 46 23_184 .0000163079861814077016404632093435373150
.3554687500 -7602.0029296875 1 2 3 4 6 7 8 9 10 11 12 13 14 15 16 17 18 20 22 23 24 25 36 23_185 .0000159006361102177307891161698481655129
.3564453125 -7602.0019531250 1 2 3 4 6 7 8 10 11 12 13 14 15 16 17 18 19 21 22 23 24 25 44 23_186 .0000155034610587176620130169744913005600
.3574218750 -7602.0009765625 1 2 3 4 5 6 7 8 9 10 11 12 13 15 16 17 20 21 22 23 24 36 40 23_187 .0000151162068695303099957299785719696006
.3579101563 -7602.0004882812 1 2 3 4 5 6 7 8 9 10 11 13 16 17 18 19 20 21 22 23 24 35 44 23_188 .0000149262223950694825246520184910973710
.3588867187 -7601.9995117188 1 2 3 4 7 8 9 10 11 12 13 14 15 16 17 18 19 20 21 23 24 26 46 23_189 .0000145533868362933747169486294721338637
.3593750000 -7601.9990234375 1 2 3 4 5 6 7 8 9 10 11 13 16 17 18 19 20 21 22 23 24 35 36 23_190 .0000143704760324400908055915989152299827
.3603515625 -7601.9980468750 1 2 3 4 5 6 7 8 9 10 11 13 14 15 16 17 18 19 20 22 24 41 44 23_191 .0000140115221818707287867459354835135244
.3608398437 -7601.9975585938 1 2 3 4 5 6 7 8 9 10 11 12 14 15 17 18 19 20 22 23 24 32 33 23_192 .0000138354217117353740019329413527062625
.3632812500 -7601.9951171875 1 2 3 4 5 6 7 8 9 10 12 13 15 16 18 19 20 21 22 23 24 28 45 23_193 .0000129875672877157177139660528056376717
.3642578125 -7601.9941406250 1 2 3 4 5 6 7 8 11 12 13 14 15 16 17 18 19 20 21 22 24 27 32 23_194 .0000126631565112786444351242176989571562
.3666992187 -7601.9916992188 1 2 3 4 5 6 7 8 9 10 11 12 14 15 17 19 20 21 22 23 24 32 43 23_195 .0000118871402056083011730723016598735041
.3671875000 -7601.9912109375 1 2 3 4 5 6 7 8 9 10 11 12 13 14 15 16 17 19 20 22 24 41 44 23_196 .0000117377394925658739011540401996038838
.3735351563 -7601.9848632812 1 2 3 4 5 6 8 10 11 12 14 15 16 17 18 19 20 21 22 23 24 34 41 23_197 .0000099581011165332631665915990967984129
.3740234375 -7601.9843750000 1 2 3 4 5 6 7 8 11 12 13 14 15 16 17 18 19 21 22 23 24 27 44 23_198 .0000098329451009687375365223409916905479
.3745117187 -7601.9838867188 1 2 3 4 5 6 7 9 10 11 12 13 14 16 17 18 19 20 22 23 24 33 35 23_199 .0000097093620788945050574669847348135920
.3769531250 -7601.9814453125 1 2 3 4 5 7 8 9 11 12 13 14 15 16 17 18 19 20 21 23 24 26 34 23_200 .0000091143584885076068038649183432936830
.3798828125 -7601.9785156250 1 2 3 4 5 6 7 9 11 12 13 14 15 17 18 20 21 22 23 24 28 33 34 23_201 .0000084482858191536628547554544091198955
.3808593750 -7601.9775390625 1 2 3 4 5 6 7 8 10 11 12 13 15 16 17 18 20 21 22 23 24 28 42 23_202 .0000082372597739029669124068834958817415
.3823242187 -7601.9760742188 1 2 3 6 7 8 9 10 11 12 13 14 15 16 17 18 20 21 22 23 24 29 46 23_203 .0000079305628055600488640953741017730654
.3847656250 -7601.9736328125 1 2 3 4 5 6 7 8 10 11 12 13 15 16 17 18 19 21 22 23 24 26 44 23_204 .0000074445665779238159071710983748868672
.3862304687 -7601.9721679688 1 2 3 4 5 6 7 8 10 11 12 14 15 16 17 18 19 20 21 22 23 28 36 23_205 .0000071673838663490404326350193172672240
.3876953125 -7601.9707031250 1 2 3 4 5 6 7 8 11 12 13 15 16 17 18 19 20 21 22 23 24 39 46 23_206 .0000069005214496799299151758014789345640
.3916015625 -7601.9667968750 1 2 3 4 5 6 7 9 10 11 12 14 15 16 17 18 19 21 22 23 24 32 46 23_207 .0000062364661021480550236646134175943142
.3920898437 -7601.9663085938 1 2 3 4 5 6 7 8 11 12 13 15 16 17 18 19 20 21 22 23 24 27 39 23_208 .0000061580845674142717001223052592574310
.3925781250 -7601.9658203125 1 2 3 4 5 6 7 9 10 12 14 15 16 18 19 20 21 22 23 24 25 31 34 23_209 .0000060806881365289695319283371317342018
.3930664063 -7601.9653320312 1 2 3 4 5 6 8 9 10 11 12 14 15 16 17 18 19 20 21 22 24 37 45 23_210 .0000060042644443984224958954174881473632
.3935546875 -7601.9648437500 1 2 3 5 6 8 9 11 12 13 14 15 16 17 18 19 20 21 22 23 24 29 48 23_211 .0000059288012807427527963433281818901853
.3940429687 -7601.9643554688 1 2 3 4 7 8 9 10 11 13 14 15 16 17 18 19 20 21 22 24 30 32 46 23_212 .0000058542865578364300301393097312359552
.3945312500 -7601.9638671875 1 3 4 5 6 7 9 10 12 13 14 15 16 17 18 19 20 21 22 23 28 31 34 23_213 .0000057807083404546908134436408594117815
.3950195313 -7601.9633789062 1 2 3 4 5 6 8 9 10 11 15 16 17 18 19 20 21 22 23 24 32 34 36 23_214 .0000057080548735134348574914053859832475
.3959960937 -7601.9624023438 1 4 5 6 7 8 9 10 11 12 13 14 15 16 17 18 19 20 21 22 24 35 37 23_215 .0000055654758758298645591271616126578290
.3984375000 -7601.9599609375 1 2 3 4 5 6 7 8 9 10 11 14 15 16 17 18 19 20 21 22 24 41 42 23_216 .0000052244155567870014468970308629129927
.3994140625 -7601.9589843750 1 2 3 4 5 6 7 8 10 11 12 13 14 15 16 18 19 21 22 23 24 27 44 23_217 .0000050939171601542252082206761215351498
.4003906250 -7601.9580078125 2 3 4 5 6 7 8 9 10 11 12 13 14 15 16 17 18 19 20 22 24 41 44 23_218 .0000049666784260307993313434328176198651
.4023437500 -7601.9560546875 1 2 3 4 5 6 7 8 9 10 12 13 14 15 16 19 20 21 22 23 24 29 42 23_219 .0000047216562923586524691837751814444315
.4033203125 -7601.9550781250 1 2 3 5 6 8 9 11 12 14 15 16 17 18 19 20 21 22 23 24 34 35 36 23_220 .0000046037161000239514408690878133149309
.4038085937 -7601.9545898438 1 2 4 5 6 8 9 10 11 12 13 14 15 16 17 18 19 20 21 22 24 35 37 23_221 .0000045458553937380282526732315601679215
.4047851563 -7601.9536132812 1 2 3 4 5 6 7 8 9 10 11 12 13 14 15 17 19 20 21 22 24 25 31 23_222 .0000044323064438621008651998074677503488
.4062500000 -7601.9521484375 1 2 3 4 5 6 8 9 11 12 14 16 17 18 19 20 21 22 23 24 34 35 38 23_223 .0000042672788756644805438967203630689562
.4072265625 -7601.9511718750 1 2 3 4 5 6 7 8 10 11 13 14 15 16 17 18 19 21 22 23 24 27 44 23_224 .0000041606883785636706813602126505899257
.4082031250 -7601.9501953125 1 2 3 4 5 7 8 9 10 11 14 15 16 17 18 20 21 22 23 24 32 37 40 23_225 .0000040567603589814946557559124919069937
.4091796875 -7601.9492187500 1 2 3 4 5 7 8 10 11 12 13 14 15 16 18 19 20 21 22 23 24 34 39 23_226 .0000039554283120537287244431587917994628
.4096679687 -7601.9487304688 1 2 3 4 5 6 7 8 11 12 13 14 15 16 17 18 19 21 22 23 24 30 44 23_227 .0000039057154559986876603212679681175546
.4101562500 -7601.9482421875 1 2 3 4 5 7 8 9 10 11 12 14 15 16 17 18 19 21 22 24 25 32 36 23_228 .0000038566273941121346372366145997753623
.4125976563 -7601.9458007812 1 2 3 4 5 6 7 8 10 11 12 13 14 15 16 18 19 21 22 23 24 27 29 23_229 .0000036202877532958494490198539013941139
.4130859375 -7601.9453125000 1 2 3 5 7 8 9 10 11 12 14 15 16 18 19 20 21 22 23 24 33 35 36 23_230 .0000035747870313110845577298276482817600
.4135742187 -7601.9448242188 1 2 3 4 5 7 8 9 10 11 12 13 14 15 18 19 20 21 22 23 24 33 34 23_231 .0000035298581742835320002671292056721114
.4140625000 -7601.9443359375 1 2 3 4 5 6 7 9 10 12 13 14 15 16 18 19 20 21 22 23 25 28 34 23_232 .0000034854939858366091257912167865658027
.4150390625 -7601.9433593750 1 2 3 4 5 6 7 8 9 10 11 12 13 16 17 18 19 21 22 23 24 35 36 23_233 .0000033984313523839604818548306348067616
.4155273437 -7601.9428710938 1 2 3 4 5 7 8 9 10 11 14 15 16 17 18 19 20 21 22 24 30 32 46 23_234 .0000033557189795875280431075356146191158
.4160156250 -7601.9423828125 1 2 4 5 7 8 9 10 11 12 14 15 16 17 18 19 21 22 23 24 25 32 36 23_235 .0000033135434184644372354249292674452715
.4169921875 -7601.9414062500 1 2 3 4 5 6 7 8 10 11 13 14 15 16 17 18 20 21 22 23 24 34 42 23_236 .0000032307758632072843341772637584966936
.4174804687 -7601.9409179688 1 2 3 5 6 7 8 9 10 11 12 14 15 16 17 19 20 21 22 23 24 33 35 23_237 .0000031901706283849819604075473968638011
.4179687500 -7601.9404296875 1 2 3 4 5 6 7 8 10 11 12 14 15 16 17 19 20 21 22 24 32 34 35 23_238 .0000031500757225990755846301468854282796
.4184570313 -7601.9399414062 1 3 6 7 8 9 10 11 12 13 14 15 16 17 18 19 20 21 22 23 24 43 47 23_239 .0000031104847401631232374464378648750126
.4189453125 -7601.9394531250 1 3 4 5 7 8 9 10 12 13 14 15 16 17 18 19 20 21 22 23 24 31 43 23_240 .0000030713913555913664697915615546729047
.4194335937 -7601.9389648438 1 2 3 4 5 6 7 11 12 13 14 15 16 17 18 20 21 22 23 24 25 28 37 23_241 .0000030327893068868273377308831525616468
.4204101563 -7601.9379882812 1 2 3 4 6 7 9 10 12 13 14 15 16 17 18 19 20 22 23 24 25 34 43 23_242 .0000029570345784222318977056169031701450
.4208984375 -7601.9375000000 1 2 3 4 5 6 7 8 10 11 12 13 15 16 17 18 20 21 22 23 24 40 42 23_243 .0000029198697955594230229651241115879738
.4218750000 -7601.9365234375 1 2 3 4 5 6 7 9 10 12 14 15 16 17 18 19 20 21 22 23 31 34 36 23_244 .0000028469356419578832970872030812141033
.4228515625 -7601.9355468750 1 2 3 4 5 6 7 10 11 12 13 15 16 18 19 20 21 22 23 24 34 39 48 23_245 .0000027758232787559233027002970502094596
.4238281250 -7601.9345703125 1 2 3 4 5 6 7 8 9 10 11 12 15 16 18 19 20 21 22 23 25 26 33 23_246 .0000027064872002460505926525331952492952
.4248046875 -7601.9335937500 1 2 3 4 5 6 8 9 10 11 12 13 14 15 16 17 18 20 22 23 24 29 40 23_247 .0000026388830373879847469639291220030279
.4287109375 -7601.9296875000 1 2 3 4 5 7 9 10 11 13 14 15 16 17 18 19 20 21 22 23 24 35 42 23_248 .0000023849363747673028644602363409866068
.4306640625 -7601.9277343750 1 2 4 5 6 7 8 9 10 11 12 15 17 18 19 20 21 22 23 24 28 29 37 23_249 .0000022672798347032017455255890552711915
.4311523437 -7601.9272460938 1 3 6 7 8 9 10 11 12 13 14 15 16 17 18 19 20 21 22 23 24 27 47 23_250 .0000022387840696009453492864312532008486
.4316406250 -7601.9267578125 1 2 3 4 5 6 7 8 11 12 13 14 15 16 17 18 19 20 21 22 23 28 39 23_251 .0000022106464409904403545189858208592568
.4331054687 -7601.9252929688 1 2 4 5 6 7 8 9 10 11 12 13 15 16 17 18 20 21 22 23 26 43 45 23_252 .0000021283376902481311550097580258319034
.4335937500 -7601.9248046875 1 2 3 4 5 6 7 8 9 10 11 12 14 15 16 18 19 20 22 23 25 26 45 23_253 .0000021015881808608250139988127870185571
.4345703125 -7601.9238281250 1 2 3 4 5 6 8 9 11 13 14 15 16 17 18 19 20 21 22 23 24 35 36 23_254 .0000020490935266734395304740243267079385
.4350585937 -7601.9233398438 1 2 3 4 5 6 7 9 10 12 13 14 15 16 18 19 20 21 22 23 25 31 34 23_255 .0000020233399840736641963071872024091627
.4370117187 -7601.9213867188 1 2 3 4 5 7 8 9 10 11 14 15 16 17 18 19 20 21 22 24 27 30 44 23_256 .0000019235221506009837708813325643797910
.4375000000 -7601.9208984375 2 3 4 5 6 7 8 9 10 11 12 14 16 17 18 19 20 21 22 23 24 25 37 23_257 .0000018993468169309806528046606046330162
.4409179687 -7601.9174804688 1 2 3 4 5 6 9 11 12 13 14 15 16 17 18 20 21 22 23 24 25 28 37 23_258 .0000017384165495942884816289697031663534
.4414062500 -7601.9169921875 1 2 3 4 5 7 9 10 11 13 14 15 16 17 18 19 20 21 22 23 24 42 43 23_259 .0000017165676719347478172283274781308020
.4418945313 -7601.9165039062 1 2 3 4 5 6 7 8 10 11 13 14 15 16 17 18 20 21 22 23 24 28 37 23_260 .0000016949933967317317323483730372642763
.4428710937 -7601.9155273438 1 2 4 5 6 7 8 9 10 11 12 15 17 18 19 20 21 22 23 24 29 37 38 23_261 .0000016526549005291668502016151515341477
.4462890625 -7601.9121093750 1 3 4 5 7 8 9 10 12 13 14 15 16 17 18 19 20 21 22 23 24 29 31 23_262 .0000015126266550141540039842279120946520
.4472656250 -7601.9111328125 1 2 3 4 5 6 10 11 12 13 15 16 17 18 19 20 21 22 23 24 34 39 48 23_263 .0000014748434138003283259499303984151569
.4501953125 -7601.9082031250 1 2 3 4 5 7 8 9 12 13 14 15 16 17 18 19 20 21 22 23 24 32 37 23_264 .0000013670626093972836787006632202877682
.4506835937 -7601.9077148438 1 2 3 4 6 7 8 10 11 12 13 14 15 16 17 18 19 20 21 22 25 27 44 23_265 .0000013498810094901146758596968709491346
.4521484375 -7601.9062500000 2 3 4 6 7 8 9 10 11 12 13 15 16 17 18 20 21 22 23 24 25 31 36 23_266 .0000012996210380520608584823208198668242
.4531250000 -7601.9052734375 1 2 3 4 5 6 7 9 11 12 13 14 15 17 18 19 20 22 23 24 28 33 34 23_267 .0000012671583712039587675563102610239778
.4541015625 -7601.9042968750 1 2 3 4 6 7 8 9 11 12 13 14 15 16 17 18 19 21 22 23 24 25 43 23_268 .0000012355065751466761246554664667941998
.4545898437 -7601.9038085938 1 2 3 4 5 6 7 8 9 10 11 14 15 16 18 20 21 22 23 24 32 40 46 23_269 .0000012199784058361235492914592670120135
.4550781250 -7601.9033203125 1 2 3 4 5 6 7 9 10 12 14 15 16 17 18 19 20 21 22 23 28 31 34 23_270 .0000012046453954925349008558689258626510
.4565429687 -7601.9018554688 1 2 3 4 6 7 8 10 11 12 13 14 15 16 17 18 19 21 22 23 25 27 44 23_271 .0000011597929687308669935361900705476402
.4575195313 -7601.9008789062 1 2 3 5 6 7 8 9 10 11 13 15 16 17 18 19 20 21 22 24 27 30 44 23_272 .0000011308230032862372894719993988385097
.4580078125 -7601.9003906250 1 2 3 4 5 6 8 9 10 11 12 13 16 17 18 19 20 21 22 23 24 30 48 23_273 .0000011166105244467688611971403645625522
.4589843750 -7601.8994140625 1 2 3 4 5 6 7 8 9 11 13 14 16 17 18 19 20 21 22 23 24 35 36 23_274 .0000010887191973653524041472451133774424
.4599609375 -7601.8984375000 1 2 3 4 5 6 7 8 9 10 11 14 15 16 18 20 21 22 23 24 32 40 45 23_275 .0000010615245555733281306934935977784853
.4614257813 -7601.8969726562 1 2 3 4 5 6 8 9 10 11 13 15 16 17 18 19 20 21 22 24 32 36 41 23_276 .0000010220009283285380424769266693481520
.4619140625 -7601.8964843750 1 2 3 5 6 7 8 9 10 11 12 13 14 15 17 18 19 21 22 23 24 35 42 23_277 .0000010091561537479224558655913243255492
.4624023437 -7601.8959960938 1 2 3 4 5 6 7 10 11 13 14 15 16 17 18 20 21 22 23 24 25 28 37 23_278 .0000009964728156488731465534448592033672
.4633789063 -7601.8950195312 1 2 3 5 6 7 8 9 10 11 12 14 15 16 17 19 20 21 22 23 24 34 48 23_279 .0000009715823534593583854957751299609183
.4638671875 -7601.8945312500 1 2 3 4 5 6 8 9 11 12 13 15 16 17 18 19 20 21 22 23 24 37 48 23_280 .0000009593712526953895844809071421925016
.4643554687 -7601.8940429688 1 2 3 5 6 7 8 9 10 11 12 15 16 17 18 19 20 21 22 24 27 37 39 23_281 .0000009473136242349644653120385688185596
.4653320313 -7601.8930664062 1 3 4 5 6 7 8 9 10 11 12 14 15 16 17 19 20 21 22 23 24 34 48 23_282 .0000009236510881623887242448651322110488
.4658203125 -7601.8925781250 1 3 4 5 6 7 9 10 11 12 13 14 15 16 17 18 19 20 21 22 35 37 43 23_283 .0000009120424000587588602459692127451881
.4667968750 -7601.8916015625 1 2 3 4 5 7 9 10 11 12 13 14 16 17 18 19 20 21 22 23 24 33 46 23_284 .0000008892608908975745128798858179405540
.4682617187 -7601.8901367188 1 2 3 4 5 6 7 8 9 10 11 15 16 17 18 19 20 21 22 24 27 30 44 23_285 .0000008561511399864432680148826887055072
.4687500000 -7601.8896484375 1 2 3 4 5 6 7 8 9 10 11 12 13 15 16 18 19 20 21 22 23 25 44 23_286 .0000008453908066704692205449805747256403
.4707031250 -7601.8876953125 1 2 4 5 6 7 8 9 10 11 12 13 15 16 17 18 20 21 22 23 26 28 43 23_287 .0000008036849740255410500388654853356927
.4711914063 -7601.8872070312 1 2 4 6 7 8 9 10 11 12 13 15 17 18 19 20 21 22 23 24 29 34 37 23_288 .0000007935840493200133532980588331789871
.4741210937 -7601.8842773438 1 2 6 7 8 9 10 11 12 13 15 16 17 18 19 20 21 22 23 24 25 35 37 23_289 .0000007355893336867220119720609349845426
.4746093750 -7601.8837890625 1 2 3 4 5 7 8 9 10 11 12 13 14 15 18 19 20 21 22 23 24 43 45 23_290 .0000007263442529475084676792931675830997
.4755859375 -7601.8828125000 1 2 4 6 7 8 9 10 11 12 13 14 15 16 17 18 19 20 22 23 25 26 45 23_291 .0000007082012167776646085212977124364731
.4760742187 -7601.8823242188 1 2 4 5 6 7 8 9 10 11 12 15 17 18 19 20 21 22 23 24 25 28 37 23_292 .0000006993003589260927705673903436341538
.4780273437 -7601.8803710938 1 2 3 4 7 8 9 11 12 13 14 15 16 17 18 19 20 21 22 24 25 38 41 23_293 .0000006648016353679618410853444238552799
.4785156250 -7601.8798828125 1 4 6 7 9 10 11 12 14 15 16 17 18 19 20 21 22 23 24 25 29 34 37 23_294 .0000006564462330897178590911017828073997
.4790039063 -7601.8793945312 1 2 3 5 6 7 8 9 10 11 12 15 16 17 18 19 20 21 22 24 27 37 38 23_295 .0000006481958437108369239174610416301998
.4819335937 -7601.8764648438 1 2 3 4 6 7 8 10 11 13 14 15 16 17 18 19 20 21 22 23 25 27 44 23_296 .0000006008260236358213156434202393679433
.4833984375 -7601.8750000000 1 2 4 5 6 7 8 9 10 11 12 13 15 16 18 20 21 22 23 24 28 29 44 23_297 .0000005784555342557372063429251980438636
.4843750000 -7601.8740234375 2 3 4 5 6 7 8 9 10 11 12 13 14 15 16 17 18 19 20 22 24 41 46 23_298 .0000005640065458620661915441318969071572
.4892578125 -7601.8691406250 1 2 3 4 5 6 7 8 9 10 12 13 14 15 16 19 20 21 22 23 24 35 42 23_299 .0000004969983699575663767218763412674258
.4897460937 -7601.8686523438 1 3 4 6 7 8 9 10 11 12 14 16 17 18 19 20 21 22 23 24 25 29 34 23_300 .0000004907519646441397454276721051340013
.4902343750 -7601.8681640625 1 2 3 4 5 6 7 8 9 10 11 14 15 16 17 18 19 20 22 24 37 41 44 23_301 .0000004845840645288357217706735687560725
.4907226563 -7601.8676757812 1 2 4 6 8 9 10 11 12 13 14 15 17 18 19 20 21 22 23 24 25 29 37 23_302 .0000004784936842088114859437771094142972
.4921875000 -7601.8662109375 1 2 3 4 5 7 8 9 10 12 14 15 16 17 18 20 21 22 23 24 32 37 40 23_303 .0000004606779825864087256642808141952802
.4926757813 -7601.8657226562 1 3 4 5 6 7 8 10 11 12 14 15 16 17 19 20 21 22 23 24 32 34 37 23_304 .0000004548880602088729808351180063380867
.4946289063 -7601.8637695312 1 2 4 5 6 7 8 9 10 11 12 13 14 16 18 19 20 21 22 23 24 26 29 23_305 .0000004324469771481693251157565578120123
.4951171875 -7601.8632812500 2 3 4 5 6 7 10 11 12 13 14 15 16 17 18 19 20 21 22 24 27 42 44 23_306 .0000004270118705982942397347401550830372
.4970703125 -7601.8613281250 1 2 3 5 6 7 9 10 12 13 14 15 16 18 19 20 21 22 23 24 28 29 37 23_307 .0000004059460091386580536447936821771392
.4985351563 -7601.8598632812 1 2 3 5 6 7 9 10 11 12 13 15 16 17 18 19 20 21 22 24 27 30 39 23_308 .0000003908314659446564049638404902332181
.4990234375 -7601.8593750000 1 2 3 4 5 7 8 9 10 11 12 14 15 16 17 18 19 20 21 22 29 32 36 23_309 .0000003859193940082042627241712253356255
.4995117187 -7601.8588867188 1 2 3 4 5 6 8 9 10 11 12 14 15 16 17 18 19 20 22 24 37 38 45 23_310 .0000003810690582747227825292146092004896
.5014648437 -7601.8569335938 1 2 4 6 7 8 9 10 11 12 13 14 15 17 18 19 21 22 23 24 25 29 37 23_311 .0000003622697027042984934244064718841803
.5019531250 -7601.8564453125 1 2 3 4 5 7 8 9 10 11 12 13 14 15 18 19 20 21 22 23 24 33 45 23_312 .0000003577166015410636915271487488670896
.5029296875 -7601.8554687500 1 2 4 5 6 8 9 10 11 12 14 15 16 17 18 19 20 21 22 23 37 38 41 23_313 .0000003487813546330356783611198788368761
.5043945313 -7601.8540039062 1 2 3 5 6 7 8 9 10 11 12 15 16 17 18 19 20 21 22 24 27 30 39 23_314 .0000003357952167447757836686721910772230
.5078125000 -7601.8505859375 1 2 3 4 6 7 8 9 10 11 12 13 15 16 17 18 20 21 22 24 36 37 48 23_315 .0000003073435335032506657622658580105550
.5122070313 -7601.8461914062 1 2 3 5 6 7 8 9 10 11 13 14 15 16 17 18 19 20 22 23 24 29 48 23_316 .0000002742760064525582586704321939638718
.5166015625 -7601.8417968750 3 4 5 6 7 10 11 12 13 14 15 16 17 18 19 20 21 22 23 24 27 42 44 23_317 .0000002447662622113664433563544947339820
.5205078125 -7601.8378906250 1 2 3 4 6 7 8 9 10 11 12 13 14 15 16 18 19 20 22 23 25 26 45 23_318 .0000002212117603520343415114225391414914
.5234375000 -7601.8349609375 1 2 4 5 6 7 8 9 10 11 12 13 15 16 18 20 21 22 23 24 28 41 44 23_319 .0000002050457177396057240057439415856722
.5288085937 -7601.8295898438 1 2 4 6 8 9 10 11 12 14 15 16 17 18 19 20 21 22 23 24 25 38 41 23_320 .0000001784138669326517891419009518529274
.5307617187 -7601.8276367188 1 2 3 4 5 6 7 8 9 10 11 14 15 16 18 20 21 22 23 24 26 32 46 23_321 .0000001696121401843644736611196003699039
.5322265625 -7601.8261718750 1 2 3 4 5 6 7 8 9 10 11 14 15 16 18 20 21 22 23 24 26 32 33 23_322 .0000001632969899886940115768653976110211
.5356445313 -7601.8227539062 2 4 5 6 7 8 9 10 11 12 13 14 15 17 18 19 20 21 22 24 29 39 40 23_323 .0000001494609550132869445426575315900817
.5419921875 -7601.8164062500 1 2 4 5 6 7 8 10 11 12 13 15 16 17 18 19 21 22 23 24 26 33 44 23_324 .0000001268001652101619199460117651175479
.5439453125 -7601.8144531250 1 2 4 5 7 8 10 11 12 13 15 16 17 18 19 20 21 22 23 24 26 33 44 23_325 .0000001205447074646110836430709989427590
.5473632813 -7601.8110351562 1 2 3 4 6 7 8 9 10 11 12 13 14 15 16 17 18 20 22 23 25 35 37 23_326 .0000001103310422360232946982322681465711
.5605468750 -7601.7978515625 1 2 4 5 7 8 9 10 11 12 14 15 16 17 18 19 21 22 23 24 32 42 46 23_327 .0000000784131562198372478970724705804502
.5615234375 -7601.7968750000 1 2 4 6 7 8 9 10 11 12 13 15 17 18 19 20 21 22 23 24 29 37 45 23_328 .0000000764545082044988012122393087830355
.5634765625 -7601.7949218750 1 2 3 4 5 6 7 10 11 14 15 16 17 18 19 20 21 22 23 24 30 35 40 23_329 .0000000726827627597082938473313749409986
.5664062500 -7601.7919921875 1 2 3 4 5 6 7 9 10 12 14 15 16 18 19 20 21 22 23 25 28 31 34 23_330 .0000000673711435307278286050127754149820
.5668945313 -7601.7915039062 1 2 3 4 5 6 7 10 12 13 15 16 18 19 20 21 22 23 24 28 34 39 45 23_331 .0000000665244052313658268486142133045954
.5688476563 -7601.7895507812 1 2 4 6 8 9 11 12 13 14 15 16 17 18 19 20 21 22 23 24 25 38 41 23_332 .0000000632425435296638804852596763070528
.5717773437 -7601.7866210938 2 3 4 6 7 8 9 10 11 12 13 14 15 16 17 18 20 21 22 23 25 35 36 23_333 .0000000586208108586612028026458917613923
.5771484375 -7601.7812500000 1 2 3 4 5 6 8 9 11 12 13 15 16 17 18 19 20 21 22 24 29 32 41 23_334 .0000000510069931536536607431657364734898
.5795898437 -7601.7788085938 1 2 3 4 7 9 10 11 12 13 14 16 17 18 19 20 21 22 23 24 33 34 46 23_335 .0000000478812118087578420058161149151684
.5800781250 -7601.7783203125 1 2 3 4 5 7 8 9 10 11 14 15 16 17 18 19 21 22 23 24 32 40 46 23_336 .0000000472794281112635593846181798575093
.5820312500 -7601.7763671875 2 3 4 5 7 8 9 10 11 12 13 14 15 18 19 20 21 22 23 24 29 42 43 23_337 .0000000449469826898114155981091302646974
.5878906250 -7601.7705078125 1 2 3 4 5 6 9 10 12 13 14 15 17 18 19 20 21 22 23 24 37 40 45 23_338 .0000000386176219406196623542090341334809
.5942382813 -7601.7641601562 1 2 3 4 5 6 7 10 11 14 15 16 17 18 19 20 21 22 23 24 30 35 48 23_339 .0000000327625420898380791291107409332118
.5971679687 -7601.7612304688 1 2 3 4 8 9 11 12 13 14 15 16 17 18 19 20 21 22 24 25 32 36 41 23_340 .0000000303682723038564058537561046543881
.6000976563 -7601.7583007812 1 2 3 4 5 6 7 10 12 13 15 16 18 19 20 21 22 23 24 25 34 39 45 23_341 .0000000281489743810056547108912961264571
.6005859375 -7601.7578125000 2 3 4 6 7 8 9 10 11 12 13 14 15 16 17 18 20 22 23 24 25 36 45 23_342 .0000000277951907193891464638746403411138
.6030273437 -7601.7553710938 1 2 3 4 5 6 7 10 12 13 15 16 18 19 20 21 22 23 24 33 34 38 39 23_343 .0000000260918617588529851671037140838021
.6054687500 -7601.7529296875 1 2 3 4 5 6 7 10 12 13 15 16 18 19 20 21 22 23 24 30 33 34 39 23_344 .0000000244929151648081822177561767212748
.6064453125 -7601.7519531250 1 2 3 5 6 7 9 11 12 13 14 15 16 18 19 20 21 22 23 24 28 33 37 23_345 .0000000238811173238577613945962944771869
.6137695313 -7601.7446289062 2 3 4 5 8 9 11 12 13 14 15 16 17 18 19 20 21 22 24 29 32 36 41 23_346 .0000000197542648217860639175834810285891
.6171875000 -7601.7412109375 1 2 4 5 6 7 9 10 11 12 13 14 15 17 18 19 20 21 22 28 29 37 39 23_347 .0000000180805004042129424504142850161063
.6181640625 -7601.7402343750 1 3 4 5 7 8 10 11 12 13 15 16 17 18 19 20 21 22 23 24 26 40 44 23_348 .0000000176288754736495854421465801493404
.6206054687 -7601.7377929688 1 2 3 4 5 6 7 9 10 12 13 16 17 18 19 20 21 22 23 25 38 39 40 23_349 .0000000165485528221843288143995880403885
.6210937500 -7601.7373046875 1 2 3 4 5 6 7 8 9 10 11 15 16 17 18 20 21 22 24 27 30 37 38 23_350 .0000000163405662460448331656655177803743
.6225585937 -7601.7358398438 1 2 4 5 6 7 9 10 11 12 14 17 18 19 20 21 22 23 24 29 34 39 40 23_351 .0000000157321597776041787690449920069943
.6274414063 -7601.7309570312 1 3 5 7 8 9 10 11 12 13 14 15 16 18 19 20 21 22 23 24 26 37 44 23_352 .0000000138630620557377813054885598963039
.6284179687 -7601.7299804688 1 2 3 4 5 6 7 9 10 11 12 17 18 19 20 21 22 23 24 29 34 38 39 23_353 .0000000135167827125058199588583710192265
.6293945313 -7601.7290039062 1 2 3 5 6 7 8 9 10 11 12 15 16 17 18 20 21 22 24 27 37 38 43 23_354 .0000000131791528607467090610738892630139
.6298828125 -7601.7285156250 2 3 4 6 7 8 9 10 11 12 13 14 16 17 18 19 20 21 22 23 26 37 45 23_355 .0000000130135138256270190385809103953753
.6303710937 -7601.7280273438 2 3 4 5 8 9 11 12 13 14 15 16 17 18 19 20 21 22 24 25 32 36 41 23_356 .0000000128499565851602387031627222737087
.6308593750 -7601.7275390625 1 6 7 8 9 10 11 12 13 15 16 17 18 19 20 21 22 23 24 25 35 36 37 23_357 .0000000126884549419406673862064599225196
.6323242187 -7601.7260742188 1 2 3 4 5 6 7 9 10 11 12 17 18 19 20 21 22 23 24 29 34 39 40 23_358 .0000000122160271236535856392689374549366
.6416015625 -7601.7167968750 1 2 3 4 5 6 7 8 9 10 11 15 16 17 18 19 21 22 23 24 32 40 46 23_359 .0000000096064858103354610466272090922259
.6435546875 -7601.7148437500 2 4 6 7 8 9 10 11 12 13 14 16 17 18 19 20 21 22 23 24 25 26 45 23_360 .0000000091325671370420350979884592230894
.6484375000 -7601.7099609375 1 2 3 5 7 8 9 10 11 12 14 15 16 18 19 20 21 22 23 28 33 35 36 23_361 .0000000080475501817100530550058925735424
.6596679687 -7601.6987304688 1 2 3 4 5 6 9 11 12 13 14 15 16 18 19 20 21 22 23 24 25 35 37 23_362 .0000000060162597683864634112325089778378
.6630859375 -7601.6953125000 1 2 3 5 6 7 8 9 10 11 12 15 16 17 19 20 21 22 24 27 30 37 38 23_363 .0000000055065064619581404331026292552367
.6894531250 -7601.6689453125 1 2 3 6 7 8 9 10 11 12 13 15 16 17 19 20 21 22 27 35 36 37 42 23_364 .0000000027813688133692789710391351171016
.6899414063 -7601.6684570312 1 2 3 5 7 8 9 10 11 13 14 15 16 18 19 20 21 22 23 24 26 34 37 23_365 .0000000027464118366058274179288742310385
.6918945313 -7601.6665039062 1 2 3 4 6 7 8 9 11 12 13 14 16 17 18 20 21 22 23 34 36 43 46 23_366 .0000000026109225557575435566195020874546
.6938476563 -7601.6645507812 1 2 3 6 7 8 9 10 11 14 15 16 17 18 19 20 21 22 24 25 34 35 36 23_367 .0000000024821173945231163685529437558284
.7016601563 -7601.6567382812 1 2 3 4 5 6 7 10 11 12 13 15 16 17 18 20 21 22 23 38 39 40 41 23_368 .0000000020273822037008537625017092227590
.7026367187 -7601.6557617188 1 2 3 4 7 9 10 11 13 14 16 17 18 19 20 21 22 23 24 30 33 34 46 23_369 .0000000019767411133591185746345861428014
.7031250000 -7601.6552734375 1 2 3 4 5 6 7 10 12 13 15 16 17 18 19 20 22 23 24 28 31 39 46 23_370 .0000000019518969097299900062281029564344
.7036132813 -7601.6547851562 1 2 3 7 8 9 10 11 13 14 15 16 18 19 20 21 22 23 24 30 34 35 37 23_371 .0000000019273649546041147168419579101614
.7055664063 -7601.6528320312 1 2 3 7 8 9 11 12 13 14 15 16 18 19 20 21 22 23 24 34 35 37 41 23_372 .0000000018322818763305280608940311358292
.7211914063 -7601.6372070312 1 2 3 7 8 9 10 11 13 14 15 16 18 19 20 21 22 23 24 34 35 37 41 23_373 .0000000012224156732729532251060486638934
.7236328125 -7601.6347656250 1 2 3 4 5 6 7 10 12 13 15 16 17 18 19 20 21 22 23 28 38 39 42 23_374 .0000000011475042960091640790202300546041
.7260742187 -7601.6323242188 2 3 4 5 6 7 9 10 12 13 14 16 17 18 19 20 21 22 23 25 38 39 40 23_375 .0000000010771835948682789179508947899587
.7314453125 -7601.6269531250 1 2 4 5 6 7 8 10 11 12 13 14 15 16 17 18 21 22 23 29 32 42 44 23_376 .0000000009372762922223618693754934246395
.7353515625 -7601.6230468750 1 2 3 4 6 7 8 9 11 12 13 14 16 17 18 20 21 22 23 26 36 46 47 23_377 .0000000008470797268607721505440818268030
.7373046875 -7601.6210937500 1 2 4 5 6 7 8 10 11 12 13 14 15 16 17 18 19 22 23 29 32 42 45 23_378 .0000000008052905743805067231870107800997
.7377929687 -7601.6206054688 1 2 3 4 5 6 7 9 10 12 13 14 15 16 18 19 20 22 23 33 34 38 39 23_379 .0000000007951694721260018319948464651781
.7382812500 -7601.6201171875 1 2 3 7 8 9 10 11 13 14 15 16 18 19 20 21 22 23 24 26 34 35 37 23_380 .0000000007851755724940999240889260599598
.7480468750 -7601.6103515625 1 2 3 5 6 7 8 9 11 12 13 15 16 17 19 20 21 22 24 27 30 37 38 23_381 .0000000006096890843984844756841695953516
.7514648437 -7601.6069335938 1 2 3 4 5 6 7 10 12 13 15 16 17 18 19 20 21 22 23 28 31 39 42 23_382 .0000000005580305739727518279840940202301
.7524414063 -7601.6059570312 1 2 4 5 6 7 8 10 11 12 13 15 16 17 18 21 22 23 24 29 32 40 46 23_383 .0000000005440917703406452321536464114208
.7539062500 -7601.6044921875 1 2 3 4 5 6 7 10 12 13 15 16 17 18 19 20 21 22 23 28 38 39 40 23_384 .0000000005238336625421654977446744744712
.7617187500 -7601.5966796875 1 2 4 5 6 7 8 10 11 12 13 14 15 16 17 18 19 22 23 29 35 42 45 23_385 .0000000004278649541237620042614401674408
.7631835937 -7601.5952148438 2 3 4 5 7 8 9 10 11 12 13 14 18 19 20 21 22 23 24 29 30 40 42 23_386 .0000000004119343063243952583932975621894
.7636718750 -7601.5947265625 1 6 7 8 9 10 11 12 15 16 17 18 19 20 21 22 23 24 25 28 34 35 36 23_387 .0000000004067570073250559170710405454902
.7695312500 -7601.5888671875 1 2 3 7 8 9 10 11 13 14 15 16 18 19 20 21 22 23 24 34 37 41 44 23_388 .0000000003494781493783688336685086861557
.7758789063 -7601.5825195312 2 3 4 5 7 8 9 10 11 12 13 14 18 19 20 21 22 23 24 29 30 36 42 23_389 .0000000002964913944233357391149997198830
.7792968750 -7601.5791015625 1 2 4 5 6 7 8 10 11 12 13 15 16 17 18 21 22 23 24 31 32 44 46 23_390 .0000000002713698953151979058976067185422
.7827148437 -7601.5756835938 1 2 3 5 6 7 9 10 11 12 13 15 16 17 19 20 21 22 27 35 37 38 42 23_391 .0000000002483769224621563292492416360713
.7856445313 -7601.5727539062 1 2 4 5 6 7 8 10 11 12 15 16 17 18 19 21 22 23 24 27 32 40 46 23_392 .0000000002302256630625780729390749853492
.7895507813 -7601.5688476562 2 3 4 5 6 7 8 9 10 12 13 14 15 18 19 20 21 22 23 24 29 36 42 23_393 .0000000002080704413433748324072144395154
.7905273437 -7601.5678710938 1 2 4 5 6 7 8 9 10 11 12 13 15 16 17 21 22 23 24 31 32 33 46 23_394 .0000000002028731411015752797629093069794
.7924804687 -7601.5659179688 1 6 7 8 9 10 11 12 15 16 17 18 19 20 21 22 23 24 25 32 34 35 36 23_395 .0000000001928647601206459864611178142860
.7988281250 -7601.5595703125 1 2 3 5 6 7 8 9 10 12 13 16 17 19 20 21 22 23 27 35 36 37 42 23_396 .0000000001636232244133310718059228496200
.8032226563 -7601.5551757812 2 3 4 6 7 9 10 11 12 13 15 18 19 20 21 22 23 24 28 30 33 34 46 23_397 .0000000001460187694318433507393963109564
.8056640625 -7601.5527343750 1 2 3 5 6 7 9 10 11 12 13 15 16 17 19 20 21 22 27 30 35 37 38 23_398 .0000000001370705308222909280868324167562
.8066406250 -7601.5517578125 2 3 4 5 6 7 9 10 12 13 14 15 16 18 19 20 21 22 23 34 38 39 43 23_399 .0000000001336467058406286257871389445018
.8120117187 -7601.5463867188 1 3 4 5 6 9 11 12 13 14 16 17 18 19 20 21 22 23 24 27 38 40 43 23_400 .0000000001162883373264004943366740419113
.8144531250 -7601.5439453125 1 2 3 4 7 8 9 10 11 12 14 15 16 17 18 20 22 26 27 28 45 46 47 23_401 .0000000001091620217490119995856712766742
.8154296875 -7601.5429687500 1 2 3 5 6 7 8 10 12 13 16 17 19 20 21 22 23 24 27 35 36 37 42 23_402 .0000000001064353112382196247568137558668
.8320312500 -7601.5263671875 1 2 3 4 5 6 7 9 10 11 18 19 20 21 22 23 24 29 30 34 38 39 40 23_403 .0000000000692351316201888895193833796619
.8334960937 -7601.5249023438 1 2 3 6 7 9 10 11 12 14 15 16 17 18 19 20 21 22 24 25 30 34 36 23_404 .0000000000666573077377846473506759218815
.8388671875 -7601.5195312500 1 2 3 5 6 7 9 10 11 12 13 15 16 19 20 21 22 23 27 35 36 41 42 23_405 .0000000000579996896941561090191937682829
.8447265625 -7601.5136718750 1 2 3 4 7 8 9 10 11 12 14 15 16 17 18 20 22 26 27 36 45 46 47 23_406 .0000000000498322680465466559256671401997
.8544921875 -7601.5039062500 1 4 5 6 7 8 9 10 11 12 13 15 16 17 20 21 22 24 25 26 29 40 44 23_407 .0000000000386947721543224490880815395732
.8588867187 -7601.4995117188 1 2 3 5 6 7 9 10 11 12 13 15 16 19 20 21 22 23 27 34 35 41 42 23_408 .0000000000345315467795838936525625532354
.8701171875 -7601.4882812500 1 2 3 4 5 6 7 9 11 13 18 19 20 21 22 23 24 29 30 34 38 39 40 23_409 .0000000000258154034956119841337555468970
.8828125000 -7601.4755859375 1 2 3 4 7 8 9 10 11 12 14 15 16 17 18 20 22 26 27 37 45 46 47 23_410 .0000000000185807418375437792525437207590
.8940429687 -7601.4643554688 1 2 4 5 6 7 8 10 11 12 13 15 16 17 18 21 22 23 31 41 42 44 48 23_411 .0000000000138907576914588279464315060039
.9028320313 -7601.4555664062 1 2 3 5 6 7 9 10 11 12 13 15 16 19 20 21 22 23 27 34 35 37 42 23_412 .0000000000110625032251711313075245186272
.9125976563 -7601.4458007812 1 2 5 6 7 8 9 10 11 12 15 16 17 18 19 20 22 23 24 25 31 35 39 23_413 .0000000000085900373098534601441287098365
.9179687500 -7601.4404296875 1 2 4 6 7 8 9 10 11 12 13 15 16 17 18 21 22 23 25 30 31 42 44 23_414 .0000000000074743417733453238863798718993
.9194335937 -7601.4389648438 1 2 4 6 7 8 9 10 11 12 13 15 16 17 18 21 22 23 25 30 42 44 45 23_415 .0000000000071960504452623588761915545279
.9208984375 -7601.4375000000 3 4 7 9 10 11 12 13 14 15 18 19 20 21 22 23 24 28 30 33 34 40 46 23_416 .0000000000069281206890075508596604246553
.9638671875 -7601.3945312500 1 2 3 4 7 8 9 10 11 13 15 16 17 18 20 21 22 26 32 34 36 37 45 23_417 .0000000000022763480187871110817316694656
.9804687500 -7601.3779296875 1 2 3 6 7 9 10 11 12 14 15 16 18 19 20 21 22 24 25 27 30 34 36 23_418 .0000000000014807421790813389038166802536
.9843750000 -7601.3740234375 1 2 4 5 6 7 8 10 11 12 13 15 16 17 18 21 22 23 30 31 41 42 44 23_419 .0000000000013382464605323337631143674222
.9887695313 -7601.3696289062 1 2 4 5 6 7 8 10 11 12 13 15 16 17 18 21 22 23 31 32 42 44 48 23_420 .0000000000011942626241726262889887329116
.9951171875 -7601.3632812500 1 2 4 6 7 8 9 10 11 12 13 15 16 17 18 21 22 23 30 31 41 42 44 23_421 .0000000000010131923620851231495002906735
1.0327148437 -7601.3256835938 1 2 3 4 6 7 8 9 10 11 12 13 16 17 18 21 22 26 27 32 34 37 45 23_422 .0000000000003825931773165037527819169490
1.0859375000 -7601.2724609375 1 2 3 4 5 6 7 8 10 11 12 13 14 15 17 22 23 24 26 27 32 35 40 23_423 .0000000000000963849347235783899544353815
1.1240234375 -7601.2343750000 1 2 4 7 8 9 10 11 13 14 15 16 18 20 21 23 24 27 28 33 34 37 41 23_424 .0000000000000359386329246442479229256116
1.1367187500 -7601.2216796875 1 2 3 4 5 6 7 8 10 11 12 14 15 17 22 23 24 26 27 32 35 40 42 23_425 .0000000000000258669774609786918954287359
1.1372070313 -7601.2211914062 1 2 3 4 5 6 7 9 10 13 17 18 19 20 22 23 24 29 34 38 40 43 48 23_426 .0000000000000255418744664754945639138558
1.1386718750 -7601.2197265625 1 2 3 4 6 7 8 10 11 13 14 15 16 18 19 20 23 24 27 28 33 37 41 23_427 .0000000000000245908767221186101092045061
1.1391601563 -7601.2192382812 3 4 7 9 10 11 13 14 16 18 19 20 21 22 23 24 28 30 32 33 34 40 47 23_428 .0000000000000242818120982413196283842516
1.1503906250 -7601.2080078125 1 2 4 6 7 8 9 10 11 12 13 15 16 17 18 19 22 30 36 42 43 44 45 23_429 .0000000000000181528149476076544466799372
1.1582031250 -7601.2001953125 1 2 4 5 6 7 8 9 10 11 12 13 15 16 17 18 19 30 36 42 43 44 45 23_430 .0000000000000148271367232916167175751661
1.1738281250 -7601.1845703125 1 2 3 4 5 6 7 9 10 13 16 17 18 19 20 22 23 24 26 27 29 34 52 23_431 .0000000000000098919956336691227947367401
1.1748046875 -7601.1835937500 1 2 3 4 6 7 8 9 10 11 13 14 18 19 20 22 23 27 37 41 43 45 46 23_432 .0000000000000096449077908930522038197529
1.1752929687 -7601.1831054688 1 2 3 4 6 7 8 10 11 13 14 15 18 19 20 23 24 27 28 33 37 41 46 23_433 .0000000000000095236880708410768508048116
1.2021484375 -7601.1562500000 1 2 3 4 6 7 8 9 10 11 13 14 18 19 20 22 23 27 33 37 41 43 46 23_434 .0000000000000047500116138242869676788145
1.2070312500 -7601.1513671875 1 2 3 4 5 6 7 8 9 11 12 14 15 16 17 22 24 26 32 35 40 46 47 23_435 .0000000000000041856748767726642000218584
1.2089843750 -7601.1494140625 1 2 3 4 5 7 8 9 11 12 14 15 16 17 22 24 30 32 35 40 41 46 47 23_436 .0000000000000039791821463817518863439057
1.2182617187 -7601.1401367188 1 4 5 6 7 8 9 10 11 12 15 16 17 20 22 23 24 28 29 31 35 39 42 23_437 .0000000000000031291643787329960326491821
1.2187500000 -7601.1396484375 1 2 3 4 5 7 10 12 14 15 16 17 18 22 23 24 25 27 29 30 34 40 43 23_438 .0000000000000030898362155816007653214986
1.2607421875 -7601.0976562500 2 3 4 5 6 7 10 12 14 16 17 18 19 20 22 23 25 27 28 29 34 39 43 23_439 .0000000000000010412248162826418795141839
1.2778320313 -7601.0805664062 1 2 3 4 6 7 8 9 11 13 18 19 20 21 22 23 27 32 37 38 41 45 46 23_440 .0000000000000006687940174336747673622601
1.2963867187 -7601.0620117188 1 2 3 4 6 7 8 9 10 11 13 16 17 18 21 22 26 27 32 35 37 43 45 23_441 .0000000000000004135818736264332572428767
1.3061523437 -7601.0522460938 2 4 5 7 8 9 10 11 12 13 14 15 17 19 22 24 26 28 42 44 45 47 48 23_442 .0000000000000003211464577968701329403949
1.3066406250 -7601.0517578125 1 3 4 5 6 7 9 10 12 13 16 17 18 19 20 22 23 24 26 27 29 34 52 23_443 .0000000000000003171102044208675809912909
1.3334960937 -7601.0249023438 2 3 4 5 6 7 10 12 14 16 17 18 19 20 22 23 25 27 29 34 38 43 45 23_444 .0000000000000001581611185245367940361583
1.3574218750 -7601.0009765625 1 4 5 8 9 10 11 12 13 14 15 16 17 20 21 23 24 25 26 33 38 44 48 23_445 .0000000000000000851033673875003089613841
1.4814453125 -7600.8769531250 1 3 4 5 6 7 9 10 12 13 16 18 19 20 22 23 24 26 27 29 34 37 52 23_446 .0000000000000000034256703631786251144317
1.4877929687 -7600.8706054688 1 3 4 7 9 11 13 14 16 18 20 21 22 23 24 28 30 32 33 34 36 38 40 23_447 .0000000000000000029062812288867647881500
1.5683593750 -7600.7900390625 1 2 3 4 5 6 7 8 10 12 15 16 17 19 22 23 27 29 34 38 39 41 45 23_448 .0000000000000000003605837615217920310727
1.6293945313 -7600.7290039062 1 3 4 9 11 13 14 16 18 20 21 22 23 24 28 30 32 33 34 35 36 38 40 23_449 .0000000000000000000741978657373986359403
1.6381835937 -7600.7202148438 1 2 4 6 7 9 10 11 13 17 18 20 21 22 26 27 32 35 37 40 43 45 48 23_450 .0000000000000000000590906667227942088731
1.6411132813 -7600.7172851562 1 2 3 4 5 7 9 10 11 13 14 15 18 20 21 22 23 24 28 30 48 50 58 23_451 .0000000000000000000547723507973567907155
1.6752929687 -7600.6831054688 2 5 7 8 10 11 12 13 14 15 17 18 19 21 23 25 30 31 36 41 42 45 47 23_452 .0000000000000000000225973296684645514198
1.7631835937 -7600.5952148438 1 2 4 6 7 8 9 10 11 12 16 17 19 23 24 25 26 29 31 32 36 46 48 23_453 .0000000000000000000023191662374841123684
1.8896484375 -7600.4687500000 2 3 4 5 6 7 9 10 12 17 18 20 21 22 26 27 32 35 37 38 43 47 48 23_454 .0000000000000000000000876326843372805571
2.0444335937 -7600.3139648438 1 2 3 4 5 6 7 8 10 12 13 16 21 23 30 32 36 41 42 43 46 47 57 23_455 .0000000000000000000000015900511923698536
