0 -7435.7900390625 1 2 3 4 5 6 7 8 9 10 11 12 13 14 15 16 17 18 19 20 21 22 23 24 25 26 27 28 29 30 31 32 33 34 35 36 37 38 39 40 41 42 43 44 45 46 47 48 49 49_1 .3189016787589801930269748368149919207723
.0297851563 -7435.7602539062 1 2 3 4 5 6 7 8 9 10 11 12 13 14 15 16 17 18 19 20 21 22 23 24 25 26 27 28 29 30 31 32 33 34 35 36 37 38 39 40 41 42 43 44 45 46 47 48 60 49_2 .1474309983242663483726932397808184565221
.0468750000 -7435.7431640625 1 2 3 4 5 6 7 8 9 10 11 12 13 14 15 16 17 18 19 20 21 22 23 24 25 26 27 28 29 30 31 32 33 34 35 36 37 38 39 40 41 42 43 44 45 46 47 48 56 49_3 .0946970993939347487051507524684098479805
.0473632813 -7435.7426757812 1 2 3 4 5 6 7 8 9 10 11 12 13 14 15 16 17 18 19 20 21 22 23 24 25 26 27 28 29 30 31 32 33 34 35 36 37 38 39 40 41 42 43 44 45 46 47 48 53 49_4 .0935069212747409848782680612080245148790
.0478515625 -7435.7421875000 1 2 3 4 5 6 7 8 9 10 11 12 13 14 15 16 17 18 19 20 21 22 23 24 25 26 27 28 29 30 31 32 33 34 35 36 37 38 39 40 41 42 43 44 45 46 47 48 51 49_5 .0923317018671952888690600302342438082468
.0493164063 -7435.7407226562 1 2 3 4 5 6 7 8 9 10 11 12 13 14 15 16 17 18 19 20 21 22 23 24 25 26 27 28 29 30 31 32 33 34 35 36 37 38 39 40 41 42 43 44 45 46 47 48 54 49_6 .0888939257476356788492007823665128196737
.0502929687 -7435.7397460938 1 2 3 4 5 6 7 8 9 10 11 12 13 14 15 16 17 18 19 20 21 22 23 24 25 26 27 28 29 30 31 32 33 34 35 36 37 38 39 40 41 42 43 44 45 46 47 48 52 49_7 .0866734833878280482733204190943409666982
.0556640625 -7435.7343750000 1 2 3 4 5 6 7 8 9 10 11 12 13 14 15 16 17 18 19 20 21 22 23 24 25 26 27 28 29 30 31 32 33 34 35 36 37 38 39 40 41 42 43 44 45 46 47 48 50 49_8 .0754161143288427456917891319251204889928
.3012695313 -7435.4887695312 1 2 3 4 5 6 7 8 9 10 11 12 13 14 15 16 17 18 19 20 21 22 23 24 25 26 27 28 29 30 31 32 33 34 35 36 37 38 39 40 41 42 43 44 45 46 47 49 52 49_9 .0001301746424446835566586709098430960865
.3037109375 -7435.4863281250 1 2 3 4 5 6 7 8 9 10 11 12 13 14 15 16 17 18 19 20 21 22 23 24 25 26 27 28 29 30 31 32 33 34 35 36 37 38 39 40 41 42 43 44 45 46 48 49 53 49_10 .0001221973545518972516575463583515690979
.3046875000 -7435.4853515625 1 2 3 4 5 6 7 8 9 10 11 12 13 14 15 16 17 18 19 20 21 22 23 24 25 26 27 28 29 30 31 32 33 34 35 36 37 38 39 40 41 42 43 44 45 46 47 49 58 49_11 .0001191450401507058283929100325101340347
.3085937500 -7435.4814453125 1 2 3 4 5 6 7 8 9 10 11 12 13 14 15 16 17 18 19 20 21 22 23 24 25 26 27 28 29 30 31 32 33 34 35 36 37 38 39 40 41 42 44 45 46 47 48 49 60 49_12 .0001076793992392286305165481758722612219
.3090820313 -7435.4809570312 1 2 3 4 5 6 7 8 9 10 11 12 13 14 15 16 17 18 19 20 21 22 23 24 25 26 27 28 29 30 31 32 33 34 35 36 37 38 39 40 41 42 43 44 45 46 47 58 60 49_13 .0001063260561518196839562965554175560844
.3125000000 -7435.4775390625 1 2 3 4 5 6 7 8 9 10 11 12 13 14 15 16 17 18 19 20 21 22 23 24 25 26 27 28 29 30 31 32 33 34 35 36 37 38 39 40 41 42 43 44 45 46 47 53 60 49_14 .0000973171271406256870610319131081589005
.3164062500 -7435.4736328125 1 2 3 4 5 6 7 8 9 10 11 12 13 14 15 16 17 18 19 20 21 22 23 24 25 26 27 28 29 30 31 32 33 34 35 36 37 38 39 40 41 42 43 44 45 46 47 55 60 49_15 .0000879520437689669658367568639002646563
.3183593750 -7435.4716796875 1 2 3 4 5 6 7 8 9 10 11 12 13 14 15 16 17 18 19 20 21 22 23 24 25 26 27 28 29 30 31 32 33 34 35 36 37 38 39 40 41 42 43 44 46 47 48 49 60 49_16 .0000836130881176101452405949750033931809
.3305664063 -7435.4594726562 1 2 3 4 5 6 7 8 9 10 11 12 13 14 15 16 17 18 19 20 21 22 23 24 25 26 27 28 29 30 31 32 33 34 35 36 37 38 39 40 41 42 44 45 46 47 48 49 51 49_17 .0000609468568250634707099566891541286662
.3330078125 -7435.4570312500 1 2 3 4 5 6 7 8 9 10 11 12 13 14 15 16 17 18 19 20 21 22 23 24 25 26 27 28 29 30 31 32 33 34 35 36 37 38 39 40 41 42 44 45 46 47 48 49 52 49_18 .0000572119464467955898231334295138708511
.3334960937 -7435.4565429688 1 2 3 4 5 6 7 8 9 10 11 12 13 14 15 16 17 18 19 20 21 22 23 24 25 26 27 28 29 30 31 32 33 34 35 36 37 38 40 41 42 43 44 45 46 47 48 49 51 49_19 .0000564928917619537543328768364844215730
.3364257813 -7435.4536132812 1 2 3 4 5 6 7 8 9 10 11 12 13 14 15 16 17 18 19 20 21 22 23 24 25 26 27 28 29 30 31 32 33 34 35 36 37 38 39 40 41 42 43 44 45 46 47 51 58 49_20 .0000523644199118374994522389108994551509
.3378906250 -7435.4521484375 1 2 3 4 5 6 7 8 9 10 11 12 13 14 15 16 17 18 19 20 21 22 23 24 25 26 27 28 29 30 31 32 33 34 35 36 37 38 39 41 42 43 44 45 46 47 48 49 55 49_21 .0000504147413443511468725014740469846036
.3383789063 -7435.4516601562 1 2 3 4 5 6 7 8 9 10 11 12 13 14 15 16 17 18 19 20 21 22 23 24 25 26 27 28 29 30 31 32 33 34 35 36 37 38 39 40 41 42 43 44 46 47 48 49 51 49_22 .0000497811155794979624468218563229664951
.3403320313 -7435.4497070312 1 2 3 4 5 6 7 8 9 10 11 12 13 14 15 16 17 18 19 20 21 22 23 24 25 26 27 28 29 30 31 32 33 34 35 36 37 38 39 40 41 42 43 45 46 47 48 49 60 49_23 .0000473252539130892212978848998297059360
.3413085937 -7435.4487304688 1 2 3 4 5 6 7 8 9 10 11 12 13 14 15 16 17 18 19 20 21 22 23 24 25 26 27 28 29 30 31 32 33 34 35 36 37 38 39 40 41 42 43 44 45 46 48 55 59 49_24 .0000461431371644645827103698413345346356
.3432617187 -7435.4467773438 1 2 3 4 5 6 7 8 9 10 11 12 13 14 15 16 17 18 19 20 21 22 23 24 25 26 27 28 29 30 31 32 33 34 35 36 37 38 39 40 41 42 43 44 45 46 47 50 51 49_25 .0000438667486100722880422885531572503604
.3437500000 -7435.4462890625 1 2 3 4 5 6 7 8 9 10 11 12 13 14 15 16 17 18 19 20 21 22 23 24 25 26 27 28 29 30 31 32 33 34 35 36 37 38 39 40 41 42 43 44 45 46 48 51 59 49_26 .0000433154197447741663826728314352721537
.3442382813 -7435.4458007812 1 2 3 4 5 6 7 8 9 10 11 12 13 14 15 16 17 18 19 20 21 22 23 24 25 26 27 28 29 30 31 32 33 34 35 36 37 38 39 40 41 42 43 44 46 47 48 49 57 49_27 .0000427710201260544227934594169998648615
.3447265625 -7435.4453125000 1 2 3 4 5 6 7 8 9 10 11 12 13 14 15 16 17 18 19 20 21 22 23 24 25 26 27 28 29 30 31 32 33 34 35 36 37 38 39 40 41 42 43 44 45 46 47 55 57 49_28 .0000422334627747116523170244695033802807
.3452148437 -7435.4448242188 1 2 3 4 5 6 7 8 9 10 11 12 13 14 15 16 17 18 19 20 21 22 23 24 25 26 27 28 29 30 31 32 33 34 35 36 38 39 40 41 42 43 44 45 46 47 48 49 52 49_29 .0000417026615845530437048933227842908586
.3461914063 -7435.4438476562 1 2 3 4 5 6 7 8 9 10 11 12 13 14 15 16 17 18 19 20 21 22 23 24 25 26 27 28 29 30 31 32 33 34 35 36 38 39 40 41 42 43 44 45 46 47 48 49 51 49_30 .0000406609888915588712256325716684187307
.3510742187 -7435.4389648438 1 2 3 4 5 6 7 8 9 10 11 12 13 14 15 16 17 18 19 20 21 22 23 24 25 26 27 28 29 30 31 32 33 34 35 36 37 38 39 40 41 42 43 44 46 47 48 49 52 49_31 .0000358301608386925374851575504466720279
.3530273437 -7435.4370117188 1 2 3 4 5 6 7 8 9 10 11 12 13 14 15 16 17 18 19 20 21 22 23 24 25 26 27 28 29 30 31 32 33 34 35 36 37 38 39 40 42 43 44 45 46 47 48 49 57 49_32 .0000340625443945716184233345987945629943
.3554687500 -7435.4345703125 1 2 3 4 5 6 7 8 9 10 11 12 13 14 15 16 17 18 19 20 21 22 23 24 25 26 27 28 29 30 31 32 33 34 35 36 37 38 39 40 41 43 44 45 46 47 48 49 51 49_33 .0000319751429723361794367174324842455145
.3564453125 -7435.4335937500 1 2 3 4 5 6 7 8 9 10 11 12 13 14 15 16 17 18 19 20 21 22 23 24 25 26 27 28 29 30 31 32 33 34 35 36 37 38 39 41 42 43 44 45 46 47 48 49 57 49_34 .0000311764498276890383872106627113564843
.3608398437 -7435.4291992188 1 2 3 4 5 6 7 8 9 10 11 12 13 14 15 16 17 18 19 20 21 22 23 24 25 26 27 28 29 30 31 32 33 34 35 36 37 38 39 41 42 43 44 45 46 47 48 59 60 49_35 .0000278221314071217370682493122521750855
.3613281250 -7435.4287109375 1 2 3 4 5 6 7 8 9 10 11 12 13 14 15 16 17 18 19 20 21 22 23 24 25 26 27 28 29 30 31 32 33 34 35 36 37 38 39 40 41 42 43 44 45 46 47 51 57 49_36 .0000274724555222000626141405594006240458
.3647460937 -7435.4252929688 1 2 3 4 5 6 7 8 9 10 11 12 13 14 15 16 17 18 19 20 21 22 23 24 25 26 27 28 29 30 31 32 34 35 36 37 38 39 40 41 42 43 44 45 46 47 48 49 50 49_37 .0000251447344487381541615619000752352214
.3666992187 -7435.4233398438 1 2 3 4 5 6 7 8 9 10 11 12 13 14 15 16 17 18 19 20 21 22 23 24 25 26 27 28 29 30 31 32 33 34 35 36 37 38 39 40 41 42 43 44 45 46 48 50 51 49_38 .0000239042642679108781903462482093463623
.3671875000 -7435.4228515625 1 2 3 4 5 6 7 8 9 10 11 12 13 14 15 16 17 18 19 20 21 22 23 24 25 26 27 28 29 30 31 32 33 34 35 36 37 38 39 40 41 42 43 45 46 47 48 49 58 49_39 .0000236038291704350723247277992981436585
.3691406250 -7435.4208984375 1 2 3 4 5 6 7 8 9 10 11 12 13 14 15 16 17 18 19 20 21 22 23 24 25 26 27 28 29 30 31 32 33 34 35 36 37 39 40 41 42 43 44 45 46 47 48 51 59 49_40 .0000224393767758807490455461504499816907
.3740234375 -7435.4160156250 1 2 3 4 5 6 7 8 9 10 11 12 13 14 15 16 17 18 19 20 21 22 23 24 25 26 27 28 29 30 31 32 33 34 35 36 38 39 40 41 42 43 44 45 46 47 48 55 60 49_41 .0000197734117844863196373473170295874182
.3750000000 -7435.4150390625 1 2 3 4 5 6 7 8 9 10 11 12 13 14 15 16 17 18 19 20 21 22 23 24 25 26 27 28 29 30 31 32 33 34 35 36 37 38 39 40 41 42 44 45 46 47 48 53 56 49_42 .0000192795003592202092542475229125973031
.3754882813 -7435.4145507812 1 2 3 4 5 6 7 8 9 10 11 12 13 14 15 16 17 18 19 20 21 22 23 24 25 26 28 29 30 31 32 33 34 35 36 37 38 39 40 41 42 43 44 45 46 47 48 49 53 49_43 .0000190371905142155810256012241642814313
.3759765625 -7435.4140625000 1 2 3 4 5 6 7 8 9 10 11 12 13 14 15 16 17 18 19 20 21 22 23 24 25 26 28 29 30 31 32 33 34 35 36 37 38 39 40 41 42 43 44 45 46 47 48 49 55 49_44 .0000187979261319383028863706732391778504
.3828125000 -7435.4072265625 1 2 3 4 5 6 7 8 9 10 11 12 13 14 15 16 17 18 19 20 21 22 23 24 26 27 28 29 30 31 32 33 34 35 36 37 38 39 40 41 42 43 44 45 46 47 48 49 59 49_45 .0000157474082453851667220794215408542364
.3837890625 -7435.4062500000 1 2 3 4 5 6 7 8 9 10 11 12 13 14 15 16 17 18 19 20 21 22 23 24 25 26 27 28 29 30 31 32 33 34 35 36 37 38 39 40 41 42 44 45 46 47 48 50 53 49_46 .0000153540606058631012502258295907678652
.3842773437 -7435.4057617188 1 2 3 4 5 6 7 8 9 10 11 12 13 14 15 16 17 18 19 20 21 22 23 24 25 26 27 28 29 30 31 32 33 34 35 36 37 38 39 40 41 42 44 45 46 47 48 50 51 49_47 .0000151610867621876655003405891549422872
.3847656250 -7435.4052734375 1 2 3 4 5 6 7 8 9 10 11 12 13 14 15 16 17 18 19 20 21 22 23 24 25 26 27 28 29 31 32 33 34 35 36 37 38 39 40 41 42 43 44 45 46 47 48 49 51 49_48 .0000149705382253999620429692032145542633
.3867187500 -7435.4033203125 1 2 3 4 5 6 7 8 9 10 11 12 13 14 15 16 17 18 19 20 21 22 23 24 25 26 27 28 29 30 31 32 33 34 35 36 37 38 39 41 42 43 44 45 46 47 48 53 55 49_49 .0000142319936884750366978978465002921868
.3891601563 -7435.4008789062 1 2 3 4 5 6 7 8 9 10 11 12 13 14 15 16 17 18 19 20 21 22 23 24 25 26 27 28 29 30 31 32 33 34 35 36 38 39 40 41 42 43 44 45 46 47 48 53 55 49_50 .0000133598367667125219941428486414870464
.3901367187 -7435.3999023438 1 2 3 4 5 6 7 8 9 10 11 12 13 14 15 16 17 18 19 20 21 22 23 24 25 26 27 28 29 30 31 32 33 34 35 36 38 39 40 41 42 43 44 45 46 47 48 55 59 49_51 .0000130261272671327614040199552758328875
.3916015625 -7435.3984375000 1 2 3 4 5 6 7 8 9 10 11 12 13 14 15 16 17 18 19 20 21 22 23 24 25 26 27 28 29 30 31 32 33 34 35 36 38 39 40 41 42 43 44 45 46 47 48 51 59 49_52 .0000125411269005879789232064443663874556
.3920898437 -7435.3979492188 1 2 3 4 5 6 7 8 9 10 11 12 13 14 15 16 17 18 19 20 21 22 23 24 25 26 27 28 29 30 31 32 33 34 35 36 38 39 40 41 42 43 44 45 46 47 48 51 55 49_53 .0000123835067423671807222280271537200815
.3935546875 -7435.3964843750 1 2 3 4 5 6 7 8 9 10 11 12 13 14 15 16 17 18 19 20 21 22 23 24 25 26 27 28 29 30 31 32 33 34 35 36 38 39 40 41 42 43 44 45 46 47 48 52 55 49_54 .0000119224329952748972975933693290799623
.3989257813 -7435.3911132812 1 2 3 4 5 6 7 8 9 10 11 12 13 14 15 16 17 18 19 20 21 22 23 24 25 26 27 28 29 30 31 32 33 34 35 36 37 38 39 40 42 43 44 45 46 47 48 52 56 49_55 .0000103739175432274081299805096147064522
.3994140625 -7435.3906250000 1 2 3 4 5 6 7 8 9 10 11 12 13 14 15 16 17 18 19 20 21 22 23 24 25 26 27 28 29 30 31 32 33 34 35 36 37 38 39 40 42 43 44 45 46 47 48 55 56 49_56 .0000102435354382144721473049678973172296
.4023437500 -7435.3876953125 1 2 3 4 5 6 7 8 9 10 11 12 13 14 15 16 17 18 19 20 21 22 23 24 25 26 27 28 29 30 31 32 33 34 35 36 37 38 39 41 42 43 44 45 46 47 48 55 57 49_57 .0000094949430933383787816162278124221545
.4042968750 -7435.3857421875 1 2 3 4 5 6 7 8 9 10 11 12 13 14 15 16 17 18 19 20 21 22 23 24 25 26 27 28 29 30 31 32 33 34 35 37 38 39 40 41 42 43 44 45 46 47 48 50 59 49_58 .0000090265271790661474250667014422541435
.4062500000 -7435.3837890625 1 2 3 4 5 6 7 8 9 10 11 12 13 14 15 16 17 18 19 20 21 22 23 24 25 26 27 28 29 30 32 33 34 35 36 37 38 39 40 41 42 43 44 45 46 47 48 55 58 49_59 .0000085812197201671167959767752176073335
.4082031250 -7435.3818359375 1 2 3 4 5 6 7 8 9 10 11 12 13 14 15 16 17 18 19 20 21 22 23 24 25 26 27 28 29 30 31 32 33 34 35 37 38 39 40 41 42 43 44 45 46 47 48 50 53 49_60 .0000081578807026207024826714340204674143
.4116210937 -7435.3784179688 1 2 3 4 5 6 7 8 9 10 11 12 13 14 15 16 17 18 19 20 21 22 23 24 25 26 28 29 30 31 32 33 34 35 36 37 38 39 40 41 42 43 44 45 46 47 48 56 58 49_61 .0000074666694342674416644091332225866000
.4140625000 -7435.3759765625 1 2 3 4 5 6 7 8 9 10 11 12 13 14 15 16 17 18 19 20 21 22 23 24 25 26 28 29 30 31 32 33 34 35 36 37 38 39 40 41 42 43 44 45 46 47 48 52 56 49_62 .0000070091012556866427205030132307382515
.4145507813 -7435.3754882812 1 2 3 4 5 6 7 8 9 10 11 12 13 14 15 16 17 18 19 20 21 22 23 24 25 26 27 28 29 30 31 32 33 34 35 36 37 38 39 40 41 43 44 45 46 47 48 55 58 49_63 .0000069210090226285932328811681213372175
.4169921875 -7435.3730468750 1 2 3 4 5 6 7 8 9 10 11 12 13 14 15 16 17 18 19 20 21 22 23 24 25 26 27 28 29 30 31 32 33 34 35 36 37 38 39 40 41 42 43 44 45 47 48 53 55 49_64 .0000064968797110728408915674766050881641
.4174804687 -7435.3725585938 1 2 3 4 5 6 7 8 9 10 11 12 13 14 15 16 17 18 19 20 21 22 23 24 25 26 27 29 30 31 32 33 34 35 36 37 38 39 40 41 42 43 44 45 46 47 48 53 56 49_65 .0000064152252300905310985605316547018290
.4189453125 -7435.3710937500 1 2 3 4 5 6 7 8 9 10 11 12 13 14 15 16 17 18 19 20 21 22 23 24 25 26 27 28 29 30 31 32 33 34 35 36 37 38 39 40 41 43 44 45 46 47 48 51 55 49_66 .0000061763678533541755047252036045489926
.4208984375 -7435.3691406250 1 2 3 4 5 6 7 8 9 10 11 12 13 14 15 16 17 18 19 20 21 22 23 24 25 26 27 28 30 31 32 33 34 35 36 37 38 39 40 41 42 43 44 45 46 47 48 55 58 49_67 .0000058716678707981651424233963614652099
.4248046875 -7435.3652343750 1 2 3 4 5 6 7 8 9 10 11 12 13 14 15 16 17 18 19 20 21 22 23 24 25 26 28 29 30 31 32 33 34 35 36 37 38 39 40 41 42 43 44 45 46 47 48 50 56 49_68 .0000053066218120375661485107175511702006
.4267578125 -7435.3632812500 1 2 3 4 5 6 7 8 9 10 11 12 13 14 15 16 17 18 19 20 21 22 23 24 25 26 27 28 29 31 32 33 34 35 36 37 38 39 40 41 42 43 44 45 46 47 48 53 55 49_69 .0000050448291837566757731119608385960249
.4438476563 -7435.3461914062 1 2 3 4 5 6 7 8 9 10 11 12 13 14 15 16 17 18 19 20 21 22 23 24 25 26 27 28 29 30 31 32 33 34 35 36 37 38 39 40 41 42 43 45 46 47 48 53 58 49_70 .0000032403680015204418267022828138571055
.4511718750 -7435.3388671875 1 2 3 4 5 6 7 8 9 10 11 12 13 14 15 16 17 18 19 20 21 22 23 24 25 26 27 28 30 31 32 33 34 35 36 37 38 39 40 41 42 43 44 45 46 47 48 50 55 49_71 .0000026804059006039642676158432557172694
.5273437500 -7435.2626953125 1 2 3 4 5 6 7 8 9 10 11 12 13 14 15 16 17 18 19 20 21 22 23 25 26 27 28 29 30 31 32 33 34 35 36 37 38 39 40 41 42 43 44 45 46 47 48 49 54 49_72 .0000003726536299244188828638437516630918
.5625000000 -7435.2275390625 1 2 3 4 5 6 7 8 9 10 11 13 14 15 16 17 18 19 20 21 22 23 24 25 26 27 28 29 30 31 32 33 34 35 36 37 38 39 40 41 42 43 44 45 46 47 48 49 59 49_73 .0000001499047033474661381550960273297838
.6030273437 -7435.1870117188 1 2 3 4 5 6 7 8 9 10 11 12 13 14 15 16 17 18 19 20 21 22 23 24 25 26 27 28 29 30 31 32 33 34 35 36 37 38 39 40 41 42 44 45 46 47 49 55 60 49_74 .0000000524690335890172767904841594206365
.6113281250 -7435.1787109375 1 2 3 4 5 6 7 8 9 10 11 12 13 14 15 16 17 18 19 20 21 22 23 24 25 26 27 28 29 30 31 32 33 34 35 36 37 38 39 40 41 42 43 44 45 46 52 57 60 49_75 .0000000423178367085465177842203512830834
.6210937500 -7435.1689453125 1 2 3 4 5 6 7 8 9 10 12 13 14 15 16 17 18 19 20 21 22 23 24 25 26 27 28 29 30 31 32 33 34 35 36 37 38 39 40 41 42 43 44 45 46 47 48 55 59 49_76 .0000000328598138052138367664500885345226
.6372070313 -7435.1528320312 1 2 3 4 5 6 7 8 9 10 11 12 13 14 15 16 17 18 19 20 21 22 23 24 25 26 27 28 29 30 31 32 33 34 35 36 37 38 39 40 41 42 44 45 46 47 55 58 60 49_77 .0000000216470541430836112815718205694736
.6425781250 -7435.1474609375 1 2 3 4 5 6 7 8 9 10 11 12 13 14 15 16 17 18 19 20 21 22 23 24 25 26 27 28 29 30 31 32 33 34 36 37 39 40 41 42 43 44 45 46 47 48 49 51 54 49_78 .0000000188354805940043057054455724615240
.6430664063 -7435.1469726562 1 2 3 4 5 6 7 8 9 10 11 12 13 14 15 16 17 18 19 20 21 22 23 24 25 26 27 28 29 30 31 32 33 34 35 36 37 38 39 40 41 42 44 45 46 47 52 55 60 49_79 .0000000185987513065081091254160877715341
.6455078125 -7435.1445312500 1 2 3 4 5 6 7 8 9 10 11 12 13 14 15 16 17 18 19 20 21 22 23 24 25 26 27 28 29 30 31 32 33 34 36 37 38 39 40 41 42 43 44 45 46 47 49 51 54 49_80 .0000000174589932796604611957671276417037
.6479492187 -7435.1420898438 1 2 3 4 5 6 7 8 9 10 11 12 13 14 15 16 17 18 19 20 21 22 23 24 25 27 28 29 30 31 32 33 34 35 36 37 38 39 40 41 42 43 44 45 46 48 49 50 51 49_81 .0000000163890812515229029245146934954409
.6508789063 -7435.1391601562 1 2 3 4 5 6 7 8 9 10 11 12 13 14 15 16 17 18 19 20 21 22 23 24 25 26 27 28 29 30 31 32 33 34 35 36 37 39 40 41 42 43 44 45 46 47 55 59 60 49_82 .0000000151913755139357788791500106939896
.6552734375 -7435.1347656250 1 2 3 4 5 6 7 8 9 10 11 12 13 14 15 16 17 18 19 20 21 22 23 24 25 26 27 28 29 30 31 32 33 34 35 36 38 39 40 41 42 43 44 45 46 47 55 59 60 49_83 .0000000135569138930076266752075785988237
.6616210937 -7435.1284179688 1 2 3 4 5 6 7 8 9 10 11 12 13 14 15 16 17 18 19 20 21 22 23 24 25 26 27 28 29 30 31 32 33 34 35 36 37 38 39 40 41 42 44 45 46 47 51 55 58 49_84 .0000000115014581649132860430007785430082
.6669921875 -7435.1230468750 1 2 3 4 5 6 7 8 9 10 11 12 13 14 15 16 17 18 19 20 21 22 23 24 25 27 28 29 30 31 32 33 34 35 36 37 38 39 41 42 43 44 45 46 47 48 49 50 60 49_85 .0000000100076199779841146896129463750411
.6684570313 -7435.1215820312 1 2 3 4 5 6 7 8 9 10 11 12 13 14 15 16 17 18 19 20 21 22 23 24 25 26 27 28 29 30 31 32 33 34 35 37 39 40 41 42 43 44 45 46 47 48 49 50 51 49_86 .0000000096350073619681533409347255023717
.6694335937 -7435.1206054688 1 2 3 4 5 6 7 8 9 10 11 12 13 14 15 16 17 18 19 20 21 22 23 24 25 26 27 28 29 30 31 32 33 34 35 36 37 39 40 41 43 44 45 46 47 48 49 50 56 49_87 .0000000093943387414337353552216813472211
.6704101563 -7435.1196289062 1 2 3 4 5 6 7 8 9 10 11 12 13 14 15 16 17 18 19 20 21 22 23 24 25 26 27 28 29 30 31 32 33 34 35 37 38 39 41 42 43 44 45 46 47 48 49 50 59 49_88 .0000000091596816293007893314568718106081
.6713867187 -7435.1186523438 1 2 3 4 5 6 7 8 9 10 11 12 13 14 15 16 17 18 19 20 21 22 23 24 25 27 28 29 30 31 32 33 34 35 36 38 39 40 41 42 43 44 45 46 47 48 49 50 60 49_89 .0000000089308859616441362719073337672192
.6738281250 -7435.1162109375 1 2 3 4 5 6 7 8 9 10 11 12 13 14 15 16 17 18 19 20 21 22 23 24 25 26 27 28 29 30 31 32 33 34 35 36 38 39 40 41 42 43 44 45 46 48 51 59 60 49_90 .0000000083835885007671553466090910475992
.6752929687 -7435.1147460938 1 2 3 4 5 6 7 8 9 10 11 12 13 14 15 16 17 18 19 20 21 22 23 24 25 26 27 28 29 30 31 32 34 35 36 37 38 39 40 41 42 43 44 45 46 47 52 57 60 49_91 .0000000080714432913656138433041213719107
.6787109375 -7435.1113281250 1 2 3 4 5 6 7 8 9 10 11 12 13 14 15 16 17 18 19 20 21 22 23 24 25 27 28 29 30 31 32 33 34 35 36 37 39 40 41 42 43 44 45 46 47 48 49 50 51 49_92 .0000000073875557825445302986034462172273
.6860351563 -7435.1040039062 1 2 3 4 5 6 7 8 9 10 11 12 13 14 15 16 17 18 19 20 21 22 23 24 25 26 27 29 30 31 32 33 34 35 36 37 38 39 40 41 42 43 44 46 47 48 49 58 60 49_93 .0000000061109256880668906063894705195183
.6938476563 -7435.0961914062 1 2 3 4 5 6 7 8 9 10 11 12 13 14 15 16 17 18 19 20 21 22 23 24 25 26 27 28 29 30 32 33 34 35 36 37 38 39 40 41 42 43 44 45 46 47 50 51 54 49_94 .0000000049913763206617044056080663562049
.7026367187 -7435.0874023438 1 2 3 4 5 6 7 8 9 10 11 12 13 14 15 16 17 18 19 20 21 22 23 24 25 26 27 29 30 31 32 33 34 36 37 38 39 40 41 42 43 44 45 46 47 48 49 50 51 49_95 .0000000039750975546403667865889800088390
.7060546875 -7435.0839843750 1 2 3 4 5 6 7 8 9 10 11 12 13 14 15 16 17 18 19 20 21 22 23 24 25 27 29 30 31 32 33 34 35 36 37 38 39 40 41 42 43 44 45 46 47 48 49 50 59 49_96 .0000000036382904352901132579077032515137
.7104492187 -7435.0795898438 1 2 3 4 5 6 7 8 9 10 11 12 13 14 15 16 17 18 19 20 21 22 23 24 25 27 28 29 31 32 33 34 35 36 37 38 39 40 41 42 43 44 45 46 47 48 49 50 60 49_97 .0000000032468416111321871559801747885586
.7158203125 -7435.0742187500 1 2 3 4 5 6 7 8 9 10 11 12 13 14 15 16 17 18 19 20 21 22 23 24 25 27 28 29 30 32 33 34 35 36 37 38 39 40 41 42 43 44 45 46 47 48 49 51 55 49_98 .0000000028251336923557452956894488834489
.7192382813 -7435.0708007812 1 2 3 4 5 6 7 8 9 10 11 12 13 14 15 16 17 18 19 20 21 22 23 24 25 26 27 28 29 30 31 32 33 34 35 36 38 39 40 41 42 43 44 45 46 48 50 51 54 49_99 .0000000025857621731358176505328079286776
.7207031250 -7435.0693359375 1 2 3 4 5 6 7 8 9 10 11 12 13 14 15 16 17 18 19 20 21 22 23 24 25 26 27 28 29 31 32 33 34 35 36 37 38 39 40 41 42 43 44 45 46 47 51 57 60 49_100 .0000000024894867804537690702788259423514
.7211914063 -7435.0688476562 1 2 3 4 5 6 7 8 9 10 11 12 13 14 15 16 17 18 19 20 21 22 23 24 25 26 27 29 30 31 32 33 34 35 36 37 38 39 40 41 42 44 45 46 47 48 49 50 59 49_101 .0000000024581982540566450407404565149287
.7231445313 -7435.0668945312 1 2 3 4 5 6 7 8 9 10 11 12 13 14 15 16 17 18 19 20 21 22 23 24 25 26 27 28 29 30 31 32 33 34 35 36 37 38 39 40 42 43 44 45 46 48 50 51 54 49_102 .0000000023369274711444013369820063182376
.7246093750 -7435.0654296875 1 2 3 4 5 6 7 8 9 10 11 12 13 14 15 16 17 18 19 20 21 22 23 24 25 26 27 28 29 30 31 32 33 34 35 36 37 39 40 41 43 44 45 46 47 48 51 55 56 49_103 .0000000022499169129842729648074717390973
.7270507813 -7435.0629882812 1 2 3 4 5 6 7 8 9 10 11 12 13 14 15 16 17 18 19 20 21 22 23 24 25 26 27 28 29 30 31 32 33 34 35 36 38 39 41 42 43 44 45 46 47 48 50 58 59 49_104 .0000000021120387876841736896768289591711
.7294921875 -7435.0605468750 1 2 3 4 5 6 7 8 9 10 11 12 13 14 15 16 17 18 19 20 21 22 23 24 25 26 27 28 29 30 31 32 33 35 37 38 39 40 41 42 43 44 45 46 47 48 49 50 59 49_105 .0000000019826100361725452835858271101191
.7314453125 -7435.0585937500 1 2 3 4 5 6 7 8 9 10 11 12 13 14 15 16 17 18 19 20 21 22 23 24 25 26 27 28 29 30 31 32 33 34 35 36 37 38 39 41 43 44 45 46 47 48 52 59 60 49_106 .0000000018848015413127258892948223599080
.7324218750 -7435.0576171875 1 2 3 4 5 6 7 8 9 10 11 12 13 14 15 16 17 18 19 20 21 22 23 24 25 26 27 28 29 30 31 33 34 35 36 37 38 39 40 41 42 43 44 45 46 48 56 57 59 49_107 .0000000018377219060044727891088288691592
.7373046875 -7435.0527343750 1 2 3 4 5 6 7 8 9 10 11 12 13 14 15 16 17 18 19 20 21 22 23 24 25 27 29 30 31 32 33 34 35 36 37 38 39 40 41 42 43 44 45 46 47 48 49 50 55 49_108 .0000000016193868642490954127975247551905
.7387695313 -7435.0512695312 1 2 3 4 5 6 7 8 9 10 11 12 13 14 15 16 17 18 19 20 21 22 23 24 25 26 27 28 29 30 31 32 33 34 35 37 38 39 41 42 43 44 45 46 47 48 50 58 59 49_109 .0000000015590924109068246545735701590986
.7397460937 -7435.0502929688 1 2 3 4 5 6 7 8 9 10 11 12 13 14 15 16 17 18 19 20 21 22 23 24 25 26 27 28 29 30 32 33 34 35 36 37 38 39 40 42 43 44 45 46 47 48 50 51 60 49_110 .0000000015201485257885077416977585899822
.7407226563 -7435.0493164062 1 2 3 4 5 6 7 8 9 10 11 12 13 14 15 16 17 18 19 20 21 22 23 24 25 27 28 29 30 31 32 33 35 36 37 38 39 40 41 42 43 44 45 46 47 48 49 51 55 49_111 .0000000014821773952073418022736921820153
.7446289063 -7435.0454101562 1 2 3 4 5 6 7 8 9 10 11 12 13 14 15 16 17 18 19 20 21 22 23 24 25 26 27 29 30 31 32 33 34 36 37 38 39 40 41 42 43 44 45 46 47 48 49 51 56 49_112 .0000000013395435620317412450410185070334
.7451171875 -7435.0449218750 1 2 3 4 5 6 7 8 9 10 11 12 13 14 15 16 17 18 19 20 21 22 23 24 25 26 27 29 30 32 33 34 35 36 37 38 39 40 41 42 43 44 45 46 47 48 49 50 51 49_113 .0000000013227078286989419725664770698971
.7504882813 -7435.0395507812 1 2 3 4 5 6 7 8 9 10 11 12 13 14 15 16 17 18 19 20 21 22 23 24 25 26 27 28 29 30 32 33 34 35 36 37 38 40 41 42 43 44 45 46 47 48 50 51 53 49_114 .0000000011509112237529337545588654193349
.7514648437 -7435.0385742188 1 2 3 4 5 6 7 8 9 10 11 12 13 14 15 16 17 18 19 20 21 22 23 24 26 27 28 29 30 31 32 34 35 36 37 38 39 40 41 42 43 44 45 46 47 48 49 51 55 49_115 .0000000011221631173766437873051573348454
.7548828125 -7435.0351562500 1 2 3 4 5 6 7 8 9 10 11 12 13 14 15 16 17 18 19 20 21 22 23 24 25 26 27 29 30 32 33 34 35 36 37 38 39 40 41 42 43 44 45 46 47 48 49 51 55 49_116 .0000000010270830541053609339226509508356
.7583007813 -7435.0317382812 1 2 3 4 5 6 7 8 9 10 11 12 13 14 15 16 17 18 19 20 21 22 23 24 25 26 27 28 29 30 32 33 34 35 36 37 38 39 40 41 42 43 45 46 47 48 50 58 60 49_117 .0000000009400590553149755435224282288326
.7607421875 -7435.0292968750 1 2 3 4 5 6 7 8 9 10 11 12 13 14 15 16 17 18 19 20 21 22 23 24 25 26 27 28 29 30 31 32 34 35 37 38 39 40 41 42 43 44 45 46 47 48 51 54 58 49_118 .0000000008824508946192012928400025010072
.7670898437 -7435.0229492188 1 2 3 4 5 6 7 8 9 10 11 12 13 14 15 16 17 18 19 20 21 22 23 24 25 26 27 28 29 30 32 33 34 35 36 37 38 40 41 42 43 44 45 46 47 48 50 54 55 49_119 .0000000007486565251615216337956147227277
.7714843750 -7435.0185546875 1 2 3 4 5 6 7 8 9 10 11 12 13 14 15 16 17 18 19 20 21 22 23 24 25 26 27 28 29 30 31 32 33 34 35 37 38 39 40 42 43 44 45 46 47 48 50 51 55 49_120 .0000000006681075068845707722406600988265
.7792968750 -7435.0107421875 1 2 3 4 5 6 7 8 9 10 11 12 13 14 15 16 17 18 19 20 21 22 23 24 25 26 27 28 29 30 31 33 34 35 37 38 39 40 41 42 43 44 45 46 47 48 54 56 59 49_121 .0000000005457071742881698945071946688501
.7802734375 -7435.0097656250 1 2 3 4 5 6 7 8 9 10 11 12 13 14 15 16 17 18 19 20 21 22 23 24 25 26 27 28 29 30 31 33 34 35 37 38 39 40 41 42 43 44 45 46 47 48 54 55 58 49_122 .0000000005320761928890934646670587746383
.7861328125 -7435.0039062500 1 2 3 4 5 6 7 8 9 10 11 12 13 14 15 16 17 18 19 20 21 22 23 24 25 26 27 28 29 30 31 33 34 35 37 38 39 40 41 42 43 44 45 46 47 48 51 54 58 49_123 .0000000004571500917513857420351957965039
.7924804687 -7434.9975585938 1 2 3 4 5 6 7 8 9 10 11 12 13 14 15 16 17 18 19 20 21 22 23 24 25 26 27 28 29 30 31 32 33 35 36 37 38 39 40 41 42 43 44 45 47 48 49 50 59 49_124 .0000000003878384635958147323317306127695
.7949218750 -7434.9951171875 1 2 3 4 5 6 7 8 9 10 11 12 13 14 15 16 17 18 19 20 21 22 23 24 25 26 27 28 29 30 32 33 34 35 36 37 38 39 41 42 43 44 45 46 47 48 50 57 59 49_125 .0000000003640711680253602494963327516365
.8007812500 -7434.9892578125 1 2 3 4 5 6 7 8 9 10 11 12 13 14 15 16 17 18 19 20 21 22 23 24 25 26 27 28 29 30 32 33 34 35 36 37 38 39 41 42 43 44 45 46 47 48 52 57 59 49_126 .0000000003128032603058403309293634837647
.9448242187 -7434.8452148438 1 2 3 4 5 6 7 8 9 10 11 12 13 14 15 16 17 18 19 20 21 22 23 24 25 26 27 28 29 30 31 32 33 34 35 36 37 39 40 41 42 43 44 45 46 49 51 52 57 49_127 .0000000000074965330319968766839730775844
.9467773437 -7434.8432617188 1 2 3 4 5 7 8 9 10 11 12 13 14 15 16 17 18 19 20 21 22 23 24 25 26 27 28 29 30 31 32 33 34 35 36 37 38 39 40 41 42 43 45 46 47 48 50 58 60 49_128 .0000000000071267050783655954878962970244
.9843750000 -7434.8056640625 1 2 3 4 5 6 7 8 9 11 12 13 14 15 16 17 18 19 20 21 22 23 24 25 26 27 28 29 30 31 32 33 34 35 36 37 38 39 40 41 43 44 45 46 47 48 55 57 59 49_129 .0000000000026911264185366152101053387867
.9926757813 -7434.7973632812 1 2 3 4 5 6 7 8 9 10 11 12 13 14 15 16 17 18 19 20 21 22 23 24 25 26 27 28 29 30 31 32 33 34 35 36 37 39 40 42 43 44 45 47 48 49 50 59 60 49_130 .0000000000021704735260366183911880620533
1.0024414063 -7434.7875976562 1 2 3 4 5 6 7 8 9 10 11 13 14 15 16 17 18 19 20 21 22 23 24 25 26 27 28 30 31 32 33 34 35 36 37 38 39 40 41 42 43 44 45 46 47 48 53 55 59 49_131 .0000000000016853733905614592376189754762
1.0039062500 -7434.7861328125 1 2 3 4 5 6 7 8 9 10 11 12 13 14 15 16 17 18 19 20 21 22 23 24 25 26 27 28 30 31 32 33 34 35 36 37 38 39 40 41 42 43 44 45 46 52 56 57 58 49_132 .0000000000016226220723319859426616563120
1.0146484375 -7434.7753906250 1 2 3 4 5 6 7 8 9 10 11 12 13 14 15 16 17 18 19 20 21 22 23 24 25 26 28 29 30 31 32 33 34 35 36 37 38 39 40 41 42 44 45 46 47 49 50 56 59 49_133 .0000000000012284944057192076089484241832
1.0170898437 -7434.7729492188 1 2 3 4 6 7 8 9 10 11 12 13 14 15 16 17 18 19 20 21 22 23 24 25 26 27 28 29 30 31 32 33 34 35 36 37 38 39 40 41 43 44 45 46 47 48 50 52 55 49_134 .0000000000011532105150546799243171547596
1.0239257813 -7434.7661132812 1 2 3 4 5 6 7 8 9 10 11 12 13 14 15 16 17 18 19 20 21 22 23 24 25 26 27 28 30 31 32 33 34 35 36 37 38 39 40 41 42 43 44 45 46 51 52 56 57 49_135 .0000000000009660680970302602138509064970
1.0327148437 -7434.7573242188 1 2 3 4 5 6 7 8 9 10 11 12 13 14 15 16 17 18 19 20 21 22 23 24 25 26 27 28 29 31 32 33 34 35 36 37 39 40 41 42 43 44 45 47 48 49 50 59 60 49_136 .0000000000007693699459655176791390137070
1.0341796875 -7434.7558593750 1 2 3 4 5 6 7 8 9 10 11 12 13 14 15 16 17 18 19 20 21 22 23 24 25 26 28 29 30 31 32 33 34 35 36 37 38 39 40 41 42 44 45 46 47 50 51 58 59 49_137 .0000000000007407240792278783116469590760
1.0361328125 -7434.7539062500 1 2 3 4 5 6 7 8 9 10 11 12 13 14 15 16 17 18 19 20 21 22 23 24 25 26 27 28 29 30 31 32 33 35 36 37 38 39 40 41 42 43 44 45 46 49 51 56 57 49_138 .0000000000007041817910451914415303732515
1.0400390625 -7434.7500000000 1 2 3 4 5 6 7 8 9 10 11 12 13 14 15 16 17 18 19 20 21 22 23 24 26 27 28 29 30 31 32 33 34 35 36 38 39 40 41 42 43 44 45 46 47 55 56 59 60 49_139 .0000000000006364165232479552856866444527
1.0415039063 -7434.7485351562 1 2 3 4 5 6 7 8 9 10 11 12 13 14 15 16 17 18 19 20 21 22 23 24 25 26 27 28 29 30 32 33 34 35 36 37 38 40 41 42 43 44 45 46 48 49 50 53 54 49_140 .0000000000006127208967028942523883481191
1.0473632813 -7434.7426757812 1 2 3 4 5 6 7 8 9 10 11 12 13 14 15 16 17 18 19 20 21 22 23 24 25 26 28 29 30 31 32 33 34 35 36 37 38 39 40 41 42 44 45 46 47 50 51 56 59 49_141 .0000000000005264385399857665265016630216
1.0483398437 -7434.7416992188 1 2 3 4 5 6 7 8 9 10 11 12 13 14 15 16 17 18 19 20 21 22 23 24 25 26 27 28 29 31 32 33 34 35 36 38 39 40 41 42 43 44 45 46 48 49 53 55 59 49_142 .0000000000005132888627250480777631493997
1.0488281250 -7434.7412109375 1 2 3 4 5 6 7 8 9 10 11 12 13 14 15 16 17 18 19 20 21 22 23 24 25 26 27 28 29 30 31 32 33 34 35 36 37 38 39 40 42 43 45 46 47 50 57 58 59 49_143 .0000000000005068377129311154074837522553
1.0605468750 -7434.7294921875 1 2 3 4 5 6 7 8 9 10 11 12 13 14 15 16 17 18 19 20 21 22 23 24 25 26 27 28 29 31 32 33 34 35 36 38 39 40 41 42 43 44 45 46 48 49 51 53 55 49_144 .0000000000003741440907241701501829732513
1.0629882813 -7434.7270507812 1 2 3 4 5 6 7 8 9 10 11 12 13 14 15 16 17 18 19 20 21 22 23 24 25 27 28 29 31 32 33 34 35 36 37 38 39 40 41 42 43 44 46 47 48 49 53 55 59 49_145 .0000000000003512160059031466132547848368
1.0639648437 -7434.7260742188 1 2 3 4 5 6 7 8 9 10 11 12 13 14 15 16 17 18 19 20 21 22 23 24 25 26 27 28 29 32 33 34 35 36 37 38 39 40 41 42 43 44 45 46 48 49 50 53 54 49_146 .0000000000003424431354241922572560467754
1.0849609375 -7434.7050781250 1 2 3 4 5 6 7 8 9 10 11 12 13 14 15 16 17 18 19 20 21 22 23 24 25 26 27 28 29 30 31 32 33 34 35 36 37 38 39 40 41 42 45 47 48 49 51 55 56 49_147 .0000000000001987892933386465391979845523
1.0874023437 -7434.7026367188 1 2 3 4 5 6 7 8 9 10 11 12 13 14 15 16 17 18 19 20 21 22 23 24 25 26 27 28 29 31 32 33 35 36 37 38 39 40 41 42 43 44 45 46 48 49 50 53 54 49_148 .0000000000001866072017024832189099746496
1.1020507813 -7434.6879882812 1 2 3 4 5 6 7 8 9 10 11 12 13 14 15 16 17 18 19 20 21 22 23 24 25 26 27 28 29 30 31 32 33 34 36 38 39 40 42 43 44 45 46 47 48 50 55 56 58 49_149 .0000000000001276852875917869509987379172
1.1025390625 -7434.6875000000 1 2 3 4 5 6 7 8 9 10 11 12 13 14 15 16 17 18 19 20 21 22 23 24 25 26 27 28 29 30 31 32 33 34 35 36 37 38 39 40 41 43 46 47 48 50 56 57 59 49_150 .0000000000001260805055500916387143545532
1.1030273437 -7434.6870117188 1 2 3 4 5 6 7 8 9 10 11 12 13 14 15 16 17 18 19 20 21 22 23 24 25 26 27 28 29 30 31 32 33 34 36 38 39 40 42 43 44 45 46 47 48 50 55 56 59 49_151 .0000000000001244958928282131964405078750
1.1054687500 -7434.6845703125 1 2 3 4 5 6 7 8 9 10 11 12 13 14 15 16 17 18 19 20 21 22 23 24 25 26 27 28 29 30 31 32 33 35 36 37 38 39 40 41 43 44 45 46 48 50 53 54 56 49_152 .0000000000001168666065147251854837632828
1.1069335937 -7434.6831054688 1 2 3 4 5 6 7 8 9 10 11 12 13 14 15 16 17 18 19 20 21 22 23 24 25 26 27 29 30 31 32 33 34 35 36 37 38 39 40 41 42 45 46 47 48 49 51 55 56 49_153 .0000000000001125153252752835861257999579
1.1508789063 -7434.6391601562 1 2 3 4 5 6 7 8 9 10 11 12 13 14 15 16 17 18 20 21 22 23 24 25 26 27 28 29 30 31 32 33 34 35 36 37 39 40 41 42 43 44 45 46 48 49 50 53 55 49_154 .0000000000000360453343339635442605852552
1.2465820313 -7434.5434570312 1 2 3 4 5 6 7 8 9 10 11 12 13 14 15 16 17 18 20 21 22 23 24 25 26 28 29 30 31 32 33 34 35 36 37 38 39 40 41 42 43 44 45 46 48 49 51 53 55 49_155 .0000000000000030216010893708146582217851
1.2543945313 -7434.5356445312 1 2 3 4 5 6 7 8 9 10 11 12 13 14 15 16 17 18 20 21 22 23 24 25 26 27 28 29 30 31 32 33 34 35 36 37 38 39 40 41 44 45 46 47 48 49 51 53 55 49_156 .0000000000000024680300330639541417190343
1.3071289063 -7434.4829101562 1 2 3 5 6 7 8 9 10 11 12 13 14 15 16 17 18 19 20 21 22 23 24 26 27 28 29 30 31 32 33 34 35 36 37 38 39 40 41 42 44 45 46 47 48 54 56 57 59 49_157 .0000000000000006296733246084289805623792
1.3359375000 -7434.4541015625 1 2 3 4 5 6 7 8 9 11 12 13 14 15 16 17 18 19 20 21 22 23 24 25 26 27 29 30 31 32 33 34 35 36 37 38 40 41 42 43 44 45 46 47 48 53 54 58 59 49_158 .0000000000000002985610389446229659985093
1.3603515625 -7434.4296875000 1 2 3 4 5 6 7 8 9 10 11 12 13 14 15 16 17 18 19 20 21 22 23 24 25 26 27 28 30 31 32 33 34 35 36 37 39 40 41 42 44 45 47 48 49 50 51 59 60 49_159 .0000000000000001586306971610272190952612
1.4096679687 -7434.3803710938 1 2 3 4 5 6 7 8 9 10 11 12 13 14 15 16 17 18 19 20 21 22 23 24 25 27 28 29 30 31 32 33 34 36 37 38 39 41 43 44 45 46 47 48 49 53 56 59 60 49_160 .0000000000000000442183481320336186589801
1.4350585937 -7434.3549804688 1 2 3 4 5 6 7 8 9 10 11 12 13 14 15 16 17 18 19 20 21 22 23 24 25 26 27 29 30 31 32 33 34 36 37 38 39 40 41 42 43 46 47 48 49 55 56 59 60 49_161 .0000000000000000229071351492899699051919
1.4731445313 -7434.3168945312 1 2 3 4 5 6 7 8 9 10 11 12 13 14 15 16 17 18 19 20 21 22 23 24 25 26 27 28 29 31 32 34 35 36 37 38 40 41 42 44 45 46 47 48 54 55 56 57 59 49_162 .0000000000000000085412841925357174941848
1.6660156250 -7434.1240234375 1 2 3 4 5 6 7 8 9 10 11 12 13 14 15 16 17 18 20 21 22 23 24 25 26 28 29 30 31 32 33 34 35 36 37 38 39 40 41 42 43 46 47 48 53 55 57 59 60 49_163 .0000000000000000000577857240590451512659
1.6665039063 -7434.1235351562 1 2 3 4 5 6 7 8 9 11 12 13 14 15 16 17 18 19 20 21 22 23 24 25 27 28 29 30 31 32 33 34 35 36 37 38 39 40 41 42 44 46 47 48 53 56 57 58 60 49_164 .0000000000000000000570594578395198552964
1.7656250000 -7434.0244140625 1 2 3 4 5 6 7 8 9 10 11 13 14 15 17 18 19 20 21 22 23 24 25 26 27 28 29 30 31 32 33 34 35 36 37 39 40 41 42 44 45 46 47 48 49 50 53 59 60 49_165 .0000000000000000000043778944395940731347
1.9062500000 -7433.8837890625 1 2 3 4 5 6 7 8 9 10 11 12 13 14 15 16 17 18 19 20 21 23 24 25 26 27 28 29 30 31 32 34 35 36 37 38 39 40 41 42 43 45 46 49 51 52 54 55 56 49_166 .0000000000000000000001146317438056333293
1.9785156250 -7433.8115234375 2 3 4 5 6 7 8 9 10 11 12 13 14 15 16 17 18 19 20 21 22 23 24 25 26 28 30 31 32 33 34 35 36 37 39 40 41 42 43 44 45 46 48 49 51 53 57 58 60 49_167 .0000000000000000000000176340892185060412
2.0195312500 -7433.7705078125 1 2 3 4 5 6 7 8 9 10 11 12 13 14 15 16 17 18 19 20 21 23 24 25 27 28 29 30 31 32 34 35 36 39 40 41 42 43 44 45 46 47 48 49 55 56 57 58 60 49_168 .0000000000000000000000060946380820333063
2.0385742187 -7433.7514648438 1 2 3 4 5 6 7 8 9 10 11 12 13 14 15 16 17 18 20 21 22 23 24 25 26 28 30 31 32 33 34 35 36 37 38 39 40 41 42 43 44 46 48 51 53 55 57 59 60 49_169 .0000000000000000000000037215522365331474
2.1533203125 -7433.6367187500 1 2 3 4 5 6 8 9 10 11 12 14 15 16 17 18 19 20 21 22 23 24 25 26 27 29 30 31 32 33 34 35 36 37 38 39 41 42 43 44 45 46 48 49 51 53 54 58 60 49_170 .0000000000000000000000001904971078676162
