0 -7493.6118164062 1 2 3 4 5 6 7 8 9 10 11 12 13 14 15 16 17 18 19 20 21 22 23 24 25 26 27 28 29 30 31 32 33 34 35 36 37 41 43 44 40_1 .0435533687501633312873297710814552488827
.0205078124 -7493.5913085938 1 2 3 4 5 6 7 8 9 10 11 12 13 14 15 16 17 18 19 20 21 22 23 24 25 26 27 28 29 30 31 32 33 34 35 36 40 44 45 46 40_2 .0256046708342060984147106007133001431246
.0209960937 -7493.5908203125 1 2 3 4 5 6 7 8 9 10 11 12 13 14 15 16 17 18 19 20 21 22 23 24 25 26 27 28 29 30 31 32 33 34 35 36 37 39 42 44 40_3 .0252828645785650447470712935067743893816
.0253906250 -7493.5864257812 1 2 3 4 5 6 7 8 9 10 11 12 13 14 15 16 17 18 19 20 21 22 23 24 25 26 27 28 29 30 31 32 33 35 36 37 41 43 44 46 40_4 .0225626452889607297814410272567678035708
.0258789062 -7493.5859375000 1 2 3 4 5 6 7 8 9 10 11 12 13 14 15 16 17 18 19 20 21 22 23 24 25 26 27 28 29 30 31 32 33 34 36 37 39 41 43 44 40_5 .0222790720703403997138672622235895512721
.0283203124 -7493.5834960938 1 2 3 4 5 6 7 8 9 10 11 12 13 14 15 16 17 18 19 20 21 22 23 24 25 26 27 28 29 30 31 32 34 35 36 37 41 44 45 46 40_6 .0209137787340075331939630672163503280396
.0307617187 -7493.5810546875 1 2 3 4 5 6 7 8 9 10 11 12 13 14 15 16 17 18 19 20 21 22 23 24 25 26 27 28 29 30 31 32 34 35 36 37 41 43 44 46 40_7 .0196321524712130908676762215992068211334
.0356445312 -7493.5761718750 1 2 3 4 5 6 7 8 9 10 11 12 13 14 15 16 17 18 19 20 21 22 23 24 25 26 27 28 29 30 31 32 33 34 35 36 37 39 43 44 40_8 .0172997066231524361447667453530141140943
.0361328124 -7493.5756835938 1 2 3 4 5 6 7 8 9 10 11 12 13 14 15 16 17 18 19 20 21 22 23 24 25 26 27 28 29 30 31 32 34 35 36 41 42 44 45 46 40_9 .0170822793921922873471388539500991602758
.0385742187 -7493.5732421875 1 2 3 4 5 6 7 8 9 10 11 12 13 14 15 16 17 18 19 20 21 22 23 24 25 26 27 28 29 30 31 32 34 35 36 37 41 42 45 46 40_10 .0160354528872419441611349104946810660502
.0390625000 -7493.5727539062 1 2 3 4 5 6 7 8 9 10 11 12 13 14 15 16 17 18 19 20 21 22 23 24 25 26 27 28 29 30 31 32 33 34 36 39 41 44 46 47 40_11 .0158339150864021836528596580039445462047
.0400390624 -7493.5717773438 1 2 3 4 5 6 7 8 9 10 11 12 13 14 15 16 17 18 19 20 21 22 23 24 25 26 27 28 29 30 31 32 33 34 35 36 37 41 44 45 40_12 .0154384066702337187747490756906133538859
.0415039062 -7493.5703125000 1 2 3 4 5 6 7 8 9 10 11 12 13 14 15 16 17 18 19 20 21 22 23 24 25 26 27 28 29 30 31 32 34 35 36 37 39 41 44 45 40_13 .0148635901694903704830622500863906723280
.0424804687 -7493.5693359375 1 2 3 4 5 6 7 8 9 10 11 12 13 14 15 16 17 18 19 20 21 22 23 24 25 26 27 28 30 31 32 33 34 35 36 37 39 41 44 45 40_14 .0144923190360512682955802377996059080680
.0439453124 -7493.5678710938 1 2 3 4 5 6 7 8 9 10 11 12 13 14 15 16 17 18 19 20 21 22 23 24 25 26 27 28 29 30 31 32 33 34 36 37 39 41 43 46 40_15 .0139527281484727308692069368633067689274
.0444335937 -7493.5673828125 1 2 3 4 5 6 7 8 9 10 11 12 13 14 15 16 17 18 19 20 21 22 23 24 25 26 27 28 29 30 31 32 35 36 37 41 43 44 45 46 40_16 .0137773665814168050409036824343623516118
.0449218750 -7493.5668945312 1 2 3 4 5 6 7 8 9 10 11 12 13 14 15 16 17 18 19 20 21 22 23 24 25 26 27 28 29 30 31 32 33 34 35 36 37 39 44 48 40_17 .0136042090047829011637206688663907623806
.0478515624 -7493.5639648438 1 2 3 4 5 6 7 8 9 10 11 12 13 14 15 16 17 18 19 20 21 22 23 24 25 26 27 28 29 30 31 32 33 34 35 36 38 40 44 46 40_18 .0126100203825137404546220417129257482568
.0493164062 -7493.5625000000 1 2 3 4 5 6 7 8 9 10 11 12 13 14 15 16 17 18 19 20 21 22 23 24 25 26 27 28 29 30 31 32 34 35 36 37 39 41 45 46 40_19 .0121405128779242714507715462891917313475
.0512695312 -7493.5605468750 1 2 3 4 5 6 7 8 9 10 11 12 13 14 15 16 17 18 19 20 21 22 23 24 25 26 27 28 30 31 32 33 34 35 36 37 39 41 42 43 40_20 .0115415825437934072703909997292423877596
.0517578124 -7493.5600585938 1 2 3 4 5 6 7 8 9 10 11 12 13 14 15 16 17 18 19 20 21 22 23 24 25 26 27 28 30 31 32 33 34 36 37 39 41 44 45 46 40_21 .0113965249200972601075672888551199878590
.0522460937 -7493.5595703125 1 2 3 4 5 6 7 8 9 10 11 12 13 14 15 16 17 18 19 20 21 22 23 24 25 26 27 28 29 30 31 32 34 35 36 37 42 44 45 46 40_22 .0112532903893507463443734228259807189501
.0527343750 -7493.5590820312 1 2 3 4 5 6 7 8 9 10 11 12 13 14 15 16 17 18 19 20 21 22 23 24 25 26 27 28 29 30 31 32 33 34 35 36 41 44 45 46 40_23 .0111118560679612089978134783090832658766
.0537109374 -7493.5581054688 1 2 3 4 5 6 7 8 9 10 11 12 13 14 15 16 17 18 19 20 21 22 23 24 25 26 27 28 29 30 31 32 33 34 35 36 37 38 41 44 40_24 .0108342978917205476654554880517572787194
.0556640624 -7493.5561523438 1 2 3 4 5 6 7 8 9 10 11 12 13 14 15 16 17 18 19 20 21 22 23 24 25 26 27 28 29 30 31 32 34 35 36 37 41 43 45 46 40_25 .0102998073210494540486619060794431595092
.0610351562 -7493.5507812500 1 2 3 4 5 6 7 8 9 10 11 12 13 14 15 16 17 18 19 20 21 22 23 24 25 26 27 28 29 30 31 32 34 35 36 37 42 43 45 46 40_26 .0089620425547405966502402286044245054073
.0615234374 -7493.5502929688 1 2 3 4 5 6 7 8 9 10 11 12 13 14 15 16 17 18 19 20 21 22 23 24 25 27 28 29 30 31 32 33 34 36 37 39 41 44 46 48 40_27 .0088494052633187619016515051615828644233
.0620117187 -7493.5498046875 1 2 3 4 5 6 7 8 9 10 11 12 13 14 15 16 17 18 19 20 21 22 23 24 25 26 27 29 30 31 32 33 34 35 36 40 41 42 43 44 40_28 .0087381836041582627820848986281829977892
.0634765624 -7493.5483398438 1 2 3 4 5 6 7 8 9 10 11 12 13 14 15 16 17 18 19 20 21 22 23 24 25 26 27 28 29 30 31 32 34 35 36 37 43 44 45 46 40_29 .0084128357950834846874157615064910667115
.0644531250 -7493.5473632812 1 2 3 4 5 6 7 8 9 10 11 12 13 14 15 16 17 18 19 20 21 22 23 24 25 26 27 28 29 30 31 32 34 35 36 37 39 41 43 46 40_30 .0082026952192688125617994270643688908902
.0654296874 -7493.5463867188 1 2 3 4 5 6 7 8 9 10 11 12 13 14 15 16 17 18 19 20 21 22 23 24 25 26 27 28 29 30 31 32 33 35 36 37 40 41 42 44 40_31 .0079978036951711669895697240928021261344
.0659179687 -7493.5458984375 1 2 3 4 5 6 7 8 9 10 11 12 13 14 15 16 17 18 19 20 21 22 23 24 25 26 27 28 29 30 31 32 33 34 36 37 39 41 46 48 40_32 .0078972851891079345611393954894064618065
.0664062500 -7493.5454101562 1 2 3 4 5 6 7 8 9 10 11 12 13 14 15 16 17 18 19 20 21 22 23 24 25 26 27 28 29 30 31 32 33 34 35 36 40 41 44 47 40_33 .0077980300261381672257958550495519759624
.0668945312 -7493.5449218750 1 2 3 4 5 6 7 8 9 10 11 12 13 14 15 16 17 18 19 20 21 22 23 24 25 26 27 28 29 30 31 32 34 35 36 39 40 41 45 46 40_34 .0077000223481779987021877917607981054498
.0673828124 -7493.5444335938 1 2 3 4 5 6 7 8 9 10 11 12 13 14 15 16 17 18 19 20 21 22 23 24 25 26 27 28 29 30 31 32 33 34 35 38 42 43 45 46 40_35 .0076032464563108495016768269291002888925
.0678710937 -7493.5439453125 1 2 3 4 5 6 7 8 9 10 11 12 13 14 15 16 17 18 19 20 21 22 23 24 25 26 27 28 29 30 31 32 33 34 35 36 37 41 45 46 40_36 .0075076868496802974185033469056444212205
.0683593750 -7493.5434570312 1 2 3 4 5 6 7 8 9 10 11 12 13 14 15 16 17 18 19 20 21 22 23 24 25 26 27 28 30 31 32 33 34 35 36 37 39 44 45 46 40_37 .0074133282613873537930540366444957912954
.0688476562 -7493.5429687500 1 2 3 4 5 6 7 8 9 10 11 12 13 14 15 16 17 18 19 20 21 22 23 24 25 26 27 28 29 30 31 32 33 34 35 37 41 43 44 46 40_38 .0073201556156781547261389676847484658729
.0703125000 -7493.5415039062 1 2 3 4 5 6 7 8 9 10 11 12 13 14 15 16 17 18 19 20 21 22 23 24 25 26 27 28 29 30 31 32 33 34 35 36 40 41 45 46 40_39 .0070476050652373696980796224313786549599
.0708007812 -7493.5410156250 1 2 3 4 5 6 7 8 9 10 11 12 13 14 15 16 17 18 19 20 21 22 23 24 25 26 27 28 29 30 31 32 34 35 36 41 42 43 44 45 40_40 .0069590289241723803840107774893038824973
.0722656250 -7493.5395507812 1 2 3 4 5 6 7 8 9 10 11 12 13 14 15 16 17 18 19 20 21 22 23 24 25 27 28 29 30 31 32 33 34 36 39 40 41 44 46 48 40_41 .0066999241641923818972527978665068080496
.0727539062 -7493.5390625000 1 2 3 4 5 6 7 8 9 10 11 12 13 14 15 16 17 18 19 20 21 22 23 24 25 26 27 28 29 30 31 32 34 35 36 40 41 43 44 46 40_42 .0066157177674946624289385581403821011392
.0737304687 -7493.5380859375 1 2 3 4 5 6 7 8 9 10 11 12 13 14 15 16 17 18 19 20 21 22 23 24 25 26 27 29 30 31 32 33 35 36 37 40 41 42 44 46 40_43 .0064504666400051074012523371635483019121
.0742187500 -7493.5375976562 1 2 3 4 5 6 7 8 9 10 11 12 13 14 15 16 17 18 19 20 21 22 23 24 25 26 27 28 29 30 31 32 33 34 35 36 37 39 45 48 40_44 .0063693954741229651550622325162087226790
.0751953124 -7493.5366210938 1 2 3 4 5 6 7 8 9 10 11 12 13 14 15 16 17 18 19 20 21 22 23 24 25 27 28 29 30 31 32 33 34 35 36 37 40 44 45 46 40_45 .0062102971398086456156685842972309545068
.0756835937 -7493.5361328125 1 2 3 4 5 6 7 8 9 10 11 12 13 14 15 16 17 18 19 20 21 22 23 24 25 26 27 28 29 30 31 32 33 34 35 37 39 41 43 44 40_46 .0061322444875437202366669731413731069510
.0766601562 -7493.5351562500 1 2 3 4 5 6 7 8 9 10 11 12 13 14 15 16 17 18 19 20 21 22 23 24 25 26 27 28 29 30 31 32 33 34 35 36 41 43 44 45 40_47 .0059790698281609995345645110012818248185
.0771484374 -7493.5346679688 1 2 3 4 5 6 7 8 9 10 11 12 13 14 15 16 17 18 19 20 21 22 23 24 25 26 27 28 29 30 32 33 34 35 36 40 43 45 46 47 40_48 .0059039233170222155953830835116762077444
.0781250000 -7493.5336914062 1 2 3 4 5 6 7 8 9 10 11 12 13 14 15 16 17 18 19 20 21 22 23 24 25 26 27 28 29 30 31 32 33 34 35 36 37 38 43 44 40_49 .0057564517776240778696041718642225851618
.0786132812 -7493.5332031250 1 2 3 4 5 6 7 8 9 10 11 12 13 14 15 16 17 18 19 20 21 22 23 24 26 27 28 30 31 32 33 34 35 36 39 40 41 42 45 46 40_50 .0056841031882850318888737923921991418217
.0791015624 -7493.5327148438 1 2 3 4 5 6 7 8 9 10 11 12 13 14 15 16 17 18 19 20 21 22 23 24 25 26 27 28 29 30 31 32 34 35 36 39 41 42 44 45 40_51 .0056126638949118960636780374201613232236
.0795898437 -7493.5322265625 1 2 3 4 5 6 7 8 9 10 11 12 13 14 15 16 17 18 19 20 21 22 23 24 25 27 28 29 30 31 32 33 34 35 36 37 39 44 45 48 40_52 .0055421224548797757459191640223691239221
.0800781250 -7493.5317382812 1 2 3 4 5 6 7 8 9 10 11 12 13 14 15 16 17 18 19 20 21 22 23 24 25 26 27 28 29 30 31 32 34 35 36 37 41 44 46 47 40_53 .0054724675982695339866707524407718472141
.0810546874 -7493.5307617188 1 2 3 4 5 6 7 8 9 10 11 12 13 14 15 16 17 18 19 20 21 22 23 24 25 26 27 28 30 31 32 33 34 36 37 39 41 43 44 46 40_54 .0053357732317458956726880012524543461223
.0820312500 -7493.5297851562 1 2 3 4 5 6 7 8 9 10 11 12 13 14 15 16 17 18 19 20 21 22 23 24 25 26 27 28 30 31 32 33 34 36 39 41 44 45 46 47 40_55 .0052024932668628452416704313500640796021
.0825195312 -7493.5292968750 1 2 3 4 5 6 7 8 9 10 11 12 13 14 15 16 17 18 19 20 21 22 23 24 25 26 27 28 29 30 31 32 33 34 35 36 38 43 45 46 40_56 .0051371069727629814389646323516158726993
.0830078124 -7493.5288085938 1 2 3 4 5 6 7 8 9 10 11 12 13 14 15 16 17 18 19 20 21 22 23 24 25 26 27 28 29 30 31 32 33 34 35 36 37 42 45 48 40_57 .0050725424706841368143742582106507957486
.0834960937 -7493.5283203125 1 2 3 4 5 6 7 8 9 10 11 12 13 14 15 16 17 18 19 20 21 22 23 24 25 26 27 28 29 30 31 32 34 36 37 41 42 45 46 47 40_58 .0050087894191553376955667080551293974241
.0839843750 -7493.5278320312 1 2 3 4 5 6 7 8 9 10 11 12 13 14 15 16 17 18 19 20 21 22 23 24 25 26 27 28 30 31 32 33 34 35 36 37 39 41 46 48 40_59 .0049458376327914383278424505617489391904
.0844726562 -7493.5273437500 1 2 3 4 5 6 7 8 9 10 11 12 13 14 15 16 17 18 19 20 21 22 23 24 25 26 27 28 29 30 32 33 34 35 36 39 40 41 42 44 40_60 .0048836770537306829955930452780300658068
.0849609374 -7493.5268554688 1 2 3 4 5 6 7 8 9 10 11 12 13 14 15 16 17 18 19 20 21 22 23 24 25 26 27 28 29 30 31 32 33 34 35 39 41 43 44 48 40_61 .0048222977250618835355334563957697756450
.0854492187 -7493.5263671875 1 2 3 4 5 6 7 8 9 10 11 12 13 14 15 16 17 18 19 20 21 22 23 24 25 26 27 28 30 31 32 33 34 35 36 37 38 39 40 41 40_62 .0047616898154919086734682370927013329564
.0859375000 -7493.5258789062 1 2 3 4 5 6 7 8 9 10 11 12 13 14 15 16 17 18 19 20 21 22 23 24 25 26 27 28 29 30 31 32 33 34 35 38 43 44 46 47 40_63 .0047018436421132418898649054030412215398
.0864257812 -7493.5253906250 1 2 3 4 5 6 7 8 9 10 11 12 13 14 15 16 17 18 19 20 21 22 23 24 25 27 28 29 31 32 33 34 35 36 37 39 41 42 44 45 40_64 .0046427496432506199645406404474986227020
.0869140624 -7493.5249023438 1 2 3 4 5 6 7 8 9 10 11 12 13 14 15 16 17 18 19 20 21 22 23 24 25 26 27 28 29 30 31 32 34 35 36 37 41 43 44 48 40_65 .0045843983531991328216635840781102777482
.0878906250 -7493.5239257812 1 2 3 4 5 6 7 8 9 10 11 12 13 14 15 16 17 18 19 20 21 22 23 24 26 27 28 29 30 31 32 33 34 35 36 37 40 41 43 46 40_66 .0044698866554588656305306535761082211650
.0883789062 -7493.5234375000 1 2 3 4 5 6 7 8 9 10 11 12 13 14 15 16 17 18 19 20 21 22 23 24 25 27 28 29 30 31 32 34 36 39 40 41 44 45 46 48 40_67 .0044137079525841320209006974084751464006
.0888671874 -7493.5229492188 1 2 3 4 5 6 7 8 9 10 11 12 13 14 15 16 17 18 19 20 21 22 23 24 25 26 27 28 29 30 31 32 34 35 36 37 39 42 43 45 40_68 .0043582353183191769766104268441378549598
.0893554687 -7493.5224609375 1 2 3 4 5 6 7 8 9 10 11 12 13 14 15 16 17 18 19 20 21 22 23 24 25 26 27 30 31 32 33 34 35 36 39 40 41 42 45 46 40_69 .0043034598674620921235592676246406447291
.0903320312 -7493.5214843750 1 2 3 4 5 6 7 8 9 10 11 12 13 14 15 16 17 18 19 20 21 22 23 24 25 26 27 28 29 30 31 32 34 35 37 41 43 44 45 46 40_70 .0041959656211539593112814192884417604790
.0908203124 -7493.5209960938 1 2 3 4 5 6 7 8 9 10 11 12 13 14 15 16 17 18 19 20 21 22 23 24 25 26 27 28 29 30 31 32 33 34 36 44 45 46 47 48 40_71 .0041432296293776294491038059449912457625
.0913085937 -7493.5205078125 1 2 3 4 5 6 7 8 9 10 11 12 13 14 15 16 17 18 19 20 21 22 23 24 25 26 27 30 31 32 33 34 36 37 39 40 41 42 44 45 40_72 .0040911564267215787269536838159272923224
.0917968750 -7493.5200195312 1 2 3 4 5 6 7 8 9 10 11 12 13 14 15 16 17 18 19 20 21 22 23 24 25 26 27 28 30 31 32 33 34 36 37 39 41 44 45 48 40_73 .0040397376938095246586117786855574382711
.0922851562 -7493.5195312500 1 2 3 4 5 6 7 8 9 10 11 12 13 14 15 16 17 18 19 20 21 22 23 24 25 26 27 28 29 30 32 33 35 36 37 40 41 42 43 44 40_74 .0039889652154257099978539412154775955141
.0927734374 -7493.5190429688 1 2 3 4 5 6 7 8 9 10 11 12 13 14 15 16 17 18 19 20 21 22 23 24 25 26 27 28 29 31 32 34 35 36 37 41 43 44 45 46 40_75 .0039388308588103421360203250331931363163
.0932617187 -7493.5185546875 1 2 3 4 5 6 7 8 9 10 11 12 13 14 15 16 17 18 19 20 21 22 23 24 25 26 27 28 30 31 32 33 34 36 37 39 41 44 45 47 40_76 .0038893265938078862495071997143479970538
.0937500000 -7493.5180664062 1 2 3 4 5 6 7 8 9 10 11 12 13 14 15 16 17 18 19 20 21 22 23 24 25 26 27 28 29 30 31 32 33 34 35 36 39 41 42 48 40_77 .0038404445114635030590137063110818534764
.0942382812 -7493.5175781250 1 2 3 4 5 6 7 8 9 10 11 12 13 14 15 16 17 18 19 20 21 22 23 24 25 26 27 28 30 31 32 33 34 35 36 37 39 43 45 46 40_78 .0037921768018443066368360258412999808061
.0947265624 -7493.5170898438 1 2 3 4 5 6 7 8 9 10 11 12 13 14 15 16 17 18 19 20 21 22 23 24 25 27 28 29 30 31 32 33 34 35 36 37 41 43 46 48 40_79 .0037445157334055592053401871148816641346
.0952148437 -7493.5166015625 1 2 3 4 5 6 7 8 9 10 11 12 13 14 15 16 17 18 19 20 21 22 23 24 25 26 27 28 29 30 31 32 35 36 37 38 41 43 44 46 40_80 .0036974536721449845351356528220599628224
.0957031250 -7493.5161132812 1 2 3 4 5 6 7 8 9 10 11 12 13 14 15 16 17 18 19 20 21 22 23 24 25 26 27 28 29 31 32 33 34 35 36 37 38 39 41 44 40_81 .0036509830992817839452263590824869672109
.0961914062 -7493.5156250000 1 2 3 4 5 6 7 8 9 10 11 12 13 14 15 16 17 18 19 20 21 22 23 24 25 26 28 29 30 31 32 33 34 35 36 39 40 41 46 47 40_82 .0036050965901720424058216013306704443202
.0966796874 -7493.5151367188 1 2 3 4 5 6 7 8 9 10 11 12 13 14 15 16 17 18 19 20 21 22 23 24 25 27 28 29 30 31 32 33 34 35 36 37 39 40 45 46 40_83 .0035597867946928549487602141860831233749
.0971679687 -7493.5146484375 1 2 3 4 5 6 7 8 9 10 11 12 13 14 15 16 17 18 19 20 21 22 23 24 25 27 28 29 30 31 32 33 34 35 36 39 42 43 45 46 40_84 .0035150464554516965168431763908982190509
.0976562500 -7493.5141601562 1 2 3 4 5 6 7 8 9 10 11 12 13 14 15 16 17 18 19 20 21 22 23 24 25 26 27 28 29 31 32 33 35 36 37 40 41 44 45 46 40_85 .0034708684245932755548224331102373482535
.0981445312 -7493.5136718750 1 2 3 4 5 6 7 8 9 10 11 12 13 14 15 16 17 18 19 20 21 22 23 24 26 27 28 29 30 31 33 34 35 36 37 39 40 42 44 45 40_86 .0034272456437551105724581175883253969864
.0991210937 -7493.5126953125 1 2 3 4 5 6 7 8 9 10 11 12 13 14 15 16 17 18 19 20 21 22 23 24 25 26 27 28 29 30 31 32 33 34 35 38 43 44 46 48 40_87 .0033416379702239172986263662790465967907
.1005859374 -7493.5112304688 1 2 3 4 5 6 7 8 9 10 11 12 13 14 15 16 17 18 19 20 21 22 23 24 25 26 27 28 29 30 31 32 33 34 35 36 41 42 44 48 40_88 .0032172191388530504908938414318141039800
.1010742187 -7493.5107421875 1 2 3 4 5 6 7 8 9 10 11 12 13 14 15 16 17 18 19 20 21 22 23 24 25 26 27 28 29 30 31 32 35 36 37 39 43 44 45 46 40_89 .0031767842802542077926411203008241869498
.1015625000 -7493.5102539062 1 2 3 4 5 6 7 8 9 10 11 12 13 14 15 16 17 18 19 20 21 22 23 24 25 26 27 28 29 30 31 32 33 34 35 40 41 44 45 46 40_90 .0031368576176219262278054286523482482605
.1020507812 -7493.5097656250 1 2 3 4 5 6 7 8 9 10 11 12 13 14 15 16 17 18 19 20 21 22 23 24 25 26 27 29 30 31 32 33 34 35 36 37 41 43 44 47 40_91 .0030974327718385299098384922648204966584
.1025390624 -7493.5092773438 1 2 3 4 5 6 7 8 9 10 11 12 13 14 15 16 17 18 19 20 21 22 23 24 25 26 27 28 31 32 34 35 36 37 39 41 42 43 44 45 40_92 .0030585034278134259947533977419086712642
.1035156250 -7493.5083007812 1 2 3 4 5 6 7 8 9 10 11 12 13 14 15 16 17 18 19 20 21 22 23 24 25 26 27 28 29 31 32 34 35 36 39 40 41 42 44 45 40_93 .0029821063974770596306929292524925502094
.1040039062 -7493.5078125000 1 2 3 4 5 6 7 8 9 10 11 12 13 14 15 16 17 18 19 20 21 22 23 24 25 26 27 28 29 30 32 34 35 36 38 39 40 41 44 46 40_94 .0029446265054444264801986811429336908486
.1044921874 -7493.5073242188 1 2 3 4 5 6 7 8 9 10 11 12 13 14 15 16 17 18 19 20 21 22 23 24 25 26 27 28 29 30 31 32 33 34 35 39 40 41 42 44 40_95 .0029076176704833875178982298081891462469
.1049804687 -7493.5068359375 1 2 3 4 5 6 7 8 9 10 11 12 13 14 15 16 17 18 19 20 21 22 23 24 25 27 28 29 30 31 32 33 36 37 39 41 42 43 44 46 40_96 .0028710739647887216698540187203115100343
.1054687500 -7493.5063476562 1 2 3 4 5 6 7 8 9 10 11 12 13 14 15 16 17 18 19 20 21 22 23 24 25 27 28 29 30 31 32 33 34 35 36 39 40 45 46 48 40_97 .0028349895500247222108432040351288941733
.1059570312 -7493.5058593750 1 2 3 4 5 6 7 8 9 10 11 12 13 14 15 16 17 18 19 20 21 22 23 24 26 27 28 29 30 31 32 34 35 36 37 41 42 43 46 47 40_98 .0027993586609530028265645864177017729972
.1064453124 -7493.5053710938 1 2 3 4 5 6 7 8 9 10 11 12 13 14 15 16 17 18 19 20 21 22 23 24 25 26 27 28 29 30 32 33 36 37 40 41 42 43 44 46 40_99 .0027641755902007654667565667694866037026
.1069335937 -7493.5048828125 1 2 3 4 5 6 7 8 9 10 11 12 13 14 15 16 17 18 19 20 21 22 23 24 25 26 27 28 29 30 32 33 34 35 38 39 40 42 43 46 40_100 .0027294347024003818857275474300520536509
.1074218750 -7493.5043945312 1 2 3 4 5 6 7 8 9 10 11 12 13 14 15 16 17 18 19 20 21 22 23 24 25 26 27 28 29 30 32 33 34 36 37 41 42 43 46 47 40_101 .0026951304472399208575111834120907232117
.1079101562 -7493.5039062500 1 2 3 4 5 6 7 8 9 10 11 12 13 14 15 16 17 18 19 20 21 22 23 24 25 26 27 28 29 30 31 32 34 35 36 37 41 42 43 47 40_102 .0026612573438986469347672171680584382892
.1083984374 -7493.5034179688 1 2 3 4 5 6 7 8 9 10 11 12 13 14 15 16 17 18 19 20 21 22 23 24 25 26 27 28 29 30 31 32 33 35 37 40 42 44 45 46 40_103 .0026278099665667183704521603059745229497
.1088867187 -7493.5029296875 1 2 3 4 5 6 7 8 9 10 11 12 13 14 15 16 17 18 19 20 21 22 23 24 25 26 27 28 29 30 31 32 33 36 37 40 42 44 45 47 40_104 .0025947829578872178726708282687795676903
.1093750000 -7493.5024414062 1 2 3 4 5 6 7 8 9 10 11 12 13 14 15 16 17 18 19 20 21 22 23 24 25 26 27 28 29 30 32 34 35 36 37 38 41 43 44 46 40_105 .0025621710413628555675819390478578741713
.1103515624 -7493.5014648438 1 2 3 4 5 6 7 8 9 10 11 12 13 14 15 16 17 18 19 20 21 22 23 24 25 26 27 28 29 30 31 33 34 35 36 37 40 41 44 45 40_106 .0024981716953393076282275046986731735953
.1108398437 -7493.5009765625 1 2 3 4 5 6 7 8 9 10 11 12 13 14 15 16 17 18 19 20 21 22 23 24 25 26 27 29 31 32 33 35 36 37 40 41 42 44 45 46 40_107 .0024667740146414712977608405548696485649
.1113281250 -7493.5004882812 1 2 3 4 5 6 7 8 9 10 11 12 13 14 15 16 17 18 19 20 21 22 23 24 25 26 27 28 30 31 32 33 34 35 36 37 41 44 45 47 40_108 .0024357709482750047686908202142500102659
.1118164062 -7493.5000000000 1 2 3 4 5 6 7 8 9 10 11 12 13 14 15 16 17 18 19 20 21 22 23 24 25 26 27 28 30 31 32 33 34 35 39 41 43 45 46 48 40_109 .0024051575428529824554240043023702314156
.1123046874 -7493.4995117188 1 2 3 4 5 6 7 8 9 10 11 12 13 14 15 16 17 18 19 20 21 22 23 24 25 26 27 28 29 30 31 32 33 35 36 37 39 42 43 44 40_110 .0023749288947055293333334334399549687225
.1127929687 -7493.4990234375 1 2 3 4 5 6 7 8 9 10 11 12 13 14 15 16 17 18 19 20 21 22 23 24 25 27 28 29 30 32 33 35 36 37 40 41 43 44 46 48 40_111 .0023450801620282896824579308040514198127
.1132812500 -7493.4985351562 1 2 3 4 5 6 7 8 9 10 11 12 13 14 15 16 17 18 19 20 21 22 23 24 25 26 27 29 30 31 32 33 35 36 37 40 41 44 45 46 40_112 .0023156065760952003585959087845775546731
.1137695312 -7493.4980468750 1 2 3 4 5 6 7 8 9 10 11 12 13 14 15 16 17 18 19 20 21 22 23 24 25 26 27 28 29 30 31 32 33 35 36 37 44 46 47 48 40_113 .0022865034278857572158115828830593028194
.1142578124 -7493.4975585938 1 2 3 4 5 6 7 8 9 10 11 12 13 14 15 16 17 18 19 20 21 22 23 24 25 26 27 28 29 30 32 34 35 36 39 40 41 44 46 47 40_114 .0022577660556438055350158630352268043348
.1147460937 -7493.4970703125 1 2 3 4 5 6 7 8 9 10 11 12 13 14 15 16 17 18 19 20 21 22 23 24 25 26 27 28 29 30 31 32 33 35 36 37 39 41 44 45 40_115 .0022293898564266859452276790233576873214
.1152343750 -7493.4965820312 1 2 3 4 5 6 7 8 9 10 11 12 13 14 15 16 17 18 19 20 21 22 23 24 25 26 27 28 29 30 31 32 33 35 36 37 39 45 46 48 40_116 .0022013702967648457229028800602014969797
.1157226562 -7493.4960937500 1 2 3 4 5 6 7 8 9 10 11 12 13 14 15 16 17 18 19 20 21 22 23 24 25 26 27 28 29 30 32 33 35 36 37 40 41 43 45 46 40_117 .0021737028999488249371858669253203486324
.1162109374 -7493.4956054688 1 2 3 4 5 6 7 8 9 10 11 12 13 14 15 16 17 18 19 20 21 22 23 24 25 26 27 28 29 30 31 32 33 34 35 38 40 41 42 43 40_118 .0021463832342018115423500682002895500515
.1166992187 -7493.4951171875 1 2 3 4 5 6 7 8 9 10 11 12 13 14 15 16 17 18 19 20 21 22 23 24 25 26 27 29 30 31 32 33 34 35 36 41 43 44 45 46 40_119 .0021194069236590309885062792008274870087
.1171875000 -7493.4946289062 1 2 3 4 5 6 7 8 9 10 11 12 13 14 15 16 17 18 19 20 21 22 23 24 25 26 27 28 29 30 31 32 33 35 36 37 40 42 44 47 40_120 .0020927696585014847986332131467567225775
.1176757812 -7493.4941406250 1 2 3 4 5 6 7 8 9 10 11 12 13 14 15 16 17 18 19 20 21 22 23 24 26 27 28 30 32 33 34 35 36 37 39 41 43 44 45 46 40_121 .0020664671828701103524058083074585673681
.1181640624 -7493.4936523438 1 2 3 4 5 6 7 8 9 10 11 12 13 14 15 16 17 18 19 20 21 22 23 24 25 26 27 28 29 30 31 32 33 34 36 37 38 44 46 47 40_122 .0020404952836218216683778472791739213714
.1186523437 -7493.4931640625 1 2 3 4 5 6 7 8 9 10 11 12 13 14 15 16 17 18 19 20 21 22 23 24 25 27 28 29 30 32 33 34 35 38 39 41 43 44 46 48 40_123 .0020148498007672506054166014352519808448
.1191406250 -7493.4926757812 1 2 3 4 5 6 7 8 9 10 11 12 13 14 15 16 17 18 19 20 21 22 23 24 25 27 28 29 30 31 32 33 34 35 36 37 40 45 46 48 40_124 .0019895266371045557009352750292429833817
.1196289062 -7493.4921875000 1 2 3 4 5 6 7 8 9 10 11 12 13 14 15 16 17 18 19 20 21 22 23 24 25 27 28 29 30 31 32 33 35 36 37 39 42 43 44 46 40_125 .0019645217467298151115664592286181725611
.1201171874 -7493.4916992188 1 2 3 4 5 6 7 8 9 10 11 12 13 14 15 16 17 18 19 20 21 22 23 24 25 26 27 28 29 30 31 32 33 34 35 36 38 41 44 45 40_126 .0019398311243477678696160312480200854833
.1206054687 -7493.4912109375 1 2 3 4 5 6 7 8 9 10 11 12 13 14 15 16 17 18 19 20 21 22 23 24 25 26 27 28 29 30 33 34 35 36 38 39 40 42 44 46 40_127 .0019154508151946279238245350242422076634
.1210937500 -7493.4907226562 1 2 3 4 5 6 7 8 9 10 11 12 13 14 15 16 17 18 19 20 21 22 23 24 25 26 27 28 29 30 32 34 36 38 40 43 44 45 46 47 40_128 .0018913769241966263719418621461633743274
.1215820312 -7493.4902343750 1 2 3 4 5 6 7 8 9 10 11 12 13 14 15 16 17 18 19 20 21 22 23 24 25 26 27 28 30 32 33 35 36 37 39 41 43 44 45 46 40_129 .0018676056050472234694474708553820076469
.1220703124 -7493.4897460938 1 2 3 4 5 6 7 8 9 10 11 12 13 14 15 16 17 18 19 20 21 22 23 24 25 26 27 28 29 30 32 33 34 35 38 39 40 42 44 46 40_130 .0018441330500451852115591584931167891762
.1225585937 -7493.4892578125 1 2 3 4 5 6 7 8 9 10 11 12 13 14 15 16 17 18 19 20 21 22 23 24 25 26 27 28 31 32 33 34 35 36 37 38 39 40 41 44 40_131 .0018209554995278732172548824593070943276
.1230468750 -7493.4887695312 1 2 3 4 5 6 7 8 9 10 11 12 13 14 15 16 17 18 19 20 21 22 23 24 25 26 27 28 30 31 32 33 35 36 37 39 43 44 45 46 40_132 .0017980692505779667780822359524175158140
.1235351562 -7493.4882812500 1 2 3 4 5 6 7 8 9 10 11 12 13 14 15 16 17 18 19 20 21 22 23 24 25 26 27 28 29 30 31 32 34 35 36 38 41 43 44 45 40_133 .0017754706466395309372143304950604362724
.1240234374 -7493.4877929688 1 2 3 4 5 6 7 8 9 10 11 12 13 14 15 16 17 18 19 20 21 22 23 24 25 27 28 29 30 31 32 33 34 35 36 37 39 41 45 46 40_134 .0017531560678574132586161264173921557483
.1245117187 -7493.4873046875 1 2 3 4 5 6 7 8 9 10 11 12 13 14 15 16 17 18 19 20 21 22 23 24 25 26 28 29 30 31 32 33 34 35 36 40 43 44 46 47 40_135 .0017311219400451593468197508222448911310
.1250000000 -7493.4868164062 1 2 3 4 5 6 7 8 9 10 11 12 13 14 15 16 17 18 19 20 21 22 23 24 25 26 27 28 30 31 32 34 35 36 37 41 44 45 46 48 40_136 .0017093647429622044468712881870862917334
.1254882812 -7493.4863281250 1 2 3 4 5 6 7 8 9 10 11 12 13 14 15 16 17 18 19 20 21 22 23 24 25 26 27 28 30 32 33 34 35 36 38 39 41 43 45 46 40_137 .0016878810004422141001335643291770954431
.1259765624 -7493.4858398438 1 2 3 4 5 6 7 8 9 10 11 12 13 14 15 16 17 18 19 20 21 22 23 24 25 26 27 28 30 31 32 33 34 35 36 37 39 42 43 44 40_138 .0016666672712090693722044916535917823893
.1264648437 -7493.4853515625 1 2 3 4 5 6 7 8 9 10 11 12 13 14 15 16 17 18 19 20 21 22 23 24 25 26 27 28 29 30 31 33 35 36 37 41 43 44 46 48 40_139 .0016457201574023664144273085228213238320
.1269531250 -7493.4848632812 1 2 3 4 5 6 7 8 9 10 11 12 13 14 15 16 17 18 19 20 21 22 23 24 25 26 27 28 29 30 31 32 33 35 37 40 41 44 45 46 40_140 .0016250363124462677259562804999130540769
.1274414062 -7493.4843750000 1 2 3 4 5 6 7 8 9 10 11 12 13 14 15 16 17 18 19 20 21 22 23 24 25 26 27 28 30 31 32 33 35 36 37 41 44 45 46 48 40_141 .0016046124316648433414889876970395986530
.1279296874 -7493.4838867188 1 2 3 4 5 6 7 8 9 10 11 12 13 14 15 16 17 18 19 20 21 22 23 24 25 26 27 28 29 30 32 33 36 37 39 40 41 43 45 46 40_142 .0015844452435511328848027754114655665445
.1284179687 -7493.4833984375 1 2 3 4 5 6 7 8 9 10 11 12 13 14 15 16 17 18 19 20 21 22 23 24 25 26 27 28 31 32 33 35 36 37 38 39 41 42 44 46 40_143 .0015645315178720549663772142555293772340
.1289062500 -7493.4829101562 1 2 3 4 5 6 7 8 9 10 11 12 13 14 15 16 17 18 19 20 21 22 23 24 25 26 27 28 30 31 32 33 34 35 36 37 39 41 45 47 40_144 .0015448680731490628426047701680238549945
.1293945312 -7493.4824218750 1 2 3 4 5 6 7 8 9 10 11 12 13 14 15 16 17 18 19 20 21 22 23 24 25 26 27 28 29 30 31 32 33 35 36 37 43 45 46 48 40_145 .0015254517677364608414437380804925384974
.1298828124 -7493.4819335938 1 2 3 4 5 6 7 8 9 10 11 12 13 14 15 16 17 18 19 20 21 22 23 24 25 26 27 28 29 31 32 33 34 36 38 39 40 41 42 46 40_146 .0015062794915211915125080535803565629214
.1303710937 -7493.4814453125 1 2 3 4 5 6 7 8 9 10 11 12 13 14 15 16 17 18 19 20 21 22 23 24 25 26 27 30 31 32 33 34 35 36 37 38 39 40 45 46 40_147 .0014873481736279039189284647438806585056
.1308593750 -7493.4809570312 1 2 3 4 5 6 7 8 9 10 11 12 13 14 15 16 17 18 19 20 21 22 23 24 25 26 27 28 29 30 31 32 33 34 35 39 40 41 45 46 40_148 .0014686547895305646245184225039827340558
.1313476562 -7493.4804687500 1 2 3 4 5 6 7 8 9 10 11 12 13 14 15 16 17 18 19 20 21 22 23 24 25 26 27 28 29 30 32 33 34 35 37 38 42 43 45 46 40_149 .0014501963525709093079419769773216123625
.1318359374 -7493.4799804688 1 2 3 4 5 6 7 8 9 10 11 12 13 14 15 16 17 18 19 20 21 22 23 24 25 26 28 29 30 31 32 33 34 36 37 39 40 41 45 46 40_150 .0014319699060677059625834533409485763491
.1323242187 -7493.4794921875 1 2 3 4 5 6 7 8 9 10 11 12 13 14 15 16 17 18 19 20 21 22 23 24 25 26 27 28 30 32 33 34 36 37 38 39 40 41 45 46 40_151 .0014139725306417075233664269049436412725
.1328125000 -7493.4790039062 1 2 3 4 5 6 7 8 9 10 11 12 13 14 15 16 17 18 19 20 21 22 23 24 25 27 28 30 31 32 33 34 35 36 38 39 40 42 44 45 40_152 .0013962013509764243360101265210371297908
.1333007812 -7493.4785156250 1 2 3 4 5 6 7 8 9 10 11 12 13 14 15 16 17 18 19 20 21 22 23 24 25 27 28 29 30 32 34 36 37 39 40 41 43 44 46 48 40_153 .0013786535277549976830022664443950230677
.1342773437 -7493.4775390625 1 2 3 4 5 6 7 8 9 10 11 12 13 14 15 16 17 18 19 20 21 22 23 24 25 26 27 28 29 31 32 33 34 35 36 37 38 43 44 46 40_154 .0013442167428307155088481407968421988968
.1347656250 -7493.4770507812 1 2 3 4 5 6 7 8 9 10 11 12 13 14 15 16 17 18 19 20 21 22 23 24 25 26 27 28 30 31 32 33 35 36 37 38 40 44 45 46 40_155 .0013273222723029994560242493800777173156
.1352539062 -7493.4765625000 1 2 3 4 5 6 7 8 9 10 11 12 13 14 15 16 17 18 19 20 21 22 23 24 25 26 27 28 30 31 32 33 35 36 37 39 41 42 43 44 40_156 .0013106401393313141583183418600464012585
.1357421874 -7493.4760742188 1 2 3 4 5 6 7 8 9 10 11 12 13 14 15 16 17 18 19 20 21 22 23 24 25 26 27 28 29 30 31 32 33 34 38 39 40 41 42 44 40_157 .0012941676717636472309441167876333157289
.1362304687 -7493.4755859375 1 2 3 4 5 6 7 8 9 10 11 12 13 14 15 16 17 18 19 20 21 22 23 24 25 27 28 29 30 32 33 34 35 36 38 41 42 43 46 48 40_158 .0012779022311603030070840336820601771633
.1367187500 -7493.4750976562 1 2 3 4 5 6 7 8 9 10 11 12 13 14 15 16 17 18 19 20 21 22 23 24 25 26 27 28 29 30 32 34 35 36 38 40 41 43 44 45 40_159 .0012618412189040680719460247208414736478
.1372070312 -7493.4746093750 1 2 3 4 5 6 7 8 9 10 11 12 13 14 15 16 17 18 19 20 21 22 23 24 25 27 28 30 31 32 33 34 35 36 37 39 40 42 43 45 40_160 .0012459820689130206787916971287075620309
.1376953124 -7493.4741210938 1 2 3 4 5 6 7 8 9 10 11 12 13 14 15 16 17 18 19 20 21 22 23 24 25 26 27 30 31 32 33 34 36 37 38 39 40 41 45 46 40_161 .0012303222408609546273685093203030550111
.1381835937 -7493.4736328125 1 2 3 4 5 6 7 8 9 10 11 12 13 14 15 16 17 18 19 20 21 22 23 24 25 26 27 28 29 30 31 32 35 36 37 41 44 46 47 48 40_162 .0012148592264708440160958075920453056698
.1386718750 -7493.4731445312 1 2 3 4 5 6 7 8 9 10 11 12 13 14 15 16 17 18 19 20 21 22 23 24 25 27 28 29 30 32 34 35 36 38 39 40 41 43 45 46 40_163 .0011995905553235747657378536185777603572
.1391601562 -7493.4726562500 1 2 3 4 5 6 7 8 9 10 11 12 13 14 15 16 17 18 19 20 21 22 23 24 25 26 27 28 30 31 32 33 34 35 38 41 43 45 46 48 40_164 .0011845137879302544564784679456093134799
.1396484374 -7493.4721679688 1 2 3 4 5 6 7 8 9 10 11 12 13 14 15 16 17 18 19 20 21 22 23 24 25 26 27 29 30 31 32 33 34 38 39 41 43 44 46 48 40_165 .0011696265092870943822626978083252881615
.1401367187 -7493.4716796875 1 2 3 4 5 6 7 8 9 10 11 12 13 14 15 16 17 18 19 20 21 22 23 24 26 27 28 30 31 32 33 34 35 36 37 38 39 41 44 45 40_166 .0011549263348583975558495758146124114530
.1406250000 -7493.4711914062 1 2 3 4 5 6 7 8 9 10 11 12 13 14 15 16 17 18 19 20 21 22 23 24 25 26 27 28 29 30 31 32 33 35 36 37 38 42 43 44 40_167 .0011404109160987269260307665956589098789
.1411132812 -7493.4707031250 1 2 3 4 5 6 7 8 9 10 11 12 13 14 15 16 17 18 19 20 21 22 23 24 25 26 29 30 31 32 33 34 35 36 38 40 41 44 46 47 40_168 .0011260779338669803300473058208777997393
.1416015624 -7493.4702148438 1 2 3 4 5 6 7 8 9 10 11 12 13 14 15 16 17 18 19 20 21 22 23 24 25 26 27 28 29 30 32 34 35 36 40 41 44 46 47 48 40_169 .0011119250922992308321916582502533205678
.1420898437 -7493.4697265625 1 2 3 4 5 6 7 8 9 10 11 12 13 14 15 16 17 18 19 20 21 22 23 24 25 26 27 28 30 31 32 33 35 37 39 41 44 45 46 48 40_170 .0010979501244965547927853644760700119849
.1425781250 -7493.4692382812 1 2 3 4 5 6 7 8 9 10 11 12 13 14 15 16 17 18 19 20 21 22 23 24 25 27 28 29 30 31 32 33 34 35 38 40 43 44 46 48 40_171 .0010841507977747738634808515943780511866
.1430664062 -7493.4687500000 1 2 3 4 5 6 7 8 9 10 11 12 13 14 15 16 17 18 19 20 21 22 23 24 25 26 27 29 30 31 32 33 35 36 37 40 41 42 44 45 40_172 .0010705249074034346886762461910119114433
.1435546874 -7493.4682617188 1 2 3 4 5 6 7 8 9 10 11 12 13 14 15 16 17 18 19 20 21 22 23 24 25 26 27 28 29 30 31 32 33 34 41 42 44 46 47 48 40_173 .0010570702707809216291619806456784217040
.1440429687 -7493.4677734375 1 2 3 4 5 6 7 8 9 10 11 12 13 14 15 16 17 18 19 20 21 22 23 24 25 26 27 28 29 30 32 33 35 37 38 40 41 42 43 46 40_174 .0010437847328416860787981056887121258294
.1445312500 -7493.4672851562 1 2 3 4 5 6 7 8 9 10 11 12 13 14 15 16 17 18 19 20 21 22 23 24 25 26 27 28 29 30 31 32 33 34 39 41 42 43 47 48 40_175 .0010306661710470018948362755343558412400
.1450195312 -7493.4667968750 1 2 3 4 5 6 7 8 9 10 11 12 13 14 15 16 17 18 19 20 21 22 23 24 25 26 27 30 31 32 33 34 36 37 38 39 40 41 44 45 40_176 .0010177124894328212577916236902851691646
.1455078124 -7493.4663085938 1 2 3 4 5 6 7 8 9 10 11 12 13 14 15 16 17 18 19 20 21 22 23 24 25 26 28 30 33 34 35 36 37 39 40 41 42 43 44 45 40_177 .0010049216130722477165008844159578493808
.1464843750 -7493.4653320312 1 2 3 4 5 6 7 8 9 10 11 12 13 14 15 16 17 18 19 20 21 22 23 24 25 26 27 28 29 30 31 32 33 36 37 38 42 44 46 47 40_178 .0009798201120370054510455293762736135234
.1469726562 -7493.4648437500 1 2 3 4 5 6 7 8 9 10 11 12 13 14 15 16 17 18 19 20 21 22 23 24 25 27 28 29 30 31 32 33 35 36 40 41 42 44 46 48 40_179 .0009675054769717983305278684951872116581
.1474609374 -7493.4643554688 1 2 3 4 5 6 7 8 9 10 11 12 13 14 15 16 17 18 19 20 21 22 23 24 25 27 28 29 30 31 32 34 35 36 37 38 44 45 46 48 40_180 .0009553456154562726451228480647992421709
.1479492187 -7493.4638671875 1 2 3 4 5 6 7 8 9 10 11 12 13 14 15 16 17 18 19 20 21 22 23 24 25 26 27 29 30 31 32 33 34 35 40 41 43 44 45 46 40_181 .0009433385798125116175865020484482052791
.1484375000 -7493.4633789062 1 2 3 4 5 6 7 8 9 10 11 12 13 14 15 16 17 18 19 20 21 22 23 24 25 26 29 30 31 32 33 34 35 38 40 41 43 44 46 47 40_182 .0009314824517592791683254207500833628130
.1489257812 -7493.4628906250 1 2 3 4 5 6 7 8 9 10 11 12 13 14 15 16 17 18 19 20 21 22 23 24 25 26 28 29 30 31 32 33 34 35 36 38 39 40 41 45 40_183 .0009197753370326662773133564836074288989
.1494140624 -7493.4624023438 1 2 3 4 5 6 7 8 9 10 11 12 13 14 15 16 17 18 19 20 21 22 23 24 25 26 27 28 30 31 32 33 34 35 37 41 44 45 46 48 40_184 .0009082153603814548278152366460311639828
.1499023437 -7493.4619140625 1 2 3 4 5 6 7 8 9 10 11 12 13 14 15 16 17 18 19 20 21 22 23 24 25 26 27 28 29 30 31 32 33 34 36 37 38 41 44 45 40_185 .0008968006702129097152535436347828700945
.1503906250 -7493.4614257812 1 2 3 4 5 6 7 8 9 10 11 12 13 14 15 16 17 18 19 20 21 22 23 24 25 26 27 28 29 30 31 32 33 35 38 40 41 44 45 46 40_186 .0008855294428807442427132129985480686297
.1508789062 -7493.4609375000 1 2 3 4 5 6 7 8 9 10 11 12 13 14 15 16 17 18 19 20 21 22 23 24 25 26 28 29 30 32 33 34 35 36 38 39 40 42 43 46 40_187 .0008743998775711472047652880229851953487
.1513671874 -7493.4604492188 1 2 3 4 5 6 7 8 9 10 11 12 13 14 15 16 17 18 19 20 21 22 23 24 25 26 27 28 29 31 32 34 35 36 38 41 43 44 45 46 40_188 .0008634101915450414411114800034483081877
.1518554687 -7493.4599609375 1 2 3 4 5 6 7 8 9 10 11 12 13 14 15 16 17 18 19 20 21 22 23 24 25 26 27 28 30 31 32 33 35 36 39 41 44 45 46 48 40_189 .0008525586245546841602232989331326235521
.1523437500 -7493.4594726562 1 2 3 4 5 6 7 8 9 10 11 12 13 14 15 16 17 18 19 20 21 22 23 24 25 26 27 28 29 30 31 32 33 36 37 38 40 42 44 46 40_190 .0008418434429200932859702595954044494745
.1528320312 -7493.4589843750 1 2 3 4 5 6 7 8 9 10 11 12 13 14 15 16 17 18 19 20 21 22 23 24 25 26 30 31 32 33 35 36 37 39 40 41 42 44 45 46 40_191 .0008312629346673631834655008074820939853
.1533203124 -7493.4584960938 1 2 3 4 5 6 7 8 9 10 11 12 13 14 15 16 17 18 19 20 21 22 23 24 25 27 28 29 30 31 32 33 34 35 36 40 41 44 47 48 40_192 .0008208154050056378168483158789902079012
.1538085937 -7493.4580078125 1 2 3 4 5 6 7 8 9 10 11 12 13 14 15 16 17 18 19 20 21 22 23 24 25 26 27 28 29 30 31 32 33 35 36 37 40 41 42 47 40_193 .0008104991805258260515771391840587517741
.1542968750 -7493.4575195312 1 2 3 4 5 6 7 8 9 10 11 12 13 14 15 16 17 18 19 20 21 22 23 24 25 26 27 28 30 32 33 34 35 39 40 42 43 44 45 46 40_194 .0008003126130759248501121782810654797878
.1547851562 -7493.4570312500 1 2 3 4 5 6 7 8 9 10 11 12 13 14 15 16 17 18 19 20 21 22 23 24 25 26 27 28 30 31 33 34 35 37 39 41 42 44 45 48 40_195 .0007902540751391774340762853463979353660
.1552734374 -7493.4565429688 1 2 3 4 5 6 7 8 9 10 11 12 13 14 15 16 17 18 19 20 21 22 23 24 25 26 27 28 29 30 31 32 34 35 38 39 40 45 46 48 40_196 .0007803219555341818239716440272525318750
.1557617187 -7493.4560546875 1 2 3 4 5 6 7 8 9 10 11 12 13 14 15 16 17 18 19 20 21 22 23 24 25 26 27 28 29 30 31 32 33 36 42 44 45 46 47 48 40_197 .0007705146634064700851785124483171025579
.1562500000 -7493.4555664062 1 2 3 4 5 6 7 8 9 10 11 12 13 14 15 16 17 18 19 20 21 22 23 24 25 26 27 28 30 31 32 34 36 37 39 40 41 42 45 48 40_198 .0007608306319126494343971469663222013111
.1567382812 -7493.4550781250 1 2 3 4 5 6 7 8 9 10 11 12 13 14 15 16 17 18 19 20 21 22 23 24 26 27 28 30 32 33 34 35 36 37 39 41 43 45 46 48 40_199 .0007512683138265706435564080720618609749
.1572265624 -7493.4545898438 1 2 3 4 5 6 7 8 9 10 11 12 13 14 15 16 17 18 19 20 21 22 23 24 25 26 27 28 29 30 31 32 33 35 37 39 43 45 46 48 40_200 .0007418261774515639793305661611830340969
.1577148437 -7493.4541015625 1 2 3 4 5 6 7 8 9 10 11 12 13 14 15 16 17 18 19 20 21 22 23 24 25 27 28 29 30 31 32 33 35 36 37 40 44 46 47 48 40_201 .0007325027104151010770669729379960297320
.1582031250 -7493.4536132812 1 2 3 4 5 6 7 8 9 10 11 12 13 14 15 16 17 18 19 20 21 22 23 24 25 26 27 28 29 30 31 32 34 37 40 42 44 45 46 47 40_202 .0007232964231711855819837377884638101440
.1586914062 -7493.4531250000 1 2 3 4 5 6 7 8 9 10 11 12 13 14 15 16 17 18 19 20 21 22 23 24 26 27 28 29 30 31 32 33 34 37 38 39 41 42 46 47 40_203 .0007142058448232833202642110486087663904
.1596679687 -7493.4521484375 1 2 3 4 5 6 7 8 9 10 11 12 13 14 15 16 17 18 19 20 21 22 23 24 26 27 28 29 30 31 33 34 35 39 42 43 44 45 46 48 40_204 .0006963660086536438529404009638499061655
.1601562500 -7493.4516601562 1 2 3 4 5 6 7 8 9 10 11 12 13 14 15 16 17 18 19 20 21 22 23 24 25 26 27 31 32 34 36 37 39 40 41 42 44 45 46 47 40_205 .0006876138970076249901638083002679475986
.1606445312 -7493.4511718750 1 2 3 4 5 6 7 8 9 10 11 12 13 14 15 16 17 18 19 20 21 22 23 24 26 27 28 29 31 32 33 34 36 37 38 39 41 42 46 47 40_206 .0006789717859676609411246504571139942956
.1611328124 -7493.4506835938 1 2 3 4 5 6 7 8 9 10 11 12 13 14 15 16 17 18 19 20 21 22 23 24 25 26 27 28 30 31 32 33 35 36 38 39 40 42 45 46 40_207 .0006704382912362853153629881241696323544
.1616210937 -7493.4501953125 1 2 3 4 5 6 7 8 9 10 11 12 13 14 15 16 17 18 19 20 21 22 23 24 25 26 27 28 29 30 31 32 35 36 37 40 42 44 45 47 40_208 .0006620120459805600885232240890965563299
.1621093750 -7493.4497070312 1 2 3 4 5 6 7 8 9 10 11 12 13 14 15 16 17 18 19 20 21 22 23 24 25 27 28 30 31 32 33 34 35 37 39 41 42 43 46 48 40_209 .0006536917039974219706815334189901428607
.1635742187 -7493.4482421875 1 2 3 4 5 6 7 8 9 10 11 12 13 14 15 16 17 18 19 20 21 22 23 24 25 26 27 28 29 30 31 32 34 36 38 40 41 44 45 47 40_210 .0006293528741741721651130019592312971443
.1640625000 -7493.4477539062 1 2 3 4 5 6 7 8 9 10 11 12 13 14 15 16 17 18 19 20 21 22 23 24 25 26 28 29 30 32 33 34 35 36 40 41 43 45 46 47 40_211 .0006214430012753431108615506792195876792
.1645507812 -7493.4472656250 1 2 3 4 5 6 7 8 9 10 11 12 13 14 15 16 17 18 19 20 21 22 23 24 25 26 27 28 30 31 32 33 35 37 39 41 43 45 46 48 40_212 .0006136325433346268826667222243827010754
.1650390624 -7493.4467773438 1 2 3 4 5 6 7 8 9 10 11 12 13 14 15 16 17 18 19 20 21 22 23 24 25 26 27 30 31 32 33 34 35 38 39 41 43 44 46 48 40_213 .0006059202492691470068999759229899652639
.1655273437 -7493.4462890625 1 2 3 4 5 6 7 8 9 10 11 12 13 14 15 16 17 18 19 20 21 22 23 24 26 27 28 30 31 32 33 34 35 36 38 40 41 43 45 46 40_214 .0005983048837798978288931021839212290042
.1660156250 -7493.4458007812 1 2 3 4 5 6 7 8 9 10 11 12 13 14 15 16 17 18 19 20 21 22 23 24 25 26 27 30 31 32 33 34 35 36 37 41 43 44 45 48 40_215 .0005907852302124812661798353389499227877
.1674804687 -7493.4443359375 1 2 3 4 5 6 7 8 9 10 11 12 13 14 15 16 17 18 19 20 21 22 23 24 25 27 29 30 31 32 33 34 36 37 39 41 43 44 45 46 40_216 .0005687885900649909607320431104067132090
.1679687500 -7493.4438476562 1 2 3 4 5 6 7 8 9 10 11 12 13 14 15 16 17 18 19 20 21 22 23 24 25 26 27 28 29 30 31 32 34 35 36 37 38 42 43 44 40_217 .0005616399050611735971954558266249413991
.1684570312 -7493.4433593750 1 2 3 4 5 6 7 8 9 10 11 12 13 14 15 16 17 18 19 20 21 22 23 24 25 26 27 28 30 31 33 34 35 36 39 42 43 45 46 48 40_218 .0005545810680522995529253986664721838495
.1689453124 -7493.4428710938 1 2 3 4 5 6 7 8 9 10 11 12 13 14 15 16 17 18 19 20 21 22 23 24 25 26 28 29 30 32 33 34 35 36 37 39 40 41 47 48 40_219 .0005476109483504915418413884638072653498
.1694335937 -7493.4423828125 1 2 3 4 5 6 7 8 9 10 11 12 13 14 15 16 17 18 19 20 21 22 23 24 25 26 27 28 30 31 32 33 36 38 39 40 41 42 45 46 40_220 .0005407284295328196504554506882100586495
.1699218750 -7493.4418945312 1 2 3 4 5 6 7 8 9 10 11 12 13 14 15 16 17 18 19 20 21 22 23 24 25 26 27 28 29 30 31 32 35 36 37 41 42 43 45 47 40_221 .0005339324120267418612963203395451702427
.1708984374 -7493.4409179688 1 2 3 4 5 6 7 8 9 10 11 12 13 14 15 16 17 18 19 20 21 22 23 24 25 26 27 28 29 30 31 32 36 38 39 40 41 42 45 46 40_222 .0005205955486250265709890611089952915025
.1713867187 -7493.4404296875 1 2 3 4 5 6 7 8 9 10 11 12 13 14 15 16 17 18 19 20 21 22 23 24 25 27 28 29 30 31 32 35 36 37 39 41 42 43 44 45 40_223 .0005140525664757458235652645083687429096
.1718750000 -7493.4399414062 1 2 3 4 5 6 7 8 9 10 11 12 13 14 15 16 17 18 19 20 21 22 23 24 25 27 29 30 31 32 33 34 35 36 37 39 43 44 45 46 40_224 .0005075918182516664651488860839397551512
.1723632812 -7493.4394531250 1 2 3 4 5 6 7 8 9 10 11 12 13 14 15 16 17 18 19 20 21 22 23 24 25 26 28 29 30 32 33 34 35 36 39 40 41 43 45 47 40_225 .0005012122717134156422984056798223257693
.1728515624 -7493.4389648438 1 2 3 4 5 6 7 8 9 10 11 12 13 14 15 16 17 18 19 20 21 22 23 24 25 26 27 28 29 30 31 32 34 40 41 42 45 46 47 48 40_226 .0004949129049821874958633461665392009694
.1733398437 -7493.4384765625 1 2 3 4 5 6 7 8 9 10 11 12 13 14 15 16 17 18 19 20 21 22 23 24 25 26 27 28 29 30 31 32 34 36 37 38 41 42 43 44 40_227 .0004886927090713700953456146037752397089
.1738281250 -7493.4379882812 1 2 3 4 5 6 7 8 9 10 11 12 13 14 15 16 17 18 19 20 21 22 23 24 25 26 27 28 29 30 31 32 34 37 40 41 42 45 46 47 40_228 .0004825506902231822135309093833728374954
.1743164062 -7493.4375000000 1 2 3 4 5 6 7 8 9 10 11 12 13 14 15 16 17 18 19 20 21 22 23 24 25 26 27 28 29 30 31 34 36 37 41 44 45 46 47 48 40_229 .0004764858671219210842869985574699082496
.1748046874 -7493.4370117188 1 2 3 4 5 6 7 8 9 10 11 12 13 14 15 16 17 18 19 20 21 22 23 24 25 26 27 29 30 31 32 35 36 37 39 41 42 43 44 45 40_230 .0004704972683013310255949871215208531159
.1752929687 -7493.4365234375 1 2 3 4 5 6 7 8 9 10 11 12 13 14 15 16 17 18 19 20 21 22 23 24 25 26 27 28 30 31 32 33 34 36 37 38 39 40 41 43 40_231 .0004645839345513371193226380111963758348
.1757812500 -7493.4360351562 1 2 3 4 5 6 7 8 9 10 11 12 13 14 15 16 17 18 19 20 21 22 23 24 25 26 27 28 30 32 33 34 35 36 37 38 39 41 44 45 40_232 .0004587449211394082195623299927575610111
.1762695312 -7493.4355468750 1 2 3 4 5 6 7 8 9 10 11 12 13 14 15 16 17 18 19 20 21 22 23 24 25 26 28 29 30 31 32 35 36 37 39 40 43 44 45 46 40_233 .0004529792951612841125225350409739050479
.1767578124 -7493.4350585938 1 2 3 4 5 6 7 8 9 10 11 12 13 14 15 16 17 18 19 20 21 22 23 24 25 26 27 28 29 30 31 33 34 36 37 41 44 46 47 48 40_234 .0004472861330762469384358606752479415339
.1772460937 -7493.4345703125 1 2 3 4 5 6 7 8 9 10 11 12 13 14 15 16 17 18 19 20 21 22 23 24 26 27 29 30 32 33 34 35 36 37 38 39 40 42 44 46 40_235 .0004416645229951230004892756890791614257
.1777343750 -7493.4340820312 1 2 3 4 5 6 7 8 9 10 11 12 13 14 15 16 17 18 19 20 21 22 23 24 25 26 27 29 30 31 32 33 34 35 36 41 43 44 45 47 40_236 .0004361135667920588304861118744817286582
.1782226562 -7493.4335937500 1 2 3 4 5 6 7 8 9 10 11 12 13 14 15 16 17 18 19 20 21 22 23 24 25 27 28 29 32 33 34 35 36 37 39 41 42 44 45 48 40_237 .0004306323775859454521700705763809037306
.1787109374 -7493.4331054688 1 2 3 4 5 6 7 8 9 10 11 12 13 14 15 16 17 18 19 20 21 22 23 24 25 26 27 28 29 30 32 34 35 36 38 39 41 44 46 47 40_238 .0004252200773972827478187205181798587877
.1791992187 -7493.4326171875 1 2 3 4 5 6 7 8 9 10 11 12 13 14 15 16 17 18 19 20 21 22 23 24 25 26 27 28 29 30 34 36 37 39 40 41 42 44 46 48 40_239 .0004198757993233068193069956410429444895
.1801757812 -7493.4316406250 1 2 3 4 5 6 7 8 9 10 11 12 13 14 15 16 17 18 19 20 21 22 23 24 25 26 27 28 29 30 31 32 37 38 40 42 44 45 46 47 40_240 .0004093879049356914428925360416206477336
.1806640624 -7493.4311523438 1 2 3 4 5 6 7 8 9 10 11 12 13 14 15 16 17 18 19 20 21 22 23 24 25 26 27 28 29 30 32 34 35 36 38 39 40 44 46 47 40_241 .0004042426108276620078749481199755855259
.1811523437 -7493.4306640625 1 2 3 4 5 6 7 8 9 10 11 12 13 14 15 16 17 18 19 20 21 22 23 24 25 26 27 28 29 30 31 32 33 36 37 38 41 43 45 46 40_242 .0003991619830858194876070755378914465150
.1816406250 -7493.4301757812 1 2 3 4 5 6 7 8 9 10 11 12 13 14 15 16 17 18 19 20 21 22 23 24 25 26 28 29 30 31 32 33 34 35 36 39 41 43 45 47 40_243 .0003941452100133259747160520610307831199
.1821289062 -7493.4296875000 1 2 3 4 5 6 7 8 9 10 11 12 13 14 15 16 17 18 19 20 21 22 23 24 25 26 27 28 29 31 35 36 37 39 40 42 44 45 46 48 40_244 .0003891914900759766849468191215612983479
.1826171874 -7493.4291992188 1 2 3 4 5 6 7 8 9 10 11 12 13 14 15 16 17 18 19 20 21 22 23 24 25 26 27 28 29 30 31 32 33 36 37 38 42 44 45 47 40_245 .0003843000297845504350158452843743689016
.1831054687 -7493.4287109375 1 2 3 4 5 6 7 8 9 10 11 12 13 14 15 16 17 18 19 20 21 22 23 24 25 26 27 28 29 30 32 33 36 37 38 41 43 44 45 46 40_246 .0003794700456606187708120760711838607646
.1835937500 -7493.4282226562 1 2 3 4 5 6 7 8 9 10 11 12 13 14 15 16 17 18 19 20 21 22 23 24 25 26 28 29 30 31 32 33 35 36 39 40 43 44 45 46 40_247 .0003747007660509451738974082626588888175
.1845703124 -7493.4272460938 1 2 3 4 5 6 7 8 9 10 11 12 13 14 15 16 17 18 19 20 21 22 23 24 25 26 27 29 30 31 32 34 35 37 38 41 42 43 46 48 40_248 .0003653412800546366303715459691159460198
.1850585937 -7493.4267578125 1 2 3 4 5 6 7 8 9 10 11 12 13 14 15 16 17 18 19 20 21 22 23 24 25 26 27 28 29 30 32 33 36 37 38 41 42 43 44 46 40_249 .0003607495744972104499601166205544256897
.1855468750 -7493.4262695312 1 2 3 4 5 6 7 8 9 10 11 12 13 14 15 16 17 18 19 20 21 22 23 24 25 26 27 29 30 31 33 34 35 38 39 40 42 44 46 47 40_250 .0003562155787061784350341773450475485832
.1860351562 -7493.4257812500 1 2 3 4 5 6 7 8 9 10 11 12 13 14 15 16 17 18 19 20 21 22 23 24 25 26 28 30 33 34 35 36 39 40 41 42 43 44 45 47 40_251 .0003517385682810826925075501781504523827
.1865234374 -7493.4252929688 1 2 3 4 5 6 7 8 9 10 11 12 13 14 15 16 17 18 19 20 21 22 23 24 25 26 27 29 30 31 32 33 35 37 38 41 42 43 46 48 40_252 .0003473178260922589766528501647896295800
.1870117187 -7493.4248046875 1 2 3 4 5 6 7 8 9 10 11 12 13 14 15 16 17 18 19 20 21 22 23 24 25 26 27 28 30 31 32 33 36 37 38 39 40 41 42 45 40_253 .0003429526440574708291036284116670445183
.1879882812 -7493.4238281250 1 2 3 4 5 6 7 8 9 10 11 12 13 14 15 16 17 18 19 20 21 22 23 24 25 26 27 28 29 30 33 35 36 37 41 43 44 45 46 48 40_254 .0003343861796014934418324148487149622200
.1884765624 -7493.4233398438 1 2 3 4 5 6 7 8 9 10 11 12 13 14 15 16 17 18 19 20 21 22 23 24 25 26 27 28 29 31 32 33 35 36 37 39 44 46 47 48 40_255 .0003301835267654740113188370388387014016
.1889648437 -7493.4228515625 1 2 3 4 5 6 7 8 9 10 11 12 13 14 15 16 17 18 19 20 21 22 23 24 25 26 27 28 29 30 31 32 33 35 36 38 44 45 46 48 40_256 .0003260336931233712900550671325168247822
.1894531250 -7493.4223632812 1 2 3 4 5 6 7 8 9 10 11 12 13 14 15 16 17 18 19 20 21 22 23 24 25 26 28 30 31 32 33 35 36 37 38 39 41 43 44 46 40_257 .0003219360156848981929963181703637346106
.1904296874 -7493.4213867188 1 2 3 4 5 6 7 8 9 10 11 12 13 14 15 16 17 18 19 20 21 22 23 24 25 26 27 28 29 31 33 35 37 39 40 42 44 45 46 48 40_258 .0003138945172319686979914000600956254703
.1909179687 -7493.4208984375 1 2 3 4 5 6 7 8 9 10 11 12 13 14 15 16 17 18 19 20 21 22 23 24 25 26 27 28 29 32 34 35 38 40 41 43 44 45 46 47 40_259 .0003099494081575052506721165333022798864
.1918945312 -7493.4199218750 1 2 3 4 5 6 7 8 9 10 11 12 13 14 15 16 17 18 19 20 21 22 23 24 27 28 30 31 32 33 34 35 36 38 40 41 43 44 45 46 40_260 .0003022073171308282497876650196532488090
.1923828124 -7493.4194335938 1 2 3 4 5 6 7 8 9 10 11 12 13 14 15 16 17 18 19 20 21 22 23 24 25 26 27 30 31 32 33 35 36 37 38 39 40 42 44 46 40_261 .0002984090966424117890823263037183365089
.1928710937 -7493.4189453125 1 2 3 4 5 6 7 8 9 10 11 12 13 14 15 16 17 18 19 20 21 22 23 24 25 26 27 28 29 31 32 33 34 35 36 41 43 44 45 47 40_262 .0002946586124178134230145792979854212688
.1933593750 -7493.4184570312 1 2 3 4 5 6 7 8 9 10 11 12 13 14 15 16 17 18 19 20 21 22 23 24 25 26 27 28 29 32 34 36 37 38 41 43 44 45 46 47 40_263 .0002909552652680469843040198097985939032
.1938476562 -7493.4179687500 1 2 3 4 5 6 7 8 9 10 11 12 13 14 15 16 17 18 19 20 21 22 23 24 27 28 29 30 32 34 35 36 38 39 40 42 43 44 45 46 40_264 .0002872984635061117187585093877801480453
.1943359374 -7493.4174804688 1 2 3 4 5 6 7 8 9 10 11 12 13 14 15 16 17 18 19 20 21 22 23 24 25 28 31 32 33 34 35 36 37 38 40 41 42 43 44 45 40_265 .0002836876213837580690319117914581615487
.1948242187 -7493.4169921875 1 2 3 4 5 6 7 8 9 10 11 12 13 14 15 16 17 18 19 20 21 22 23 24 25 26 31 32 33 34 35 36 37 39 40 41 42 43 45 47 40_266 .0002801221605426343632841368207261687804
.1953125000 -7493.4165039062 1 2 3 4 5 6 7 8 9 10 11 12 13 14 15 16 17 18 19 20 21 22 23 24 25 26 27 30 32 33 34 36 38 39 40 41 44 45 46 47 40_267 .0002766015113536637478898517973000737217
.1958007812 -7493.4160156250 1 2 3 4 5 6 7 8 9 10 11 12 13 14 15 16 17 18 19 20 21 22 23 24 25 26 27 29 30 31 32 33 35 36 37 38 41 43 46 48 40_268 .0002731251113196578452809370299683894279
.1962890624 -7493.4155273438 1 2 3 4 5 6 7 8 9 10 11 12 13 14 15 16 17 18 19 20 21 22 23 24 26 27 28 29 30 32 33 34 35 37 41 42 43 45 46 47 40_269 .0002696924035892018819092965355868333619
.1967773437 -7493.4150390625 1 2 3 4 5 6 7 8 9 10 11 12 13 14 15 16 17 18 19 20 21 22 23 24 25 26 27 28 30 33 34 35 36 39 40 42 43 44 45 48 40_270 .0002663028383362116689718728513909063202
.1972656250 -7493.4145507812 1 2 3 4 5 6 7 8 9 10 11 12 13 14 15 16 17 18 19 20 21 22 23 24 25 26 27 28 29 30 31 34 36 37 40 41 42 44 46 48 40_271 .0002629558740332347867633668316853390401
.1977539062 -7493.4140625000 1 2 3 4 5 6 7 8 9 10 11 12 13 14 15 16 17 18 19 20 21 22 23 24 25 26 27 28 29 31 32 33 34 35 36 38 39 40 42 47 40_272 .0002596509759328684203375854863572498254
.1982421874 -7493.4135742188 1 2 3 4 5 6 7 8 9 10 11 12 13 14 15 16 17 18 19 20 21 22 23 24 25 26 30 31 32 33 34 35 36 38 39 40 42 44 45 47 40_273 .0002563876146549592877440169074555741366
.1987304687 -7493.4130859375 1 2 3 4 5 6 7 8 9 10 11 12 13 14 15 16 17 18 19 20 21 22 23 24 25 26 28 29 30 31 32 34 35 36 37 39 40 41 47 48 40_274 .0002531652674981026621042752753627017483
.1992187500 -7493.4125976562 1 2 3 4 5 6 7 8 9 10 11 12 13 14 15 16 17 18 19 20 21 22 23 24 25 26 27 28 29 30 32 34 36 37 38 39 43 44 46 47 40_275 .0002499834196501275356317498038460813107
.1997070312 -7493.4121093750 1 2 3 4 5 6 7 8 9 10 11 12 13 14 15 16 17 18 19 20 21 22 23 24 25 30 32 33 34 35 36 37 38 39 40 41 43 44 45 46 40_276 .0002468415627444309709490873784400627685
.2001953124 -7493.4116210938 1 2 3 4 5 6 7 8 9 10 11 12 13 14 15 16 17 18 19 20 21 22 23 24 25 26 27 28 29 30 32 35 36 37 42 43 45 46 47 48 40_277 .0002437391935168759759889491933909353926
.2006835937 -7493.4111328125 1 2 3 4 5 6 7 8 9 10 11 12 13 14 15 16 17 18 19 20 21 22 23 24 26 27 28 29 30 31 32 33 34 35 38 40 41 45 46 48 40_278 .0002406758150525900842190364313024174198
.2011718750 -7493.4106445312 1 2 3 4 5 6 7 8 9 10 11 12 13 14 15 16 17 18 19 20 21 22 23 24 25 26 27 28 31 33 35 36 37 39 41 42 43 44 46 48 40_279 .0002376509379367334135413253188812539826
.2016601562 -7493.4101562500 1 2 3 4 5 6 7 8 9 10 11 12 13 14 15 16 17 18 19 20 21 22 23 24 25 27 29 30 31 32 33 34 36 38 40 42 44 45 46 48 40_280 .0002346640788820536619128821653822125032
.2021484374 -7493.4096679688 1 2 3 4 5 6 7 8 9 10 11 12 13 14 15 16 17 18 19 20 21 22 23 24 25 26 28 29 30 31 32 33 35 36 37 39 43 45 46 48 40_281 .0002317147594520435062590108463392478009
.2026367187 -7493.4091796875 1 2 3 4 5 6 7 8 9 10 11 12 13 14 15 16 17 18 19 20 21 22 23 24 25 26 27 28 29 30 31 32 37 40 41 42 43 45 46 47 40_282 .0002288025072462306206007160301379771770
.2031250000 -7493.4086914062 1 2 3 4 5 6 7 8 9 10 11 12 13 14 15 16 17 18 19 20 21 22 23 24 25 26 27 28 29 31 32 34 35 36 41 42 45 46 47 48 40_283 .0002259268569941746656462397461130038432
.2041015624 -7493.4077148438 1 2 3 4 5 6 7 8 9 10 11 12 13 14 15 16 17 18 19 20 21 22 23 24 25 27 28 29 30 31 32 34 37 38 41 44 45 46 47 48 40_284 .0002202835291821907414153607237865782436
.2045898437 -7493.4072265625 1 2 3 4 5 6 7 8 9 10 11 12 13 14 15 16 17 18 19 20 21 22 23 24 25 26 27 28 29 30 31 32 33 37 40 41 42 43 46 47 40_285 .0002175149476931127717580129981771084235
.2050781250 -7493.4067382812 1 2 3 4 5 6 7 8 9 10 11 12 13 14 15 16 17 18 19 20 21 22 23 24 25 27 28 30 32 33 34 35 37 38 41 43 44 45 46 48 40_286 .0002147811624663342209146532433745760658
.2055664062 -7493.4062500000 1 2 3 4 5 6 7 8 9 10 11 12 13 14 15 16 17 18 19 20 21 22 23 24 25 26 28 29 31 32 33 35 37 39 40 42 44 45 46 48 40_287 .0002120817367226075261137321144787851191
.2065429687 -7493.4052734375 1 2 3 4 5 6 7 8 9 10 11 12 13 14 15 16 17 18 19 20 21 22 23 24 25 26 27 28 30 31 33 34 35 36 37 39 42 43 46 48 40_288 .0002067842395582709828938181385101075530
.2070312500 -7493.4047851562 1 2 3 4 5 6 7 8 9 10 11 12 13 14 15 16 17 18 19 20 21 22 23 24 25 28 30 32 33 34 35 36 37 38 39 40 41 44 46 47 40_289 .0002041853207012891950137217779160667630
.2080078124 -7493.4038085938 1 2 3 4 5 6 7 8 9 10 11 12 13 14 15 16 17 18 19 20 21 22 23 24 25 26 27 28 30 31 33 35 36 37 39 42 43 45 46 48 40_290 .0001990850651830081040848724500544097707
.2084960937 -7493.4033203125 1 2 3 4 5 6 7 8 9 10 11 12 13 14 15 16 17 18 19 20 21 22 23 24 25 26 27 30 31 33 34 35 39 40 41 42 44 45 46 48 40_291 .0001965829115800408663094052941360554987
.2089843750 -7493.4028320312 1 2 3 4 5 6 7 8 9 10 11 12 13 14 15 16 17 18 19 20 21 22 23 24 25 26 29 31 32 33 35 36 37 39 41 42 43 44 46 48 40_292 .0001941122057034366620472416506996581040
.2094726562 -7493.4023437500 1 2 3 4 5 6 7 8 9 10 11 12 13 14 15 16 17 18 19 20 21 22 23 24 25 26 27 28 29 30 32 35 37 38 40 41 42 43 46 47 40_293 .0001916725528063649205007357797283833869
.2104492187 -7493.4013671875 1 2 3 4 5 6 7 8 9 10 11 12 13 14 15 16 17 18 19 20 21 22 23 24 25 26 28 29 30 31 32 33 35 36 40 41 43 44 45 46 40_294 .0001868848477419682730060808371410725652
.2109375000 -7493.4008789062 1 2 3 4 5 6 7 8 9 10 11 12 13 14 15 16 17 18 19 20 21 22 23 24 25 26 27 30 31 34 35 36 38 39 40 41 42 43 44 46 40_295 .0001845360296893047202347463064554852743
.2119140624 -7493.3999023438 1 2 3 4 5 6 7 8 9 10 11 12 13 14 15 16 17 18 19 20 21 22 23 24 25 26 27 29 30 32 34 35 36 37 39 40 41 42 43 47 40_296 .0001799265851880447569562735004537732897
.2128906250 -7493.3989257812 1 2 3 4 5 6 7 8 9 10 11 12 13 14 15 16 17 18 19 20 21 22 23 24 25 27 28 29 30 33 35 36 37 40 41 43 44 45 46 48 40_297 .0001754322770692675288724923614129254916
.2133789062 -7493.3984375000 1 2 3 4 5 6 7 8 9 10 11 12 13 14 15 16 17 18 19 20 21 22 23 24 25 26 28 30 31 32 34 35 38 39 40 41 45 46 47 48 40_298 .0001732273983938594653573846378364292256
.2138671874 -7493.3979492188 1 2 3 4 5 6 7 8 9 10 11 12 13 14 15 16 17 18 19 20 21 22 23 24 25 26 27 28 29 30 33 35 36 40 41 43 44 45 46 48 40_299 .0001710502312094864849142751600901010735
.2153320312 -7493.3964843750 1 2 3 4 5 6 7 8 9 10 11 12 13 14 15 16 17 18 19 20 21 22 23 24 25 26 27 29 30 31 33 34 35 39 40 41 42 44 45 46 40_300 .0001646815367285495345892647759133532140
.2158203124 -7493.3959960938 1 2 3 4 5 6 7 8 9 10 11 12 13 14 15 16 17 18 19 20 21 22 23 24 25 27 29 30 31 32 33 34 36 37 38 40 44 45 46 48 40_301 .0001626117761654871201415131426340194282
.2163085937 -7493.3955078125 1 2 3 4 5 6 7 8 9 10 11 12 13 14 15 16 17 18 19 20 21 22 23 24 25 26 28 30 31 33 35 36 37 39 41 42 43 44 46 48 40_302 .0001605680284778172629935575182433354153
.2167968750 -7493.3950195312 1 2 3 4 5 6 7 8 9 10 11 12 13 14 15 16 17 18 19 20 21 22 23 24 25 26 27 28 30 31 32 34 35 36 37 40 42 45 46 48 40_303 .0001585499671500737935029866941632556033
.2172851562 -7493.3945312500 1 2 3 4 5 6 7 8 9 10 11 12 13 14 15 16 17 18 19 20 21 22 23 24 25 26 27 28 29 32 34 35 36 37 39 40 41 42 46 47 40_304 .0001565572697548400905024375347865735606
.2177734374 -7493.3940429688 1 2 3 4 5 6 7 8 9 10 11 12 13 14 15 16 17 18 19 20 21 22 23 24 27 28 29 30 31 32 33 34 35 36 41 42 45 46 47 48 40_305 .0001545896171008973940488213581401684113
.2182617187 -7493.3935546875 1 2 3 4 5 6 7 8 9 10 11 12 13 14 15 16 17 18 19 20 21 22 23 24 25 26 27 29 30 31 32 33 35 37 40 42 44 45 46 47 40_306 .0001526466940239967462748643878455592022
.2187500000 -7493.3930664062 1 2 3 4 5 6 7 8 9 10 11 12 13 14 15 16 17 18 19 20 21 22 23 24 25 26 30 31 33 34 35 36 37 38 39 40 42 44 45 47 40_307 .0001507281901167243488243636341596199240
.2192382812 -7493.3925781250 1 2 3 4 5 6 7 8 9 10 11 12 13 14 15 16 17 18 19 20 21 22 23 24 25 26 27 28 31 32 35 36 37 39 40 42 44 45 46 48 40_308 .0001488337988580393911443456120303165472
.2202148437 -7493.3916015625 1 2 3 4 5 6 7 8 9 10 11 12 13 14 15 16 17 18 19 20 21 22 23 24 25 26 27 30 32 33 34 35 36 38 39 40 41 42 44 45 40_309 .0001451161443367585299648667857493270408
.2207031250 -7493.3911132812 1 2 3 4 5 6 7 8 9 10 11 12 13 14 15 16 17 18 19 20 21 22 23 24 25 27 28 29 30 31 32 37 38 40 41 42 44 45 46 47 40_310 .0001432922863639510103065494208881850611
.2211914062 -7493.3906250000 1 2 3 4 5 6 7 8 9 10 11 12 13 14 15 16 17 18 19 20 21 22 23 24 25 26 27 28 30 31 32 33 35 36 37 38 44 45 46 48 40_311 .0001414913514856469744035627140410215963
.2216796874 -7493.3901367188 1 2 3 4 5 6 7 8 9 10 11 12 13 14 15 16 17 18 19 20 21 22 23 24 25 26 27 29 30 32 33 35 36 37 38 40 41 43 46 48 40_312 .0001397130512272390442813764194622674516
.2226562500 -7493.3891601562 1 2 3 4 5 6 7 8 9 10 11 12 13 14 15 16 17 18 19 20 21 22 23 24 25 26 27 29 30 32 34 35 36 37 39 41 42 43 44 48 40_313 .0001362232195285299588345378348559449048
.2246093750 -7493.3872070312 1 2 3 4 5 6 7 8 9 10 11 12 13 14 15 16 17 18 19 20 21 22 23 24 25 26 27 28 29 32 33 35 36 37 39 40 41 42 46 47 40_314 .0001295028923719268281037632442681006944
.2250976562 -7493.3867187500 1 2 3 4 5 6 7 8 9 10 11 12 13 14 15 16 17 18 19 20 21 22 23 24 25 26 27 31 32 33 34 36 37 38 39 41 42 43 44 47 40_315 .0001278752661986555013314749951344724549
.2255859374 -7493.3862304688 1 2 3 4 5 6 7 8 9 10 11 12 13 14 15 16 17 18 19 20 21 22 23 24 26 28 29 31 33 34 35 36 37 39 40 42 44 45 47 48 40_316 .0001262680964562128356489226384840515745
.2260742187 -7493.3857421875 1 2 3 4 5 6 7 8 9 10 11 12 13 14 15 16 17 18 19 20 21 22 23 24 25 28 29 30 32 33 34 36 38 40 41 43 44 45 46 47 40_317 .0001246811257198730748083460149280084047
.2265625000 -7493.3852539062 1 2 3 4 5 6 7 8 9 10 11 12 13 14 15 16 17 18 19 20 21 22 23 24 25 27 29 30 31 32 33 34 35 36 40 41 43 44 45 47 40_318 .0001231141004502717954348493991732532661
.2290039062 -7493.3828125000 1 2 3 4 5 6 7 8 9 10 11 12 13 14 15 16 17 18 19 20 21 22 23 24 25 26 27 31 32 34 35 36 39 41 42 43 44 45 46 47 40_319 .0001155694926487134309114978040644530225
.2294921874 -7493.3823242188 1 2 3 4 5 6 7 8 9 10 11 12 13 14 15 16 17 18 19 20 21 22 23 24 25 26 27 28 29 30 32 33 35 36 37 38 44 45 46 48 40_320 .0001141169850821140097935392284108176510
.2304687500 -7493.3813476562 1 2 3 4 5 6 7 8 9 10 11 12 13 14 15 16 17 18 19 20 21 22 23 24 25 26 27 28 32 34 35 36 37 39 40 41 42 44 46 47 40_321 .0001112665064160018994098469425702864020
.2309570312 -7493.3808593750 1 2 3 4 5 6 7 8 9 10 11 12 13 14 15 16 17 18 19 20 21 22 23 24 26 27 28 29 30 31 34 36 37 40 41 44 45 46 47 48 40_322 .0001098680799041751645855242822261815598
.2319335937 -7493.3798828125 1 2 3 4 5 6 7 8 9 10 11 12 13 14 15 16 17 18 19 20 21 22 23 24 25 26 27 28 30 31 34 35 36 37 39 40 42 45 46 48 40_323 .0001071237330747981030437725573292776618
.2324218750 -7493.3793945312 1 2 3 4 5 6 7 8 9 10 11 12 13 14 15 16 17 18 19 20 21 22 23 24 26 28 31 32 33 34 35 36 37 39 40 41 42 45 47 48 40_324 .0001057773737462868856799540914272476652
.2329101562 -7493.3789062500 1 2 3 4 5 6 7 8 9 10 11 12 13 14 15 16 17 18 19 20 21 22 23 24 26 27 29 30 31 33 34 35 36 37 39 43 44 45 46 48 40_325 .0001044479360874359443551770625992757340
.2333984374 -7493.3784179688 1 2 3 4 5 6 7 8 9 10 11 12 13 14 15 16 17 18 19 20 21 22 23 24 25 26 27 28 29 30 32 35 36 37 39 43 45 46 47 48 40_326 .0001031352071482872929847763522543724861
.2338867187 -7493.3779296875 1 2 3 4 5 6 7 8 9 10 11 12 13 14 15 16 17 18 19 20 21 22 23 24 25 26 28 30 31 33 35 36 37 39 41 42 43 44 45 48 40_327 .0001018389766654952322970781198928604807
.2343750000 -7493.3774414062 1 2 3 4 5 6 7 8 9 10 11 12 13 14 15 16 17 18 19 20 21 22 23 24 25 26 27 28 29 31 32 33 36 38 40 41 44 45 46 47 40_328 .0001005590375492595361696695469490221947
.2353515624 -7493.3764648438 1 2 3 4 5 6 7 8 9 10 11 12 13 14 15 16 17 18 19 20 21 22 23 24 25 28 29 30 31 33 34 35 38 39 42 43 44 45 47 48 40_329 .0000980472174810384999768112586977738295
.2368164062 -7493.3750000000 1 2 3 4 5 6 7 8 9 10 11 12 13 14 15 16 17 18 19 20 21 22 23 24 25 26 27 28 31 32 33 34 36 39 40 41 43 44 45 48 40_330 .0000943966361960710021517230138744965108
.2373046874 -7493.3745117188 1 2 3 4 5 6 7 8 9 10 11 12 13 14 15 16 17 18 19 20 21 22 23 24 25 26 28 30 33 34 35 36 39 40 41 42 44 45 47 48 40_331 .0000932102346190294478822163223417696686
.2377929687 -7493.3740234375 1 2 3 4 5 6 7 8 9 10 11 12 13 14 15 16 17 18 19 20 21 22 23 24 25 26 27 28 30 31 32 33 34 36 38 39 40 46 47 48 40_332 .0000920387438084503932527326021736652137
.2387695312 -7493.3730468750 1 2 3 4 5 6 7 8 9 10 11 12 13 14 15 16 17 18 19 20 21 22 23 24 25 27 28 29 30 31 32 33 34 38 40 41 43 44 45 47 40_333 .0000897397481859650511232305293065569223
.2397460937 -7493.3720703125 1 2 3 4 5 6 7 8 9 10 11 12 13 14 15 16 17 18 19 20 21 22 23 24 25 26 28 30 32 34 35 36 37 39 40 41 42 44 46 47 40_334 .0000874981781720169856266925944824777191
.2402343750 -7493.3715820312 1 2 3 4 5 6 7 8 9 10 11 12 13 14 15 16 17 18 19 20 21 22 23 24 25 26 27 28 29 31 32 33 34 35 36 41 42 45 47 48 40_335 .0000863984779932771711929450259568215938
.2407226562 -7493.3710937500 1 2 3 4 5 6 7 8 9 10 11 12 13 14 15 16 17 18 19 20 21 22 23 24 25 26 27 28 29 30 31 32 35 37 38 40 42 44 45 47 40_336 .0000853125993573869606076147392263011955
.2421875000 -7493.3696289062 1 2 3 4 5 6 7 8 9 10 11 12 13 14 15 16 17 18 19 20 21 22 23 24 25 26 27 28 29 32 33 34 35 36 38 41 42 44 45 47 40_337 .0000821361647110265273246271706173279304
.2431640624 -7493.3686523438 1 2 3 4 5 6 7 8 9 10 11 12 13 14 15 16 17 18 19 20 21 22 23 24 26 27 30 31 32 34 35 36 37 38 39 40 41 44 46 47 40_338 .0000800845214984828320419182218245891221
.2446289062 -7493.3671875000 1 2 3 4 5 6 7 8 9 10 11 12 13 14 15 16 17 18 19 20 21 22 23 24 25 26 27 30 31 32 33 35 36 38 39 40 42 45 46 47 40_339 .0000771027433011109622203277469887250020
.2456054687 -7493.3662109375 1 2 3 4 5 6 7 8 9 10 11 12 13 14 15 16 17 18 19 20 21 22 23 24 25 26 28 30 33 34 35 36 39 40 41 43 44 45 47 48 40_340 .0000751768275182991764539888780147458656
.2460937500 -7493.3657226562 1 2 3 4 5 6 7 8 9 10 11 12 13 14 15 16 17 18 19 20 21 22 23 24 25 26 27 31 32 34 36 37 38 39 41 42 43 44 45 47 40_341 .0000742319853240258637167420637862493935
.2465820312 -7493.3652343750 1 2 3 4 5 6 7 8 9 10 11 12 13 14 15 16 17 18 19 20 21 22 23 24 25 26 28 30 32 34 35 36 37 39 40 41 42 45 47 48 40_342 .0000732990183454947429025274629709297260
.2470703124 -7493.3647460938 1 2 3 4 5 6 7 8 9 10 11 12 13 14 15 16 17 18 19 20 21 22 23 24 25 27 30 31 33 34 36 37 38 39 40 42 43 44 45 48 40_343 .0000723777771396104135655533094287275937
.2475585937 -7493.3642578125 1 2 3 4 5 6 7 8 9 10 11 12 13 14 15 16 17 18 19 20 21 22 23 24 26 27 28 29 30 31 34 35 37 40 41 44 45 46 47 48 40_344 .0000714681141486765618775497190517243388
.2480468750 -7493.3637695312 1 2 3 4 5 6 7 8 9 10 11 12 13 14 15 16 17 18 19 20 21 22 23 24 25 26 27 28 30 31 32 33 35 38 39 41 44 46 47 48 40_345 .0000705698840421138144723293211662993052
.2485351562 -7493.3632812500 1 2 3 4 5 6 7 8 9 10 11 12 13 14 15 16 17 18 19 20 21 22 23 24 25 27 28 30 32 33 34 35 36 38 39 40 42 45 47 48 40_346 .0000696829433089154398451168684059906091
.2490234374 -7493.3627929688 1 2 3 4 5 6 7 8 9 10 11 12 13 14 15 16 17 18 19 20 21 22 23 24 25 26 28 31 32 33 34 35 36 37 39 40 41 45 47 48 40_347 .0000688071498784919573365119436555484227
.2504882812 -7493.3613281250 1 2 3 4 5 6 7 8 9 10 11 12 13 14 15 16 17 18 19 20 21 22 23 24 25 27 29 30 31 33 34 36 37 38 39 40 43 44 45 48 40_348 .0000662452608206310992159314744240085766
.2509765624 -7493.3608398438 1 2 3 4 5 6 7 8 9 10 11 12 13 14 15 16 17 18 19 20 21 22 23 24 25 26 27 29 30 31 33 35 36 40 41 43 44 46 47 48 40_349 .0000654126730815311644334870594456132140
.2524414062 -7493.3593750000 1 2 3 4 5 6 7 8 9 10 11 12 13 14 15 16 17 18 19 20 21 22 23 24 25 26 28 30 32 34 35 37 38 39 40 41 43 45 46 48 40_350 .0000629771702056100228496225395434889733
.2539062500 -7493.3579101562 1 2 3 4 5 6 7 8 9 10 11 12 13 14 15 16 17 18 19 20 21 22 23 24 25 27 28 31 32 33 35 36 37 39 40 42 43 44 45 48 40_351 .0000606323481409015164602787714284750028
.2548828124 -7493.3569335938 1 2 3 4 5 6 7 8 9 10 11 12 13 14 15 16 17 18 19 20 21 22 23 24 26 28 29 30 32 35 36 37 38 39 41 42 43 44 45 46 40_352 .0000591178393254300391971965436390190424
.2553710937 -7493.3564453125 1 2 3 4 5 6 7 8 9 10 11 12 13 14 15 16 17 18 19 20 21 22 23 24 26 27 30 34 35 36 38 39 40 41 42 43 44 45 46 47 40_353 .0000583748307299244625443542987627125109
.2563476562 -7493.3554687500 1 2 3 4 5 6 7 8 9 10 11 12 13 14 15 16 17 18 19 20 21 22 23 24 25 26 27 30 32 33 34 37 38 40 41 42 43 44 46 47 40_354 .0000569167113037106349076172311656136208
.2568359374 -7493.3549804688 1 2 3 4 5 6 7 8 9 10 11 12 13 14 15 16 17 18 19 20 21 22 23 24 25 28 30 31 32 34 35 36 39 40 42 44 45 46 47 48 40_355 .0000562013672112529023833828414979883035
.2578125000 -7493.3540039062 1 2 3 4 5 6 7 8 9 10 11 12 13 14 15 16 17 18 19 20 21 22 23 24 27 28 30 31 32 33 34 35 38 39 40 44 45 46 47 48 40_356 .0000547975376399867583027879166767332372
.2587890624 -7493.3530273438 1 2 3 4 5 6 7 8 9 10 11 12 13 14 15 16 17 18 19 20 21 22 23 24 25 26 27 28 29 30 31 32 35 37 38 40 43 44 45 47 40_357 .0000534287739953885124653777910242088411
.2602539062 -7493.3515625000 1 2 3 4 5 6 7 8 9 10 11 12 13 14 15 16 17 18 19 20 21 22 23 24 25 27 30 31 32 33 34 36 37 38 40 41 44 45 46 48 40_358 .0000514394663185638877776591591051926707
.2617187500 -7493.3500976562 1 2 3 4 5 6 7 8 9 10 11 12 13 14 15 16 17 18 19 20 21 22 23 24 25 26 30 32 33 34 35 36 38 39 40 41 42 44 45 47 40_359 .0000495242263160867026844902212430139056
.2622070312 -7493.3496093750 1 2 3 4 5 6 7 8 9 10 11 12 13 14 15 16 17 18 19 20 21 22 23 24 25 26 28 30 31 32 33 35 36 37 39 42 43 44 46 48 40_360 .0000489017929056299257605743797738292054
.2631835937 -7493.3486328125 1 2 3 4 5 6 7 8 9 10 11 12 13 14 15 16 17 18 19 20 21 22 23 24 25 26 27 30 31 32 36 37 38 39 41 42 44 45 46 47 40_361 .0000476802963578749374683977063771693229
.2641601562 -7493.3476562500 1 2 3 4 5 6 7 8 9 10 11 12 13 14 15 16 17 18 19 20 21 22 23 24 25 26 28 30 31 33 34 35 39 40 41 43 44 45 47 48 40_362 .0000464893110394128444565007384696071178
.2646484374 -7493.3471679688 1 2 3 4 5 6 7 8 9 10 11 12 13 14 15 16 17 18 19 20 21 22 23 24 26 30 31 32 33 35 37 38 39 40 41 42 43 44 46 47 40_363 .0000459050212367744066839194209784681701
.2670898437 -7493.3447265625 1 2 3 4 5 6 7 8 9 10 11 12 13 14 15 16 17 18 19 20 21 22 23 24 26 30 31 32 33 34 35 36 37 39 41 43 45 46 47 48 40_364 .0000430918959015847769677012914809873102
.2685546874 -7493.3432617188 1 2 3 4 5 6 7 8 9 10 11 12 13 14 15 16 17 18 19 20 21 22 23 24 25 28 30 31 32 34 35 36 37 39 40 42 44 45 47 48 40_365 .0000414874601795215152921176592400961022
.2714843750 -7493.3403320312 1 2 3 4 5 6 7 8 9 10 11 12 13 14 16 17 18 19 20 21 22 23 24 25 26 27 28 30 31 32 33 34 35 36 37 39 41 44 45 46 40_366 .0000384555776516151391208313163469259974
.2719726562 -7493.3398437500 1 2 3 4 5 6 7 8 9 10 11 12 13 14 15 16 17 18 19 20 21 22 23 24 26 28 30 32 34 35 36 37 39 40 41 42 44 45 47 48 40_367 .0000379722579083442542911540859790223058
.2729492187 -7493.3388671875 1 2 3 4 5 6 7 8 9 10 11 12 13 14 15 16 17 18 19 20 21 22 23 24 25 27 28 29 30 33 35 36 37 41 43 44 45 46 47 48 40_368 .0000370237654464213578587176112643584794
.2749023437 -7493.3369140625 1 2 3 4 5 6 7 8 9 10 11 12 13 14 15 16 17 18 19 20 21 22 23 24 26 27 29 30 32 33 35 36 37 38 39 40 42 44 46 47 40_369 .0000351972646690176928913404218762667398
.2758789062 -7493.3359375000 1 2 3 4 5 6 7 8 9 10 11 12 13 14 15 16 17 18 19 20 21 22 23 24 25 26 28 30 31 32 33 35 36 37 39 42 43 45 47 48 40_370 .0000343180875524119328069582287832487934
.2763671874 -7493.3354492188 1 2 3 4 5 6 7 8 9 10 11 12 13 14 15 16 17 18 19 20 21 22 23 24 25 26 27 30 32 33 34 38 40 41 42 43 44 46 47 48 40_371 .0000338867688652855974673887721039891980
.2773437500 -7493.3344726562 1 2 3 4 5 6 7 8 9 10 11 12 13 14 15 16 17 18 19 20 21 22 23 24 25 27 28 30 32 33 34 35 37 38 40 42 43 44 46 48 40_372 .0000330403259659707946646909366921654189
.2778320312 -7493.3339843750 1 2 3 4 5 6 7 8 9 10 11 12 13 14 15 16 17 18 19 20 21 22 23 24 26 27 29 30 32 33 35 36 37 38 39 40 44 45 46 47 40_373 .0000326250665201725945037732405132647769
.2792968750 -7493.3325195312 1 2 3 4 5 6 7 8 9 10 11 12 13 14 15 16 17 18 19 20 21 22 23 24 25 26 28 30 32 33 34 35 37 40 41 42 43 45 46 48 40_374 .0000314103409999670386365058419289786350
.2797851562 -7493.3320312500 1 2 3 4 5 6 7 8 9 10 11 12 13 14 15 16 17 18 19 20 21 22 23 24 25 27 29 30 33 34 36 37 38 39 40 43 44 45 47 48 40_375 .0000310155676309206006334626711465265377
.2827148437 -7493.3291015625 1 2 3 4 5 6 7 8 9 10 11 12 13 14 15 16 17 18 19 20 21 22 23 24 26 27 30 31 32 34 35 36 37 39 40 41 44 46 47 48 40_376 .0000287489657686497953208911524326317105
.2861328124 -7493.3256835938 1 2 3 4 5 6 7 8 9 10 11 12 13 14 15 16 17 18 19 20 21 22 23 24 25 26 27 28 32 33 34 35 36 39 40 43 44 45 47 48 40_377 .0000263130869151616352054216439157073542
.2866210937 -7493.3251953125 1 2 3 4 5 6 7 8 9 10 11 12 14 15 16 17 18 19 20 21 22 23 24 25 26 27 28 29 30 32 35 36 37 38 40 41 43 44 45 46 40_378 .0000259823770993879648439208764621794544
.2885742187 -7493.3232421875 1 2 3 4 5 6 7 8 9 10 11 12 13 14 15 16 17 18 19 20 21 22 23 24 26 29 30 32 33 34 36 37 39 40 42 44 45 46 47 48 40_379 .0000247005833272362892064680753761267671
.2900390624 -7493.3217773438 1 2 3 4 5 6 7 8 9 10 11 12 13 14 15 16 17 18 19 20 21 22 23 24 26 27 29 30 32 33 35 36 37 38 39 40 42 45 46 47 40_380 .0000237809092814127300722054152705855818
.2905273437 -7493.3212890625 1 2 3 4 5 6 7 8 9 10 11 12 13 14 15 16 17 18 19 20 21 22 23 24 25 26 30 31 33 35 36 37 38 39 40 42 43 44 45 47 40_381 .0000234820245419390505248230776838030165
.2924804687 -7493.3193359375 1 2 3 4 5 6 7 8 9 10 11 12 13 14 15 16 17 18 19 20 21 22 23 24 25 26 28 32 34 35 36 37 40 41 42 44 45 46 47 48 40_382 .0000223235811593249444858540901421680123
.2944335937 -7493.3173828125 1 2 3 4 5 6 7 8 9 10 11 12 13 14 15 16 17 18 19 20 21 22 23 24 26 27 29 30 31 32 33 34 35 37 40 41 44 45 47 48 40_383 .0000212222874942884522162936954688793630
.2978515624 -7493.3139648438 1 2 3 4 5 6 7 8 9 10 11 12 13 14 15 16 17 18 19 20 21 22 23 24 25 27 29 30 33 34 35 36 37 38 39 40 43 44 45 47 40_384 .0000194241385888291883710818020235745790
.3012695312 -7493.3105468750 1 2 3 4 5 6 7 8 9 10 11 12 13 14 15 16 17 18 19 20 21 22 23 24 25 26 27 29 32 33 35 36 37 38 39 40 41 42 46 47 40_385 .0000177783454795942781689376415596074452
.3017578124 -7493.3100585938 1 2 3 4 5 6 7 8 9 10 11 12 13 14 15 16 17 18 19 20 21 22 23 24 25 26 27 28 32 34 35 37 38 41 43 44 45 46 47 48 40_386 .0000175549025904814758026835841313019334
.3022460937 -7493.3095703125 1 2 3 4 5 6 7 9 10 11 12 13 14 15 16 17 18 19 20 21 22 23 24 25 27 30 31 32 33 34 35 36 37 38 39 40 41 44 45 46 40_387 .0000173342679450542349779183358161668573
.3027343750 -7493.3090820312 1 2 3 4 5 6 7 8 9 10 11 12 13 14 16 17 18 19 20 21 22 23 24 25 27 28 29 30 31 32 33 34 35 36 37 39 41 43 44 46 40_388 .0000171164062940376381116665598546714494
.3076171874 -7493.3041992188 1 2 3 4 5 6 7 8 9 10 11 12 13 14 15 16 17 18 19 20 21 22 23 24 25 26 28 30 31 32 33 34 35 36 38 39 43 44 47 48 40_389 .0000150828498571783168034398367631975795
.3095703124 -7493.3022460938 1 2 3 4 5 6 7 8 9 10 11 12 13 14 15 16 17 18 19 20 21 22 24 26 27 28 29 30 31 32 33 35 36 37 39 40 41 44 45 46 40_390 .0000143387646282065087097902964021823467
.3105468750 -7493.3012695312 1 2 3 4 5 6 7 8 9 10 11 12 13 14 15 16 17 18 19 20 21 22 23 24 27 28 29 30 31 35 36 37 38 40 41 43 44 45 46 48 40_391 .0000139806028467530686342940606919194342
.3149414062 -7493.2968750000 1 2 3 4 5 6 7 8 9 10 11 12 13 14 15 16 17 18 19 20 21 22 23 24 25 27 28 30 32 33 34 35 37 38 42 43 44 46 47 48 40_392 .0000124764099730073923218018703509402511
.3183593750 -7493.2934570312 1 2 3 4 5 6 7 8 9 10 11 12 13 14 15 16 17 18 19 20 21 22 23 24 25 27 29 30 33 35 36 37 38 39 40 42 43 44 45 47 40_393 .0000114192928469293208564759834989108653
.3208007812 -7493.2910156250 1 2 3 4 5 7 8 9 10 11 12 13 14 15 16 17 18 19 20 21 22 23 24 26 27 28 29 30 31 32 33 34 35 36 37 39 40 42 46 48 40_394 .0000107195022820295520489137118055722574
.3251953124 -7493.2866210938 1 2 3 4 5 6 7 8 9 10 11 12 13 14 15 16 17 18 19 20 21 22 23 24 25 26 27 28 29 30 31 32 34 35 36 37 41 44 46 60 40_395 .0000095661758397099249735162007893018421
.3256835937 -7493.2861328125 1 2 3 4 5 6 7 8 9 10 11 12 14 15 16 17 18 19 20 21 22 23 24 25 26 27 29 30 32 35 36 37 38 40 41 42 43 44 45 46 40_396 .0000094459456189148832897758568715152420
.3349609374 -7493.2768554688 1 2 3 4 5 6 7 8 9 10 11 12 13 14 15 16 17 18 19 20 21 22 24 26 28 29 30 31 32 33 34 35 36 37 39 40 41 44 45 46 40_397 .0000074281386141205687194280205474502424
.3369140624 -7493.2749023438 1 2 4 5 6 7 8 9 10 11 12 13 14 15 16 17 18 19 20 21 22 23 24 26 27 28 29 30 31 32 33 35 36 37 40 41 43 44 45 46 40_398 .0000070616847758963745777334681126859307
.3383789062 -7493.2734375000 1 2 3 4 5 6 7 9 10 11 12 13 14 15 16 17 18 19 20 21 22 23 24 25 30 31 32 33 34 35 36 37 38 39 40 41 43 44 45 46 40_399 .0000067987578418585708727489745609554374
.3408203124 -7493.2709960938 1 2 3 4 5 6 8 9 10 11 12 13 14 15 16 17 18 19 20 21 22 23 24 25 26 27 28 29 30 31 32 33 34 36 38 39 40 46 47 48 40_400 .0000063821202571546894325504129890282239
.3432617187 -7493.2685546875 1 2 3 4 5 6 7 8 9 10 11 12 13 14 15 16 17 18 19 20 21 22 23 24 25 26 28 30 31 33 35 36 38 39 40 42 43 44 45 47 40_401 .0000059910148028074394965121804254011584
.3535156250 -7493.2583007812 1 3 4 5 6 7 8 9 10 11 12 13 14 15 16 17 18 19 20 21 22 23 24 25 26 27 28 29 31 32 33 34 36 37 38 39 41 42 43 46 40_402 .0000045935570438532104570387957564389087
.3544921874 -7493.2573242188 1 2 3 4 5 6 7 8 9 10 11 12 13 14 15 16 17 18 19 20 21 22 23 24 25 26 27 28 29 30 31 32 35 36 37 39 41 44 46 60 40_403 .0000044788165983550469398340154042988493
.3603515624 -7493.2514648438 2 3 4 5 6 7 8 9 10 11 12 13 14 15 16 17 18 19 20 21 22 23 24 25 26 27 29 30 31 32 33 34 35 36 38 40 41 44 46 47 40_404 .0000038481169543746536523098916613324447
.3637695312 -7493.2480468750 1 2 3 4 5 6 7 9 10 11 12 13 14 15 16 17 18 19 20 21 22 23 24 25 26 27 30 31 32 33 34 35 36 37 39 40 42 44 46 48 40_405 .0000035220688087605126610860397701109151
.3657226562 -7493.2460937500 1 2 3 4 5 7 8 9 10 11 12 13 14 15 16 17 18 19 20 21 22 23 24 25 26 27 30 31 32 33 34 35 36 37 39 40 44 45 46 48 40_406 .0000033483138883816055163643879867184069
.3691406250 -7493.2426757812 1 3 4 5 6 7 8 9 10 11 12 13 14 15 16 17 18 19 20 21 22 23 24 25 26 27 28 29 31 32 34 36 37 39 41 42 43 45 46 48 40_407 .0000030646136923676028124138347831833202
.3725585937 -7493.2392578125 1 2 3 4 5 6 7 8 9 10 11 12 13 14 15 16 17 18 19 20 21 22 24 25 26 27 30 31 33 34 35 36 37 39 40 42 44 45 46 48 40_408 .0000028049512145093911199661955849057907
.3730468750 -7493.2387695312 1 2 3 4 6 7 8 9 10 11 12 13 14 15 16 17 18 19 20 21 22 23 24 25 26 27 28 29 32 33 35 36 37 38 40 42 43 44 45 46 40_409 .0000027696978479091373508422043736977714
.3750000000 -7493.2368164062 1 2 3 4 5 6 7 8 9 10 11 12 13 14 15 16 17 18 19 20 21 23 24 25 26 27 30 31 33 34 35 36 37 39 40 41 42 44 46 48 40_410 .0000026330597936382885739723084732185079
.3862304687 -7493.2255859375 1 2 3 4 5 6 7 8 9 10 11 12 13 14 15 16 17 18 19 20 21 22 24 25 26 27 30 31 32 33 34 35 36 37 39 40 42 44 46 48 40_411 .0000019684464646427158123435877330885064
.3881835937 -7493.2236328125 1 2 3 4 5 7 8 9 10 11 12 13 14 15 16 17 18 19 20 21 22 23 24 25 26 28 29 30 31 33 35 36 37 39 40 41 42 44 45 46 40_412 .0000018713367040714841950019878324571078
.3940429687 -7493.2177734375 1 2 3 4 5 6 7 8 9 10 11 12 13 15 16 17 18 19 20 21 22 23 24 26 27 28 30 31 32 34 35 36 37 39 40 41 44 45 46 47 40_413 .0000016078181234136373505250742687894578
.3945312500 -7493.2172851562 1 2 4 5 6 7 8 9 10 11 12 13 14 15 16 17 18 19 20 21 22 23 24 25 26 27 28 30 31 32 33 34 35 36 39 40 44 45 46 48 40_414 .0000015876106412164302287736523479637793
.3955078124 -7493.2163085938 1 2 3 4 5 6 7 8 9 10 11 12 13 14 15 16 17 18 19 20 21 22 23 24 25 26 27 28 29 30 31 32 35 36 37 39 41 44 46 54 40_415 .0000015479544117385451672592888909444410
.3959960937 -7493.2158203125 1 2 3 4 5 6 7 8 9 10 11 12 13 14 15 16 17 18 19 20 21 22 23 24 25 26 28 29 31 32 34 36 37 38 41 42 43 45 46 48 40_416 .0000015284993124572395051797282331078671
.3964843750 -7493.2153320312 1 2 3 4 5 6 7 8 9 10 11 12 13 14 15 16 17 18 19 20 21 23 24 25 26 27 30 31 32 33 34 35 36 37 39 40 42 44 46 48 40_417 .0000015092887299945011008761481676854287
.3984375000 -7493.2133789062 1 2 3 4 5 6 7 8 9 10 11 12 13 14 15 16 17 18 19 20 21 22 23 24 25 28 29 31 34 36 37 38 40 41 42 43 44 45 46 48 40_418 .0000014348306891814750142752119826308763
.4018554687 -7493.2099609375 1 2 3 4 5 6 7 8 9 10 11 12 13 14 15 16 17 18 19 20 21 22 23 24 25 26 28 29 31 34 36 37 38 41 42 43 44 45 46 48 40_419 .0000013132585337780862100522944064335086
.4023437500 -7493.2094726562 1 2 3 4 5 7 8 9 10 11 12 13 14 15 16 17 18 19 20 21 22 23 24 26 28 29 30 31 32 33 35 36 37 39 40 41 44 45 46 48 40_420 .0000012967531541862032523042483332087203
.4042968750 -7493.2075195312 1 2 3 4 5 6 7 8 9 10 11 12 13 14 15 16 17 18 19 20 22 23 24 25 26 28 29 30 33 34 35 36 37 39 40 42 44 45 46 48 40_421 .0000012327801731654224157489297129875923
.4052734374 -7493.2065429688 1 2 3 4 5 6 7 8 9 10 11 12 13 14 15 16 17 18 19 20 21 22 24 25 26 28 29 31 33 34 35 36 37 39 40 42 44 45 46 48 40_422 .0000012019870982302624650071675827990037
.4072265624 -7493.2045898438 1 2 3 4 5 7 8 9 10 11 12 13 14 15 16 17 18 19 20 21 22 23 24 25 26 27 30 31 32 33 34 35 36 37 39 40 42 44 46 48 40_423 .0000011426892298780050732453566047188829
.4082031250 -7493.2036132812 2 3 4 5 6 7 8 9 10 11 12 13 14 15 16 17 18 19 20 21 22 23 24 26 28 29 30 31 32 33 34 35 38 39 40 41 43 44 46 47 40_424 .0000011141464913065332467040572994425752
.4111328124 -7493.2006835938 1 2 3 4 5 7 8 9 10 11 12 13 14 15 16 17 18 19 20 21 22 23 24 25 26 28 29 30 31 33 35 36 37 39 40 41 44 45 46 48 40_425 .0000010327252366927124862075325477409247
.4130859374 -7493.1987304688 2 3 4 5 6 7 8 9 10 11 12 13 14 15 16 17 18 19 20 21 22 23 24 26 28 29 30 31 32 33 34 35 36 38 40 41 43 44 46 47 40_426 .0000009817775973880791257914801098258465
.4140625000 -7493.1977539062 1 2 3 4 5 6 7 8 9 10 11 12 13 14 15 16 17 18 19 20 21 22 24 25 26 28 30 31 34 35 36 37 39 40 41 42 44 45 47 48 40_427 .0000009572542006806756669940921731068201
.4174804687 -7493.1943359375 1 2 3 4 5 6 7 8 9 10 11 12 13 14 15 16 17 18 19 20 21 22 24 25 26 27 28 30 31 32 35 36 37 38 40 41 43 44 45 46 40_428 .0000008761467520296530795892124184883527
.4189453124 -7493.1928710938 2 3 4 5 6 7 8 9 10 11 12 13 14 15 16 17 18 19 20 21 22 23 24 25 26 27 30 31 33 34 35 36 37 39 40 42 44 45 46 48 40_429 .0000008435252783786323048069132204549964
.4204101562 -7493.1914062500 1 2 3 5 6 7 8 9 10 11 12 13 14 15 16 17 18 19 20 21 22 23 24 25 26 27 30 31 33 34 35 36 37 39 40 42 44 45 46 48 40_430 .0000008121183942899374322261563255070817
.4213867187 -7493.1904296875 1 2 3 4 5 6 7 8 9 10 11 12 13 14 15 16 17 19 20 21 22 23 24 25 26 27 28 30 31 32 35 36 37 38 40 41 43 44 45 46 40_431 .0000007918328432691838184337807921852455
.4218750000 -7493.1899414062 1 2 3 4 5 6 7 8 9 10 11 12 13 14 15 16 17 18 19 20 21 22 23 24 25 26 28 31 32 34 36 37 38 41 42 43 44 45 46 48 40_432 .0000007818808792687074877702443729659106
.4223632812 -7493.1894531250 1 2 3 4 5 6 7 8 9 10 11 12 13 14 15 16 17 18 20 21 22 23 24 27 28 30 31 33 34 35 36 37 38 40 41 42 44 45 46 48 40_433 .0000007720539961762182083530266773719588
.4252929687 -7493.1865234375 1 2 3 4 5 6 7 8 9 10 11 12 13 14 15 16 17 18 20 21 22 23 24 25 27 28 30 31 32 33 34 36 37 38 40 41 44 45 46 48 40_434 .0000007156326839393899991527862271026652
.4321289062 -7493.1796875000 1 2 3 4 6 7 8 9 10 11 12 13 14 15 16 17 18 19 20 21 22 23 24 25 26 27 28 30 31 32 33 34 35 36 38 39 40 44 46 48 40_435 .0000005995001761703515177162919803368547
.4360351562 -7493.1757812500 1 2 3 4 5 6 7 8 9 10 11 12 13 14 15 16 17 18 20 21 22 23 24 25 27 28 30 31 33 34 35 36 37 38 40 41 44 45 46 48 40_436 .0000005418086957894466345947762037215475
.4438476562 -7493.1679687500 1 2 3 4 5 6 7 8 9 10 11 12 13 14 15 16 17 18 19 20 21 22 24 25 26 28 31 34 35 36 37 39 40 41 42 44 45 46 47 48 40_437 .0000004425468795624540426731819292468329
.4497070312 -7493.1621093750 1 2 3 4 6 7 8 9 10 11 12 13 14 15 16 17 18 19 20 21 22 23 24 25 27 29 31 32 33 35 36 37 38 41 42 43 44 45 46 48 40_438 .0000003802281502161385146831461567003333
.4643554687 -7493.1474609375 1 2 3 4 5 6 7 8 9 10 11 12 13 14 15 17 18 19 20 21 22 23 24 25 26 27 28 29 31 32 34 35 36 37 38 42 44 45 46 48 40_439 .0000002601697061724507620578024603233672
.4726562500 -7493.1391601562 1 2 3 4 5 6 7 8 9 10 11 12 13 14 15 16 17 18 19 20 21 22 23 24 25 26 28 30 32 33 34 35 36 38 39 40 41 46 47 56 40_440 .0000002098346088962624582732077419898294
.4731445312 -7493.1386718750 1 2 3 4 5 6 7 8 9 10 11 12 13 14 15 16 17 18 20 21 22 23 24 25 27 28 29 30 31 33 34 36 37 38 40 41 44 45 46 48 40_441 .0000002071973527296832374386947656007441
.4765625000 -7493.1352539062 1 2 3 4 6 7 8 9 10 11 12 13 14 15 16 17 18 19 20 21 22 23 24 25 26 27 28 30 31 34 35 36 37 38 39 40 41 44 46 48 40_442 .0000001896416720072269537757029278487508
.4824218750 -7493.1293945312 1 2 3 4 6 7 8 9 10 11 12 13 14 15 16 17 18 19 20 21 22 23 24 25 26 27 28 29 30 31 35 36 37 38 39 40 41 44 46 48 40_443 .0000001629366412491617368377384921972691
.4853515624 -7493.1264648438 1 2 3 4 6 7 8 9 10 11 12 13 14 15 16 17 18 19 20 21 22 23 24 25 26 27 28 29 32 33 35 36 37 38 42 43 44 45 46 48 40_444 .0000001510293150074289728703350533204362
.4907226562 -7493.1210937500 1 2 3 4 5 6 7 8 9 10 11 12 13 14 15 16 17 18 19 20 21 22 23 24 25 26 28 30 32 33 34 35 36 38 39 40 41 46 47 51 40_445 .0000001314132493861049159085597252169531
.4990234374 -7493.1127929688 1 2 3 4 5 6 7 8 9 10 11 12 13 14 15 16 17 18 19 20 21 22 23 24 25 27 30 32 33 34 35 36 37 39 40 43 45 46 48 49 40_446 .0000001059886958624995620944525819632622
.5087890624 -7493.1030273438 1 2 3 4 5 6 7 8 9 10 11 12 13 14 15 16 17 18 19 20 21 22 23 24 25 26 27 28 31 32 33 34 36 39 40 41 44 45 48 55 40_447 .0000000823002564021849719774091798975849
.5126953124 -7493.0991210938 1 2 3 4 5 6 7 8 9 10 11 12 13 14 15 16 17 18 19 20 21 22 23 24 27 28 30 32 33 34 35 36 37 39 40 43 45 46 48 49 40_448 .0000000743802860397060177737927852339530
.5136718750 -7493.0981445312 1 2 3 4 5 6 7 8 9 10 11 12 13 14 15 16 17 18 19 20 21 22 23 24 25 26 27 29 30 31 32 35 36 37 39 41 44 46 48 54 40_449 .0000000725223731410876591041313338511973
.5258789062 -7493.0859375000 1 2 3 4 5 6 7 8 9 10 11 12 13 14 15 16 17 18 19 20 21 22 23 24 25 27 30 32 33 34 35 36 37 38 40 43 45 46 48 49 40_450 .0000000528626654439031314997793565052249
.5356445312 -7493.0761718750 1 2 3 4 5 6 7 8 9 10 11 12 13 14 15 16 17 18 19 20 21 22 23 24 25 26 27 29 31 32 35 36 37 39 41 42 44 46 48 57 40_451 .0000000410478767073448285861888171563739
.5395507812 -7493.0722656250 1 2 3 4 5 6 7 8 9 10 11 12 13 14 15 16 17 18 19 20 21 22 23 24 25 26 29 31 32 35 36 37 39 40 41 42 44 46 48 57 40_452 .0000000370977314565673317795634212095153
.5468750000 -7493.0649414062 1 2 3 4 5 6 7 8 9 10 11 12 13 14 15 16 17 18 19 20 21 22 23 24 25 27 28 32 33 34 35 36 37 38 40 41 45 46 48 49 40_453 .0000000306869398756486418761289067245008
.5527343750 -7493.0590820312 1 2 3 4 5 6 7 8 9 10 11 13 14 15 16 17 18 19 20 21 22 23 24 26 29 30 32 34 35 36 37 38 39 40 42 44 45 46 47 48 40_454 .0000000263656550832488719599956179171466
.5673828124 -7493.0444335938 1 2 3 5 6 7 8 9 10 11 12 13 14 15 16 18 19 20 21 22 23 24 25 26 28 29 31 32 33 34 35 36 37 39 40 41 42 44 45 46 40_455 .0000000180406020698940837355512167817049
.5776367187 -7493.0341796875 1 2 3 4 6 7 8 9 10 11 12 13 14 15 17 18 19 20 21 22 23 24 25 27 28 29 31 32 33 34 35 36 37 41 42 43 44 46 47 48 40_456 .0000000138324703645667764514558384281489
.5859375000 -7493.0258789062 1 2 3 4 5 6 7 8 9 10 11 12 13 14 15 16 17 18 19 20 21 22 23 24 27 28 30 33 34 35 36 37 39 40 41 43 45 46 48 49 40_457 .0000000111562989085827627868521046803502
.6044921874 -7493.0073242188 1 2 3 4 5 6 7 8 9 10 11 12 13 14 15 16 17 18 19 20 21 22 23 24 25 26 27 28 32 33 34 35 36 38 39 41 44 46 48 56 40_458 .0000000068990494607792638238500732272225
.6157226562 -7492.9960937500 1 2 3 4 5 6 7 8 9 10 11 12 13 14 15 16 17 18 19 20 21 22 23 24 25 26 29 31 32 36 37 39 40 42 43 44 45 46 48 57 40_459 .0000000051576532815929398056952696602707
.6186523437 -7492.9931640625 1 2 3 4 5 6 7 8 9 10 11 12 13 14 15 16 17 18 19 20 21 22 23 24 25 26 27 28 32 33 34 35 36 38 39 41 45 46 48 56 40_460 .0000000047807346105526865910428655560584
.6225585937 -7492.9892578125 1 2 3 4 5 6 7 8 9 10 11 12 13 14 15 16 17 18 19 20 21 22 23 24 25 26 27 28 32 33 34 35 36 38 41 42 45 46 48 56 40_461 .0000000043206719317510028198900040299398
.6479492187 -7492.9638671875 1 2 3 4 5 6 7 8 9 10 11 12 13 14 15 16 17 18 19 20 21 22 23 25 26 27 28 30 31 32 33 34 36 39 40 41 44 45 48 55 40_462 .0000000022383064962271382069077737229685
.6513671874 -7492.9604492188 1 2 3 4 5 6 7 8 9 10 11 12 14 15 16 17 18 19 20 21 22 23 24 25 26 27 28 31 32 33 34 35 36 38 39 41 44 46 48 49 40_463 .0000000020486564230502300201070708701560
.6528320312 -7492.9589843750 1 2 3 4 5 6 7 8 9 10 11 12 13 14 15 16 17 18 19 20 21 22 23 25 26 27 28 30 31 32 33 34 36 39 40 41 42 46 48 57 40_464 .0000000019723790233498054725859711074264
.6538085937 -7492.9580078125 1 2 3 4 5 6 7 8 9 10 11 12 13 14 15 16 17 18 19 20 21 22 23 25 26 27 28 30 31 32 33 34 36 39 40 41 42 46 48 55 40_465 .0000000019231118283302794670709921202158
.6596679687 -7492.9521484375 1 2 3 4 5 6 7 8 9 10 11 12 13 14 15 16 17 18 19 20 21 22 23 25 26 27 28 30 31 32 33 34 36 38 39 40 41 46 48 57 40_466 .0000000016523023591709798121932568365624
.6733398437 -7492.9384765625 1 2 3 4 5 6 7 8 9 10 11 12 13 14 15 16 17 18 20 21 22 23 24 25 26 27 28 29 30 31 32 33 34 36 39 41 44 45 48 55 40_467 .0000000011595455637897136781888882178312
.6762695312 -7492.9355468750 1 2 3 4 5 6 7 8 9 10 11 12 13 14 15 16 17 18 19 20 21 22 23 25 26 27 30 31 32 33 34 36 39 40 41 44 45 46 48 55 40_468 .0000000010748065654405931812859075789882
.6801757812 -7492.9316406250 1 2 3 4 5 7 8 9 10 11 12 13 14 15 16 17 18 19 20 21 22 23 24 25 26 27 28 29 30 31 34 35 36 39 40 41 44 46 48 53 40_469 .0000000009713750997828349177766411485462
.6889648437 -7492.9228515625 1 2 3 4 5 6 7 8 9 10 11 12 13 14 15 16 17 18 19 20 22 23 24 25 26 28 29 30 33 34 35 36 37 39 40 42 44 45 46 55 40_470 .0000000007735964042221272608888995174554
.6933593750 -7492.9184570312 1 2 3 4 5 6 7 8 9 10 11 12 13 14 15 17 18 19 20 21 22 23 24 25 27 28 29 31 32 33 34 36 37 40 41 42 44 46 48 53 40_471 .0000000006903640689543250165904424075323
.7084960937 -7492.9033203125 1 2 3 4 5 7 8 9 10 11 12 13 14 15 16 17 18 19 20 21 22 23 24 25 26 27 28 30 31 32 33 36 37 39 41 44 46 47 48 57 40_472 .0000000004664420786482654572085477589349
.7119140624 -7492.8999023438 1 2 3 4 5 7 8 9 10 11 12 13 14 15 16 17 18 19 20 21 22 23 24 26 28 29 30 31 32 34 35 36 38 39 40 41 44 46 48 59 40_473 .0000000004269207823032201755825096244078
.7607421874 -7492.8510742188 1 2 3 4 5 6 7 8 9 10 11 12 14 15 16 17 18 19 20 21 22 23 24 27 28 30 31 32 34 36 37 39 40 41 44 45 46 47 48 52 40_474 .0000000001205189933975342863170407110722
.7690429687 -7492.8427734375 1 2 3 4 5 6 7 8 9 10 11 13 14 15 16 17 18 19 20 21 22 23 24 25 27 28 32 33 34 36 37 38 39 40 41 42 45 46 48 49 40_475 .0000000000972021539947477931843780820224
.7749023437 -7492.8369140625 1 2 3 4 5 6 7 8 9 10 11 12 13 14 15 16 17 18 19 21 22 23 24 25 26 27 28 30 31 32 33 36 37 38 39 41 44 46 47 57 40_476 .0000000000835143053024993396667312375621
.7954101562 -7492.8164062500 1 2 3 4 5 6 7 8 9 10 11 13 14 15 16 17 18 19 20 21 22 23 24 25 27 28 32 33 34 37 38 39 40 41 42 43 45 46 48 49 40_477 .0000000000490973799052203462632020017575
.7978515624 -7492.8139648438 1 2 3 4 5 6 7 8 9 10 11 12 13 14 15 16 17 18 19 21 22 23 24 25 26 27 30 31 32 33 36 38 39 40 41 44 45 46 47 57 40_478 .0000000000460886223858603245443288187993
.8012695312 -7492.8105468750 1 2 3 4 5 6 7 8 9 10 11 13 14 15 16 17 18 19 20 21 22 23 24 26 29 30 32 34 35 36 37 38 39 40 42 44 45 46 47 54 40_479 .0000000000421835669935763451167693461848
.8208007812 -7492.7910156250 1 2 3 4 5 6 7 8 9 10 11 12 13 14 16 17 18 19 20 21 22 23 24 26 28 29 30 31 32 34 35 36 38 39 40 41 44 46 48 59 40_480 .0000000000254346976871836295181355225516
.8271484374 -7492.7846679688 1 2 3 4 5 6 7 8 9 10 11 12 13 14 15 16 17 18 19 21 22 23 24 26 27 28 30 31 32 33 36 37 38 39 41 44 45 46 47 57 40_481 .0000000000215783705417826140256749379423
.9492187500 -7492.6625976562 1 2 3 4 5 6 7 8 9 10 11 12 14 15 16 17 19 20 21 22 23 24 27 28 29 30 31 32 34 36 37 39 40 41 44 45 46 47 48 52 40_482 .0000000000009136695327596334631593272278
.9731445312 -7492.6386718750 1 2 3 4 5 6 7 8 9 10 11 12 14 16 17 18 19 20 21 22 23 24 27 28 29 30 31 32 33 34 36 37 39 40 41 44 45 46 48 50 40_483 .0000000000004916274925468331856882270580
1.0014648437 -7492.6103515625 1 2 3 5 6 7 8 9 10 11 13 14 15 16 17 18 19 20 21 22 23 24 26 27 28 29 30 33 34 35 36 37 38 40 41 42 43 44 47 55 40_484 .0000000000002360733249137705791507131564
1.0131835937 -7492.5986328125 1 2 3 4 5 6 7 8 9 10 11 12 14 16 17 18 19 20 21 22 23 24 27 28 29 30 31 32 33 34 36 37 38 39 41 44 45 46 48 50 40_485 .0000000000001742676940579175805255072028
1.1259765624 -7492.4858398438 1 2 3 4 5 6 7 8 9 11 12 13 14 15 17 18 19 20 21 22 23 24 25 26 27 28 32 33 34 37 38 40 42 43 44 45 46 47 48 54 40_486 .0000000000000093832400097892587970903101
1.1567382812 -7492.4550781250 1 2 3 4 5 6 7 8 9 10 11 12 14 15 16 17 18 19 20 21 22 23 24 25 26 29 31 32 36 37 38 40 41 42 43 44 45 46 50 57 40_487 .0000000000000042295970060481924978136190
1.1889648437 -7492.4228515625 1 2 3 4 5 6 7 8 9 11 12 13 14 15 16 17 18 19 20 21 22 23 24 26 27 28 30 33 34 35 36 37 38 41 42 45 46 48 51 59 40_488 .0000000000000018355507705117785174361563
1.1977539062 -7492.4140625000 1 2 3 5 7 8 9 10 11 12 13 14 15 16 17 18 19 20 21 22 23 24 25 26 27 28 30 31 32 33 34 35 36 38 39 41 45 47 52 56 40_489 .0000000000000014618199253331933358082572
1.2026367187 -7492.4091796875 1 2 3 5 6 7 8 9 10 11 13 14 15 16 18 19 20 21 22 23 24 25 26 28 29 30 31 32 33 34 36 37 39 40 41 42 43 44 45 56 40_490 .0000000000000012881448369568519192040454
1.2631835937 -7492.3486328125 1 2 3 4 5 6 7 8 9 10 11 12 13 14 15 16 17 18 19 20 21 22 23 24 25 26 27 28 30 33 34 35 37 40 41 44 46 51 58 59 40_491 .0000000000000002684373013092540477199871
1.2797851562 -7492.3320312500 1 2 3 5 7 8 9 10 11 12 13 14 15 16 17 18 19 20 21 22 23 24 26 27 28 30 31 32 33 34 35 36 39 41 44 45 47 48 52 56 40_492 .0000000000000001746158457348575423732120
1.3037109374 -7492.3081054688 1 2 3 4 5 7 8 9 11 12 13 14 15 16 17 18 19 20 21 22 23 24 26 27 28 29 30 31 33 34 35 36 37 40 41 44 46 47 52 53 40_493 .0000000000000000939573306535513512729227
1.3437500000 -7492.2680664062 1 2 3 5 6 7 8 9 10 11 13 14 15 16 17 18 19 20 21 22 23 24 25 26 28 29 30 31 32 33 34 36 37 39 40 41 42 45 58 59 40_494 .0000000000000000333051498515599465396151
1.3891601562 -7492.2226562500 1 2 3 4 5 6 7 8 9 10 11 12 14 15 16 17 18 19 20 21 22 23 24 25 26 27 28 29 30 33 34 35 37 40 41 44 46 51 53 58 40_495 .0000000000000000102723549553961401477864
1.4047851562 -7492.2070312500 1 2 3 4 5 6 7 8 9 10 11 12 13 14 15 16 17 18 19 21 22 23 24 25 26 28 29 33 34 36 39 40 42 44 45 46 47 49 51 55 40_496 .0000000000000000068532510532970737486036
1.4165039062 -7492.1953125000 1 2 3 4 5 6 7 8 9 10 11 12 13 14 15 16 17 18 19 20 22 23 24 25 28 29 33 34 35 36 37 39 40 42 44 45 46 49 55 56 40_497 .0000000000000000050590224808089284862727
1.5068359374 -7492.1049804688 1 2 3 5 6 7 8 9 10 11 12 13 14 15 16 17 18 19 20 21 22 23 24 26 28 30 31 32 33 34 36 37 39 40 41 42 45 54 58 59 40_498 .0000000000000000004873901839347311968600
1.5322265624 -7492.0795898438 1 2 3 4 5 6 7 8 9 11 12 13 14 15 17 18 19 20 21 22 23 24 25 26 27 28 29 31 32 36 37 38 40 41 42 46 47 48 53 58 40_499 .0000000000000000002524904996562275519714
1.5771484374 -7492.0346679688 1 2 3 4 5 6 7 8 9 11 12 13 14 15 16 17 18 19 20 21 22 23 24 25 26 28 31 34 35 36 37 38 40 41 42 45 47 51 52 58 40_500 .0000000000000000000788672295075338664150
1.5922851562 -7492.0195312500 1 2 3 4 5 6 7 8 9 11 12 13 14 15 16 17 18 19 20 21 22 23 24 25 26 28 31 33 35 36 37 38 40 41 42 45 47 51 54 55 40_501 .0000000000000000000532863687838723588997
1.6743164062 -7491.9375000000 1 2 3 4 5 6 8 9 11 12 13 14 15 17 18 19 20 21 22 23 24 25 26 27 28 29 31 36 37 38 40 41 42 43 44 46 47 48 53 58 40_502 .0000000000000000000063651098128345542674
1.6791992187 -7491.9326171875 1 2 3 4 5 6 7 8 9 10 11 12 13 14 15 16 17 18 19 20 21 23 24 26 28 30 31 34 35 37 38 39 40 42 43 45 47 49 56 57 40_503 .0000000000000000000056088873875469861607
1.7377929687 -7491.8740234375 1 2 3 4 5 6 7 8 9 10 11 12 13 14 15 16 17 18 19 20 21 23 24 26 28 30 31 34 35 37 38 39 40 42 43 44 47 49 56 57 40_504 .0000000000000000000012294944127403297800
1.8017578124 -7491.8100585938 1 2 3 4 5 6 7 8 9 11 12 13 14 15 16 17 18 19 20 21 23 24 25 26 28 30 31 32 33 36 38 39 41 42 43 45 46 52 55 60 40_505 .0000000000000000000002345061846575968432
1.8178710937 -7491.7939453125 1 2 3 4 5 7 8 9 10 11 12 13 14 15 16 17 19 20 21 22 23 24 26 27 28 29 30 34 36 39 40 41 42 43 45 47 48 52 57 60 40_506 .0000000000000000000001544856007481545571
1.8232421874 -7491.7885742188 1 2 4 5 6 7 8 9 10 11 12 13 14 15 16 17 18 19 20 21 22 23 24 25 26 27 28 30 33 34 35 36 41 43 44 46 50 51 52 59 40_507 .0000000000000000000001344206244282281476
1.8642578124 -7491.7475585938 1 2 3 5 6 7 8 9 10 11 12 13 14 15 16 17 18 19 20 21 22 23 24 25 28 31 32 33 34 36 37 39 41 42 45 46 55 57 58 59 40_508 .0000000000000000000000464580306076268218
2.1284179687 -7491.4833984375 1 2 3 4 5 6 7 8 9 10 11 12 13 14 15 16 17 18 19 20 21 23 24 25 28 31 32 33 34 36 37 39 40 42 46 50 51 55 58 59 40_509 .0000000000000000000000000495897766712685
2.2275390624 -7491.3842773438 1 2 3 4 7 8 9 10 11 12 13 14 15 16 17 18 19 21 22 23 25 26 27 28 32 33 36 38 39 40 41 42 43 44 45 46 48 50 54 60 40_510 .0000000000000000000000000038047821653064
