0 -7576.8261718750 1 2 3 4 5 6 7 8 9 10 11 12 13 14 15 16 17 18 19 20 21 22 23 24 27 32 34 27_1 .0484460541122295611458567623704007163000
.0009765625 -7576.8251953125 1 2 3 4 5 6 7 8 9 10 11 12 13 14 15 16 17 18 19 20 21 22 23 24 28 30 34 27_2 .0472359412649432008624132322251428264260
.0053710938 -7576.8208007812 1 2 3 4 5 6 7 8 9 10 11 12 13 14 15 16 17 18 19 20 21 22 23 24 32 34 39 27_3 .0421537592917639716432798499660520242191
.0107421875 -7576.8154296875 1 2 3 4 5 6 7 8 9 10 11 12 13 14 15 16 17 18 19 20 21 22 23 24 25 30 31 27_4 .0366787235739433526348648839747856050352
.0117187500 -7576.8144531250 1 2 3 4 5 6 7 8 9 10 11 12 13 14 15 16 17 18 19 20 21 22 23 24 25 30 43 27_5 .0357625417417538568671342755937880422920
.0122070312 -7576.8139648438 1 2 3 4 5 6 7 8 9 10 11 12 13 14 15 16 17 18 19 20 21 22 23 24 27 30 46 27_6 .0353130687771314462314717978378308486593
.0156250000 -7576.8105468750 1 2 3 4 5 6 7 8 9 10 11 12 13 14 15 16 17 18 19 20 21 22 23 24 27 28 30 27_7 .0323210181905090348465427363070760588927
.0161132812 -7576.8100585938 1 2 3 4 5 6 7 8 9 10 11 12 13 14 15 16 17 18 19 20 21 22 23 24 25 32 39 27_8 .0319147991926926199090403841279776701162
.0166015625 -7576.8095703125 1 2 3 4 5 6 7 8 9 10 11 12 13 14 15 16 17 18 19 20 21 22 23 24 31 32 34 27_9 .0315136855797022899286179463743528801467
.0224609375 -7576.8037109375 1 2 3 4 5 6 7 8 9 10 11 12 13 14 15 16 17 18 19 20 21 22 23 24 26 30 34 27_10 .0270759798065013721228987213127877410772
.0234375000 -7576.8027343750 1 2 3 4 5 6 7 8 9 10 11 12 13 14 15 16 17 18 19 20 21 22 23 24 27 28 32 27_11 .0263996607209302257997589349703418480411
.0249023438 -7576.8012695312 1 2 3 4 5 6 7 8 9 10 11 12 13 14 15 16 17 18 19 20 21 22 23 24 27 28 34 27_12 .0254167250514304016112236976918836279684
.0258789062 -7576.8002929688 1 2 3 4 5 6 7 8 9 10 11 12 13 14 15 16 17 18 19 20 21 22 23 24 27 34 36 27_13 .0247818518305986521960808855650783062706
.0332031250 -7576.7929687500 1 2 3 4 5 6 7 8 9 10 11 12 13 14 15 16 17 18 19 20 21 22 23 24 28 32 46 27_14 .0204993450346999067501174284386138811711
.0341796875 -7576.7919921875 1 2 3 4 5 6 7 8 9 10 11 12 13 14 15 16 17 18 19 20 21 22 23 24 25 27 34 27_15 .0199873008395219110171635614416932782155
.0346679688 -7576.7915039062 1 2 3 4 5 6 7 8 9 10 11 12 13 14 15 16 17 18 19 20 21 22 23 24 30 34 41 27_16 .0197360951714160328943837295481513725626
.0366210938 -7576.7895507812 1 2 3 4 5 6 7 8 9 10 11 12 13 14 15 16 17 18 19 20 21 22 23 24 25 30 46 27_17 .0187624504667554368864186063477541816437
.0371093750 -7576.7890625000 1 2 3 4 5 6 7 8 9 10 11 12 13 14 15 16 17 18 19 20 21 22 23 24 27 28 46 27_18 .0185266390891477971057768025163401728391
.0385742188 -7576.7875976562 1 2 3 4 5 6 7 8 9 10 11 12 13 14 15 16 17 18 19 20 21 22 23 24 28 30 37 27_19 .0178368387697734111124064497114510593346
.0390625000 -7576.7871093750 1 2 3 4 5 6 7 8 9 10 11 12 13 14 15 16 17 18 19 20 21 22 23 24 27 34 42 27_20 .0176126607217130936119161639462164974608
.0395507812 -7576.7866210938 1 2 3 4 5 6 7 8 9 10 11 12 13 14 15 16 17 18 19 20 21 22 23 24 25 30 45 27_21 .0173913002019088086933494315904952903757
.0410156250 -7576.7851562500 1 2 3 4 5 6 7 8 9 10 11 12 13 14 15 16 17 18 19 20 21 22 23 24 26 29 34 27_22 .0167437718306868729720484007093904369487
.0419921875 -7576.7841796875 1 2 3 4 5 6 7 8 9 10 11 12 13 14 15 16 17 18 19 20 21 22 23 24 25 32 45 27_23 .0163255364599091565258952356288978968012
.0429687500 -7576.7832031250 1 2 3 4 5 6 7 8 9 10 11 12 13 14 15 16 17 18 19 20 21 22 23 24 28 34 42 27_24 .0159177480079701805050311338045845518135
.0449218750 -7576.7812500000 1 2 3 4 5 6 7 8 9 10 11 12 13 14 15 16 17 18 19 20 21 22 23 24 27 36 46 27_25 .0151324745826307979412845306987679457660
.0458984375 -7576.7802734375 1 2 3 4 5 6 7 8 9 10 11 12 13 14 15 16 17 18 19 20 21 22 23 24 27 32 33 27_26 .0147544871027577320694487938900975595346
.0478515625 -7576.7783203125 1 2 3 4 5 6 7 8 9 10 11 12 13 14 15 16 17 18 19 20 21 22 23 24 32 34 47 27_27 .0140266010587955507539990902464591651010
.0507812500 -7576.7753906250 1 2 3 4 5 6 7 8 9 10 11 12 13 14 15 16 17 18 19 20 21 22 23 24 26 34 39 27_28 .0130015442080061983969420984184962442584
.0522460938 -7576.7739257812 1 2 3 4 5 6 7 8 9 10 11 12 13 14 15 16 17 18 19 20 21 22 23 24 30 36 37 27_29 .0125174591398031769741275325186704294562
.0556640625 -7576.7705078125 1 2 3 4 5 6 7 8 9 10 11 12 13 14 15 16 17 18 19 20 21 22 23 24 30 31 37 27_30 .0114568639774095951815165289544859883620
.0561523438 -7576.7700195312 1 2 3 4 5 6 7 8 9 10 11 12 13 14 15 16 17 18 19 20 21 22 23 24 25 31 34 27_31 .0113128710894778504701890430607319581803
.0585937500 -7576.7675781250 1 2 3 4 5 6 7 8 9 10 11 12 13 14 15 16 17 18 19 20 21 22 23 24 30 34 38 27_32 .0106196022017749859017714182922227515729
.0625000000 -7576.7636718750 1 2 3 4 5 6 7 8 9 10 11 12 13 14 15 16 17 18 19 20 21 22 23 24 34 39 44 27_33 .0095976499214763646430948824207407930739
.0639648438 -7576.7622070312 1 2 3 4 5 6 7 8 9 10 11 12 13 14 15 16 17 18 19 20 21 22 23 24 30 33 37 27_34 .0092403016755683433306848727613839203277
.0664062500 -7576.7597656250 1 2 3 4 5 6 7 8 9 10 11 12 13 14 15 16 17 18 19 20 21 22 23 24 27 30 31 27_35 .0086740427998158880865165951472629912594
.0683593750 -7576.7578125000 1 2 3 4 5 6 7 8 9 10 11 12 13 14 15 16 17 18 19 20 21 22 23 24 27 31 34 27_36 .0082461245228371820043721444327627224541
.0688476562 -7576.7573242188 1 2 3 4 5 6 7 8 9 10 11 12 13 14 15 16 17 18 19 20 21 22 23 24 29 42 46 27_37 .0081424850762148004953178334282555034213
.0698242188 -7576.7563476562 1 2 3 4 5 6 7 8 9 10 11 12 13 14 15 16 17 18 19 20 21 22 23 24 30 41 46 27_38 .0079390974737278827206416304073154864306
.0722656250 -7576.7539062500 1 2 3 4 5 6 7 8 9 10 11 12 13 14 15 16 17 18 19 20 21 22 23 24 30 33 39 27_39 .0074525782487280345964391809046662149893
.0737304688 -7576.7524414062 1 2 3 4 5 6 7 8 9 10 11 12 13 14 15 16 17 18 19 20 21 22 23 24 30 34 48 27_40 .0071750972209280986149221875980746562842
.0742187500 -7576.7519531250 1 2 3 4 5 6 7 8 9 10 11 12 13 14 15 16 17 18 19 20 21 22 23 24 30 38 46 27_41 .0070849187251535862532214295248647893667
.0786132812 -7576.7475585938 1 2 3 4 5 6 7 8 9 10 11 12 13 14 15 16 17 18 19 20 21 22 23 24 28 42 45 27_42 .0063226422786898784564487230415451778611
.0820312500 -7576.7441406250 1 2 3 4 5 6 7 8 9 10 11 12 13 14 15 16 17 18 19 20 21 22 23 24 25 34 43 27_43 .0057869294054091317734504424530443527549
.0825195312 -7576.7436523438 1 2 3 4 5 6 7 8 9 10 11 12 13 14 15 16 17 18 19 20 21 22 23 24 30 36 41 27_44 .0057141977652843187205473663633894022738
.0830078125 -7576.7431640625 1 2 3 4 5 6 7 8 9 10 11 12 13 14 15 16 17 18 19 20 21 22 23 24 29 30 42 27_45 .0056423802207923182587432895809130037150
.0859375000 -7576.7402343750 1 2 3 4 5 6 7 8 9 10 11 12 13 14 15 16 17 18 19 20 21 22 23 24 26 30 32 27_46 .0052300379522813929384218647952715490637
.0864257812 -7576.7397460938 1 2 3 4 5 6 7 8 9 10 11 12 13 14 15 16 17 18 19 20 21 22 23 24 27 34 39 27_47 .0051643054693814134101219399114206296554
.0874023438 -7576.7387695312 1 2 3 4 5 6 7 8 9 10 11 12 13 14 15 16 17 18 19 20 21 22 23 24 28 30 42 27_48 .0050353085233512904541000887289942903211
.0878906250 -7576.7382812500 1 2 3 4 5 6 7 8 9 10 11 12 13 14 15 16 17 18 19 20 21 22 23 24 26 39 46 27_49 .0049720234507710940233171694055045140670
.0913085938 -7576.7348632812 1 2 3 4 5 6 7 8 9 10 11 12 13 14 15 16 17 18 19 20 21 22 23 24 25 34 45 27_50 .0045507475266516357578170698827583947643
.0932617188 -7576.7329101562 1 2 3 4 5 6 7 8 9 10 11 12 13 14 15 16 17 18 19 20 21 22 23 24 30 37 46 27_51 .0043262445946841787868772943752876958305
.0937500000 -7576.7324218750 1 2 3 4 5 6 7 8 9 10 11 12 13 14 15 16 17 18 19 20 21 22 23 24 28 41 42 27_52 .0042718712227438930341430513963102045927
.0947265625 -7576.7314453125 1 2 3 4 5 6 7 8 9 10 11 12 13 14 15 16 17 18 19 20 21 22 23 24 32 33 47 27_53 .0041651660154091573874702701767471505070
.0952148438 -7576.7309570312 1 2 3 4 5 6 7 8 9 10 11 12 13 14 15 16 17 18 19 20 21 22 23 24 41 43 44 27_54 .0041128171104682847874694057683593930584
.0957031250 -7576.7304687500 1 2 3 4 5 6 7 8 9 10 11 12 13 14 15 16 17 18 19 20 21 22 23 24 27 34 48 27_55 .0040611261508899374918701411468853786684
.0961914062 -7576.7299804688 1 2 3 4 5 6 7 8 9 10 11 12 13 14 15 16 17 18 19 20 21 22 23 24 33 34 47 27_56 .0040100848567915672783450252718205454263
.0986328125 -7576.7275390625 1 2 3 4 5 6 7 8 9 10 11 12 13 14 15 16 17 18 19 20 21 22 23 24 28 32 38 27_57 .0037643411232528154003414355340959059087
.0991210938 -7576.7270507812 1 2 3 4 5 6 7 8 9 10 11 12 13 14 15 16 17 18 19 20 21 22 23 24 32 41 42 27_58 .0037170298912641856551789780502957992455
.1025390625 -7576.7236328125 1 2 3 4 5 6 7 8 9 10 11 12 13 14 15 16 17 18 19 20 21 22 23 24 25 34 47 27_59 .0034020886658032232683257403711262768825
.1040039062 -7576.7221679688 1 2 3 4 5 6 7 8 9 10 11 12 13 14 15 16 17 18 19 20 21 22 23 24 34 39 43 27_60 .0032754190804708106830028670757147216887
.1044921875 -7576.7216796875 1 2 3 4 5 6 7 9 10 11 12 13 14 15 16 17 18 19 20 21 22 23 24 25 28 32 46 27_61 .0032342527496569251526288376970010405251
.1059570312 -7576.7202148438 1 2 3 4 5 6 7 8 9 10 11 12 13 14 15 16 17 18 19 20 21 22 23 24 34 38 47 27_62 .0031138321801470081275400091627747347996
.1074218750 -7576.7187500000 1 2 3 4 5 6 7 8 9 10 11 12 13 14 15 16 17 18 19 20 21 22 23 24 42 45 46 27_63 .0029978952084162953309924089857326594636
.1083984375 -7576.7177734375 1 2 3 4 5 6 7 8 9 10 11 12 13 14 15 16 17 18 19 20 21 22 23 24 33 39 44 27_64 .0029230120920716972685535620900087430973
.1123046875 -7576.7138671875 1 2 3 4 5 6 7 8 9 10 11 12 14 15 16 17 18 19 20 21 22 23 24 25 32 34 39 27_65 .0026417229424335092936593409886252099364
.1132812500 -7576.7128906250 1 2 3 4 5 6 7 8 9 10 11 12 13 14 15 16 17 18 19 20 21 22 23 24 33 39 46 27_66 .0025757364977128662906698199161396974094
.1171875000 -7576.7089843750 1 2 3 4 5 6 7 9 10 11 12 13 14 15 16 17 18 19 20 21 22 23 24 31 32 34 37 27_67 .0023278665928640686041170001907400490397
.1206054688 -7576.7055664062 1 2 3 4 5 6 7 8 9 10 11 12 13 14 15 16 17 18 19 20 21 22 23 24 27 34 47 27_68 .0021306281526504497744067692129991999759
.1220703125 -7576.7041015625 1 2 3 4 5 6 7 9 10 11 12 13 14 15 16 17 18 19 20 21 22 23 24 25 28 34 36 27_69 .0020512987138540398388452621923339034346
.1284179688 -7576.6977539062 1 2 3 4 5 6 7 8 9 10 11 12 13 14 15 16 17 18 19 20 21 22 24 27 30 34 39 27_70 .0017402873888716542674329923862770871531
.1289062500 -7576.6972656250 1 2 3 4 5 6 7 9 10 11 12 13 14 15 16 17 18 19 20 21 22 23 24 28 32 34 46 27_71 .0017184150024618851892018104935543142112
.1313476562 -7576.6948242188 1 2 3 4 6 7 8 9 10 11 12 13 14 15 16 17 18 19 20 21 22 23 24 25 29 36 37 27_72 .0016131080783445652609128402318949943849
.1318359375 -7576.6943359375 1 2 3 4 5 6 7 9 10 11 12 13 14 15 16 17 18 19 20 21 22 23 24 28 32 34 39 27_73 .0015928341105986918533091453916926405599
.1323242188 -7576.6938476562 1 2 3 4 5 6 7 8 9 10 11 12 14 15 16 17 18 19 20 21 22 23 24 32 33 34 35 27_74 .0015728149514262046345740833300695933428
.1347656250 -7576.6914062500 1 2 3 4 5 6 7 9 10 11 12 13 14 15 16 17 18 19 20 21 22 23 24 25 28 44 46 27_75 .0014764306062574657859648416223117431566
.1352539062 -7576.6909179688 1 2 3 4 5 6 7 8 9 10 11 12 13 14 15 16 17 18 19 20 21 22 23 24 33 37 38 27_76 .0014578744408023965024053727709543762259
.1376953125 -7576.6884765625 1 2 3 4 5 7 8 9 10 11 12 13 14 15 16 17 18 19 20 21 22 23 24 29 32 34 36 27_77 .0013685338106392372055939532178474750195
.1381835938 -7576.6879882812 1 2 3 4 6 7 8 9 10 11 12 13 14 15 16 17 18 19 20 21 22 23 24 25 27 29 37 27_78 .0013513337167902802568153789802205502622
.1416015625 -7576.6845703125 1 2 3 4 5 6 7 8 9 10 11 12 13 14 15 16 17 18 19 20 21 22 23 24 28 33 38 27_79 .0012368361988195808530692607834430462307
.1430664062 -7576.6831054688 1 2 3 4 5 6 7 8 9 10 11 12 14 15 16 17 18 19 20 21 22 23 24 28 32 33 34 27_80 .0011907852154917831650967183040124383962
.1445312500 -7576.6816406250 1 2 3 4 5 6 7 9 10 11 12 13 14 15 16 17 18 19 20 21 22 23 24 25 34 35 36 27_81 .0011464488402863269086363015402144755510
.1459960938 -7576.6801757812 1 2 3 4 5 6 7 8 9 10 11 12 13 14 15 16 17 18 19 20 21 22 23 24 28 33 48 27_82 .0011037632364717021840637143136416332246
.1464843750 -7576.6796875000 1 2 3 4 5 6 7 8 9 10 11 12 13 15 16 17 18 19 20 21 22 23 24 29 30 34 36 27_83 .0010898908518486892929392978851433677631
.1474609375 -7576.6787109375 1 2 3 4 5 6 7 9 10 11 12 13 14 15 16 17 18 19 20 21 22 23 24 26 29 30 34 27_84 .0010626669438105517221278598672270601656
.1479492188 -7576.6782226562 1 2 3 4 5 6 7 9 10 11 12 13 14 15 16 17 18 19 20 21 22 23 24 27 30 37 46 27_85 .0010493110654086961071764739629353148341
.1489257812 -7576.6772460938 1 2 3 4 5 6 7 8 9 10 11 12 14 15 16 17 18 19 20 21 22 23 24 27 30 34 36 27_86 .0010231007848000650533929360203878852579
.1499023438 -7576.6762695312 1 2 3 4 5 6 7 8 9 10 11 12 13 14 15 16 17 18 19 20 21 22 23 24 37 38 46 27_87 .0009975451941204070628817127082730943836
.1533203125 -7576.6728515625 1 2 3 4 5 6 7 8 9 10 11 12 13 14 15 16 17 18 19 20 21 22 23 24 27 33 39 27_88 .0009130239190487869021798683036944943583
.1562500000 -7576.6699218750 1 2 3 4 6 7 8 9 10 11 12 13 14 15 16 17 18 19 20 21 22 23 24 25 29 32 36 27_89 .0008463005967533521351736882566597579731
.1572265625 -7576.6689453125 1 2 4 5 6 7 8 9 10 11 12 13 14 15 16 17 18 19 20 21 22 23 24 29 32 34 36 27_90 .0008251612234119261813726496643777640765
.1582031250 -7576.6679687500 1 2 3 4 5 6 7 8 9 10 11 12 14 15 16 17 18 19 20 21 22 23 24 25 34 39 42 27_91 .0008045498812534894888434893192798939071
.1601562500 -7576.6660156250 1 2 3 4 5 6 7 8 9 10 11 12 13 14 15 16 17 18 19 20 21 22 24 25 32 35 36 27_92 .0007648588620972635831209152776097316599
.1621093750 -7576.6640625000 1 2 3 4 5 6 7 8 9 10 11 12 13 14 15 16 17 18 19 20 21 22 23 32 36 37 41 27_93 .0007271259278756913907581755613230648786
.1625976562 -7576.6635742188 1 2 3 4 5 6 7 8 9 10 11 12 13 15 16 17 18 19 20 21 22 23 24 25 27 36 46 27_94 .0007179872193125208984709323886386917009
.1640625000 -7576.6621093750 1 2 3 4 5 7 8 9 10 11 12 13 14 15 16 17 18 19 20 21 22 23 24 27 29 32 36 27_95 .0006912544799956194672893672852793452075
.1645507812 -7576.6616210938 1 2 3 4 5 6 7 8 9 10 11 12 13 14 15 16 17 18 19 20 21 22 24 25 27 35 36 27_96 .0006825666131578605061903369038704643790
.1650390625 -7576.6611328125 1 2 3 4 5 6 7 8 9 10 11 12 13 14 15 16 17 18 19 20 21 22 24 26 27 29 46 27_97 .0006739879359536808856748370196583419080
.1655273438 -7576.6606445312 1 2 3 4 5 6 7 8 9 10 11 12 13 14 15 16 17 18 19 20 21 22 23 24 37 38 47 27_98 .0006655170778270166939667315731089728285
.1665039062 -7576.6596679688 1 2 3 4 5 6 7 8 10 11 12 13 14 15 16 17 18 19 20 21 22 23 24 27 30 35 46 27_99 .0006488934188047150137944210070784868537
.1669921875 -7576.6591796875 1 2 3 4 5 6 7 8 9 10 11 12 13 15 16 17 18 19 20 21 22 23 24 29 30 34 38 27_100 .0006407379551876353976073692884232372337
.1674804688 -7576.6586914062 1 2 3 4 5 6 7 8 9 10 11 12 13 14 15 16 17 18 19 20 21 22 23 27 32 36 41 27_101 .0006326849915880964525348047965495576523
.1679687500 -7576.6582031250 1 2 3 5 6 7 8 9 10 11 12 13 14 15 16 17 18 19 20 21 22 23 24 27 32 35 46 27_102 .0006247332413770875295511934503211577906
.1684570312 -7576.6577148438 1 2 3 4 5 6 7 8 9 10 11 12 13 14 15 16 17 18 19 20 21 22 24 25 27 28 47 27_103 .0006168814308394689403740091421005187914
.1689453125 -7576.6572265625 1 2 3 4 5 6 7 8 9 10 11 12 13 14 15 16 17 18 19 20 21 22 23 24 26 38 46 27_104 .0006091283023295042337473161691514856738
.1694335938 -7576.6567382812 1 2 3 4 5 6 7 8 9 10 11 12 13 14 15 16 17 18 20 21 22 23 24 30 31 34 39 27_105 .0006014726171833480743719475867646505317
.1699218750 -7576.6562500000 1 2 3 4 5 6 7 8 10 11 12 13 14 15 16 17 18 19 20 21 22 23 24 27 32 35 46 27_106 .0005939131522455144492126964408437049726
.1704101562 -7576.6557617188 1 2 3 4 5 6 7 8 9 10 11 12 14 15 16 17 18 19 20 21 22 23 24 25 34 35 44 27_107 .0005864486966373057438802767737777826211
.1713867188 -7576.6547851562 1 2 3 4 5 6 7 9 10 11 12 13 14 15 16 17 18 19 20 21 22 23 24 25 36 42 46 27_108 .0005718000490470190415164268070686216892
.1718750000 -7576.6542968750 1 2 3 4 5 6 7 9 10 11 12 13 14 15 16 17 18 19 20 21 22 23 24 28 32 33 37 27_109 .0005646135166950319339345817794653997759
.1723632812 -7576.6538085938 1 2 3 4 5 6 7 8 9 10 11 12 14 15 16 17 18 19 20 21 22 23 24 34 35 40 42 27_110 .0005575173065585329724272813780991918968
.1728515625 -7576.6533203125 1 2 3 4 5 6 7 8 9 10 11 12 13 14 16 17 18 19 20 21 22 23 24 30 32 34 39 27_111 .0005505102820183461883317539404752796714
.1738281250 -7576.6523437500 1 2 3 4 5 6 7 8 9 10 11 13 14 15 16 17 18 19 20 21 22 23 24 29 32 34 36 27_112 .0005367593258870093756238452736872227651
.1743164062 -7576.6518554688 1 2 3 4 5 6 7 8 9 10 11 12 13 14 15 16 17 18 19 20 22 23 24 29 31 32 34 27_113 .0005300131944951937949700857968824372546
.1748046875 -7576.6513671875 1 2 3 4 5 6 7 8 9 11 12 13 14 15 16 17 18 19 20 21 22 23 24 26 29 30 34 27_114 .0005233518488889463133775777146177421089
.1752929688 -7576.6508789062 1 2 3 4 5 6 7 8 9 10 11 12 13 14 15 16 17 18 19 20 21 22 24 26 27 32 46 27_115 .0005167742248310428042123456167911433846
.1777343750 -7576.6484375000 1 2 3 4 5 6 7 8 9 10 11 12 13 14 15 16 17 18 19 20 21 23 24 27 28 30 46 27_116 .0004851055627196757350184132010878895283
.1782226562 -7576.6479492188 1 2 3 4 5 7 8 9 10 11 12 13 14 15 16 17 18 19 20 21 22 23 24 27 29 36 46 27_117 .0004790086293136291247846433094891406079
.1787109375 -7576.6474609375 1 2 3 4 5 6 7 8 9 10 11 12 14 15 16 17 18 19 20 21 22 23 24 30 34 40 41 27_118 .0004729883225337723323450497433082480031
.1796875000 -7576.6464843750 1 2 3 4 5 6 7 8 9 10 11 12 13 14 15 16 17 18 19 20 21 22 24 25 26 27 47 27_119 .0004611737536033781525700667053360056607
.1801757812 -7576.6459960938 1 2 3 4 5 6 7 8 9 10 11 12 14 15 16 17 18 19 20 21 22 23 24 34 35 41 42 27_120 .0004553776014245148756536148789184986667
.1806640625 -7576.6455078125 1 2 3 4 5 6 7 9 10 11 12 13 14 15 16 17 18 19 20 21 22 23 24 31 32 33 37 27_121 .0004496542956352658563772053002913905321
.1811523438 -7576.6450195312 1 2 3 4 5 6 7 9 10 11 12 13 14 15 16 17 18 19 20 21 22 23 24 25 26 34 36 27_122 .0004440029218625560412949802815636368045
.1816406250 -7576.6445312500 1 2 3 4 5 6 7 8 9 10 11 12 13 14 15 16 17 18 19 20 21 22 23 24 38 45 47 27_123 .0004384225771814738604877293056356692858
.1821289062 -7576.6440429688 1 2 3 4 5 6 7 8 9 10 11 12 13 14 15 16 17 18 20 21 22 23 24 27 28 32 45 27_124 .0004329123677297479447047649556184127990
.1831054688 -7576.6430664062 1 2 3 4 5 6 7 8 9 10 11 12 13 14 15 16 17 18 19 20 21 22 23 32 36 41 46 27_125 .0004220988374947720994002990249394179493
.1845703125 -7576.6416015625 1 2 3 4 5 6 7 8 9 10 11 12 13 14 16 17 18 19 20 21 22 23 24 25 32 33 39 27_126 .0004063828788684754612198402308381249171
.1850585938 -7576.6411132812 1 2 3 4 5 6 7 8 9 10 11 12 14 15 16 17 18 19 20 21 22 23 24 25 30 34 44 27_127 .0004012753516734533958390865180122384882
.1855468750 -7576.6406250000 1 2 3 4 5 6 7 8 9 10 11 12 13 14 15 16 17 18 19 20 21 22 24 26 27 39 46 27_128 .0003962320182535586660719654476982000799
.1860351562 -7576.6401367188 1 2 3 4 6 7 8 9 10 11 12 13 14 15 16 17 18 19 20 21 22 23 24 25 29 37 43 27_129 .0003912520707652397324961351007920745240
.1865234375 -7576.6396484375 1 2 3 4 5 6 7 9 10 11 12 13 14 15 16 17 18 19 20 21 22 23 24 27 31 34 42 27_130 .0003863347115568344174625937161154944492
.1870117188 -7576.6391601562 1 2 3 4 5 6 7 8 10 11 12 13 14 15 16 17 18 19 20 21 22 23 24 27 32 35 41 27_131 .0003814791550157918455574109934721198709
.1879882812 -7576.6381835938 1 2 3 4 5 6 7 8 10 11 12 13 14 15 16 17 18 19 20 21 22 23 24 25 27 31 32 27_132 .0003719503546162525676807041654354968729
.1889648438 -7576.6372070312 1 2 3 4 5 6 7 8 9 10 11 12 13 14 15 16 17 18 19 20 21 22 23 25 26 28 45 27_133 .0003626595680613540280824712037782983369
.1894531250 -7576.6367187500 1 2 3 4 5 6 7 9 10 11 12 13 14 15 16 17 18 19 20 21 22 23 24 29 30 34 38 27_134 .0003581015678950821320723835435485314820
.1899414062 -7576.6362304688 1 2 3 4 5 6 7 8 9 10 11 12 13 14 15 16 17 18 19 20 22 23 24 29 30 34 41 27_135 .0003536008538653012492993912757913840627
.1914062500 -7576.6347656250 1 2 3 4 5 6 7 8 9 10 11 12 13 14 15 16 17 18 19 20 21 22 24 27 30 34 38 27_136 .0003404352720912051610152641163605088267
.1918945312 -7576.6342773438 1 2 3 4 5 7 8 9 10 11 12 13 14 15 16 17 18 19 20 21 22 23 24 25 26 28 45 27_137 .0003361565926809489367357227462255224923
.1928710938 -7576.6333007812 1 2 3 4 5 6 7 8 9 10 11 12 13 14 15 16 17 18 19 20 21 22 23 24 28 31 48 27_138 .0003277598829780024749920527537645554823
.1933593750 -7576.6328125000 1 2 3 4 5 7 8 9 10 11 12 13 14 15 16 17 18 19 20 21 22 23 24 26 32 36 46 27_139 .0003236405111685201110629985410717236904
.1943359375 -7576.6318359375 1 2 3 4 5 7 8 9 10 11 12 13 14 15 16 17 18 19 20 21 22 23 24 31 34 36 39 27_140 .0003155564360535462732667649737695747164
.1953125000 -7576.6308593750 1 2 3 4 5 6 7 8 9 10 11 13 14 15 16 17 18 19 20 21 22 23 24 27 30 32 42 27_141 .0003076742895235588503548394230022297104
.1962890625 -7576.6298828125 1 2 3 4 5 6 7 8 9 10 11 12 13 14 15 16 17 18 19 20 21 22 23 28 29 30 36 27_142 .0002999890276925406169989294691573641197
.1967773438 -7576.6293945312 1 2 3 4 5 6 7 8 9 10 11 12 14 15 16 17 18 19 20 21 22 23 24 25 29 35 36 27_143 .0002962186864778366110720708839626638972
.1977539062 -7576.6284179688 1 2 3 5 6 7 8 9 10 11 12 13 14 15 16 17 18 19 20 21 22 23 24 27 35 44 46 27_144 .0002888195699050210823118013294841668430
.1982421875 -7576.6279296875 1 2 3 4 5 6 7 8 9 10 11 12 13 14 15 16 17 18 19 20 21 22 24 25 26 28 47 27_145 .0002851896093814580299855079416092155257
.1987304688 -7576.6274414062 1 2 3 4 5 6 7 8 10 11 12 13 14 15 16 17 18 19 20 21 22 23 24 26 27 29 44 27_146 .0002816052711590671569050695083553790162
.1992187500 -7576.6269531250 1 2 3 4 6 7 8 9 10 11 12 13 14 15 16 17 18 19 20 21 22 23 24 25 41 44 46 27_147 .0002780659825650077252470183233142602104
.1997070312 -7576.6264648438 1 2 3 4 5 6 7 8 9 10 11 12 13 14 15 17 18 19 20 21 22 23 24 25 28 30 36 27_148 .0002745711766743454308224321168826059335
.2006835938 -7576.6254882812 1 2 3 4 5 7 8 9 10 11 12 13 14 15 16 17 18 19 20 21 22 23 24 26 30 36 41 27_149 .0002677127823619093766951486370184940895
.2011718750 -7576.6250000000 1 2 3 5 6 7 8 9 10 11 12 13 14 15 16 17 18 19 20 21 22 23 24 27 30 32 41 27_150 .0002643480981953185812150705946973720623
.2016601562 -7576.6245117188 1 2 3 4 5 6 7 8 9 10 11 12 13 15 16 17 18 19 20 21 22 23 24 26 34 41 44 27_151 .0002610257022580795030139398589125348272
.2021484375 -7576.6240234375 1 2 3 4 5 6 7 8 9 10 11 12 13 14 15 16 17 18 19 20 21 22 24 25 34 35 36 27_152 .0002577450623930463153171350737341478081
.2026367188 -7576.6235351562 1 2 3 4 5 6 7 8 9 10 11 12 13 14 15 16 17 18 19 20 21 22 23 24 38 46 48 27_153 .0002545056544750242455201086226970016160
.2031250000 -7576.6230468750 1 2 3 4 5 7 8 9 10 11 12 13 14 15 16 17 18 19 20 21 22 23 24 26 29 30 39 27_154 .0002513069609409878141608325940252792593
.2036132812 -7576.6225585938 1 2 3 4 5 6 7 8 10 11 12 13 14 15 16 17 18 19 20 21 22 23 24 27 32 36 41 27_155 .0002481484694226818056017980555707609549
.2041015625 -7576.6220703125 1 2 3 4 5 6 7 8 9 10 11 12 13 14 15 16 17 18 19 20 21 22 24 26 32 35 37 27_156 .0002450296740159746079547707199903336229
.2050781250 -7576.6210937500 1 2 3 4 5 6 7 9 10 11 12 13 14 15 16 17 18 19 20 21 22 23 24 28 32 34 44 27_157 .0002389091847021035567950314213540951781
.2065429688 -7576.6196289062 1 2 3 4 5 6 7 8 9 10 11 12 13 14 15 16 17 18 19 20 21 22 24 25 28 34 47 27_158 .0002300139052552491846360615535402439305
.2070312500 -7576.6191406250 1 2 3 4 5 6 7 8 9 10 11 12 13 14 15 16 18 19 20 21 22 23 24 29 30 34 47 27_159 .0002271230304218547239022001941706421456
.2075195312 -7576.6186523438 1 2 3 4 5 6 7 8 9 10 11 12 13 14 15 16 17 18 19 20 21 22 23 32 34 36 43 27_160 .0002242684888583687907140369743196571663
.2080078125 -7576.6181640625 1 2 3 4 5 6 7 8 9 10 11 12 13 14 15 16 17 18 19 20 21 22 24 25 26 27 40 27_161 .0002214498233451463565742585364533683398
.2084960938 -7576.6176757812 1 2 3 4 5 6 8 9 10 11 12 13 14 15 16 17 18 19 20 21 22 23 24 25 26 34 36 27_162 .0002186665835634472078000043959075137430
.2089843750 -7576.6171875000 1 2 3 4 5 6 7 8 9 10 11 12 13 14 15 16 17 18 19 20 21 22 23 26 34 35 40 27_163 .0002159183248326264534088052519813637423
.2099609375 -7576.6162109375 1 2 3 4 5 6 7 8 9 10 11 12 13 14 15 16 17 18 19 20 21 22 23 26 36 37 41 27_164 .0002105249952079016035412815304565894647
.2109375000 -7576.6152343750 1 2 3 4 5 6 7 8 9 10 11 12 13 14 15 16 17 18 19 20 21 22 24 25 33 35 36 27_165 .0002052663832106105662368897717968021171
.2114257812 -7576.6147460938 1 2 3 4 5 6 7 8 9 10 11 12 13 14 15 16 17 18 20 21 22 23 24 28 29 30 33 27_166 .0002026865416975204993126752304383319241
.2133789062 -7576.6127929688 1 2 3 4 5 6 7 8 10 11 12 13 14 15 16 17 18 19 20 21 22 23 24 26 30 34 47 27_167 .0001926873662620688084366047813650341572
.2138671875 -7576.6123046875 1 2 3 4 5 6 7 8 9 10 11 12 13 14 15 16 17 18 19 20 21 22 24 26 32 35 47 27_168 .0001902656206263743169028416430668123455
.2148437500 -7576.6113281250 1 2 3 4 5 6 7 8 9 10 11 12 14 15 16 17 18 19 20 21 22 23 24 25 27 35 36 27_169 .0001855130587070173693496071788653280305
.2153320312 -7576.6108398438 1 2 3 4 5 6 7 8 9 10 11 12 13 14 15 16 17 18 20 21 22 23 24 27 31 34 42 27_170 .0001831814821352139706291875618921585075
.2172851562 -7576.6088867188 1 2 3 4 5 6 7 8 9 10 11 12 13 14 15 16 17 18 19 20 21 22 24 26 27 43 46 27_171 .0001741445536788118189018700111313027346
.2177734375 -7576.6083984375 1 2 3 4 5 6 7 8 9 10 11 12 13 14 15 16 17 18 19 20 21 22 23 32 36 41 43 27_172 .0001719558590018705241281619901672386018
.2182617188 -7576.6079101562 1 2 3 4 5 6 7 8 10 11 12 13 14 15 16 17 18 19 20 21 22 23 24 26 27 29 32 27_173 .0001697946724168429531261640962525763407
.2187500000 -7576.6074218750 1 2 3 4 5 6 7 8 9 10 11 12 13 15 16 17 18 19 20 21 22 23 24 26 39 44 46 27_174 .0001676606486290654269032648753692290060
.2192382812 -7576.6069335938 1 2 3 4 5 6 7 8 9 10 11 12 14 15 16 17 18 19 20 21 22 23 24 30 34 40 42 27_175 .0001655534458095902524093181119292888090
.2197265625 -7576.6064453125 1 2 3 4 5 6 7 8 9 10 11 12 13 14 15 16 17 18 19 20 21 23 24 25 27 41 44 27_176 .0001634727264420409131544223443364115722
.2202148438 -7576.6059570312 1 2 3 4 5 6 7 8 9 10 11 12 13 14 15 16 17 18 19 20 21 22 24 26 28 35 47 27_177 .0001614181581042410502910754783153889258
.2207031250 -7576.6054687500 1 2 3 4 5 6 7 8 9 10 11 12 13 14 15 16 17 18 19 20 21 22 23 32 38 41 46 27_178 .0001593894125360172382748708324336066942
.2211914062 -7576.6049804688 1 2 3 4 5 6 7 8 9 10 11 12 13 14 15 16 18 19 20 21 22 23 24 29 30 34 38 27_179 .0001573861647719371821303684858823551645
.2221679688 -7576.6040039062 1 2 3 4 5 6 7 8 9 10 11 12 14 15 16 17 18 19 20 21 22 23 24 25 34 44 48 27_180 .0001534548840366391097910423725336256795
.2231445312 -7576.6030273438 1 2 3 4 5 6 7 8 9 10 11 12 13 15 16 17 18 19 20 21 22 23 24 32 37 38 39 27_181 .0001496218018325562972927979420505227474
.2241210938 -7576.6020507812 1 2 3 4 5 6 7 8 10 11 12 13 14 15 16 17 18 19 20 21 22 23 24 27 29 44 47 27_182 .0001458844637509195648515056368565283423
.2246093750 -7576.6015625000 1 2 3 4 5 7 8 9 10 11 12 13 14 15 16 17 18 19 20 21 22 23 24 25 36 40 41 27_183 .0001440509497102237344000365992157384775
.2260742188 -7576.6000976562 1 2 3 4 5 6 7 8 9 11 12 13 14 15 16 17 18 19 20 21 22 23 24 27 36 37 41 27_184 .0001386875165134006250906282947529345818
.2265625000 -7576.5996093750 1 2 3 4 5 6 7 8 9 10 11 12 13 15 16 17 18 19 20 21 22 23 24 26 37 39 44 27_185 .0001369444555851943339398101794466988399
.2275390625 -7576.5986328125 1 2 3 4 5 6 7 8 9 10 11 12 13 14 15 16 17 18 19 20 21 22 24 26 27 31 46 27_186 .0001335237797818692772617132089861101121
.2280273438 -7576.5981445312 1 2 3 4 5 6 7 8 9 10 11 12 13 14 15 16 17 18 19 20 21 22 24 26 28 37 47 27_187 .0001318456177039861825659800115684923834
.2290039062 -7576.5971679688 1 2 3 4 5 6 7 8 9 10 11 12 13 14 15 16 17 18 19 20 21 23 24 28 34 37 42 27_188 .0001285523038803167374509035967545135840
.2294921875 -7576.5966796875 1 2 3 4 5 6 7 8 10 11 12 13 14 15 16 17 18 19 20 21 22 23 24 26 30 35 47 27_189 .0001269366246226677955365593182656773311
.2309570312 -7576.5952148438 1 2 3 4 5 6 7 8 9 10 11 12 13 14 15 16 17 18 19 20 21 22 23 28 32 38 46 27_190 .0001222104075296005767031693637982354821
.2319335938 -7576.5942382812 1 2 3 4 5 6 7 8 10 11 12 13 14 15 16 17 18 19 20 21 22 23 24 27 32 41 44 27_191 .0001191577667751210512384585121048519141
.2324218750 -7576.5937500000 1 2 3 4 5 6 7 8 9 10 11 12 13 14 15 17 18 19 20 21 22 23 24 27 28 41 46 27_192 .0001176601608421605139857787110510491747
.2329101562 -7576.5932617188 1 2 3 4 5 6 7 8 9 10 11 12 13 14 15 16 17 18 19 20 21 22 24 30 32 35 38 27_193 .0001161813772116913564246761812134706734
.2333984375 -7576.5927734375 1 2 3 4 5 6 7 9 10 11 12 13 14 15 16 17 18 19 20 21 22 23 24 34 39 46 47 27_194 .0001147211790229387186578832213422478055
.2338867188 -7576.5922851562 1 2 3 4 5 6 7 8 9 10 11 12 13 14 16 17 18 19 20 21 22 23 24 25 31 33 39 27_195 .0001132793329901133728457172389252439898
.2343750000 -7576.5917968750 1 2 3 4 5 6 7 8 9 10 11 12 13 14 15 16 17 18 19 20 21 22 24 26 27 32 44 27_196 .0001118556087482184092159803730510277996
.2348632812 -7576.5913085938 1 2 3 4 5 6 7 8 9 10 11 12 13 14 15 16 17 18 20 21 22 23 24 31 34 39 46 27_197 .0001104497782444260198451134542963730268
.2353515625 -7576.5908203125 1 2 3 4 5 6 7 8 9 10 11 12 14 15 16 17 18 19 20 21 22 23 24 38 41 44 46 27_198 .0001090616163030610153193547387759759015
.2358398438 -7576.5903320312 1 2 3 4 5 6 8 9 10 11 12 13 14 15 16 17 18 19 20 21 22 23 24 26 30 36 41 27_199 .0001076909011470683617453143648308871173
.2377929688 -7576.5883789062 1 2 3 4 5 6 7 8 9 10 11 12 13 14 15 16 17 18 19 20 21 22 23 28 30 36 39 27_200 .0001023781645225596846769670030115507880
.2382812500 -7576.5878906250 1 2 3 4 5 6 7 8 9 10 11 12 13 14 15 17 18 19 20 21 22 23 24 27 28 37 41 27_201 .0001010914490129953723176461944192613863
.2387695312 -7576.5874023438 1 2 3 4 5 6 7 8 10 11 12 13 14 15 16 17 18 19 20 21 22 23 24 27 34 39 48 27_202 .0000998209052800034805141802938206421158
.2421875000 -7576.5839843750 1 2 3 4 5 6 7 8 10 11 12 13 14 15 16 17 18 19 20 21 22 23 24 25 28 29 35 27_203 .0000913631527101211613298460859926860931
.2426757812 -7576.5834960938 1 2 3 4 5 6 7 8 9 10 11 12 13 14 15 16 17 18 19 20 21 23 24 27 28 34 41 27_204 .0000902148767457781896199428265339189810
.2441406250 -7576.5820312500 1 2 3 4 5 6 7 8 10 11 12 13 14 15 16 17 18 19 20 21 22 23 24 26 32 34 47 27_205 .0000868559161435818211853103257547722668
.2446289062 -7576.5815429688 1 2 3 4 5 6 7 8 10 11 12 13 14 15 16 17 18 19 20 21 22 23 24 26 27 29 47 27_206 .0000857642883055506237488786977847702344
.2451171875 -7576.5810546875 1 2 3 4 5 6 7 8 9 10 11 12 13 14 15 16 17 18 20 21 22 23 24 27 28 29 33 27_207 .0000846863801119229978174787368464663026
.2456054688 -7576.5805664062 1 2 3 4 5 6 7 8 9 10 11 12 13 14 15 16 17 18 19 20 22 23 24 25 31 33 39 27_208 .0000836220193527444300356722022254226203
.2475585938 -7576.5786132812 1 2 3 4 5 6 7 8 9 10 12 13 14 15 16 17 18 19 20 21 22 23 24 28 30 32 43 27_209 .0000794966776562905070893032481716455228
.2485351562 -7576.5776367188 1 2 3 4 5 6 7 8 9 10 11 12 13 14 15 16 17 18 19 20 21 22 23 32 34 38 43 27_210 .0000775109650325379770165434527288905642
.2490234375 -7576.5771484375 1 2 3 4 5 7 8 9 10 11 12 13 14 15 16 17 18 19 20 21 22 23 24 26 34 35 45 27_211 .0000765367867824148451523306905536331527
.2495117188 -7576.5766601562 1 2 3 4 5 6 7 8 9 11 12 13 14 15 16 17 18 19 20 21 22 23 24 27 32 33 45 27_212 .0000755748522614546076101007881681662678
.2514648438 -7576.5747070312 1 2 3 5 6 7 8 9 10 11 12 13 14 15 16 17 18 19 20 21 22 23 24 28 39 44 46 27_213 .0000718465030580902481430031079657325291
.2519531250 -7576.5742187500 1 2 3 4 5 6 7 8 9 10 11 13 14 15 16 17 18 19 20 21 22 23 24 25 30 34 47 27_214 .0000709435174436877409645494126914056585
.2524414062 -7576.5737304688 1 2 3 4 5 6 7 8 9 10 11 12 13 14 15 16 17 18 19 20 22 23 24 32 34 41 47 27_215 .0000700518807883175002491296066513385169
.2529296875 -7576.5732421875 1 2 3 4 5 6 7 8 9 10 11 12 13 15 16 17 18 19 20 21 22 23 24 26 28 32 44 27_216 .0000691714502761241614906747619546904399
.2543945312 -7576.5717773438 1 2 3 4 5 6 7 8 9 10 11 14 15 16 17 18 19 20 21 22 23 24 25 30 31 32 34 27_217 .0000665959974340538094200331230992227356
.2548828125 -7576.5712890625 1 2 3 4 5 6 7 8 9 10 11 13 14 15 16 17 18 19 20 21 22 23 24 27 32 35 46 27_218 .0000657590013752603605027625658128208739
.2553710938 -7576.5708007812 1 2 3 5 6 7 8 9 10 11 12 13 14 15 16 17 18 19 20 21 22 23 24 27 36 40 46 27_219 .0000649325249036707745999195308642442072
.2558593750 -7576.5703125000 1 2 3 4 5 6 7 8 9 10 11 14 15 16 17 18 19 20 21 22 23 24 30 31 32 34 35 27_220 .0000641164359724190970600725794447565495
.2563476562 -7576.5698242188 1 2 3 4 5 6 7 8 9 10 11 12 13 14 15 16 17 18 19 20 21 23 24 27 34 42 43 27_221 .0000633106038599912606796805197279928288
.2568359375 -7576.5693359375 1 2 3 4 5 6 7 8 9 10 11 12 13 14 15 16 17 18 19 20 21 22 23 27 34 36 47 27_222 .0000625148994940776835018982260325014977
.2573242188 -7576.5688476562 1 2 3 4 5 6 7 8 9 10 11 12 13 14 15 16 17 18 19 20 21 23 24 27 33 34 42 27_223 .0000617291957504821954462045549080847619
.2583007812 -7576.5678710938 1 2 3 4 5 6 7 8 9 10 11 12 13 14 15 16 17 18 19 20 21 22 23 26 28 37 47 27_224 .0000601872892599268111320537334440171803
.2592773438 -7576.5668945312 1 2 3 4 5 6 7 8 9 10 11 12 13 14 15 16 17 18 20 21 22 23 24 31 34 38 43 27_225 .0000586838970709105103332441209851934078
.2597656250 -7576.5664062500 1 2 3 4 5 6 7 8 9 10 11 12 13 14 15 16 17 18 19 20 21 23 24 27 29 31 34 27_226 .0000579463425261991986077212062421371841
.2602539062 -7576.5659179688 1 2 3 4 5 6 7 8 9 10 11 12 13 14 15 16 17 18 19 20 22 23 24 26 33 34 47 27_227 .0000572180577596310627798115195788740527
.2607421875 -7576.5654296875 1 2 3 4 5 6 7 8 9 10 11 12 13 14 15 16 17 18 19 20 21 22 23 32 34 35 43 27_228 .0000564989261198647073133756815424172370
.2626953125 -7576.5634765625 1 2 3 4 5 6 7 8 9 10 11 12 13 14 15 16 17 18 20 21 22 23 24 34 38 42 43 27_229 .0000537116533712367102675142150148045857
.2641601562 -7576.5620117188 1 2 3 4 5 6 7 8 10 11 12 13 14 15 16 17 18 19 20 21 22 23 24 32 39 41 44 27_230 .0000517118134116139893244215975104288395
.2646484375 -7576.5615234375 1 2 3 4 5 6 7 8 9 10 11 13 14 15 16 17 18 19 20 21 22 23 24 30 36 41 42 27_231 .0000510618857029488645264550429451101987
.2651367188 -7576.5610351562 1 2 3 4 5 6 7 8 10 11 12 13 14 15 16 17 18 19 20 21 22 23 24 25 27 28 31 27_232 .0000504201264571285532676539612312855097
.2666015625 -7576.5595703125 1 2 3 4 5 6 8 9 10 11 12 13 14 15 16 17 18 19 20 21 22 23 24 26 36 40 41 27_233 .0000485428395495504410444987148506254058
.2675781250 -7576.5585937500 1 2 3 4 5 6 7 8 9 10 11 12 14 15 16 17 18 19 20 21 22 23 24 36 37 41 45 27_234 .0000473303091410554650150035268037692703
.2690429688 -7576.5571289062 1 2 3 4 5 6 7 8 9 10 11 12 13 15 16 17 18 19 20 21 22 23 24 26 39 42 44 27_235 .0000455680649366701854300246895070000979
.2695312500 -7576.5566406250 1 2 3 4 5 6 7 8 9 10 11 12 13 14 15 16 17 18 20 21 22 23 24 31 34 43 47 27_236 .0000449953535956505184347203523049775813
.2709960938 -7576.5551757812 1 2 3 4 5 6 7 9 10 11 12 13 14 15 16 17 18 19 20 21 22 23 24 29 33 34 47 27_237 .0000433200465347587279255250918199218077
.2714843750 -7576.5546875000 1 2 3 4 5 6 7 8 10 11 12 13 14 15 16 17 18 19 20 21 22 23 24 35 38 39 42 27_238 .0000427755888761235312829633698616759794
.2719726562 -7576.5541992188 1 2 3 4 5 6 8 9 10 11 12 13 14 15 16 17 18 19 20 21 22 23 24 33 34 36 43 27_239 .0000422379741035366834182078024878586334
.2734375000 -7576.5527343750 1 2 3 4 5 7 8 9 10 11 12 13 14 15 16 17 18 19 20 21 22 23 24 31 32 35 41 27_240 .0000406653322505730081226117167410396889
.2744140625 -7576.5517578125 1 2 3 4 5 6 7 8 9 10 11 12 13 14 15 16 17 18 19 20 22 23 24 27 31 34 41 27_241 .0000396495706597200507539896513434104637
.2758789062 -7576.5502929688 1 2 3 4 5 6 7 9 10 11 13 14 15 16 17 18 19 20 21 22 23 24 29 30 32 34 36 27_242 .0000381733026469082334238405450317823552
.2773437500 -7576.5488281250 1 2 3 4 6 7 8 9 10 11 12 13 14 15 16 17 18 19 20 21 22 23 24 25 27 35 44 27_243 .0000367520002600745278173474274635089615
.2783203125 -7576.5478515625 1 2 3 4 5 6 7 9 10 11 13 14 15 16 17 18 19 20 21 22 23 24 25 27 30 42 46 27_244 .0000358339880815148511804325154380115068
.2792968750 -7576.5468750000 1 2 3 4 5 6 7 8 10 11 12 13 14 15 16 17 18 19 20 21 22 23 24 32 39 41 42 27_245 .0000349389065286087501851633137512306008
.2797851562 -7576.5463867188 1 2 3 4 5 6 7 8 10 11 13 14 15 16 17 18 19 20 21 22 23 24 27 30 32 35 46 27_246 .0000344997852264518605710698115793916440
.2807617188 -7576.5454101562 1 2 3 4 5 7 8 9 10 11 12 13 14 15 16 17 18 19 20 21 22 23 24 27 30 31 48 27_247 .0000336380300573796263265351391028397976
.2812500000 -7576.5449218750 1 2 3 4 5 6 7 8 9 10 11 12 13 14 15 16 17 18 19 20 21 22 24 26 27 39 43 27_248 .0000332152585104597429522766027158056130
.2817382812 -7576.5444335938 1 2 3 4 5 6 7 8 9 10 11 12 13 15 16 17 18 19 20 21 22 24 25 27 30 36 39 27_249 .0000327978004667557180667697958034496864
.2822265625 -7576.5439453125 1 2 3 4 5 6 7 8 9 11 12 13 14 15 16 17 18 19 20 21 22 23 24 26 32 33 45 27_250 .0000323855890608832818551048446381356459
.2832031250 -7576.5429687500 1 2 3 4 5 6 7 8 9 10 11 12 13 14 15 16 17 18 19 20 21 22 24 32 35 38 45 27_251 .0000315766435624795548410000852291880410
.2836914062 -7576.5424804688 1 2 3 4 5 6 7 8 9 10 13 14 15 16 17 18 19 20 21 22 23 24 25 27 28 30 32 27_252 .0000311797800593946423502304958648530068
.2846679688 -7576.5415039062 1 2 3 4 5 6 7 9 10 11 12 13 14 15 16 17 18 19 20 21 22 24 27 32 34 45 46 27_253 .0000304009538591631897249559891817266149
.2866210938 -7576.5395507812 1 2 3 4 5 6 7 8 9 11 12 13 14 15 16 17 18 19 20 21 22 23 24 27 29 44 47 27_254 .0000289011775617487494735620331274634643
.2871093750 -7576.5390625000 1 2 3 4 5 6 7 8 9 10 11 12 14 15 16 17 18 19 20 21 22 23 24 27 32 41 45 27_255 .0000285379400141056708728673969920357581
.2885742188 -7576.5375976562 1 2 3 4 5 6 7 8 10 11 12 13 14 15 16 17 18 19 20 21 22 23 24 32 35 38 42 27_256 .0000274753900264207394305342505305898572
.2890625000 -7576.5371093750 1 2 3 4 5 6 8 9 10 11 12 13 14 15 16 17 18 19 20 21 22 23 24 26 34 35 45 27_257 .0000271300721488909667130013632559020435
.2900390625 -7576.5361328125 1 2 3 4 5 6 7 8 9 10 11 12 13 14 15 16 17 18 19 20 22 23 24 31 33 39 44 27_258 .0000264524019143012889294930756116083389
.2905273438 -7576.5356445312 1 2 3 4 5 6 7 8 9 10 11 12 13 15 16 17 18 19 20 21 22 23 24 27 32 33 41 27_259 .0000261199411508775563968958205651993209
.2910156250 -7576.5351562500 1 2 3 4 5 6 7 8 9 10 11 14 15 16 17 18 19 20 21 22 23 24 25 27 30 31 32 27_260 .0000257916589088147450195137263225955935
.2915039062 -7576.5346679688 1 2 3 4 5 6 7 8 9 10 11 12 13 14 15 16 17 18 20 21 22 23 24 26 33 34 47 27_261 .0000254675026037068170776640357364565480
.2924804688 -7576.5336914062 1 2 4 6 7 8 9 10 11 12 13 14 15 16 17 18 19 20 21 22 23 24 25 29 36 37 42 27_262 .0000248313609040397187896161271839450007
.2929687500 -7576.5332031250 1 2 3 4 5 6 7 8 9 10 11 12 13 14 16 17 18 19 20 21 22 23 24 26 27 31 33 27_263 .0000245192738750543903233119432702627558
.2939453125 -7576.5322265625 1 2 3 4 5 6 7 8 10 11 12 13 14 15 16 17 18 19 20 21 22 23 24 31 35 38 39 27_264 .0000239068176313817799323342713137894706
.2944335938 -7576.5317382812 1 2 3 4 5 6 7 8 10 11 12 13 14 15 16 17 18 19 20 21 22 23 24 32 33 39 41 27_265 .0000236063504425604855000611033982235419
.2954101562 -7576.5307617188 1 2 3 4 5 6 7 9 10 11 13 14 15 16 17 18 19 20 21 22 23 24 27 29 32 34 42 27_266 .0000230166977745938102055930945638426298
.2958984375 -7576.5302734375 1 2 3 4 5 6 7 8 9 10 11 13 14 15 16 17 18 19 20 21 22 23 24 25 30 34 46 27_267 .0000227274178468796577917686266472264498
.2963867188 -7576.5297851562 1 2 3 4 5 6 7 8 9 10 11 12 13 14 15 16 17 18 19 20 21 22 27 30 34 36 47 27_268 .0000224417736655874215447987100099377380
.2973632812 -7576.5288085938 1 2 3 4 5 7 8 9 10 11 12 13 14 15 16 17 18 19 20 21 22 23 24 26 35 44 47 27_269 .0000218812104498537410523237269521713580
.2998046875 -7576.5263671875 1 2 3 4 5 6 7 8 9 10 11 12 14 15 16 17 18 19 20 21 22 24 25 27 30 35 36 27_270 .0000205402985883036499785611497748898086
.3012695312 -7576.5249023438 1 2 3 4 5 6 7 8 9 10 11 12 14 15 16 17 18 19 20 21 22 23 24 32 35 41 45 27_271 .0000197755239570786644960072331406779680
.3037109375 -7576.5224609375 1 2 3 4 5 6 7 9 10 11 13 14 15 16 17 18 19 20 21 22 23 24 27 29 30 32 37 27_272 .0000185636515744613663510637845684792514
.3041992188 -7576.5219726562 1 2 3 4 5 6 7 9 10 11 13 14 15 16 17 18 19 20 21 22 23 24 29 30 32 34 42 27_273 .0000183303387057709460107888945390830726
.3046875000 -7576.5214843750 1 2 3 4 5 6 7 8 10 11 13 14 15 16 17 18 19 20 21 22 23 24 25 27 30 31 32 27_274 .0000180999582216288886520840988449041023
.3051757812 -7576.5209960938 1 2 3 4 5 6 7 9 10 11 12 13 14 15 16 17 18 19 20 21 22 23 26 28 29 34 37 27_275 .0000178724732195794136345499562844322700
.3056640625 -7576.5205078125 1 2 3 4 5 7 8 9 10 11 12 13 14 15 16 17 18 19 20 21 22 24 26 27 32 33 34 27_276 .0000176478472627342945519142810537702380
.3066406250 -7576.5195312500 1 2 3 4 5 6 7 9 10 11 12 13 14 15 16 17 18 19 20 21 22 24 27 32 34 42 46 27_277 .0000172070293862131355757495731339670848
.3076171875 -7576.5185546875 1 2 3 4 5 6 7 8 9 10 11 12 13 14 15 16 17 18 19 20 21 22 23 29 30 41 46 27_278 .0000167772225070882967925749210666603856
.3085937500 -7576.5175781250 1 3 4 5 6 7 8 9 10 11 12 13 14 15 16 17 18 19 20 21 22 23 24 25 39 44 46 27_279 .0000163581515864602249749302866399482301
.3090820312 -7576.5170898438 1 2 3 4 5 7 8 9 10 11 12 13 14 15 16 17 18 19 20 21 22 23 24 27 31 34 41 27_280 .0000161525580651047575403744726741181671
.3100585938 -7576.5161132812 1 3 4 5 6 7 8 9 10 11 12 13 14 15 16 17 18 19 20 21 22 23 24 28 31 41 48 27_281 .0000157490903242194908477800183814944469
.3115234375 -7576.5146484375 1 2 3 4 5 6 7 8 9 10 11 12 13 14 15 16 17 18 19 20 21 22 24 28 33 34 48 27_282 .0000151627062123696026488954401779083225
.3129882812 -7576.5131835938 1 2 3 4 5 6 7 8 9 10 11 14 15 16 17 18 19 20 21 22 23 24 28 30 31 32 34 27_283 .0000145981548743213354571846507849527493
.3134765625 -7576.5126953125 1 2 3 4 5 6 7 8 9 10 11 12 14 15 16 17 18 19 20 21 22 23 24 28 30 31 36 27_284 .0000144146814139596566766315909743486483
.3139648438 -7576.5122070312 1 3 4 5 6 7 8 9 10 11 12 13 14 15 16 17 18 19 20 21 22 23 24 27 37 41 42 27_285 .0000142335138964343771760474618935146102
.3149414062 -7576.5112304688 1 2 3 4 5 6 7 8 9 10 11 12 13 14 15 16 17 19 20 21 22 24 25 27 30 39 42 27_286 .0000138779811992478762789800852566364952
.3164062500 -7576.5097656250 1 2 3 4 6 7 8 9 10 11 12 13 14 15 16 17 18 19 20 21 22 23 24 27 44 46 47 27_287 .0000133612638487641379240302411821233348
.3183593750 -7576.5078125000 1 2 3 4 5 6 7 8 9 10 11 12 13 14 15 16 17 18 19 20 22 23 24 27 33 34 47 27_288 .0000127021099644251785972529812651782262
.3188476562 -7576.5073242188 1 2 3 4 5 6 7 8 9 10 11 12 13 14 15 16 17 18 19 20 21 23 24 30 39 46 47 27_289 .0000125424665290145372231351088670795000
.3193359375 -7576.5068359375 1 2 3 4 5 6 7 8 9 10 11 12 14 15 16 17 18 19 20 21 22 23 25 26 36 41 44 27_290 .0000123848295019134794125741528015601574
.3198242188 -7576.5063476562 1 2 3 4 5 6 7 8 9 10 11 12 13 14 15 16 17 18 19 20 21 22 27 30 34 36 46 27_291 .0000122291736985418830556266715183304208
.3208007812 -7576.5053710938 2 3 4 5 6 7 8 9 10 11 12 13 14 15 16 17 18 19 20 21 22 24 27 32 34 35 36 27_292 .0000119237065355461035521730540324320219
.3212890625 -7576.5048828125 1 2 3 4 5 6 7 8 9 10 11 14 15 16 17 18 19 20 21 22 23 24 30 31 32 34 45 27_293 .0000117738462472255555684167448227119274
.3217773438 -7576.5043945312 1 2 3 4 5 6 7 8 9 10 11 12 13 15 16 17 18 19 20 21 22 24 25 27 30 36 42 27_294 .0000116258694425305536568014554907080171
.3222656250 -7576.5039062500 1 2 3 4 5 6 7 8 9 10 11 13 14 15 16 17 18 19 20 21 22 24 25 27 30 42 46 27_295 .0000114797524790780831176427898812360373
.3232421875 -7576.5029296875 1 2 3 4 5 6 7 8 9 10 11 12 13 14 15 16 17 18 19 20 21 22 23 29 30 41 44 27_296 .0000111930047508437410477757144481140891
.3237304688 -7576.5024414062 1 2 3 4 5 6 7 8 9 10 11 14 15 16 17 18 19 20 21 22 23 24 27 32 34 35 36 27_297 .0000110523281152578013799747905190313325
.3242187500 -7576.5019531250 1 2 3 4 5 7 8 9 10 11 12 14 15 16 17 18 19 20 21 22 23 24 26 28 30 37 39 27_298 .0000109134195689968241681692353323156365
.3261718750 -7576.5000000000 1 2 3 4 5 7 8 9 10 11 12 14 15 16 17 18 19 20 21 22 23 24 30 31 34 36 39 27_299 .0000103750256728991545916359142875160339
.3281250000 -7576.4980468750 1 2 3 4 5 6 7 8 9 10 11 12 13 14 15 16 17 18 20 21 22 23 24 26 34 35 45 27_300 .0000098631924698567299596548465462093124
.3286132812 -7576.4975585938 1 2 3 4 5 6 7 8 9 10 11 12 13 14 15 16 17 18 19 20 21 22 23 30 37 41 44 27_301 .0000097392292909506848074921693781205684
.3291015625 -7576.4970703125 1 3 4 5 6 7 8 9 10 11 12 13 14 15 17 18 19 20 21 22 23 24 25 28 29 30 43 27_302 .0000096168240887418944671257498625591082
.3295898438 -7576.4965820312 1 2 3 4 5 6 7 8 9 10 11 12 15 16 17 18 19 20 21 22 23 24 25 26 36 40 44 27_303 .0000094959573073957997516487922469732412
.3300781250 -7576.4960937500 1 2 3 4 5 6 7 8 9 10 13 14 15 16 17 18 19 20 21 22 23 24 28 30 32 34 43 27_304 .0000093766096359214367181265496569127407
.3305664062 -7576.4956054688 1 2 3 4 5 6 7 8 9 10 11 12 13 14 16 17 18 19 20 21 22 24 25 27 30 39 42 27_305 .0000092587619571518912222811040025256969
.3310546875 -7576.4951171875 1 2 3 4 5 6 7 8 9 10 11 12 13 15 16 17 18 19 20 21 22 23 25 26 35 36 44 27_306 .0000091423953951056243428293661437741119
.3315429688 -7576.4946289062 1 2 3 4 5 6 7 9 10 11 12 13 14 15 16 17 18 19 20 21 22 24 27 30 32 41 46 27_307 .0000090274913586999489525133185771119256
.3339843750 -7576.4921875000 1 2 3 4 5 6 7 8 9 10 11 12 13 14 16 17 18 19 20 22 23 24 27 32 33 34 36 27_308 .0000084742738029183602239506275767202853
.3354492188 -7576.4907226562 1 2 3 4 5 6 7 8 9 10 11 12 13 15 16 17 18 20 21 22 23 24 25 26 36 40 44 27_309 .0000081587520967097482689337382974240983
.3374023438 -7576.4887695312 1 2 3 4 5 6 7 8 9 10 11 12 13 14 15 16 17 18 19 20 21 22 30 32 34 36 47 27_310 .0000077562547583758233306653490338259344
.3378906250 -7576.4882812500 1 2 3 4 5 6 7 8 9 10 11 12 15 16 17 18 19 20 21 22 23 24 25 26 36 39 44 27_311 .0000076587721228912323519475057187634414
.3383789062 -7576.4877929688 1 2 3 4 5 6 7 8 9 10 11 12 14 15 17 18 19 20 21 22 23 24 27 28 34 37 41 27_312 .0000075625146746287036300838657643612242
.3393554688 -7576.4868164062 1 2 3 4 5 6 7 8 9 10 11 12 14 15 16 17 18 19 20 21 22 23 24 27 28 31 36 27_313 .0000073736139012102901692642056265227101
.3398437500 -7576.4863281250 1 2 4 5 6 7 8 9 10 11 12 14 15 16 17 18 19 20 21 22 23 24 28 32 37 41 45 27_314 .0000072809403959518948536111638373932252
.3417968750 -7576.4843750000 1 2 3 4 5 6 7 8 9 10 11 12 13 14 15 16 17 18 19 20 21 23 24 30 33 41 46 27_315 .0000069217483166729541945952739298328483
.3422851562 -7576.4838867188 1 2 3 4 5 6 7 9 10 11 13 14 15 16 17 18 19 20 21 22 23 24 29 30 34 44 47 27_316 .0000068347539760936093024128379244021334
.3427734375 -7576.4833984375 1 2 3 4 5 6 7 8 10 11 12 13 14 15 16 17 18 19 20 21 22 23 24 30 37 41 44 27_317 .0000067488529856252549774297516904403169
.3432617188 -7576.4829101562 1 2 3 4 5 6 7 8 10 11 13 14 15 16 17 18 19 20 21 22 23 24 27 30 32 36 37 27_318 .0000066640316214593621995319081160234148
.3442382812 -7576.4819335938 1 2 3 4 5 7 8 9 10 11 12 13 14 15 16 17 18 19 20 21 22 24 26 27 33 34 42 27_319 .0000064975737001229377374226732204491456
.3447265625 -7576.4814453125 1 2 3 4 5 6 7 8 9 10 11 12 13 14 15 16 17 18 19 20 21 22 24 32 41 44 48 27_320 .0000064159104802859160894235367650178844
.3461914062 -7576.4799804688 1 2 3 4 5 6 7 8 9 11 12 13 14 15 16 17 18 19 20 21 22 23 24 31 34 42 46 27_321 .0000061770276057045680518421049892950462
.3471679688 -7576.4790039062 1 2 3 4 5 6 7 8 9 10 11 12 13 14 15 16 17 18 19 20 21 24 31 32 34 35 41 27_322 .0000060227343127528063215706988247666711
.3481445312 -7576.4780273438 1 2 3 4 5 6 7 8 9 10 11 14 15 16 17 18 19 20 21 22 23 24 25 34 36 39 42 27_323 .0000058722950754547627473777186599729367
.3486328125 -7576.4775390625 1 2 3 4 5 6 7 8 9 10 11 12 13 15 16 17 18 19 20 21 22 23 26 28 32 34 38 27_324 .0000057984905222742965447939743132696135
.3500976562 -7576.4760742188 1 2 3 4 5 6 7 8 9 10 11 12 13 14 15 16 17 18 19 20 22 23 24 27 34 41 47 27_325 .0000055825959756702332137054696716650992
.3505859375 -7576.4755859375 1 2 3 4 6 7 8 9 11 12 13 14 15 16 17 18 19 20 21 22 23 24 25 27 37 41 44 27_326 .0000055124324371768099126802271013258594
.3525390625 -7576.4736328125 1 2 3 4 6 7 8 9 10 11 12 13 14 15 16 17 18 19 20 21 23 24 25 28 34 38 46 27_327 .0000052404865124312808217633540286681578
.3535156250 -7576.4726562500 1 2 3 4 5 6 7 8 9 10 11 14 15 16 17 18 19 20 21 22 23 24 32 34 35 36 45 27_328 .0000051095866864096784162983200562024249
.3549804688 -7576.4711914062 1 2 3 4 5 6 7 8 9 10 11 12 13 15 16 17 18 19 20 21 22 23 26 32 34 38 47 27_329 .0000049193420062387843499096378299971637
.3564453125 -7576.4697265625 1 3 4 5 7 8 9 10 11 12 13 14 15 16 17 18 19 20 21 22 23 24 26 28 30 35 37 27_330 .0000047361806976279560092686145612375617
.3569335938 -7576.4692382812 1 2 3 4 5 6 7 8 9 10 11 12 13 14 15 16 17 18 20 21 22 23 25 26 28 29 35 27_331 .0000046766551295700004086723987741909979
.3579101562 -7576.4682617188 1 2 3 4 5 7 8 9 10 11 12 13 14 15 16 17 18 19 20 21 22 24 26 27 31 33 34 27_332 .0000045598390134566329792602374888199239
.3583984375 -7576.4677734375 1 2 4 5 6 7 8 9 10 11 12 14 15 16 17 18 19 20 21 22 23 24 28 32 36 37 45 27_333 .0000045025297541910872170052124856557774
.3588867188 -7576.4672851562 1 2 3 4 5 6 7 8 9 10 11 12 14 16 17 18 19 20 21 22 23 24 25 36 39 41 44 27_334 .0000044459407728098862808873952824278513
.3593750000 -7576.4667968750 1 2 3 4 5 6 7 8 9 10 11 12 13 15 16 17 18 19 20 21 22 23 26 27 28 29 38 27_335 .0000043900630280421702977528338849413808
.3598632812 -7576.4663085938 1 2 3 4 5 6 7 8 9 10 11 12 13 14 15 16 17 20 21 22 23 24 27 28 30 42 45 27_336 .0000043348875693641434192442243620871667
.3603515625 -7576.4658203125 1 2 3 4 6 7 8 9 10 12 13 14 15 16 17 18 19 20 21 22 23 24 25 28 30 31 36 27_337 .0000042804055591733150217255941834431568
.3613281250 -7576.4648437500 1 2 3 4 5 6 7 8 9 10 11 12 13 14 15 17 18 19 20 22 23 24 25 29 30 43 44 27_338 .0000041734871763726811006139491849890577
.3618164062 -7576.4643554688 1 2 3 4 5 6 7 8 9 10 11 12 13 14 15 16 18 19 20 21 23 24 25 29 43 44 46 27_339 .0000041210336995610005822150961549533224
.3623046875 -7576.4638671875 1 2 3 4 5 6 7 8 9 10 11 12 13 14 15 16 17 18 19 20 21 22 32 34 36 46 47 27_340 .0000040692394612045111211419561398030094
.3637695312 -7576.4624023438 1 2 3 4 5 6 7 8 9 10 11 12 13 14 15 16 17 18 20 21 22 23 26 28 29 30 41 27_341 .0000039177299252096961686176332175169836
.3666992188 -7576.4594726562 1 2 3 4 5 6 7 8 9 10 12 14 15 16 17 18 19 20 21 22 23 24 30 31 34 43 46 27_342 .0000036314242111963245122693299520783205
.3671875000 -7576.4589843750 1 2 3 4 5 6 7 8 9 11 12 13 14 15 16 17 18 19 20 21 22 23 24 34 40 42 46 27_343 .0000035857835233001860712380691887455993
.3676757812 -7576.4584960938 1 2 3 4 5 6 7 8 9 10 11 12 13 14 15 16 17 19 20 21 22 24 25 30 31 39 44 27_344 .0000035407164594893886478128165187319264
.3686523438 -7576.4575195312 1 2 3 4 5 6 7 8 9 10 11 12 13 14 15 16 18 19 20 22 23 24 25 29 30 41 44 27_345 .0000034522744390200941099329740073425274
.3706054688 -7576.4555664062 1 2 3 4 5 6 7 8 9 10 12 14 15 16 17 18 19 20 21 22 23 24 30 31 34 36 46 27_346 .0000032819626981517571203943681136717552
.3715820312 -7576.4545898438 1 2 3 4 5 6 7 8 9 10 11 12 13 14 15 16 18 19 20 21 23 24 30 34 39 41 46 27_347 .0000031999839922166271271879732503711879
.3725585938 -7576.4536132812 2 3 4 5 7 8 9 10 11 12 13 14 15 16 17 18 19 20 21 22 23 24 26 29 30 32 46 27_348 .0000031200529802366812741742961903843910
.3745117188 -7576.4516601562 1 2 3 5 6 7 8 9 10 11 12 13 14 15 16 17 18 20 21 22 23 24 27 28 36 37 46 27_349 .0000029661307866070283906568864843403664
.3750000000 -7576.4511718750 1 2 3 4 5 6 7 8 9 10 11 12 13 15 16 17 18 19 20 22 23 24 25 29 30 43 44 27_350 .0000029288516802241194423736000538698092
.3754882812 -7576.4506835938 1 2 3 4 5 6 7 8 9 10 11 12 13 14 15 16 17 18 19 20 21 22 26 28 29 37 44 27_351 .0000028920411073863202711632268252489048
.3759765625 -7576.4501953125 2 3 4 5 6 7 8 9 10 11 12 13 14 15 16 17 18 19 20 21 22 24 27 32 34 36 46 27_352 .0000028556931720445904696585529414788808
.3764648438 -7576.4497070312 2 3 4 5 7 8 9 10 11 12 13 14 15 16 17 18 19 20 21 22 23 24 26 27 29 30 31 27_353 .0000028198020671401017828887320403378850
.3769531250 -7576.4492187500 1 2 3 4 5 6 7 9 10 11 12 14 15 16 17 18 19 20 21 22 23 24 26 28 29 37 44 27_354 .0000027843620583197525767523883977241079
.3779296875 -7576.4482421875 1 2 3 6 7 8 9 10 11 12 13 14 15 16 17 18 19 20 21 22 23 24 25 32 36 39 41 27_355 .0000027148126933608658978102728257453578
.3784179688 -7576.4477539062 1 2 3 4 5 6 7 8 9 10 11 12 13 14 15 16 17 20 21 22 23 24 25 28 31 37 44 27_356 .0000026806922114662056590807764008174998
.3793945312 -7576.4467773438 1 2 3 4 5 6 7 8 9 10 12 14 15 16 17 18 19 20 21 22 23 24 30 31 35 43 46 27_357 .0000026137323771481192842143228503237827
.3798828125 -7576.4462890625 1 2 3 4 5 6 7 8 9 10 11 12 13 14 15 16 17 18 20 21 22 24 27 29 32 39 43 27_358 .0000025808822993250467228284613119515637
.3808593750 -7576.4453125000 1 2 3 4 5 6 7 9 10 11 12 13 14 15 16 17 18 19 20 21 22 24 26 28 29 37 44 27_359 .0000025164155664821173994315561574356427
.3818359375 -7576.4443359375 1 2 3 4 6 7 8 9 10 11 12 13 14 15 17 18 19 20 21 22 23 24 25 29 30 43 44 27_360 .0000024535591200302135367308154259140469
.3823242188 -7576.4438476562 1 2 3 4 5 6 7 8 9 10 11 12 13 14 15 16 17 18 19 20 21 24 26 27 31 37 46 27_361 .0000024227221419443219239180232540474649
.3828125000 -7576.4433593750 1 2 3 4 6 7 8 9 10 12 13 14 15 16 17 18 19 20 21 22 23 24 25 30 31 46 48 27_362 .0000023922727373281871863671071245639145
.3842773438 -7576.4418945312 1 2 3 4 5 6 7 8 9 10 11 12 13 14 15 16 17 18 19 20 21 22 24 32 41 45 48 27_363 .0000023032015091200315487599746517635118
.3847656250 -7576.4414062500 1 2 3 4 5 6 7 8 9 10 11 12 13 14 15 16 18 19 20 21 22 23 29 30 34 38 47 27_364 .0000022742542710321321114690333748145856
.3857421875 -7576.4404296875 1 2 3 4 5 6 7 8 9 10 11 12 13 15 17 18 19 20 21 22 23 24 26 27 31 32 46 27_365 .0000022174466659174541126417626566366602
.3862304688 -7576.4399414062 1 2 3 4 5 6 7 8 9 10 11 12 13 15 16 17 18 19 20 21 22 23 26 29 32 34 47 27_366 .0000021895772114236541352593035673546409
.3872070312 -7576.4389648438 1 2 3 4 5 6 8 9 10 11 12 13 14 15 16 17 18 19 20 22 23 24 26 34 36 39 45 27_367 .0000021348847231639165406748477864090106
.3886718750 -7576.4375000000 1 2 3 5 6 7 8 9 10 11 12 13 14 15 16 17 18 19 20 21 22 23 24 27 28 38 48 27_368 .0000020553967946313967710779856258085591
.3891601562 -7576.4370117188 1 3 4 5 6 7 8 9 10 11 12 13 15 16 17 18 19 20 21 22 23 24 27 32 34 36 41 27_369 .0000020295640309137173730029010047564428
.3911132812 -7576.4350585938 1 2 3 4 5 6 7 8 9 10 11 12 13 14 15 16 18 19 20 21 22 23 29 32 34 38 47 27_370 .0000019294391453015562837769087678589264
.3916015625 -7576.4345703125 1 2 3 4 6 7 8 9 10 11 12 13 14 15 16 17 18 19 20 21 22 23 26 28 29 37 44 27_371 .0000019051894452816958023631106315905086
.3920898438 -7576.4340820312 1 2 3 4 5 6 7 8 9 10 11 12 13 14 15 16 17 18 19 20 21 23 26 28 29 37 44 27_372 .0000018812445218869417396989049528246944
.3930664062 -7576.4331054688 1 2 3 4 5 6 7 8 9 10 11 12 13 14 15 16 17 18 19 20 21 22 25 27 30 34 46 27_373 .0000018342537405661503138286704182406291
.3935546875 -7576.4326171875 1 2 3 4 5 6 7 9 10 11 13 14 15 16 17 18 19 20 21 22 24 25 27 29 32 42 46 27_374 .0000018112003558157936268577745190111772
.3955078125 -7576.4306640625 1 2 3 4 5 6 7 8 9 11 12 13 14 15 16 17 18 19 20 21 22 23 24 35 39 42 46 27_375 .0000017218480487761783034449021578165654
.3969726562 -7576.4291992188 1 2 3 4 6 7 9 10 11 12 13 15 16 17 18 19 20 21 22 23 24 25 27 32 34 36 41 27_376 .0000016577386736925021455734632169211280
.3979492188 -7576.4282226562 1 2 3 4 5 6 7 8 9 10 11 12 13 14 17 18 19 20 21 22 23 24 27 28 33 34 36 27_377 .0000016163307384938172965788061528541452
.3999023438 -7576.4262695312 1 2 3 4 5 6 7 8 9 10 11 12 13 14 15 16 17 19 21 22 23 24 27 28 30 42 45 27_378 .0000015365919730062092903761341924766554
.4003906250 -7576.4257812500 1 2 3 4 5 6 7 8 9 10 11 12 13 14 15 16 17 18 20 21 23 24 25 39 40 42 46 27_379 .0000015172796837816506928879854676912002
.4018554688 -7576.4243164062 1 2 3 4 5 6 7 8 9 10 11 13 14 15 16 18 19 20 21 22 23 24 25 29 30 41 46 27_380 .0000014607869758805225080073785762080324
.4023437500 -7576.4238281250 1 3 4 5 6 8 9 10 11 12 13 14 15 16 17 18 19 20 21 22 23 24 26 28 30 35 37 27_381 .0000014424274236576377963172961684175050
.4033203125 -7576.4228515625 1 2 3 4 5 6 7 8 9 10 11 12 13 15 16 17 18 19 20 21 23 24 26 27 31 32 46 27_382 .0000014063976584139573014849379620256595
.4038085938 -7576.4223632812 1 2 3 4 5 6 8 9 10 11 12 13 14 15 17 18 19 20 21 22 23 24 27 28 33 34 36 27_383 .0000013887216817405171173471848269750244
.4042968750 -7576.4218750000 1 2 3 5 6 7 8 9 10 11 12 13 14 15 16 17 18 19 20 21 22 24 30 35 43 46 47 27_384 .0000013712678649554935326143889787124777
.4052734375 -7576.4208984375 1 2 3 4 5 6 7 8 9 10 11 12 13 14 15 16 17 18 20 21 22 23 28 29 30 36 41 27_385 .0000013370155632797066939955265613111926
.4057617188 -7576.4204101562 1 2 3 4 5 6 8 9 10 11 12 13 14 15 16 17 18 19 20 22 23 24 26 31 34 36 45 27_386 .0000013202115990757201851783311847363147
.4072265625 -7576.4189453125 1 2 3 4 5 6 7 9 10 11 13 14 15 16 17 18 19 20 21 22 23 24 27 29 34 38 42 27_387 .0000012710563088309610476710283371485882
.4077148438 -7576.4184570312 1 2 3 4 5 7 8 9 10 11 12 13 14 15 17 18 19 20 21 22 23 24 31 32 38 41 46 27_388 .0000012550813379320034682354756338442946
.4096679688 -7576.4165039062 1 2 3 4 5 6 7 8 10 11 12 13 14 15 16 17 18 20 21 22 23 24 25 26 28 29 35 27_389 .0000011931641609026957781334912917983833
.4106445312 -7576.4155273438 1 2 3 4 5 6 7 8 9 10 12 14 15 16 17 18 19 20 21 22 23 24 28 30 32 36 46 27_390 .0000011633606369522065250082042984738211
.4125976562 -7576.4135742188 1 2 3 4 5 6 7 8 9 10 11 12 14 16 17 18 19 20 21 22 23 24 32 34 36 41 44 27_391 .0000011059683354892710587304052221120540
.4145507812 -7576.4116210938 1 2 3 4 5 6 7 8 9 10 11 12 14 16 17 18 19 20 21 22 23 24 32 36 39 41 44 27_392 .0000010514073798382772976092909302765970
.4155273438 -7576.4106445312 1 2 3 4 5 6 7 9 10 11 13 14 15 16 17 18 19 20 21 22 23 24 29 30 33 34 47 27_393 .0000010251447310006366059283840311184204
.4179687500 -7576.4082031250 1 2 3 4 5 6 7 8 10 11 12 13 14 15 17 18 19 20 21 22 23 24 31 32 35 38 39 27_394 .0000009623223986524593496894444861617664
.4184570312 -7576.4077148438 1 2 3 4 5 6 7 9 10 11 12 13 14 15 16 17 18 19 20 21 22 24 27 30 32 42 46 27_395 .0000009502276794189024957053822797033544
.4189453125 -7576.4072265625 1 2 3 5 6 7 8 9 10 12 13 14 15 16 17 18 19 20 21 22 23 24 27 28 31 41 46 27_396 .0000009382849673449878042187766619070462
.4213867188 -7576.4047851562 1 2 3 4 5 6 7 9 10 11 12 13 14 15 16 17 19 20 21 22 23 24 27 28 30 42 45 27_397 .0000008807855230107533688939389522012043
.4228515625 -7576.4033203125 1 2 3 4 5 6 7 8 9 10 11 12 13 14 15 16 17 18 20 21 22 23 29 30 41 43 46 27_398 .0000008479913345206003007248706230420426
.4233398438 -7576.4028320312 1 3 4 5 6 7 8 9 10 11 12 14 15 16 17 18 19 20 21 22 23 24 27 32 34 41 44 27_399 .0000008373335557916672370681868490883450
.4252929688 -7576.4008789062 1 2 3 4 5 6 7 8 9 10 11 14 15 16 17 18 19 20 21 22 23 24 28 30 31 34 36 27_400 .0000007960252131053216196470164583829447
.4257812500 -7576.4003906250 1 2 3 4 5 6 8 9 10 11 12 13 14 15 16 17 18 19 20 22 23 24 26 28 30 35 45 27_401 .0000007860205603311340883533594520413088
.4262695312 -7576.3999023438 1 2 3 5 6 7 8 9 10 12 13 14 15 16 17 18 19 20 21 22 23 24 30 31 35 43 46 27_402 .0000007761416486459022595355304767448416
.4272460938 -7576.3989257812 1 2 3 4 6 7 8 9 10 12 13 14 15 16 17 18 19 20 21 22 23 24 27 29 32 34 36 27_403 .0000007567547430967038718895268280897225
.4277343750 -7576.3984375000 1 2 3 4 5 6 7 8 9 10 11 12 13 14 15 16 17 18 20 21 22 24 29 32 35 39 43 27_404 .0000007472436518457533980344362308565617
.4287109375 -7576.3974609375 1 2 3 4 5 6 8 9 10 11 12 13 14 15 16 17 18 19 20 22 23 24 26 30 36 39 45 27_405 .0000007285785787098288625397770941700090
.4291992188 -7576.3969726562 1 2 3 4 5 6 7 8 10 11 12 13 14 15 16 17 18 19 20 21 22 23 24 32 33 41 48 27_406 .0000007194216109880776190549495695955063
.4326171875 -7576.3935546875 1 2 3 4 5 6 7 8 9 10 11 12 13 14 15 16 17 18 19 20 22 24 25 29 34 35 47 27_407 .0000006584655438011588872926698210474566
.4331054688 -7576.3930664062 1 2 3 4 5 6 7 8 9 10 11 12 13 14 15 16 17 19 20 21 22 24 25 30 31 37 44 27_408 .0000006501897751927134546503720771754723
.4340820312 -7576.3920898438 1 2 3 4 5 6 7 8 9 10 11 12 13 14 15 16 17 18 19 21 22 24 32 34 36 46 47 27_409 .0000006339489701364680906151830407857399
.4345703125 -7576.3916015625 1 2 3 4 5 6 7 8 9 10 11 13 14 15 16 17 18 19 20 21 23 24 25 34 40 42 46 27_410 .0000006259813322914786075513533639762402
.4355468750 -7576.3906250000 1 2 3 4 5 7 8 9 10 11 12 13 14 15 17 18 19 20 21 22 23 24 31 32 33 38 46 27_411 .0000006103452177255220875919512724251591
.4389648438 -7576.3872070312 1 2 3 4 5 6 7 8 9 10 11 13 14 15 16 18 19 20 21 22 23 24 30 38 39 41 46 27_412 .0000005586311121556187841044477901105827
.4404296875 -7576.3857421875 1 2 3 4 5 6 7 9 10 11 12 13 14 15 16 17 18 19 20 21 22 24 25 27 29 41 48 27_413 .0000005378316626757122698973791752311405
.4414062500 -7576.3847656250 1 2 3 4 5 6 8 9 10 11 12 13 14 15 16 17 18 19 20 22 23 24 26 30 35 36 45 27_414 .0000005243974002448950548747029210691021
.4423828125 -7576.3837890625 1 2 3 4 5 6 7 9 10 11 13 14 15 16 17 18 19 20 21 22 24 25 27 29 34 42 46 27_415 .0000005112987063935887260305459787248844
.4443359375 -7576.3818359375 1 2 3 4 5 6 7 8 9 10 11 13 14 15 16 17 18 19 20 21 23 24 25 39 40 42 46 27_416 .0000004860747057158390315205638754415695
.4462890625 -7576.3798828125 1 2 3 4 5 6 7 8 9 10 11 12 13 14 15 16 17 18 20 21 23 24 25 39 40 46 48 27_417 .0000004620950856755426671940379583723648
.4467773438 -7576.3793945312 2 3 4 5 6 7 9 10 11 12 13 14 15 16 17 18 19 20 21 22 23 24 25 27 30 40 48 27_418 .0000004562873527726569016387015526891155
.4492187500 -7576.3769531250 1 2 3 4 5 6 7 8 9 10 11 12 13 14 15 17 18 19 20 21 22 24 25 27 29 47 48 27_419 .0000004283254125164999881181516161259475
.4521484375 -7576.3740234375 1 2 3 4 5 7 8 9 10 11 12 13 14 15 17 18 19 20 21 22 23 24 31 32 37 38 46 27_420 .0000003970236098469290067198561425896975
.4541015625 -7576.3720703125 1 2 3 4 5 7 9 10 11 12 13 14 15 16 17 18 19 20 21 22 23 24 25 28 36 40 42 27_421 .0000003774371652136179970068462225296269
.4545898438 -7576.3715820312 1 2 3 4 5 6 7 8 9 10 11 13 14 15 16 17 18 19 20 21 23 24 25 37 40 42 46 27_422 .0000003726934353815240935698395380763647
.4550781250 -7576.3710937500 1 2 3 5 6 7 8 9 10 12 13 14 15 16 17 18 19 20 21 22 23 24 30 35 43 46 47 27_423 .0000003680093269502526979406006524664485
.4565429688 -7576.3696289062 1 2 3 4 7 8 9 10 11 13 14 15 16 17 18 19 20 21 22 23 24 25 26 29 30 32 36 27_424 .0000003543072760795292226975426140181504
.4584960938 -7576.3676757812 1 2 3 4 5 6 7 8 9 10 12 13 15 16 17 18 19 20 21 22 23 24 30 31 35 43 46 27_425 .0000003368281648277160563463249967916714
.4599609375 -7576.3662109375 1 2 3 4 5 6 7 8 9 10 11 13 14 15 16 17 18 19 20 21 23 24 25 33 40 42 46 27_426 .0000003242870795832693132286616105849549
.4604492188 -7576.3657226562 1 2 3 4 5 6 7 8 9 10 11 12 13 14 15 16 18 19 20 21 23 24 29 33 43 44 46 27_427 .0000003202113540443942103631593882844709
.4648437500 -7576.3613281250 1 2 3 4 5 6 7 8 9 10 11 12 14 15 16 17 18 19 20 21 22 24 29 35 37 39 43 27_428 .0000002857593606557189304214603358127482
.4658203125 -7576.3603515625 1 2 3 4 5 6 7 8 9 10 11 13 14 15 16 17 18 20 21 22 23 24 28 30 31 41 48 27_429 .0000002786215022707874509829907333277280
.4663085938 -7576.3598632812 1 3 4 5 7 8 9 10 11 12 13 14 15 16 17 18 19 20 21 22 23 24 28 37 41 42 48 27_430 .0000002751197137507387995989859751572984
.4667968750 -7576.3593750000 1 2 3 4 5 6 7 8 9 11 12 13 14 15 16 17 18 19 20 21 23 24 29 37 44 45 46 27_431 .0000002716619373360037680599654903627618
.4707031250 -7576.3554687500 1 2 3 4 5 7 8 9 10 11 12 13 14 15 17 18 19 20 21 22 23 24 27 31 32 37 46 27_432 .0000002455191938456245139867567148615258
.4721679688 -7576.3540039062 1 2 3 4 5 6 7 9 10 13 14 15 16 17 18 19 20 21 22 23 24 25 27 30 31 34 46 27_433 .0000002363778046539681717403866918604283
.4726562500 -7576.3535156250 1 2 3 4 6 7 8 9 10 11 12 13 14 15 16 17 18 19 20 21 23 24 25 39 40 46 48 27_434 .0000002334069466708871943285702488674670
.4731445312 -7576.3530273438 1 2 3 4 5 6 7 8 10 11 12 13 14 15 16 17 18 19 20 21 22 23 25 31 32 38 47 27_435 .0000002304734272068290003336301990264271
.4746093750 -7576.3515625000 1 2 3 4 5 6 7 8 9 10 11 13 14 15 16 17 18 19 20 21 22 24 25 27 34 35 40 27_436 .0000002218922353927290116832468762972231
.4780273438 -7576.3481445312 1 2 3 4 5 7 8 9 10 12 13 14 15 16 17 18 19 20 21 22 23 24 27 31 32 37 48 27_437 .0000002030914679696576021039707928248742
.4785156250 -7576.3476562500 1 2 3 4 5 6 7 8 10 11 12 13 14 15 16 17 18 19 20 21 22 23 31 32 33 38 47 27_438 .0000002005389613593329126119061516686643
.4799804688 -7576.3461914062 1 2 3 5 6 7 8 9 10 11 12 13 14 15 16 17 18 20 21 23 24 27 28 29 36 37 46 27_439 .0000001930723162259635772675720091012914
.4814453125 -7576.3447265625 1 2 3 4 5 6 7 8 9 11 12 13 14 15 16 17 18 19 20 21 23 24 29 37 39 44 46 27_440 .0000001858836763526588180176557264891914
.4819335938 -7576.3442382812 1 2 3 4 5 6 7 8 9 10 12 13 14 15 16 17 18 19 20 21 22 23 25 26 31 32 38 27_441 .0000001835474412860502241125614001470592
.4853515625 -7576.3408203125 1 2 3 4 5 6 7 8 9 10 11 12 13 14 15 16 17 18 20 23 24 27 28 29 37 43 46 27_442 .0000001679956007628651157118013807413522
.4858398438 -7576.3403320312 1 2 3 4 5 6 7 8 9 10 11 12 14 15 16 17 18 19 20 21 22 24 27 28 30 31 36 27_443 .0000001658841877478052321617101713158600
.4863281250 -7576.3398437500 1 2 4 5 6 7 8 9 10 11 12 13 14 15 16 17 18 20 21 22 23 26 28 29 30 41 46 27_444 .0000001637993119526395049058145221947482
.4882812500 -7576.3378906250 1 2 3 4 5 6 7 8 9 10 11 12 13 15 16 17 18 20 21 22 23 26 27 28 29 38 44 27_445 .0000001557185679490984070121338844952542
.4907226562 -7576.3354492188 1 2 3 4 5 6 7 8 9 10 12 13 14 15 16 18 19 20 21 22 23 24 30 31 35 43 46 27_446 .0000001461759118414756794964903250850034
.4912109375 -7576.3349609375 1 3 4 5 6 7 8 9 10 11 12 13 14 15 17 18 19 20 21 22 23 24 36 37 40 41 42 27_447 .0000001443387344311814852357682738216338
.4926757812 -7576.3334960938 1 2 4 5 6 7 8 9 10 11 12 13 14 15 16 17 18 20 21 22 23 26 29 30 41 43 46 27_448 .0000001389645865373944956973032086286709
.4941406250 -7576.3320312500 1 2 3 4 5 6 7 8 9 10 11 12 13 14 15 16 18 19 20 21 23 24 25 39 43 44 46 27_449 .0000001337905333422105889521998158413922
.4956054688 -7576.3305664062 1 2 3 4 5 6 7 8 9 10 11 12 13 14 15 16 17 18 19 22 23 24 26 28 30 35 37 27_450 .0000001288091251016417123728051766606879
.4980468750 -7576.3281250000 1 2 3 4 5 6 7 9 10 13 14 15 16 17 18 19 20 21 22 23 24 25 26 30 31 34 44 27_451 .0000001209155180606977034247435766239423
.4995117188 -7576.3266601562 1 2 3 4 5 6 7 8 9 10 11 12 13 14 15 16 17 18 20 21 22 24 27 29 39 42 48 27_452 .0000001164134838507019140529082495816966
.5000000000 -7576.3261718750 1 2 3 4 5 6 7 9 10 11 13 15 16 17 18 19 20 21 22 23 24 25 31 36 37 44 46 27_453 .0000001149503687822528665366668636260313
.5034179688 -7576.3227539062 1 2 3 4 5 6 7 8 9 10 11 13 14 15 16 17 18 19 20 21 22 24 25 27 35 37 40 27_454 .0000001052107077939069832428222173584334
.5039062500 -7576.3222656250 1 2 3 4 5 6 7 9 10 11 12 13 14 15 16 17 18 19 20 21 22 25 27 30 38 42 46 27_455 .0000001038883921407402577385368254948650
.5063476562 -7576.3198242188 1 2 3 4 5 6 7 8 9 11 12 13 14 15 16 17 18 20 21 23 24 27 28 29 37 44 46 27_456 .0000000975219631860570798159858130595987
.5107421875 -7576.3154296875 1 2 3 4 5 7 8 9 10 11 13 14 15 16 17 18 19 20 21 22 23 24 28 30 31 41 48 27_457 .0000000870294367322429348306461267537985
.5229492188 -7576.3032226562 1 2 3 4 5 6 8 9 10 11 12 13 14 15 16 17 18 19 20 22 23 24 26 30 35 39 45 27_458 .0000000634370855029906919683548120244220
.5336914062 -7576.2924804688 1 2 3 4 5 6 7 8 10 11 12 13 14 15 16 17 18 19 21 22 23 24 25 26 28 29 35 27_459 .0000000480285004045459862287685802705553
.5385742188 -7576.2875976562 1 2 3 4 5 6 7 8 9 11 12 13 14 15 16 17 18 20 21 22 23 24 25 42 44 45 46 27_460 .0000000423223569404686622259660825556568
.5429687500 -7576.2832031250 1 2 3 4 5 6 7 8 9 10 11 12 13 14 15 16 18 20 21 23 24 27 29 33 37 43 46 27_461 .0000000377688345775357361508834355076875
.5444335938 -7576.2817382812 1 2 3 4 5 6 7 9 10 11 12 13 14 15 16 17 18 19 20 21 23 24 34 37 39 43 47 27_462 .0000000363625917059269651545409895239103
.5541992188 -7576.2719726562 1 2 3 4 5 6 7 8 9 10 11 12 13 14 15 16 18 20 21 23 24 29 33 37 40 43 46 27_463 .0000000282355641466534913352556040819214
.5610351562 -7576.2651367188 1 2 3 4 5 6 7 9 10 13 14 15 16 17 18 19 20 21 22 23 24 25 26 30 31 32 44 27_464 .0000000236535112270922062605206925336867
.5664062500 -7576.2597656250 1 2 3 4 6 7 8 9 10 11 12 13 14 16 17 18 19 20 22 23 24 28 32 35 36 37 41 27_465 .0000000205813339588410530693080251982179
.5688476562 -7576.2573242188 1 2 3 4 5 6 7 8 9 10 11 12 14 15 16 17 18 19 20 21 22 23 31 32 39 42 47 27_466 .0000000193200804372343206076384474854443
.5708007812 -7576.2553710938 1 2 3 4 5 6 7 8 9 10 12 13 15 16 17 18 19 20 21 22 24 27 28 31 36 39 46 27_467 .0000000183669590701173866316411209973147
.5830078125 -7576.2431640625 1 2 3 4 5 6 7 8 9 10 11 12 16 17 18 19 20 21 22 23 24 26 29 30 35 38 42 27_468 .0000000133879569569740768422423426093094
.5839843750 -7576.2421875000 2 3 4 5 6 7 9 10 11 12 13 14 15 16 18 19 20 21 22 23 24 27 34 37 42 44 45 27_469 .0000000130535450216899310779079512578256
.5932617188 -7576.2329101562 1 2 3 4 5 6 7 8 10 11 12 13 14 15 16 17 19 20 21 23 24 25 28 34 37 39 42 27_470 .0000000102650963161855695445152358429022
.5966796875 -7576.2294921875 1 2 3 4 5 6 7 8 10 11 12 14 15 16 17 18 19 20 21 22 23 29 30 32 38 39 47 27_471 .0000000093953422093132238843035621814122
.6015625000 -7576.2246093750 1 2 3 4 5 6 7 8 10 11 12 14 15 16 17 18 19 20 21 22 23 31 32 33 36 39 47 27_472 .0000000082791056193949941261079228286229
.6020507812 -7576.2241210938 1 2 3 4 6 7 10 11 13 14 15 16 17 18 19 20 21 22 23 24 25 27 29 30 34 39 42 27_473 .0000000081750516577374849489455280312442
.6035156250 -7576.2226562500 1 2 3 4 5 6 7 8 10 11 12 14 15 16 17 18 19 20 21 22 23 31 32 36 38 39 47 27_474 .0000000078706708568121501978343988470073
.6088867188 -7576.2172851562 1 2 3 4 5 6 7 8 10 11 12 15 16 17 18 19 20 21 22 23 24 29 30 35 38 39 47 27_475 .0000000068484084172091127417905415834805
.6152343750 -7576.2109375000 1 2 3 5 6 7 8 9 10 11 12 15 16 17 18 19 20 21 22 23 24 26 30 35 38 40 42 27_476 .0000000058100747359173561810367680748748
.6206054688 -7576.2055664062 1 2 3 4 6 7 10 11 12 13 14 15 16 17 19 20 21 22 23 24 25 27 29 30 34 39 42 27_477 .0000000050554476803755509644547073392997
.6254882812 -7576.2006835938 1 2 3 4 5 6 7 8 9 10 11 12 15 16 17 18 19 20 21 22 24 26 30 35 38 42 45 27_478 .0000000044548228766038404907216115050287
.6279296875 -7576.1982421875 1 3 4 5 6 7 8 9 10 11 12 13 15 16 17 18 20 21 22 23 24 26 27 28 40 42 43 27_479 .0000000041818249613361905788046667267928
.6293945312 -7576.1967773438 1 3 4 5 6 9 11 12 13 14 15 16 17 18 19 20 21 22 23 24 25 32 33 36 37 40 41 27_480 .0000000040261235420552428995689800643918
.6308593750 -7576.1953125000 1 2 3 4 5 6 7 8 9 11 12 13 14 15 16 17 18 20 21 23 24 27 28 42 44 45 46 27_481 .0000000038762193261968343609871407381340
.6333007812 -7576.1928710938 1 2 3 4 5 6 7 8 9 11 12 13 14 15 16 17 18 20 21 22 24 25 27 42 44 45 46 27_482 .0000000036386790731956081218238275478072
.6352539062 -7576.1909179688 1 2 3 4 5 6 8 9 10 11 12 13 14 17 18 19 20 21 22 23 24 25 28 34 36 38 39 27_483 .0000000034591713954708234020387698373189
.6425781250 -7576.1835937500 2 3 4 5 6 7 9 10 11 12 13 14 15 16 17 18 19 20 21 22 23 26 27 30 33 40 42 27_484 .0000000028613982705830659810474298722788
.6450195312 -7576.1811523438 1 3 4 5 6 7 8 9 10 11 12 13 15 16 17 18 20 21 22 23 24 26 27 28 38 42 43 27_485 .0000000026860477003668909400178517337206
.6528320312 -7576.1733398438 1 2 3 4 6 7 8 9 10 11 13 14 16 17 18 19 20 21 22 23 24 25 27 34 35 40 41 27_486 .0000000021939515504107320765439063775181
.6538085938 -7576.1723632812 1 2 4 5 6 7 8 9 10 11 12 13 14 16 17 18 19 20 22 23 24 27 32 34 36 37 41 27_487 .0000000021391497863750857835488466925573
.6557617188 -7576.1704101562 1 2 3 4 6 7 8 9 10 11 13 14 16 17 18 19 20 21 22 24 28 30 32 35 39 41 46 27_488 .0000000020336186849140204268718380631371
.6708984375 -7576.1552734375 1 2 3 4 5 6 7 8 10 11 12 13 14 15 16 17 19 20 21 23 24 25 28 37 39 42 48 27_489 .0000000013740073813604071711275960574460
.6884765625 -7576.1376953125 1 2 3 4 5 6 8 9 10 11 12 13 14 17 18 19 20 21 22 23 24 26 27 33 35 36 38 27_490 .0000000008714530967035690392415852761470
.6972656250 -7576.1289062500 1 3 4 5 6 7 8 9 10 11 12 13 15 16 17 18 20 21 22 23 24 26 27 29 33 37 43 27_491 .0000000006940192127725278231789914146026
.7045898438 -7576.1215820312 1 2 3 4 5 6 7 8 9 11 12 13 14 16 17 18 19 20 21 23 24 27 29 37 44 45 47 27_492 .0000000005740870133751896411101732333917
.7060546875 -7576.1201171875 1 2 3 4 5 6 7 8 10 11 12 14 15 16 17 19 20 21 23 24 25 34 36 37 39 41 42 27_493 .0000000005527120960604495096955440718512
.7070312500 -7576.1191406250 1 2 3 4 5 6 7 8 9 11 12 13 14 15 16 17 18 20 21 24 27 28 29 42 44 45 46 27_494 .0000000005389061417768687119215513192626
.7099609375 -7576.1162109375 1 2 3 4 5 6 7 8 9 10 11 14 15 16 17 18 19 20 21 22 23 26 33 36 38 42 44 27_495 .0000000004995231558171702127546870948578
.7119140625 -7576.1142578125 1 2 3 4 5 6 9 10 11 12 14 15 16 17 18 20 21 22 23 24 25 31 35 36 37 45 46 27_496 .0000000004748800807158130597646396312929
.7192382812 -7576.1069335938 1 2 3 4 5 6 8 9 10 11 12 13 14 17 18 19 20 21 22 23 24 27 33 35 36 38 41 27_497 .0000000003928169176564812629318307863844
.7299804688 -7576.0961914062 1 2 3 4 5 6 7 8 10 11 12 14 15 16 17 19 20 21 23 24 25 28 34 37 39 41 42 27_498 .0000000002974034390332821898291238874380
.7333984375 -7576.0927734375 1 3 4 5 6 7 8 9 10 11 12 13 15 16 17 18 20 21 22 23 24 26 27 29 33 42 43 27_499 .0000000002722046630520670975213541394365
.7373046875 -7576.0888671875 1 2 3 4 5 6 8 9 10 11 12 13 14 17 18 19 20 21 22 23 24 26 27 35 36 38 39 27_500 .0000000002460096916370848938410447098824
.7402343750 -7576.0859375000 1 3 4 5 6 7 8 9 10 11 12 13 15 16 18 20 21 22 23 24 26 27 28 29 33 42 43 27_501 .0000000002280314288550945846742951688749
.7460937500 -7576.0800781250 1 2 3 4 5 6 7 8 9 10 11 15 16 17 18 19 20 21 22 23 26 33 35 36 38 42 44 27_502 .0000000001959204151895496178021194494447
.7534179688 -7576.0727539062 1 2 3 5 6 7 8 9 10 11 12 13 15 16 17 20 21 22 23 24 26 27 29 37 41 43 44 27_503 .0000000001620637641515274251864092303820
.7583007812 -7576.0678710938 1 2 3 4 5 6 7 8 10 11 12 13 14 15 16 17 19 20 21 23 24 25 33 39 40 42 48 27_504 .0000000001428093829975353568325996695478
.7607421875 -7576.0654296875 1 2 3 5 6 7 8 9 10 11 12 16 17 18 19 20 21 22 23 24 26 27 33 35 36 38 40 27_505 .0000000001340578198223214803534437894987
.7636718750 -7576.0625000000 1 3 4 5 6 9 11 12 13 14 15 16 17 18 19 20 21 22 23 24 32 33 36 37 40 41 42 27_506 .0000000001242609427289513554013492162187
.7670898438 -7576.0590820312 1 2 3 4 5 6 7 9 10 11 14 16 17 18 19 20 22 23 24 27 32 34 36 37 39 41 42 27_507 .0000000001137324035942504587504022601155
.7685546875 -7576.0576171875 1 2 3 4 5 6 7 8 9 10 11 12 13 14 15 16 18 19 20 21 24 27 29 36 38 42 45 27_508 .0000000001094978177802616929837098030166
.7700195312 -7576.0561523438 1 2 3 4 5 6 7 8 10 11 12 13 14 15 16 17 19 20 21 23 24 25 33 34 40 42 48 27_509 .0000000001054208978244570885891356840067
.7792968750 -7576.0468750000 1 2 3 5 6 7 8 9 10 11 12 16 17 18 19 20 21 22 23 24 26 27 35 36 38 40 42 27_510 .0000000000829012860574416070050131378722
.7934570312 -7576.0327148438 1 2 3 4 5 6 8 9 11 12 13 14 17 18 19 20 21 22 23 24 27 35 36 38 41 43 46 27_511 .0000000000574469063881710036241688331337
.7944335938 -7576.0317382812 1 2 3 4 5 6 7 8 10 11 12 13 14 15 16 18 19 20 21 23 24 27 29 36 38 42 45 27_512 .0000000000560119650341228558667762716995
.7978515625 -7576.0283203125 2 3 4 5 6 7 9 10 11 12 13 14 15 16 18 19 20 21 22 23 24 27 36 38 42 44 45 27_513 .0000000000512661121826884034456049602402
.7988281250 -7576.0273437500 1 2 3 4 5 7 8 10 11 12 13 14 15 16 17 18 19 20 21 23 24 27 36 38 40 42 45 27_514 .0000000000499855583353311134151190720669
.8173828125 -7576.0087890625 1 2 3 4 7 8 9 10 11 13 14 16 17 18 19 20 21 22 24 27 28 30 32 39 41 46 48 27_515 .0000000000309110432781202002698276067532
.8432617188 -7575.9829101562 1 2 3 4 5 6 9 11 13 14 15 16 17 18 19 20 22 23 24 25 29 32 33 35 36 37 42 27_516 .0000000000158120801890029144591253491566
.8481445312 -7575.9780273438 1 2 3 5 6 7 8 9 10 11 12 16 17 18 19 20 21 22 23 26 27 33 35 36 38 40 42 27_517 .0000000000139334873993655546234019215140
.8691406250 -7575.9570312500 2 3 4 5 6 7 9 10 11 12 13 14 15 16 18 19 20 21 22 23 26 29 30 33 40 41 42 27_518 .0000000000080884322894420534620199100561
.8803710938 -7575.9458007812 1 2 3 4 5 6 7 8 9 11 12 13 14 16 18 19 20 21 23 24 27 29 30 34 37 45 47 27_519 .0000000000060468227656206760891034793563
.8940429688 -7575.9321289062 1 2 3 4 5 6 7 8 9 10 11 16 18 19 20 22 23 24 25 27 29 32 34 36 39 41 42 27_520 .0000000000042435129829482664891060656491
.9062500000 -7575.9199218750 1 2 3 4 5 6 7 8 10 12 13 14 16 17 18 19 20 21 22 23 27 35 37 38 42 43 47 27_521 .0000000000030931614260339594872980420495
.9072265625 -7575.9189453125 1 2 3 4 5 6 7 8 9 10 11 16 18 19 20 22 23 24 26 27 29 32 34 36 39 41 42 27_522 .0000000000030158986964068337986388734158
.9121093750 -7575.9140625000 1 2 5 6 7 8 9 10 11 12 13 15 16 17 20 21 22 23 24 27 29 35 37 40 42 43 44 27_523 .0000000000026575874820394671595858767964
.9316406250 -7575.8945312500 1 2 3 4 5 6 9 10 11 12 14 15 16 17 18 20 21 23 24 25 30 31 35 36 37 45 46 27_524 .0000000000016023996783678977037242118390
.9404296875 -7575.8857421875 1 2 3 4 5 6 8 10 11 12 13 14 16 17 18 19 20 21 22 23 27 35 37 38 42 43 47 27_525 .0000000000012761400097544521721761922339
.9458007812 -7575.8803710938 1 2 3 4 6 7 8 9 10 12 13 14 16 17 18 19 21 23 24 25 27 30 32 34 35 40 41 27_526 .0000000000011103917526183279893518548704
.9550781250 -7575.8710937500 1 4 6 7 8 9 10 12 13 14 15 16 17 18 19 21 22 23 24 27 28 30 34 41 43 44 46 27_527 .0000000000008731940840887067373515210669
.9619140625 -7575.8642578125 1 2 4 6 7 8 9 10 12 13 14 16 17 18 19 21 22 23 24 25 27 30 32 34 35 40 41 27_528 .0000000000007314925924853708788827345630
.9848632812 -7575.8413085938 1 2 3 4 5 6 7 8 9 10 11 16 18 19 20 22 23 24 25 27 29 32 34 36 37 39 42 27_529 .0000000000004036851620928626914690061603
.9868164062 -7575.8393554688 1 2 4 6 7 8 9 10 12 13 14 15 16 17 18 19 21 22 24 25 27 30 32 34 35 41 44 27_530 .0000000000003837700817789502351235451593
.9936523438 -7575.8325195312 1 2 4 6 7 8 9 10 12 13 14 15 16 17 18 19 21 22 24 25 27 30 32 34 41 44 46 27_531 .0000000000003214920673731097839800649745
1.0302734375 -7575.7958984375 1 2 3 4 5 6 7 8 9 10 11 15 16 18 20 21 22 23 24 25 26 32 35 38 41 45 47 27_532 .0000000000001245091910105568205748902200
1.0317382812 -7575.7944335938 1 2 3 4 5 6 7 9 11 13 14 15 16 17 18 20 22 24 25 28 29 30 33 36 39 44 46 27_533 .0000000000001198733542806349761564740654
1.0424804688 -7575.7836914062 1 2 3 4 5 6 7 9 11 13 14 15 17 18 20 21 22 24 25 28 29 30 33 36 39 44 46 27_534 .0000000000000907566507680111445648183128
1.0444335938 -7575.7817382812 1 2 3 4 5 6 7 8 9 11 12 13 14 16 18 19 21 23 24 27 29 30 32 34 37 45 47 27_535 .0000000000000862793348822940694510472371
1.0468750000 -7575.7792968750 1 2 3 4 5 6 7 8 9 10 11 12 16 18 19 20 22 23 25 26 29 32 35 37 39 41 45 27_536 .0000000000000809920140905611067203816107
1.0761718750 -7575.7500000000 1 2 3 4 5 6 7 8 9 11 12 13 14 18 19 21 22 23 24 29 30 31 32 34 37 45 47 27_537 .0000000000000379198943361687715976762459
1.0976562500 -7575.7285156250 1 2 3 4 5 7 8 10 11 12 13 14 15 16 19 20 21 23 24 30 31 32 33 35 36 42 45 27_538 .0000000000000217359549913905160456013262
1.1103515625 -7575.7158203125 1 2 3 4 5 6 8 10 11 12 13 14 15 16 18 19 20 21 23 24 30 31 36 38 40 42 45 27_539 .0000000000000156445421570167127876651709
1.1362304688 -7575.6899414062 2 4 5 6 7 8 9 10 11 12 13 14 15 16 19 20 21 22 23 27 29 30 37 40 41 42 46 27_540 .0000000000000080027307031103357183984369
1.1855468750 -7575.6406250000 2 5 6 7 8 10 11 12 14 15 16 17 19 20 21 22 23 24 27 29 35 36 37 40 42 43 44 27_541 .0000000000000022307632669472125924125812
1.2167968750 -7575.6093750000 1 2 3 5 6 7 8 9 10 12 13 14 16 17 18 19 21 22 24 30 35 37 38 40 41 42 47 27_542 .0000000000000009929027921201843487776558
1.2441406250 -7575.5820312500 1 2 3 4 5 6 7 8 9 10 11 12 13 16 17 19 20 23 24 32 34 35 36 40 41 45 60 27_543 .0000000000000004889937670967345161888189
1.2475585938 -7575.5786132812 1 2 3 4 5 7 9 11 13 14 15 17 18 20 21 22 24 25 28 29 30 33 36 39 44 46 48 27_544 .0000000000000004475616815158863517693780
1.2578125000 -7575.5683593750 1 2 3 4 5 6 7 9 10 11 12 16 18 20 21 22 23 25 26 30 32 35 37 38 40 41 45 27_545 .0000000000000003431639192492158537167388
1.2709960938 -7575.5551757812 1 2 5 6 8 10 11 12 14 15 16 19 20 21 22 23 24 27 29 34 35 36 37 40 42 44 45 27_546 .0000000000000002438893478576569708175959
1.2749023438 -7575.5512695312 1 2 3 5 7 9 10 11 13 14 15 16 17 18 20 21 22 24 28 30 31 33 35 36 39 44 48 27_547 .0000000000000002204192337754160108679808
1.2836914062 -7575.5424804688 1 2 3 4 5 6 7 9 10 11 12 16 18 20 21 22 23 25 26 32 35 37 38 40 41 45 47 27_548 .0000000000000001755403521768929059974133
1.3139648438 -7575.5122070312 1 2 3 4 5 6 7 8 9 10 11 12 13 15 16 19 21 24 26 27 28 30 38 40 41 42 45 27_549 .0000000000000000801338571771599402849255
1.3359375000 -7575.4902343750 1 2 3 4 5 7 8 9 10 11 12 13 15 16 21 23 24 25 27 29 30 32 33 36 38 45 46 27_550 .0000000000000000453559990803509558813734
1.3647460938 -7575.4614257812 1 2 3 4 5 6 7 8 9 13 14 16 17 18 19 20 21 22 23 24 28 35 37 40 41 47 54 27_551 .0000000000000000215056500625072598128389
1.4257812500 -7575.4003906250 1 2 3 4 5 6 8 11 12 14 15 16 17 18 20 22 23 25 26 28 32 33 35 37 41 44 47 27_552 .0000000000000000044252501369788313555538
1.4301757812 -7575.3959960938 1 2 5 6 8 10 11 12 14 15 16 19 20 21 22 23 24 26 29 35 36 37 39 40 41 45 46 27_553 .0000000000000000039491312032283055990274
1.5180664062 -7575.3081054688 1 2 3 4 5 6 7 9 12 14 16 17 18 19 20 21 22 24 28 32 35 37 40 41 45 47 50 27_554 .0000000000000000004052997362207537291199
1.5253906250 -7575.3007812500 1 3 4 5 6 7 8 9 10 11 12 13 14 15 16 18 19 24 28 30 33 34 39 40 42 46 52 27_555 .0000000000000000003352606250757889950838
1.5302734375 -7575.2958984375 1 2 3 4 5 7 8 9 10 11 12 13 16 17 19 20 23 24 32 33 34 35 36 40 41 45 60 27_556 .0000000000000000002954291672607140345590
1.5429687500 -7575.2832031250 1 3 4 5 6 7 8 9 10 11 12 13 14 15 16 18 19 24 27 28 30 33 34 39 40 42 52 27_557 .0000000000000000002126363467100144246547
1.5898437500 -7575.2363281250 1 2 3 4 5 6 7 8 9 10 11 12 13 14 16 17 23 24 30 33 34 36 40 42 45 46 58 27_558 .0000000000000000000631418603298725343442
1.6103515625 -7575.2158203125 1 2 3 4 5 6 7 8 14 15 16 18 19 20 21 22 23 24 28 33 34 35 37 42 43 46 54 27_559 .0000000000000000000371205854291568484170
1.6499023438 -7575.1762695312 1 3 5 6 7 9 10 11 12 13 15 16 17 18 20 21 22 24 31 33 35 37 38 39 42 48 53 27_560 .0000000000000000000133256516970671774412
1.6801757812 -7575.1459960938 1 2 3 4 5 6 7 8 10 11 12 13 14 15 16 23 24 26 30 33 36 39 40 42 45 46 48 27_561 .0000000000000000000060831362258024319709
1.7050781250 -7575.1210937500 1 2 3 4 5 6 7 8 9 14 15 16 17 18 19 22 23 24 26 28 33 34 41 42 43 46 54 27_562 .0000000000000000000031914549850322353292
1.7099609375 -7575.1162109375 1 2 3 4 5 8 9 10 11 12 13 15 16 19 21 23 24 25 26 27 29 30 31 36 38 46 60 27_563 .0000000000000000000028122863768001014086
1.7314453125 -7575.0947265625 1 2 3 4 5 6 8 11 12 14 17 18 19 21 22 23 25 26 29 30 31 32 33 34 37 45 47 27_564 .0000000000000000000016120226909683878854
1.8496093750 -7574.9765625000 2 3 5 6 7 9 10 11 12 13 14 15 16 20 21 22 23 27 31 33 35 37 38 39 42 43 53 27_565 .0000000000000000000000755240015614109137
1.8901367188 -7574.9360351562 1 2 4 5 6 8 9 10 11 12 13 14 16 17 18 19 23 24 25 27 29 31 32 33 38 49 53 27_566 .0000000000000000000000264346032909524942
2.1928710938 -7574.6333007812 2 3 4 5 7 8 9 10 11 12 14 16 17 18 20 25 29 32 34 36 38 39 41 42 47 48 52 27_567 .0000000000000000000000000103887580486630
2.6113281250 -7574.2148437500 2 4 5 8 9 10 11 12 13 14 15 20 21 22 24 26 28 30 32 33 35 37 40 45 46 51 59 27_568 .0000000000000000000000000000002037665529
