0 -7621.2646484375 1 2 3 4 5 6 7 9 10 11 12 13 15 16 17 18 20 21 22 24 20_1 .1049095464696876630152058195004767814294
.0224609375 -7621.2421875000 1 2 3 4 5 6 7 9 10 11 12 13 15 17 18 19 20 21 22 24 20_2 .0586328198193839448694695032682698796750
.0297851563 -7621.2348632812 1 2 3 4 7 8 9 10 11 12 13 14 15 16 17 18 20 21 22 24 20_3 .0485005887393326235382175578197352613536
.0361328125 -7621.2285156250 1 2 3 4 5 6 7 8 9 10 11 12 13 15 16 17 18 20 22 24 20_4 .0411470852999084373709979993679376737675
.0371093750 -7621.2275390625 1 2 3 4 5 6 7 8 9 10 11 12 14 15 16 17 18 20 21 22 20_5 .0401192902098386053246296222274453130920
.0410156250 -7621.2236328125 1 2 3 4 5 7 8 9 10 11 12 13 14 15 16 17 18 20 22 24 20_6 .0362585052825977454676029162117828040277
.0458984375 -7621.2187500000 1 2 4 5 6 7 8 9 10 11 12 13 14 15 16 17 18 20 21 22 20_7 .0319507249601247966472359091380156977494
.0468750000 -7621.2177734375 1 2 4 5 6 7 8 9 10 11 12 14 15 16 17 18 20 21 22 23 20_8 .0311526417423504146818193203776231026683
.0507812500 -7621.2138671875 1 2 3 4 5 7 8 9 10 11 12 14 15 17 18 19 20 21 22 24 20_9 .0281547410054847919385885075907101071280
.0556640625 -7621.2089843750 1 2 3 4 5 6 7 8 9 10 11 12 13 15 16 17 18 20 21 22 20_10 .0248097482005563425430200646939945838192
.0605468750 -7621.2041015625 1 2 3 4 5 6 7 8 10 11 12 14 15 16 17 18 20 21 22 23 20_11 .0218621654397424308768058957550463543606
.0620117187 -7621.2026367188 1 2 3 4 7 8 9 11 12 13 14 15 16 17 18 19 20 21 22 24 20_12 .0210481738884472919517842221963804017050
.0693359375 -7621.1953125000 1 2 3 4 5 6 7 8 9 10 11 12 14 15 16 17 18 20 22 24 20_13 .0174108771950969720310924122006096658187
.0708007813 -7621.1938476562 1 2 3 4 5 6 7 9 10 11 12 13 16 17 18 20 21 22 23 24 20_14 .0167626199158367998707081943445090014930
.0722656250 -7621.1923828125 1 2 4 6 7 8 9 10 11 12 13 14 15 16 17 18 20 21 22 25 20_15 .0161384991704938562924124770564024748633
.0727539063 -7621.1918945312 1 2 4 7 8 9 10 11 12 13 14 15 16 17 18 20 21 22 24 25 20_16 .0159356662567902848381947731460357542506
.0756835937 -7621.1889648438 1 2 3 4 5 6 7 9 11 12 13 15 16 17 18 20 21 22 24 25 20_17 .0147710959333551287110934819909032235355
.0766601563 -7621.1879882812 1 2 3 4 5 7 8 9 10 11 12 14 16 18 19 20 21 22 23 24 20_18 .0144021351357768602799784636990666770377
.0771484375 -7621.1875000000 1 2 3 4 5 6 7 9 10 11 13 15 16 17 18 20 21 22 23 24 20_19 .0142211253400214217672317653308675350032
.0781250000 -7621.1865234375 1 2 4 6 7 8 9 10 11 12 13 14 15 16 17 18 20 21 22 24 20_20 .0138659020552320563039829540952288627277
.0830078125 -7621.1816406250 1 2 3 4 5 7 8 9 10 11 12 14 15 18 19 20 21 22 23 24 20_21 .0122185296784249554133382035545489272441
.0834960937 -7621.1811523438 1 2 3 4 5 7 8 9 10 11 12 14 17 18 19 20 21 22 23 24 20_22 .0120649640063441979292177427393012390129
.0839843750 -7621.1806640625 1 2 5 6 7 8 9 10 11 12 14 15 16 17 18 20 21 22 23 24 20_23 .0119133283568775057796765245030567952429
.0849609375 -7621.1796875000 1 2 3 4 5 7 8 9 10 11 14 16 17 18 19 20 21 22 23 24 20_24 .0116157505259730249882133281303303142645
.0859375000 -7621.1787109375 1 2 3 4 5 6 8 9 10 11 12 14 16 18 19 20 21 22 23 24 20_25 .0113256057618650868105835482611761299909
.0903320313 -7621.1743164062 1 2 3 4 5 6 8 10 11 12 14 15 17 18 19 20 21 22 23 24 20_26 .0101070677609932041862857340071762483709
.0937500000 -7621.1708984375 1 2 3 4 5 6 7 8 9 10 11 12 13 15 17 18 20 21 22 24 20_27 .0092507032980801600964844886513810069531
.0947265625 -7621.1699218750 1 2 3 4 5 6 7 8 9 10 11 12 15 16 17 20 21 22 23 24 20_28 .0090196340167407902863435659259816015844
.0961914063 -7621.1684570312 1 2 3 4 5 6 8 9 10 11 12 14 15 18 19 20 21 22 23 24 20_29 .0086838069735599072339505165547597786424
.0966796875 -7621.1679687500 1 2 3 4 5 6 8 9 10 11 14 15 16 18 19 20 21 22 23 24 20_30 .0085746666195884303062846330750617288634
.0971679687 -7621.1674804688 1 2 3 4 5 6 7 8 9 10 11 15 16 17 18 20 21 22 23 24 20_31 .0084668979700895754985116860957885898404
.0986328125 -7621.1660156250 1 2 3 4 6 7 9 11 12 13 15 16 17 18 20 21 22 23 24 25 20_32 .0081516508874549677488897881742939701677
.0991210937 -7621.1655273438 1 2 3 4 5 6 7 9 10 11 12 13 15 17 18 20 21 22 24 28 20_33 .0080491988101555089240749074211064543032
.1005859375 -7621.1640625000 1 3 4 7 8 9 10 11 12 13 14 15 16 17 18 19 20 22 24 25 20_34 .0077495038744882217021824963288839783332
.1010742187 -7621.1635742188 1 3 6 7 8 9 10 11 12 13 14 15 16 17 18 19 20 21 22 23 20_35 .0076521060858754412716672707997219855068
.1020507813 -7621.1625976562 1 3 4 7 8 9 10 11 12 13 14 15 16 17 18 19 20 22 23 24 20_36 .0074609674474604898969807071264270958562
.1030273437 -7621.1616210938 1 2 3 4 5 6 7 9 10 11 12 13 15 16 17 18 20 21 22 34 20_37 .0072746032158647477202225957902452200931
.1088867187 -7621.1557617188 1 2 3 4 6 7 8 10 11 12 13 14 15 16 17 18 20 21 22 23 20_38 .0062502054631124678648961512349549738389
.1123046875 -7621.1523437500 1 4 5 6 7 8 9 10 11 12 14 15 16 17 18 19 20 21 22 24 20_39 .0057206301084345169536914068531086957220
.1162109375 -7621.1484375000 1 2 3 4 5 7 8 10 11 12 14 15 17 18 19 20 21 22 23 24 20_40 .0051701188112145086746999601382734162798
.1181640625 -7621.1464843750 1 2 3 4 5 6 7 8 9 10 11 14 16 18 19 20 21 22 23 24 20_41 .0049150603125964169986431496054279355764
.1186523437 -7621.1459960938 1 2 3 4 5 7 8 9 10 11 12 14 15 16 17 18 20 22 23 26 20_42 .0048532865509339071134735010357708557593
.1191406250 -7621.1455078125 1 2 3 4 7 8 9 10 11 12 13 14 15 16 17 18 20 22 24 34 20_43 .0047922891656278385824355597302526450092
.1196289063 -7621.1450195312 1 2 3 4 5 6 7 8 9 10 11 12 14 15 16 17 18 22 23 24 20_44 .0047320584115468439186695564617038585139
.1201171875 -7621.1445312500 2 3 4 7 8 9 11 12 13 14 15 16 17 18 19 20 21 22 23 24 20_45 .0046725846655708660152852636752156411885
.1206054687 -7621.1440429688 1 2 3 4 5 6 7 8 9 10 11 12 15 16 17 18 20 22 23 26 20_46 .0046138584011669211398135617121855824633
.1210937500 -7621.1435546875 1 2 3 4 5 6 7 8 10 11 14 15 16 18 19 20 21 22 23 24 20_47 .0045558702119903590390402965778993100909
.1215820313 -7621.1430664062 1 2 3 4 5 6 7 9 10 11 12 14 15 16 17 18 20 21 22 23 20_48 .0044986108336683143394031102021856849813
.1220703125 -7621.1425781250 1 3 4 6 7 8 9 10 11 12 13 14 15 16 17 18 19 20 22 25 20_49 .0044420711178200238286433881918800822687
.1225585937 -7621.1420898438 1 2 3 4 6 7 8 9 10 11 13 15 16 17 18 20 21 22 23 24 20_50 .0043862420078868483862574809816166639347
.1245117187 -7621.1401367188 1 2 3 4 7 8 9 11 12 13 14 15 17 18 19 20 21 22 24 25 20_51 .0041698546593639197486229991181662244623
.1259765625 -7621.1386718750 1 2 3 4 5 7 8 9 10 11 12 14 15 16 17 18 20 22 24 26 20_52 .0040145989185933840847701164101071102881
.1264648437 -7621.1381835938 1 2 3 4 6 7 9 11 12 13 15 17 18 19 20 21 22 23 24 25 20_53 .0039641423909019158498660661266325058513
.1269531250 -7621.1376953125 1 3 4 5 6 7 9 10 11 12 13 14 15 16 17 18 19 20 22 25 20_54 .0039143200038888443849020352466045831983
.1284179687 -7621.1362304688 1 2 3 4 5 6 7 8 9 10 11 12 15 16 19 20 21 22 23 24 20_55 .0037685785666550488856029506023488337857
.1289062500 -7621.1357421875 1 2 3 4 6 7 9 10 11 12 13 15 16 17 18 20 22 24 25 34 20_56 .0037212140773602192919150105248077602504
.1298828125 -7621.1347656250 1 2 3 4 5 6 7 8 10 11 12 13 14 15 16 18 20 21 22 23 20_57 .0036282634945927423366693892911338404023
.1308593750 -7621.1337890625 1 2 3 4 5 6 7 8 9 10 11 12 15 17 19 20 21 22 23 24 20_58 .0035376346838752471317288917370069380579
.1323242187 -7621.1323242188 1 2 3 4 5 6 7 9 11 12 13 15 16 17 18 20 21 22 24 28 20_59 .0034059183288700666903237407021453775333
.1337890625 -7621.1308593750 1 2 3 4 5 7 8 9 10 11 12 13 14 15 16 17 18 19 22 24 20_60 .0032791061456288095876567796324647023470
.1352539063 -7621.1293945312 1 3 4 5 6 7 9 10 11 12 13 16 17 18 19 20 21 22 23 24 20_61 .0031570155464848873273995971471528424641
.1357421875 -7621.1289062500 1 2 3 5 6 7 8 9 10 11 12 13 15 16 17 20 21 22 23 24 20_62 .0031173373505869463141894657420534998543
.1362304687 -7621.1284179688 1 2 3 4 5 6 7 9 10 11 12 13 15 16 17 18 20 22 24 46 20_63 .0030781578406177041064936793882885265252
.1367187500 -7621.1279296875 1 2 3 5 6 7 8 9 10 11 14 15 16 18 19 20 21 22 23 24 20_64 .0030394707410890509247994743383408260367
.1372070313 -7621.1274414062 1 3 4 5 7 9 10 11 12 13 14 15 16 17 18 19 20 22 24 25 20_65 .0030012698712300366369865449066859880602
.1376953125 -7621.1269531250 1 2 3 4 6 7 8 9 10 11 12 13 14 15 16 18 20 21 22 23 20_66 .0029635491276544003825526808477560707420
.1391601563 -7621.1254882812 1 2 3 4 5 6 7 8 9 10 14 15 16 18 19 20 21 22 23 24 20_67 .0028532076283192545531002631637373433157
.1401367187 -7621.1245117188 1 2 4 5 6 7 9 10 11 12 13 15 16 17 18 19 20 21 22 25 20_68 .0027819386071126526907766308776905640800
.1416015625 -7621.1230468750 1 2 3 4 6 7 9 10 11 12 13 14 15 17 18 19 20 21 22 25 20_69 .0026783589923518562040008522150211747665
.1425781250 -7621.1220703125 1 2 3 4 5 7 8 9 10 11 12 13 14 15 16 18 19 20 21 24 20_70 .0026114574317256471264169665492555222996
.1440429687 -7621.1206054688 1 2 3 4 5 6 7 8 9 10 11 12 13 14 15 17 18 20 21 22 20_71 .0025142253303653976617077704156121405566
.1450195313 -7621.1196289062 3 4 5 7 9 10 11 12 13 14 15 16 17 18 19 20 21 22 24 34 20_72 .0024514235865158880047862312110598050722
.1455078125 -7621.1191406250 1 3 4 5 6 9 10 11 12 13 14 15 16 17 18 19 20 22 24 25 20_73 .0024206134546484945613466118143919079581
.1459960937 -7621.1186523438 1 2 3 4 5 6 7 9 10 11 12 13 15 16 17 18 20 22 23 25 20_74 .0023901905525650142787203134616791285538
.1479492187 -7621.1166992188 1 2 3 4 6 7 9 10 11 12 13 14 15 16 17 18 20 22 24 25 20_75 .0022722748071036116657574530666257997766
.1494140625 -7621.1152343750 1 2 3 4 5 6 7 9 10 12 13 14 15 16 17 18 19 20 22 23 20_76 .0021876714486582811543350686725127113884
.1503906250 -7621.1142578125 1 2 3 4 5 6 7 9 10 11 12 13 15 17 18 19 20 21 22 23 20_77 .0021330265580851464039582540470621635463
.1513671875 -7621.1132812500 1 2 3 4 5 6 7 12 13 15 16 17 18 19 20 21 22 23 24 37 20_78 .0020797466183905273701094545724697067038
.1518554687 -7621.1127929688 1 2 3 4 7 8 10 11 12 13 14 15 16 17 18 20 21 22 23 24 20_79 .0020536078197284616925091170373317100778
.1538085937 -7621.1108398438 1 2 3 4 7 8 9 10 11 12 13 14 15 16 17 18 20 22 24 29 20_80 .0019522967771051934341356902486462474130
.1557617187 -7621.1088867188 1 2 3 4 5 7 8 9 10 11 12 13 14 15 16 17 18 20 22 23 20_81 .0018559837322781990649284923277388927889
.1567382813 -7621.1079101562 1 2 3 4 5 6 7 9 10 11 12 13 15 16 17 18 20 22 24 36 20_82 .0018096239197603398964557707995789733453
.1572265625 -7621.1074218750 1 2 4 7 8 9 10 11 12 14 15 16 17 18 19 20 21 22 23 24 20_83 .0017868800937219164345099396010296153772
.1591796875 -7621.1054687500 1 2 4 5 6 7 10 11 12 13 15 16 17 18 19 20 21 22 23 25 20_84 .0016987275830046230811399777616339634467
.1601562500 -7621.1044921875 1 2 3 4 5 6 7 9 10 11 12 13 15 17 18 19 20 21 22 26 20_85 .0016562958079116195959497230384928800186
.1611328125 -7621.1035156250 1 2 3 4 5 6 9 10 11 12 13 14 15 17 18 19 20 22 24 25 20_86 .0016149239176144811879622894674289265824
.1616210937 -7621.1030273438 1 2 3 4 5 7 8 9 11 12 15 16 17 18 19 20 21 22 23 24 20_87 .0015946271320523311293785146900418561793
.1621093750 -7621.1025390625 1 2 3 4 5 6 7 9 10 11 12 13 14 15 16 17 19 20 22 24 20_88 .0015745854377133496437298974855363328573
.1630859375 -7621.1015625000 1 2 3 4 5 6 9 10 12 13 14 15 16 17 18 19 20 22 23 24 20_89 .0015352545551008492790056632375697878618
.1635742187 -7621.1010742188 1 2 3 4 5 7 8 9 10 11 12 14 15 17 18 19 20 22 24 36 20_90 .0015159590748938152781435586182332122890
.1650390625 -7621.0996093750 1 2 3 4 5 6 7 8 9 10 11 12 13 15 16 17 20 21 23 24 20_91 .0014595155370784330354682689469463631212
.1655273437 -7621.0991210938 1 2 3 4 5 6 7 9 10 11 12 14 16 18 19 20 21 22 23 24 20_92 .0014411719646304714217193336194758809832
.1669921875 -7621.0976562500 1 2 3 4 5 6 7 9 10 11 12 17 18 19 20 21 22 23 24 25 20_93 .0013875129670814864668647711507249980658
.1679687500 -7621.0966796875 1 2 3 4 5 6 7 9 10 11 12 14 15 18 19 20 21 22 23 24 20_94 .0013528548860878917717039220251341201746
.1699218750 -7621.0947265625 1 2 3 5 6 7 8 9 10 11 13 15 16 17 18 19 20 22 23 24 20_95 .0012861142271797708563778063867358597482
.1704101563 -7621.0942382812 1 2 3 4 5 7 8 9 10 11 12 13 14 15 16 17 19 20 22 24 20_96 .0012699500043918530160943474560763320704
.1718750000 -7621.0927734375 1 2 3 6 7 9 10 11 12 13 15 16 17 18 20 21 22 23 24 25 20_97 .0012226660984589569286674985121089675186
.1738281250 -7621.0908203125 1 3 5 6 8 9 10 11 14 15 16 17 18 19 20 21 22 23 24 32 20_98 .0011623480688794926538877289579552900337
.1743164063 -7621.0903320312 1 3 4 5 6 8 9 10 11 14 15 16 18 19 20 21 22 23 24 32 20_99 .0011477393718093466655165690366144829351
.1757812500 -7621.0888671875 1 2 3 4 5 7 8 9 10 11 12 14 15 16 17 18 20 23 24 46 20_100 .0011050057206384860171386225834663368541
.1772460937 -7621.0874023438 1 2 4 6 7 8 9 10 11 12 13 15 16 17 19 20 21 22 23 24 20_101 .0010638631667038506567240490930174692096
.1782226563 -7621.0864257812 1 2 3 4 5 6 7 8 9 10 11 12 15 16 17 18 20 22 24 35 20_102 .0010372893901694485377208171744425656973
.1787109375 -7621.0859375000 1 2 4 5 6 7 9 10 11 12 13 15 16 17 18 20 21 22 26 34 20_103 .0010242524662075677022738202301155169022
.1791992187 -7621.0854492188 1 2 3 4 5 6 7 8 10 11 12 14 15 16 18 20 21 22 23 27 20_104 .0010113793937108600508577850520639664174
.1796875000 -7621.0849609375 1 2 4 5 6 7 9 10 11 12 13 15 16 17 18 20 21 22 25 26 20_105 .0009986681107644763972914370220226337982
.1801757813 -7621.0844726562 1 2 3 4 5 6 7 9 10 11 12 13 14 15 16 17 19 20 22 23 20_106 .0009861165865744484388023351870538706645
.1806640625 -7621.0839843750 1 2 3 4 5 7 9 11 12 14 15 16 17 18 20 21 22 23 24 34 20_107 .0009737228157728204978597166605870384283
.1816406250 -7621.0830078125 1 2 3 4 5 7 8 9 11 12 14 15 16 17 18 20 21 22 24 41 20_108 .0009494006184204237407483385287341501695
.1831054687 -7621.0815429688 1 2 3 4 5 6 7 8 9 10 11 12 15 17 18 19 20 22 24 25 20_109 .0009140516917864795709075198852385035950
.1835937500 -7621.0810546875 1 2 3 4 5 7 8 9 10 14 15 16 18 19 20 21 22 23 24 30 20_110 .0009025636490656484825469445045322137962
.1840820313 -7621.0805664062 1 2 3 4 5 6 7 8 9 10 11 12 15 16 17 18 20 22 24 36 20_111 .0008912199910954190803429594263108247118
.1850585937 -7621.0795898438 1 2 3 4 6 7 8 9 10 13 15 16 17 18 19 20 21 22 23 24 20_112 .0008689585980531809729331195026256185334
.1870117187 -7621.0776367188 1 2 3 4 5 7 8 10 11 14 15 16 17 18 20 21 22 23 24 32 20_113 .0008260900908730409549261736425469281549
.1875000000 -7621.0771484375 1 2 3 6 7 8 9 11 12 13 14 15 16 17 18 20 21 22 23 46 20_114 .0008157075727501801198625190403904558693
.1884765625 -7621.0761718750 1 2 3 4 5 7 8 9 11 12 14 15 17 18 19 20 21 22 24 40 20_115 .0007953323692067281354261748982884448918
.1899414063 -7621.0747070312 1 2 3 4 5 6 7 8 10 11 14 15 18 19 20 21 22 23 24 32 20_116 .0007657198464146719524233165835942938404
.1909179687 -7621.0737304688 1 4 5 7 8 9 10 11 12 14 15 16 17 18 19 20 21 22 24 41 20_117 .0007465932664101911398474368750939779751
.1914062500 -7621.0732421875 1 2 3 4 6 7 9 10 11 12 13 14 16 17 18 19 20 21 22 25 20_118 .0007372098853424947568909649787596630604
.1918945313 -7621.0727539062 1 2 4 5 7 8 9 10 11 12 13 14 15 16 17 18 21 22 24 30 20_119 .0007279444370826911629365476666984842127
.1938476563 -7621.0708007812 1 2 3 4 5 6 7 8 9 10 11 12 14 15 16 18 20 21 22 41 20_120 .0006920326095252722492082716991954201674
.1948242187 -7621.0698242188 1 2 3 4 5 6 7 9 10 11 12 13 15 17 18 20 21 22 24 36 20_121 .0006747466306731233138967885003546604846
.1962890625 -7621.0683593750 1 3 4 5 6 8 9 10 11 12 14 15 17 18 19 20 21 22 23 24 20_122 .0006496238634461334654540759414010827372
.1977539063 -7621.0668945312 1 3 4 5 6 7 8 9 10 11 12 14 15 16 17 18 19 20 23 24 20_123 .0006254364894533593702719548574162061825
.1982421875 -7621.0664062500 1 2 3 4 5 6 7 9 10 11 13 15 16 17 18 19 20 21 22 23 20_124 .0006175758403102526855567450097963147002
.1987304687 -7621.0659179688 1 2 3 4 5 7 9 11 12 14 16 17 18 19 20 21 22 23 24 34 20_125 .0006098139858585223051709917201503024202
.1997070313 -7621.0649414062 1 2 3 4 5 6 7 8 9 10 11 12 14 16 18 19 20 21 23 24 20_126 .0005945817068447039283799121956096409221
.2006835937 -7621.0639648438 1 2 3 4 5 6 7 9 10 11 12 13 15 16 17 18 20 22 23 46 20_127 .0005797299113239079799798884764104520214
.2011718750 -7621.0634765625 1 2 3 4 6 7 8 9 10 11 12 13 14 15 17 18 20 21 22 43 20_128 .0005724437129090064892391008363205697921
.2016601563 -7621.0629882812 2 3 4 5 6 9 10 11 12 13 14 15 16 17 18 19 20 22 23 24 20_129 .0005652490893573375619242871644476149365
.2050781250 -7621.0595703125 1 2 3 4 5 6 7 8 9 10 11 12 15 17 18 19 20 22 24 27 20_130 .0005173559472248843034915360717032966150
.2055664063 -7621.0590820312 1 2 3 4 5 7 8 9 11 12 14 17 18 19 20 21 22 23 24 40 20_131 .0005108536812403650478183358595625537393
.2065429687 -7621.0581054688 1 2 3 4 6 7 9 10 11 12 13 15 16 17 18 20 22 23 24 46 20_132 .0004980932913267725442795346744671148452
.2080078125 -7621.0566406250 1 2 3 4 5 6 8 9 10 11 12 14 15 16 17 18 19 20 23 24 20_133 .0004795478384908771333903933783983481284
.2089843750 -7621.0556640625 1 2 3 6 7 8 9 11 12 13 15 16 17 18 20 21 22 23 24 41 20_134 .0004675694222734926881872864829695191663
.2099609375 -7621.0546875000 1 3 4 6 7 8 9 10 11 12 14 16 17 18 19 20 21 22 23 25 20_135 .0004558902096882806529849921623403713148
.2109375000 -7621.0537109375 1 3 6 7 8 9 10 11 12 13 14 15 16 17 18 19 20 22 23 46 20_136 .0004445027270582639966219926445660527850
.2124023437 -7621.0522460938 1 2 3 4 5 6 7 8 9 10 11 14 15 18 19 20 21 22 24 32 20_137 .0004279526069271934472381210946145000280
.2133789063 -7621.0512695312 1 3 4 5 6 7 8 10 11 14 15 16 18 19 20 21 22 23 24 32 20_138 .0004172629644057470801011300316255673871
.2138671875 -7621.0507812500 1 2 3 4 5 6 7 8 9 10 12 15 16 17 18 19 20 22 23 26 20_139 .0004120186944935887378892085298624572719
.2148437500 -7621.0498046875 1 2 3 4 5 6 9 11 12 14 15 17 18 19 20 21 22 23 24 46 20_140 .0004017270592992379249280906187696536293
.2153320313 -7621.0493164062 1 2 3 4 5 6 10 11 12 14 15 17 18 19 20 21 22 23 24 46 20_141 .0003966780476724189502773865764218063866
.2158203125 -7621.0488281250 1 2 3 4 5 6 7 8 9 10 11 12 16 18 20 21 22 23 24 25 20_142 .0003916924943698754120076160299317057957
.2163085937 -7621.0483398438 1 3 4 5 6 7 9 10 11 12 13 14 15 16 17 18 19 20 22 39 20_143 .0003867696008033025138961840042717852124
.2172851563 -7621.0473632812 1 2 4 5 6 7 9 10 11 12 13 15 17 18 19 20 21 22 23 26 20_144 .0003771086507265263721383858829076122045
.2177734375 -7621.0468750000 1 3 4 7 8 9 10 11 13 14 15 16 17 18 19 20 22 23 24 32 20_145 .0003723690507156884283559469423820797705
.2187500000 -7621.0458984375 1 2 3 4 7 8 9 11 13 14 15 17 18 19 20 21 22 24 25 30 20_146 .0003630678066730052764631123157940745104
.2192382813 -7621.0454101562 1 2 3 4 5 7 8 9 10 11 12 14 15 16 18 20 21 22 24 46 20_147 .0003585046747286116447233094170206403272
.2202148437 -7621.0444335938 1 2 4 6 7 8 9 10 11 12 13 15 16 17 20 21 22 23 24 32 20_148 .0003495497437897264555433960914665415872
.2207031250 -7621.0439453125 3 4 5 6 7 9 10 11 12 13 14 15 16 17 18 19 20 22 24 25 20_149 .0003451565104247036117203516271830404481
.2221679687 -7621.0424804688 1 3 4 6 7 8 9 10 11 12 13 14 16 17 18 19 20 21 22 25 20_150 .0003323053368236894869005662402717280674
.2226562500 -7621.0419921875 1 2 3 4 5 6 7 9 11 12 13 15 17 18 20 21 22 24 27 28 20_151 .0003281288357132003469271382429264518214
.2260742187 -7621.0385742188 1 2 3 4 5 6 7 8 10 11 12 14 15 16 18 20 21 22 23 31 20_152 .0003003267193321972658556249719760489061
.2270507813 -7621.0375976562 1 2 3 4 5 7 8 9 11 12 15 16 17 18 19 20 21 22 24 38 20_153 .0002928249884925341726068349097824393200
.2280273437 -7621.0366210938 1 2 3 4 5 6 7 8 9 10 11 12 13 15 18 19 20 21 24 46 20_154 .0002855106416123560484988138708052800626
.2294921875 -7621.0351562500 1 2 3 4 5 6 8 9 10 11 14 15 16 18 19 20 21 22 24 30 20_155 .0002748802552362133744845186195191988029
.2304687500 -7621.0341796875 1 2 3 4 5 6 7 8 10 12 15 16 18 19 20 21 22 23 24 26 20_156 .0002680141412786944678740933149651448034
.2309570313 -7621.0336914062 1 2 3 4 5 7 8 9 10 11 12 13 14 15 16 18 20 21 24 29 20_157 .0002646456688690227634642393665436941255
.2319335937 -7621.0327148438 1 5 7 8 9 10 11 12 13 14 15 16 17 18 19 21 22 23 24 44 20_158 .0002580352008471171050762696928521780121
.2324218750 -7621.0322265625 1 2 3 4 5 7 8 9 10 11 12 15 16 17 18 20 21 22 24 34 20_159 .0002547921463924874538653352384556481547
.2329101563 -7621.0317382812 1 2 4 5 6 7 9 10 11 12 13 14 15 17 18 19 20 21 22 26 20_160 .0002515898515015187493038189191263383261
.2333984375 -7621.0312500000 1 2 3 4 5 6 7 8 10 11 12 14 15 17 18 20 21 22 23 31 20_161 .0002484278045407661799207532473649359266
.2343750000 -7621.0302734375 1 2 3 4 5 6 7 9 10 11 12 13 15 16 17 18 20 22 23 33 20_162 .0002422224348072167762041010518006110820
.2358398437 -7621.0288085938 1 2 3 4 6 7 8 9 10 11 12 13 14 16 18 20 21 22 23 24 20_163 .0002332037940869892486393182413142685988
.2363281250 -7621.0283203125 1 2 3 4 5 6 7 8 9 10 11 12 15 16 17 18 20 22 26 34 20_164 .0002302728273011884187566939391063787433
.2377929687 -7621.0268554688 1 2 3 4 5 6 7 8 9 10 11 12 13 15 18 19 20 21 24 37 20_165 .0002216991049756189940117186464394363685
.2387695313 -7621.0258789062 1 2 5 6 7 8 9 10 11 12 14 15 16 17 18 19 20 22 23 33 20_166 .0002161613792060990027831952181498673653
.2392578125 -7621.0253906250 1 2 3 4 5 6 7 8 9 10 11 12 15 16 17 18 20 22 29 36 20_167 .0002134446065379192494977056388301804934
.2397460937 -7621.0249023438 1 2 3 4 5 6 7 8 11 14 15 16 17 19 20 21 22 23 24 32 20_168 .0002107619789781657857347928586926635201
.2402343750 -7621.0244140625 1 2 3 4 5 7 8 9 10 11 12 15 16 17 18 20 21 22 24 27 20_169 .0002081130668431246646938544963122195221
.2421875000 -7621.0224609375 1 2 3 4 5 6 7 9 10 11 12 13 15 16 17 18 20 22 23 31 20_170 .0001978461835644124073842724521299588238
.2426757813 -7621.0219726562 2 3 6 7 8 9 10 11 12 13 14 15 16 17 18 20 21 22 23 46 20_171 .0001953596005523519740014934570475045263
.2431640625 -7621.0214843750 1 2 5 6 7 8 9 10 11 12 13 14 15 16 17 18 20 21 22 29 20_172 .0001929042700710401254476740146402425315
.2436523437 -7621.0209960938 1 2 3 4 5 6 7 8 9 10 12 16 18 19 20 21 22 23 24 25 20_173 .0001904797988244698197443452974450035127
.2446289063 -7621.0200195312 1 2 5 6 7 8 9 10 12 14 15 16 17 18 19 20 21 22 23 47 20_174 .0001857218865602806930423426444769119050
.2451171875 -7621.0195312500 2 3 4 5 7 9 10 12 13 14 15 16 17 18 19 20 21 22 24 34 20_175 .0001833876853854784416830007848362178512
.2470703125 -7621.0175781250 1 2 4 6 7 8 10 11 12 13 15 16 17 19 20 21 22 23 24 34 20_176 .0001743405842631583336502821548834947904
.2475585937 -7621.0170898438 1 2 3 4 5 6 7 8 9 10 11 12 16 17 18 19 20 22 23 27 20_177 .0001721494262680520834477371235910322271
.2480468750 -7621.0166015625 1 2 3 4 5 6 7 8 9 10 11 12 15 16 17 18 20 22 27 36 20_178 .0001699858068785745780215803679379545090
.2485351563 -7621.0161132812 1 3 4 6 8 9 10 11 12 14 16 17 18 19 20 21 22 23 24 25 20_179 .0001678493804281849664426004340411854485
.2490234375 -7621.0156250000 1 3 4 5 6 7 9 10 11 12 13 14 16 17 19 20 21 22 24 27 20_180 .0001657398055781678537261143172442451800
.2495117187 -7621.0151367188 1 2 3 4 7 8 9 10 11 12 14 15 16 17 18 20 21 22 24 27 20_181 .0001636567444158180529839025844867180230
.2509765625 -7621.0136718750 1 2 4 6 7 8 9 10 11 12 13 14 15 16 17 18 20 22 24 25 20_182 .0001575633308170217923541651241852674738
.2514648437 -7621.0131835938 1 2 3 4 6 7 8 12 13 15 16 17 18 19 20 21 22 23 24 36 20_183 .0001555830337248991880423454891367088231
.2519531250 -7621.0126953125 1 2 4 6 7 8 10 11 12 13 15 16 17 19 20 21 22 23 24 30 20_184 .0001536276251258790950611386402509690395
.2524414063 -7621.0122070312 1 2 3 4 6 7 8 10 11 12 13 14 15 16 17 18 20 22 23 34 20_185 .0001516967926178219963184689324363156123
.2529296875 -7621.0117187500 1 2 3 5 6 7 8 9 10 12 15 16 17 18 19 20 22 23 24 26 20_186 .0001497902277099357922805972237050366975
.2534179687 -7621.0112304688 1 3 4 6 7 8 9 11 12 13 14 15 16 17 18 19 20 21 22 36 20_187 .0001479076250077446088198857080314884220
.2543945313 -7621.0102539062 1 2 3 4 5 7 8 9 10 11 12 14 15 16 18 20 22 23 24 46 20_188 .0001442131046054003461467375754183022883
.2553710937 -7621.0092773438 1 2 3 4 5 6 9 10 11 12 14 16 18 19 20 21 22 23 24 36 20_189 .0001406108687539398579831443689003992220
.2568359375 -7621.0078125000 1 2 3 4 5 6 10 11 13 14 15 16 17 18 19 20 22 23 24 32 20_190 .0001353755197137141725630993710580669139
.2587890625 -7621.0058593750 1 2 3 4 6 7 8 10 11 13 15 16 17 18 20 21 22 23 24 37 20_191 .0001286970123005136036684769586335046463
.2592773437 -7621.0053710938 1 2 3 4 7 8 9 11 12 14 15 17 18 19 20 21 22 24 25 34 20_192 .0001270795146384494464239636343767456113
.2602539063 -7621.0043945312 1 2 3 4 7 8 9 10 11 12 13 14 16 17 18 20 22 23 24 29 20_193 .0001239052505697297003434793712714191011
.2622070313 -7621.0024414062 1 2 3 4 6 7 9 11 12 13 15 16 17 18 20 21 22 23 25 33 20_194 .0001177926082233558752364559773218034752
.2626953125 -7621.0019531250 1 2 3 4 7 8 9 11 12 14 15 16 17 18 20 21 22 23 26 34 20_195 .0001163121599596089087694082531147972838
.2646484375 -7621.0000000000 1 2 3 4 7 9 11 12 13 14 15 17 18 20 21 22 23 24 25 28 20_196 .0001105741090610539770615231976894043837
.2656250000 -7620.9990234375 1 2 3 4 5 6 7 8 9 10 11 12 13 15 18 20 21 22 24 36 20_197 .0001078121266374277208773004911496154980
.2661132813 -7620.9985351562 1 2 3 4 6 7 8 10 11 13 15 16 17 18 20 21 22 23 24 44 20_198 .0001064571153970746494742083008560666375
.2666015625 -7620.9980468750 1 2 3 4 5 7 8 9 10 11 12 13 15 17 18 19 20 21 22 26 20_199 .0001051191345676302098344517200994761056
.2670898437 -7620.9975585938 3 4 5 6 7 9 10 11 12 13 14 15 16 17 18 19 20 22 24 27 20_200 .0001037979698306872773663005284835064991
.2680664063 -7620.9965820312 1 2 3 4 5 6 9 10 11 12 14 16 18 19 20 21 22 23 24 27 20_201 .0001012052453701240794801328572977976254
.2690429687 -7620.9956054688 1 2 3 5 7 8 9 10 11 13 15 16 17 18 19 20 22 23 24 26 20_202 .0000986772839603364652528073019399300005
.2695312500 -7620.9951171875 1 2 3 4 7 8 9 10 11 12 13 15 16 17 18 20 22 24 34 38 20_203 .0000974370818318372226397437524968243945
.2700195313 -7620.9946289062 1 2 3 4 5 6 8 10 11 12 14 15 17 18 20 21 22 23 24 31 20_204 .0000962124668907615039132562926137538799
.2705078125 -7620.9941406250 1 2 3 4 5 6 7 8 9 10 11 12 13 15 19 20 21 22 24 29 20_205 .0000950032434793131962887699040452346157
.2709960937 -7620.9936523438 1 2 3 4 5 6 7 8 13 15 16 17 18 19 20 21 22 23 24 36 20_206 .0000938092179035097731445924877315557044
.2714843750 -7620.9931640625 1 2 3 4 6 7 8 10 11 12 13 14 15 16 17 18 20 22 23 46 20_207 .0000926301989130443876249196838623114452
.2724609375 -7620.9921875000 1 2 3 4 6 7 8 9 10 11 13 15 17 18 20 21 22 23 24 30 20_208 .0000903164295915699752027952108427798194
.2729492187 -7620.9916992188 1 2 3 4 5 6 7 9 10 11 12 13 16 17 18 20 21 24 25 34 20_209 .0000891813091167509688487777316823230078
.2734375000 -7620.9912109375 1 2 3 4 5 6 9 11 12 15 17 18 19 20 21 22 23 24 34 36 20_210 .0000880604549044137048660178583581340246
.2739257813 -7620.9907226562 1 3 4 6 7 8 9 10 11 13 14 16 17 18 19 20 22 23 24 25 20_211 .0000869536878834145888265483382152147676
.2744140625 -7620.9902343750 1 2 3 4 7 8 9 11 12 15 16 17 18 19 20 21 22 23 24 25 20_212 .0000858608312246223766018250015798407990
.2749023437 -7620.9897460938 1 2 3 4 5 7 8 9 10 11 12 14 16 17 18 20 22 24 35 37 20_213 .0000847817098737364582917790115685665281
.2753906250 -7620.9892578125 1 2 3 5 6 7 8 9 10 11 15 16 17 18 19 20 22 23 24 26 20_214 .0000837161509849705591282820331194752531
.2768554687 -7620.9877929688 1 2 3 5 6 7 8 9 10 11 12 13 15 16 17 18 20 22 23 25 20_215 .0000805991569343795167000789189819221580
.2773437500 -7620.9873046875 1 2 3 5 6 7 9 10 11 12 13 16 17 18 19 20 21 22 23 27 20_216 .0000795861654740000357581727842152548264
.2778320313 -7620.9868164062 1 2 3 4 5 6 7 8 9 10 11 12 14 16 19 20 21 22 24 27 20_217 .0000785859055574459722901229748660356742
.2792968750 -7620.9853515625 1 2 3 4 7 8 9 10 11 14 15 16 17 18 20 21 22 23 24 26 20_218 .0000756599253588718108997566211883730796
.2802734375 -7620.9843750000 1 2 3 4 5 6 7 9 10 13 15 16 17 18 20 21 22 23 24 32 20_219 .0000737700490958969589571527186717440907
.2812500000 -7620.9833984375 1 2 4 5 6 7 10 11 12 13 15 16 17 18 19 20 21 24 25 27 20_220 .0000719273792274885138333692008388100445
.2817382813 -7620.9829101562 1 2 3 4 6 7 9 11 12 13 15 17 18 20 21 22 24 25 27 28 20_221 .0000710233769562954863762793612620546913
.2822265625 -7620.9824218750 1 2 3 4 6 7 8 9 13 15 16 17 18 19 20 21 22 23 24 36 20_222 .0000701307366057140857682899355251084234
.2827148437 -7620.9819335938 1 3 4 5 6 7 8 9 10 11 12 14 16 18 19 20 21 22 23 46 20_223 .0000692493151921874017217518378276077792
.2832031250 -7620.9814453125 1 2 4 7 8 9 10 11 12 13 14 15 16 17 18 21 22 24 28 30 20_224 .0000683789715360629925871610872471836151
.2841796875 -7620.9804687500 1 2 6 7 8 9 10 11 12 13 15 16 17 18 20 21 22 23 24 44 20_225 .0000666709630417420902273816298050426328
.2856445313 -7620.9790039062 1 3 4 5 7 9 10 11 12 14 15 16 17 19 20 21 22 23 24 34 20_226 .0000641886103938659531318153133732777594
.2861328125 -7620.9785156250 1 2 3 5 6 7 8 9 10 11 12 15 16 18 19 20 22 23 24 27 20_227 .0000633818711744597626239916025774999196
.2866210937 -7620.9780273438 1 2 3 4 5 6 7 8 9 10 11 12 15 16 17 18 20 22 28 36 20_228 .0000625852712642570987372259520609340342
.2871093750 -7620.9775390625 1 2 3 4 5 7 8 9 10 11 12 15 17 18 19 20 22 24 25 36 20_229 .0000617986830696951871351087872181308260
.2880859375 -7620.9765625000 1 2 3 4 5 6 7 8 9 10 11 12 14 15 18 19 21 22 24 37 20_230 .0000602550407298097977418872391086236590
.2885742187 -7620.9760742188 1 2 3 4 5 6 8 10 11 12 14 15 17 18 19 20 22 23 24 39 20_231 .0000594977396412618473065511548803346281
.2895507813 -7620.9750976562 1 2 3 4 5 7 8 9 10 15 16 17 18 19 20 21 22 23 24 30 20_232 .0000580115714130417057470789722519565207
.2900390625 -7620.9746093750 1 2 3 4 7 8 9 11 12 14 15 17 18 19 20 21 22 24 25 28 20_233 .0000572824668327880708525646473902962916
.2910156250 -7620.9736328125 1 2 3 4 5 6 8 9 10 11 14 15 16 18 19 20 21 22 24 46 20_234 .0000558516330877315627306597771829128773
.2915039063 -7620.9731445312 1 2 3 4 6 7 8 9 11 12 13 14 15 16 17 19 20 21 22 41 20_235 .0000551496750336022501757160759394203988
.2924804687 -7620.9721679688 1 2 3 4 5 7 9 11 12 14 15 16 17 19 20 21 22 23 24 34 20_236 .0000537721155035857378653889407251477528
.2944335937 -7620.9702148438 1 2 3 4 5 6 7 8 9 10 12 16 18 19 20 21 22 23 24 30 20_237 .0000511193650449088703473246525804094869
.2949218750 -7620.9697265625 1 3 4 6 7 8 9 10 11 13 14 16 17 18 19 20 21 22 23 25 20_238 .0000504768833835600551969873091978217074
.2958984375 -7620.9687500000 1 3 4 5 6 8 9 10 11 13 14 15 16 18 19 20 21 23 24 32 20_239 .0000492160433380133549221591981368816844
.2968750000 -7620.9677734375 1 2 3 4 5 6 7 8 9 10 11 12 15 16 17 18 20 22 31 36 20_240 .0000479866972658242087392534144073326067
.2988281250 -7620.9658203125 1 2 3 5 6 7 8 9 10 11 12 15 16 18 20 21 23 24 27 34 20_241 .0000456193599946354919169532952603614421
.2993164063 -7620.9653320312 1 2 3 4 5 6 7 8 9 10 11 14 15 18 19 20 21 23 24 37 20_242 .0000450460038472484046758396756089275104
.2998046875 -7620.9648437500 1 2 3 4 5 6 7 13 15 16 17 18 19 20 21 22 23 24 36 37 20_243 .0000444798539063459572419995887561718644
.3002929687 -7620.9643554688 1 2 3 4 5 6 7 9 10 11 12 13 16 17 18 20 22 24 25 34 20_244 .0000439208194857607115693162050369758610
.3012695313 -7620.9633789062 1 2 3 4 7 9 10 12 13 15 16 17 18 19 20 21 22 23 24 34 20_245 .0000428237403887951159980572606039411230
.3022460937 -7620.9624023438 1 2 3 4 5 6 8 9 10 11 12 14 15 17 18 19 21 22 24 46 20_246 .0000417540649709872280067816378808763034
.3027343750 -7620.9619140625 1 3 4 5 6 8 10 11 13 14 15 16 17 19 20 21 22 23 24 32 20_247 .0000412292888708330273498205577668443949
.3032226563 -7620.9614257812 1 2 3 4 5 6 7 10 11 12 14 15 16 17 18 20 21 22 27 46 20_248 .0000407111082951022428580891624989541677
.3037109375 -7620.9609375000 1 3 4 7 8 9 10 11 12 13 14 15 16 17 18 20 22 24 28 30 20_249 .0000401994404536328119323582445830826544
.3041992187 -7620.9604492188 1 2 3 5 7 8 9 10 11 12 14 15 16 17 18 19 21 23 24 30 20_250 .0000396942033872259573077555831244236570
.3066406250 -7620.9580078125 1 2 3 4 7 9 11 13 14 15 16 17 18 19 20 21 22 24 26 34 20_251 .0000372616858499217600228339651439485735
.3076171875 -7620.9570312500 1 3 4 7 8 9 10 11 12 14 16 17 18 19 20 21 22 24 35 37 20_252 .0000363309424574035214850095645681959815
.3100585937 -7620.9545898438 1 2 3 4 7 8 10 11 12 14 15 16 17 18 20 21 22 23 24 26 20_253 .0000341045304469221542457440487076143529
.3105468750 -7620.9541015625 1 2 3 5 6 7 8 9 10 11 12 15 16 17 18 19 20 23 24 27 20_254 .0000336758957140413703536274655783492415
.3110351563 -7620.9536132812 1 2 5 7 8 9 10 11 12 13 14 15 16 17 18 19 21 22 24 44 20_255 .0000332526481755252097080148642846050621
.3115234375 -7620.9531250000 1 2 3 4 6 7 9 10 11 12 13 15 16 17 18 20 22 23 25 33 20_256 .0000328347202087456783290444654632840438
.3125000000 -7620.9521484375 1 2 3 4 5 6 7 10 11 13 14 16 18 19 20 21 22 23 24 32 20_257 .0000320145560593681136602014132063853562
.3134765625 -7620.9511718750 1 2 3 4 5 6 7 9 10 11 13 16 18 20 21 22 23 24 32 46 20_258 .0000312148784324170460405565421459744186
.3139648437 -7620.9506835938 2 5 6 7 9 10 11 12 13 14 15 16 17 18 20 21 22 23 24 44 20_259 .0000308225616879680378622335486431488418
.3149414063 -7620.9497070312 1 2 3 4 5 7 8 10 11 12 14 15 16 17 19 21 22 23 24 30 20_260 .0000300526582904741633534432656988446993
.3159179687 -7620.9487304688 1 2 3 4 5 6 8 10 11 12 14 15 17 18 19 21 22 23 24 46 20_261 .0000293019861277615425273958799015848859
.3183593750 -7620.9462890625 1 3 4 7 8 9 10 11 13 14 15 16 17 18 19 20 22 24 28 45 20_262 .0000275063185226380651275731807006213985
.3198242187 -7620.9448242188 1 2 4 7 9 10 12 13 15 16 17 18 19 20 21 22 23 24 25 34 20_263 .0000264821788532913785222425891374255775
.3203125000 -7620.9443359375 1 2 3 4 7 8 9 11 12 13 15 16 17 18 20 21 22 24 37 41 20_264 .0000261493438454454895685453047212975244
.3212890625 -7620.9433593750 1 3 5 7 8 9 10 11 13 14 15 16 18 19 20 21 22 23 24 34 20_265 .0000254961707952280915096167897965369894
.3217773437 -7620.9428710938 1 2 3 4 6 7 8 9 11 12 13 15 17 18 20 21 22 24 37 41 20_266 .0000251757282619035995441048707253775725
.3222656250 -7620.9423828125 1 3 6 7 8 9 10 11 13 14 15 16 18 19 20 21 22 23 24 32 20_267 .0000248593130696342062476514941324190645
.3247070313 -7620.9399414062 1 2 3 5 6 8 9 10 11 12 14 15 16 18 19 20 22 23 26 41 20_268 .0000233358988215306455384187008236028212
.3261718750 -7620.9384765625 1 3 4 5 6 10 11 12 14 15 16 17 18 19 20 22 23 24 34 39 20_269 .0000224670359206913073331363774178351913
.3266601563 -7620.9379882812 1 2 3 4 5 7 8 9 10 15 16 17 18 19 20 21 22 23 24 28 20_270 .0000221846642881166799511470073055597668
.3271484375 -7620.9375000000 1 3 4 5 6 8 9 10 11 14 15 16 17 18 19 20 21 22 23 32 20_271 .0000219058416334312943231462213489973772
.3281250000 -7620.9365234375 2 3 5 7 8 9 10 12 13 14 15 16 17 18 19 20 22 23 24 29 20_272 .0000213586651734078161881939403426657328
.3286132813 -7620.9360351562 2 4 5 6 9 10 11 12 13 14 15 16 17 18 20 21 22 23 24 44 20_273 .0000210902238366903367047940007641476711
.3291015625 -7620.9355468750 1 2 3 6 7 8 9 10 11 13 14 15 16 17 18 20 21 23 24 46 20_274 .0000208251563954307058432988297932475350
.3295898437 -7620.9350585938 1 2 3 4 7 8 10 11 12 14 15 16 17 18 20 21 22 23 26 34 20_275 .0000205634203909998153348686876670831867
.3305664063 -7620.9340820312 1 2 3 4 6 7 8 9 10 11 12 13 15 16 17 18 21 22 30 38 20_276 .0000200497756335199161390921862153738299
.3310546875 -7620.9335937500 1 3 6 7 8 9 10 11 13 14 15 16 17 18 19 20 21 22 23 36 20_277 .0000197977848170089414850567081495040238
.3320312500 -7620.9326171875 1 2 3 4 5 6 7 8 9 10 11 13 15 16 17 18 20 22 23 28 20_278 .0000193032645883980916676093130570738360
.3325195313 -7620.9321289062 1 2 3 5 6 7 8 9 10 11 12 14 16 17 18 20 22 23 24 37 20_279 .0000190606560682939298919549131847767544
.3334960937 -7620.9311523438 1 3 4 6 7 8 9 10 11 12 14 16 17 18 19 20 22 23 24 39 20_280 .0000185845483052065304237624085743234745
.3344726563 -7620.9301757812 1 2 5 6 7 8 9 10 11 12 14 15 16 17 18 19 20 22 29 47 20_281 .0000181203329351176465727539967781327255
.3349609375 -7620.9296875000 1 2 3 4 5 7 9 12 15 16 17 18 19 20 21 22 23 24 25 36 20_282 .0000178925918583478327563017774043871802
.3369140625 -7620.9277343750 1 2 3 4 6 7 8 9 11 13 15 16 17 18 20 21 22 24 37 41 20_283 .0000170098930689355941353839210770758652
.3374023437 -7620.9272460938 1 2 4 5 6 7 9 10 11 12 13 15 17 18 19 20 21 22 26 35 20_284 .0000167961082904147112884025483422535027
.3393554687 -7620.9252929688 1 2 3 4 5 7 8 9 10 11 12 15 17 18 19 20 22 24 31 36 20_285 .0000159675025427309922145831219219338716
.3398437500 -7620.9248046875 1 2 3 4 5 7 8 9 11 15 16 17 18 19 20 21 22 23 24 46 20_286 .0000157668187597412630549376202025358896
.3403320313 -7620.9243164062 1 2 3 4 5 6 7 8 9 10 12 15 16 17 18 19 22 23 24 26 20_287 .0000155686572234615181650474324537353293
.3417968750 -7620.9228515625 1 2 3 5 6 7 9 10 11 12 13 14 17 18 19 20 21 22 23 27 20_288 .0000149889911569944529703642164656807696
.3422851563 -7620.9223632812 1 2 3 4 6 7 8 10 11 12 14 15 16 17 18 20 21 22 35 46 20_289 .0000148006055631587644615741049555230265
.3432617187 -7620.9213867188 1 2 3 4 7 8 11 12 14 15 16 17 18 19 20 21 22 23 26 34 20_290 .0000144309077320995227512560863718160880
.3447265625 -7620.9199218750 1 3 4 7 9 10 11 12 13 15 16 17 18 19 20 22 23 24 25 34 20_291 .0000138936033287177197634955560904650963
.3461914063 -7620.9184570312 1 3 4 5 7 8 9 10 11 12 14 15 16 17 18 20 21 22 24 41 20_292 .0000133763043212024090548164030810960740
.3471679687 -7620.9174804688 1 2 3 4 6 7 8 9 11 12 13 14 15 17 18 20 21 22 43 47 20_293 .0000130421834858058954499676053133480141
.3486328125 -7620.9160156250 1 2 3 4 7 8 9 10 11 12 13 14 15 17 18 20 22 24 26 43 20_294 .0000125565852998338882815030831009123700
.3496093750 -7620.9150390625 1 2 4 5 6 7 8 10 11 12 14 15 16 17 18 20 21 22 35 40 20_295 .0000122429398344224896655818841038614483
.3530273437 -7620.9116210938 1 2 5 6 7 9 10 11 13 14 15 16 17 18 20 21 22 23 24 46 20_296 .0000112056044920945143660281397780774814
.3554687500 -7620.9091796875 1 2 3 4 5 6 7 8 10 11 12 15 16 18 20 21 23 24 33 34 20_297 .0000105189090273384065333507955804746573
.3569335937 -7620.9077148438 1 2 3 5 6 7 8 9 10 12 14 15 16 18 19 20 22 23 26 41 20_298 .0000101272596685090870521496971700900908
.3574218750 -7620.9072265625 1 2 3 4 5 7 8 9 11 13 15 16 17 18 19 20 22 24 36 41 20_299 .0000099999775981817565922982123043606567
.3583984375 -7620.9062500000 1 2 4 5 6 7 8 10 11 12 14 15 16 17 18 20 21 22 35 46 20_300 .0000097501925210297087841681014560085470
.3618164063 -7620.9028320312 2 3 4 5 7 8 9 12 13 14 15 16 17 18 19 20 22 23 24 29 20_301 .0000089240658131996401791125219523287530
.3632812500 -7620.9013671875 1 2 3 4 5 6 8 11 12 14 15 17 18 19 20 21 22 24 27 41 20_302 .0000085917970727051087855598568310361008
.3637695313 -7620.9008789062 1 2 3 4 6 7 8 9 10 11 13 15 16 17 18 20 21 22 31 36 20_303 .0000084838131012220117856579182369253154
.3642578125 -7620.9003906250 1 2 3 4 5 6 10 11 14 15 16 17 18 19 20 22 23 24 32 46 20_304 .0000083771863224699683897518763549440082
.3657226563 -7620.8989257812 1 2 4 5 6 7 8 10 11 12 15 16 17 18 20 21 22 24 35 40 20_305 .0000080652794637627461607104634729348629
.3662109375 -7620.8984375000 1 3 4 7 8 9 10 11 12 13 15 16 18 19 20 21 22 23 24 34 20_306 .0000079639129250736561769320129921289903
.3666992187 -7620.8979492188 1 2 4 5 7 8 9 12 13 15 16 17 18 19 20 21 22 24 29 36 20_307 .0000078638203875164517129219373259379728
.3671875000 -7620.8974609375 1 2 3 4 5 6 7 8 9 10 11 13 15 16 17 18 20 22 23 25 20_308 .0000077649858189985973845546013159382349
.3681640625 -7620.8964843750 1 2 3 5 7 8 9 10 11 12 13 14 15 16 17 18 19 21 24 34 20_309 .0000075710276263086672601349907562836926
.3691406250 -7620.8955078125 2 3 4 5 6 9 10 11 12 14 16 17 18 19 20 21 22 23 24 27 20_310 .0000073819142306844960601800332671388388
.3696289063 -7620.8950195312 1 2 3 4 5 7 8 9 13 15 16 17 18 19 20 21 22 24 29 36 20_311 .0000072891363858364998553667859450423342
.3710937500 -7620.8935546875 1 2 3 4 5 8 9 12 13 14 15 16 17 18 19 20 21 22 24 29 20_312 .0000070177407891531551174536733941166796
.3715820313 -7620.8930664062 1 2 3 6 7 8 9 10 11 13 14 15 16 17 18 20 21 23 24 37 20_313 .0000069295399721600358731755578578853303
.3730468750 -7620.8916015625 1 2 3 4 5 6 7 8 9 10 11 14 16 17 19 20 21 22 24 27 20_314 .0000066715331883742721524168116311384448
.3769531250 -7620.8876953125 1 2 3 4 7 8 9 10 11 13 15 16 17 18 20 21 22 24 25 35 20_315 .0000060295139841325686805747168882085908
.3774414063 -7620.8872070312 1 2 3 4 5 7 8 9 10 11 12 13 14 18 20 21 23 24 25 28 20_316 .0000059537334622452528157427012227488200
.3779296875 -7620.8867187500 1 2 3 4 5 7 9 12 15 16 17 18 19 20 21 22 23 24 36 46 20_317 .0000058789053851703322127981648835110522
.3784179687 -7620.8862304688 2 3 6 7 9 10 11 12 13 15 16 17 18 20 21 22 23 24 37 46 20_318 .0000058050177669107477418971396061600113
.3789062500 -7620.8857421875 1 2 3 4 5 7 8 9 13 15 16 17 18 19 20 21 22 24 36 42 20_319 .0000057320587726867838843498716715867770
.3813476563 -7620.8833007812 1 2 3 4 5 6 7 9 10 11 13 17 18 20 21 22 23 24 32 46 20_320 .0000053807900155486548137811800057463521
.3823242187 -7620.8823242188 1 2 3 4 5 6 7 8 9 10 11 13 15 17 18 20 21 22 31 36 20_321 .0000052463856231307401683511816397446667
.3828125000 -7620.8818359375 2 4 5 7 9 10 11 12 13 14 15 16 17 18 19 20 22 23 24 41 20_322 .0000051804476650151732488207376538838666
.3833007813 -7620.8813476562 1 2 3 4 5 6 7 8 9 10 11 13 15 16 17 18 20 22 31 36 20_323 .0000051153384325467034888608517697193621
.3857421875 -7620.8789062500 1 2 3 4 5 6 7 8 9 10 11 13 15 16 17 18 20 23 25 36 20_324 .0000048018631920612177842438038851855156
.3872070313 -7620.8774414062 3 4 5 8 9 10 11 12 14 16 17 18 19 20 21 22 23 24 31 36 20_325 .0000046230759469738898794823237866939925
.3876953125 -7620.8769531250 1 2 3 4 5 7 8 9 10 11 12 14 15 16 17 18 20 22 31 35 20_326 .0000045649719210753378877809048104064420
.3881835937 -7620.8764648438 1 3 4 5 6 7 8 9 10 11 12 14 15 18 19 21 22 23 24 37 20_327 .0000045075981617491595270279389656159219
.3886718750 -7620.8759765625 1 2 3 4 5 6 7 9 10 11 13 17 18 20 21 22 23 24 30 46 20_328 .0000044509454792851019778560500548048305
.3891601563 -7620.8754882812 1 2 3 4 5 6 7 8 10 11 12 14 15 16 17 18 20 22 31 35 20_329 .0000043950048226749923074221573997710235
.3901367187 -7620.8745117188 1 2 4 5 7 9 10 11 12 13 15 16 17 18 19 20 22 24 26 34 20_330 .0000042852239259742305663269667497852734
.3916015625 -7620.8730468750 1 3 4 5 6 8 9 10 11 14 15 16 18 19 20 21 22 24 30 46 20_331 .0000041256726539650906450637118987603385
.3925781250 -7620.8720703125 1 2 5 6 7 9 10 11 12 13 14 15 16 17 18 19 20 22 29 47 20_332 .0000040226192768893119823498684855942936
.3935546875 -7620.8710937500 1 2 4 5 7 10 11 12 13 15 16 17 18 19 20 21 22 24 26 34 20_333 .0000039221400251544073666576258725045415
.3945312500 -7620.8701171875 2 3 4 7 9 10 12 13 14 15 16 17 18 20 21 22 23 24 34 40 20_334 .0000038241706008066507641877668167096211
.3950195313 -7620.8696289062 1 2 3 4 7 8 9 11 12 14 15 16 17 18 20 21 22 23 28 37 20_335 .0000037761074161655839152874899899587779
.3955078125 -7620.8691406250 1 2 3 4 7 8 9 11 12 14 15 16 17 18 20 21 22 23 29 37 20_336 .0000037286483119628472487687080480095494
.3969726563 -7620.8676757812 1 2 3 4 5 6 7 9 10 11 13 15 16 17 18 20 22 23 31 36 20_337 .0000035898199586900007610460831688621337
.3979492187 -7620.8666992188 1 3 4 6 8 9 10 11 14 15 16 17 18 19 20 21 22 24 30 46 20_338 .0000035001514213482334983992205150370066
.3984375000 -7620.8662109375 1 2 3 4 5 6 7 8 9 10 11 12 13 15 16 17 18 23 30 38 20_339 .0000034561605952066205997639767367518460
.3994140625 -7620.8652343750 1 2 3 4 5 7 8 9 10 11 12 13 15 17 18 19 20 25 26 36 20_340 .0000033698306677195308264819414443783856
.3999023437 -7620.8647460938 1 2 3 4 5 6 8 9 10 11 14 16 17 19 20 22 23 24 32 46 20_341 .0000033274777557975289944102343143181178
.4008789063 -7620.8637695312 1 2 3 6 7 8 9 10 11 13 15 17 18 20 21 22 23 24 30 31 20_342 .0000032443621324042321779135531203645402
.4018554687 -7620.8627929688 1 2 4 5 7 9 10 11 12 13 14 15 16 17 18 19 20 22 23 41 20_343 .0000031633226344997561446339243086196044
.4033203125 -7620.8613281250 2 3 4 6 7 9 10 11 12 13 15 17 18 20 21 22 23 24 37 46 20_344 .0000030455429901151292276811224916538398
.4038085937 -7620.8608398438 1 2 4 6 7 8 10 11 13 14 15 16 17 18 20 21 22 24 27 35 20_345 .0000030072658104186472994601386587508778
.4042968750 -7620.8603515625 2 3 4 5 6 8 9 12 13 14 15 16 17 18 19 20 22 23 24 29 20_346 .0000029694697006215501934302658989090736
.4047851563 -7620.8598632812 1 2 7 8 9 11 12 14 15 16 17 18 19 20 21 22 23 24 41 46 20_347 .0000029321486223001693458168966927032102
.4057617187 -7620.8588867188 1 2 3 4 5 6 9 10 11 14 15 16 17 19 20 22 23 24 32 46 20_348 .0000028589077686484782367861816235640185
.4062500000 -7620.8583984375 1 2 3 4 6 7 9 11 12 13 15 16 17 18 20 22 23 25 33 48 20_349 .0000028229762618461017795386685334550431
.4067382813 -7620.8579101562 1 2 3 4 5 6 7 8 9 10 11 13 15 17 18 20 21 22 30 31 20_350 .0000027874963516972611473817814685022181
.4082031250 -7620.8564453125 1 2 3 4 5 6 8 11 14 15 17 18 19 20 21 22 24 27 32 36 20_351 .0000026837098129940609410474067216312309
.4086914063 -7620.8559570312 1 2 3 4 5 6 7 8 9 10 11 13 15 16 17 18 20 23 30 36 20_352 .0000026499802403024638272815551500900791
.4091796875 -7620.8554687500 1 2 3 4 5 6 8 11 14 15 17 18 19 20 21 22 24 27 32 41 20_353 .0000026166745965537445499585203455876561
.4101562500 -7620.8544921875 2 3 4 5 7 9 12 13 14 15 16 17 18 20 21 22 23 24 34 40 20_354 .0000025513138235355307442887838008460082
.4111328125 -7620.8535156250 1 2 3 4 6 7 8 9 11 12 14 15 16 17 18 20 21 22 43 47 20_355 .0000024875856687477858266155194773777163
.4121093750 -7620.8525390625 1 2 3 4 5 6 8 9 10 11 14 15 16 17 20 22 23 24 28 32 20_356 .0000024254493517320884040990627144862796
.4130859375 -7620.8515625000 1 2 4 6 7 8 10 11 13 14 15 16 17 18 20 21 22 24 27 37 20_357 .0000023648651106672943249626422906253747
.4135742187 -7620.8510742188 1 2 5 6 7 9 10 11 12 13 14 15 16 17 18 19 20 22 23 32 20_358 .0000023351428683306229428334428719092481
.4140625000 -7620.8505859375 1 2 3 4 5 7 8 9 13 15 16 17 18 19 20 21 22 24 36 40 20_359 .0000023057941769254405905297066209557820
.4160156250 -7620.8486328125 1 5 6 10 11 12 14 15 16 17 18 19 20 21 22 23 24 35 36 37 20_360 .0000021920419746330549178653887961717725
.4174804687 -7620.8471679688 1 2 3 4 5 6 7 8 9 10 11 15 17 18 20 22 24 26 30 43 20_361 .0000021104259218978578999985904945534628
.4189453125 -7620.8457031250 1 2 3 4 5 7 8 9 10 11 12 13 15 18 20 21 23 24 28 29 20_362 .0000020318486652278199057735788286856341
.4194335937 -7620.8452148438 1 2 3 4 5 7 8 9 11 13 15 16 17 18 19 20 22 24 36 42 20_363 .0000020063118605504897125379161195457776
.4199218750 -7620.8447265625 1 2 3 5 6 9 10 11 14 15 16 18 19 20 21 22 23 24 32 47 20_364 .0000019810960039721089884353954078673088
.4204101563 -7620.8442382812 1 2 3 4 5 6 7 9 10 11 13 14 17 18 19 20 22 23 30 46 20_365 .0000019561970669292619901290230748422904
.4213867187 -7620.8432617188 1 2 3 5 6 7 8 9 11 12 13 14 15 16 18 20 21 22 29 47 20_366 .0000019073340788790722532973251775884353
.4233398437 -7620.8413085938 1 2 3 4 5 7 8 9 10 11 12 13 14 18 20 21 23 24 28 29 20_367 .0000018132391877777712468922805351105869
.4252929687 -7620.8393554688 1 2 3 4 7 8 9 10 11 12 15 16 17 18 20 21 22 23 26 28 20_368 .0000017237862986358590456820421133205920
.4257812500 -7620.8388671875 1 2 4 5 7 8 9 10 11 12 13 14 15 16 17 18 21 22 29 43 20_369 .0000017021212978287296766373026808574899
.4262695313 -7620.8383789062 2 3 7 8 9 11 13 14 15 16 17 18 19 20 21 22 23 24 28 32 20_370 .0000016807285884653508236061183053338265
.4267578125 -7620.8378906250 1 2 3 6 7 8 9 11 13 14 15 16 18 19 20 21 22 23 24 25 20_371 .0000016596047526139085538727301684680509
.4282226563 -7620.8364257812 2 4 5 7 9 10 12 13 14 16 17 18 19 20 21 22 23 24 31 37 20_372 .0000015978128710492214642341378667938040
.4301757813 -7620.8344726562 1 2 3 4 7 8 9 10 11 13 15 16 17 18 20 22 24 35 36 37 20_373 .0000015189876511957645505560317429213256
.4306640625 -7620.8339843750 1 2 3 4 5 6 7 8 10 11 12 15 16 20 21 23 24 25 27 30 20_374 .0000014998966176853955650739079527868948
.4311523437 -7620.8334960938 1 2 3 4 7 8 9 10 11 13 15 16 17 18 20 22 24 25 35 36 20_375 .0000014810455252701415520490967132931089
.4321289063 -7620.8325195312 1 2 3 4 5 6 7 8 10 11 14 15 16 17 20 22 23 24 28 32 20_376 .0000014440511315759374424951338633928245
.4335937500 -7620.8310546875 2 3 7 8 9 11 13 14 15 16 17 18 19 20 21 22 23 24 32 48 20_377 .0000013902849379213876119957115886795498
.4340820313 -7620.8305664062 1 2 3 4 5 7 8 9 10 11 12 13 15 17 18 19 20 22 25 26 20_378 .0000013728114701684283615790286735211624
.4355468750 -7620.8291015625 1 2 3 4 5 8 11 14 15 16 17 18 19 20 21 22 23 24 34 48 20_379 .0000013216977348288002366702987219821701
.4360351563 -7620.8286132812 1 3 4 6 10 11 12 14 15 16 17 18 19 20 21 22 23 24 34 39 20_380 .0000013050862891324819811577276997288164
.4404296875 -7620.8242187500 1 2 3 4 5 8 10 11 14 15 17 18 19 20 21 22 24 27 32 36 20_381 .0000011646702057021319039461154912476170
.4423828125 -7620.8222656250 1 2 3 4 7 8 11 13 14 15 16 17 18 19 20 22 23 24 29 34 20_382 .0000011072132990238445926469711918905539
.4428710937 -7620.8217773438 1 2 3 4 5 6 8 10 11 14 15 18 19 20 21 22 24 27 32 36 20_383 .0000010932975531136323158149423784429950
.4467773437 -7620.8178710938 1 3 4 6 7 8 9 10 11 12 13 14 15 17 18 19 20 24 37 46 20_384 .0000009880866510270521171959020922224851
.4472656250 -7620.8173828125 1 2 3 4 5 7 8 9 10 11 12 13 14 18 20 21 23 24 28 39 20_385 .0000009756681174136016160411328283745272
.4516601563 -7620.8129882812 1 2 3 4 5 8 11 14 15 16 17 18 19 20 21 22 23 24 27 34 20_386 .0000008706945996781742227718031848003840
.4521484375 -7620.8125000000 1 2 3 4 6 7 9 11 12 13 15 16 17 18 20 22 23 25 33 45 20_387 .0000008597514825523253447789328452709393
.4531250000 -7620.8115234375 1 2 3 4 6 7 9 11 13 16 17 18 20 21 22 23 24 34 37 41 20_388 .0000008382761254035285816944642589268119
.4550781250 -7620.8095703125 2 4 5 7 9 10 12 13 14 16 17 18 19 20 21 22 23 24 37 40 20_389 .0000007969212827432320914974905542967915
.4555664063 -7620.8090820312 1 2 3 4 5 6 7 8 10 11 12 13 15 16 17 18 20 23 30 38 20_390 .0000007869053658934962409741800816859881
.4560546875 -7620.8085937500 1 3 6 7 8 9 10 11 13 14 15 16 18 19 20 21 22 23 32 46 20_391 .0000007770153337408742268114234916138973
.4584960937 -7620.8061523438 1 2 3 4 5 7 9 10 12 13 14 16 18 19 20 21 23 24 31 37 20_392 .0000007293987250223646482950683257178461
.4609375000 -7620.8037109375 1 2 3 4 5 6 7 8 10 11 12 13 15 16 17 18 20 23 30 36 20_393 .0000006847001282777526725559916551798129
.4614257813 -7620.8032226562 1 2 3 4 5 7 8 10 11 12 14 15 16 19 21 22 23 24 25 30 20_394 .0000006760946364928845610340555787115885
.4619140625 -7620.8027343750 1 2 3 4 6 7 8 9 11 12 14 15 16 17 20 21 22 23 26 28 20_395 .0000006675973025275257337870673429065228
.4624023437 -7620.8022460938 1 2 3 4 5 6 7 8 10 11 12 15 18 20 21 23 24 25 40 43 20_396 .0000006592067652746706311227566886338005
.4633789063 -7620.8012695312 1 2 4 5 7 9 10 12 13 14 15 16 17 18 19 20 22 23 25 36 20_397 .0000006427407254505363917525183177513736
.4643554687 -7620.8002929688 1 5 6 10 11 12 14 15 16 17 18 19 20 21 22 23 24 31 35 37 20_398 .0000006266859869387566261526214008343777
.4663085937 -7620.7983398438 1 2 3 5 6 8 9 10 12 14 15 16 18 19 20 22 23 26 27 41 20_399 .0000005957695626223784867575265992663064
.4667968750 -7620.7978515625 1 2 3 4 5 6 7 8 9 10 11 12 15 17 20 22 23 24 26 45 20_400 .0000005882817736398976881229421460331925
.4707031250 -7620.7939453125 1 2 5 6 9 10 12 15 16 17 18 19 20 21 22 23 24 35 36 37 20_401 .0000005316698696715055901940340863952053
.4711914063 -7620.7934570312 1 2 3 4 5 6 8 10 11 14 15 18 19 20 21 22 24 27 32 37 20_402 .0000005249877025347352417381489802398543
.4726562500 -7620.7919921875 1 4 5 6 10 11 12 13 14 15 16 18 19 20 21 22 24 27 28 29 20_403 .0000005054408943480090355706050336838200
.4731445313 -7620.7915039062 1 3 4 6 7 8 9 10 11 12 13 14 15 17 18 19 20 28 37 46 20_404 .0000004990883798903459650178633035491861
.4755859375 -7620.7890625000 1 3 4 5 6 10 11 12 14 15 16 17 18 19 20 22 24 34 35 39 20_405 .0000004685035316006997394017157736652493
.4785156250 -7620.7861328125 1 2 3 4 5 6 7 8 10 11 13 15 16 20 21 23 24 27 32 46 20_406 .0000004342655324822204239396480819301381
.4804687500 -7620.7841796875 1 2 4 5 7 9 10 12 13 14 15 16 17 18 19 20 22 23 25 45 20_407 .0000004128418246795593116140611853924709
.4819335937 -7620.7827148438 1 2 3 4 5 7 8 9 10 11 12 13 14 19 20 21 23 24 25 42 20_408 .0000003974705313721023250962291058738188
.4824218750 -7620.7822265625 1 4 5 6 7 9 10 11 12 13 14 17 18 19 20 21 22 27 28 37 20_409 .0000003924750169108252387555569777384502
.4853515625 -7620.7792968750 1 2 3 4 5 6 7 8 10 11 13 15 16 20 21 23 24 27 30 46 20_410 .0000003637931428658059394477581471207064
.4868164063 -7620.7778320312 1 2 3 4 5 6 8 11 14 15 16 18 19 20 21 22 23 26 27 29 20_411 .0000003502480727142511213967358692812948
.4873046875 -7620.7773437500 1 3 4 5 6 7 8 10 11 12 14 15 16 20 21 22 23 24 25 30 20_412 .0000003458460634629802801537381480977310
.4912109375 -7620.7734375000 3 7 8 9 10 11 13 14 15 16 17 18 19 20 21 22 23 24 27 48 20_413 .0000003125643861955191814940593537473349
.4916992187 -7620.7729492188 1 2 3 4 5 6 7 8 11 14 15 17 19 20 21 22 24 27 32 41 20_414 .0000003086359953581683055192266184312785
.4926757813 -7620.7719726562 1 2 4 5 7 8 9 10 11 12 13 15 18 20 21 23 24 25 28 29 20_415 .0000003009267107172386944795176330055873
.4941406250 -7620.7705078125 1 3 4 6 7 9 11 12 13 14 15 17 18 19 20 21 22 27 28 37 20_416 .0000002897223402829367146873138117855056
.4956054687 -7620.7690429688 1 4 5 6 7 9 10 11 12 13 14 15 17 18 19 20 22 24 25 37 20_417 .0000002789351409150709748161246531409059
.4960937500 -7620.7685546875 1 2 3 4 5 6 8 12 14 15 16 18 19 20 21 22 23 25 26 29 20_418 .0000002754294105018265561825139850981799
.4985351563 -7620.7661132812 1 2 3 4 5 6 7 8 10 11 13 15 16 20 21 23 24 32 42 46 20_419 .0000002585507024244990921710253414531009
.4990234375 -7620.7656250000 3 4 5 6 8 9 10 11 12 14 16 17 18 19 20 22 23 24 36 42 20_420 .0000002553011696713987784211663016506781
.5014648437 -7620.7631835938 1 2 3 4 5 7 8 10 11 14 15 18 19 20 21 22 24 27 32 37 20_421 .0000002396559495917717526706969511506038
.5019531250 -7620.7626953125 3 7 8 9 10 11 13 14 15 16 17 18 19 20 21 22 23 24 27 35 20_422 .0000002366438904139908620320630029213949
.5034179687 -7620.7612304688 1 2 4 5 7 9 10 12 13 14 15 16 17 18 19 20 22 23 28 45 20_423 .0000002278329550108384695387168446264221
.5083007813 -7620.7563476562 1 2 3 4 5 6 7 11 14 15 17 18 19 20 21 22 24 27 37 41 20_424 .0000002007647035312759920954915746248892
.5092773437 -7620.7553710938 1 3 4 5 6 7 10 11 13 15 16 17 19 20 21 22 24 27 32 39 20_425 .0000001957498901081336078506193555307752
.5117187500 -7620.7529296875 3 7 8 9 10 11 13 14 15 16 17 18 19 20 21 22 23 24 27 39 20_426 .0000001837540569642282763925858872343563
.5131835937 -7620.7514648438 1 4 5 6 10 11 12 13 14 15 16 18 19 20 21 22 24 27 28 45 20_427 .0000001769123627918302419630743087623792
.5146484375 -7620.7500000000 1 2 3 4 5 6 7 8 9 10 11 12 15 18 20 23 24 25 30 43 20_428 .0000001703254042092255452926694498770753
.5151367187 -7620.7495117188 1 2 3 4 5 6 8 11 14 15 16 18 19 20 21 22 23 26 29 34 20_429 .0000001681847100456714825961358067901797
.5156250000 -7620.7490234375 1 2 3 4 5 6 7 8 11 14 15 17 19 20 21 22 23 24 27 41 20_430 .0000001660709202552724065653754350366756
.5161132813 -7620.7485351562 1 2 3 4 5 6 7 8 9 10 11 12 15 18 20 23 24 25 31 43 20_431 .0000001639836971324186860588136318116587
.5170898437 -7620.7475585938 1 3 4 6 8 10 11 13 14 15 16 17 18 19 20 22 23 24 32 33 20_432 .0000001598876203266266775826282825886661
.5180664063 -7620.7465820312 1 3 4 5 7 8 9 11 12 14 15 16 17 18 21 22 23 24 33 34 20_433 .0000001558938568181661410304980372817832
.5195312500 -7620.7451171875 1 4 5 6 7 10 11 12 13 15 16 17 18 19 20 22 24 27 37 45 20_434 .0000001500894783498685213732632852720518
.5224609375 -7620.7421875000 1 2 3 4 5 7 8 9 10 11 12 13 14 19 20 21 23 24 25 37 20_435 .0000001391210158286179266585186488037417
.5249023437 -7620.7397460938 1 3 4 5 6 7 10 11 12 13 15 16 19 20 21 22 24 27 32 39 20_436 .0000001305954814053267858680590155447058
.5263671875 -7620.7382812500 1 3 4 6 7 8 11 13 14 15 16 17 18 19 20 22 23 24 32 33 20_437 .0000001257330341827749972898366127586254
.5312500000 -7620.7333984375 1 2 3 4 5 6 7 8 10 11 12 15 16 20 21 23 24 32 42 46 20_438 .0000001107950138116668697966488038687334
.5327148437 -7620.7319335938 1 2 4 7 8 10 11 12 14 15 16 17 18 20 21 22 24 25 33 34 20_439 .0000001066697955016645653141191168559943
.5336914063 -7620.7309570312 1 2 3 4 5 6 8 11 12 14 15 16 18 20 21 22 23 26 29 45 20_440 .0000001040053369534716996570274829769004
.5351562500 -7620.7294921875 1 2 3 4 5 7 9 10 12 13 14 16 17 18 19 20 22 23 39 45 20_441 .0000001001329179196357045636439135266334
.5361328125 -7620.7285156250 1 2 3 4 5 6 8 11 14 15 17 19 20 21 22 24 27 30 32 41 20_442 .0000000976317414537440587075233663566657
.5371093750 -7620.7275390625 1 2 4 5 7 8 10 11 12 13 14 15 16 17 18 21 22 23 29 43 20_443 .0000000951930407834599177358855117845781
.5375976563 -7620.7270507812 1 2 3 5 6 7 8 9 11 13 15 16 18 20 21 22 23 24 32 44 20_444 .0000000939966295420903630322017034837448
.5405273437 -7620.7241210938 1 2 3 4 5 7 9 10 11 12 13 14 16 18 19 20 22 23 35 45 20_445 .0000000871274040259621793378799565404955
.5429687500 -7620.7216796875 1 2 4 7 8 9 10 11 12 15 16 17 18 20 21 22 26 28 34 48 20_446 .0000000817881121347651471069823865690492
.5434570313 -7620.7211914062 1 2 4 6 7 8 9 10 11 12 13 14 15 16 17 19 20 22 28 33 20_447 .0000000807601775718697801520584136536476
.5463867187 -7620.7182617188 3 4 5 8 9 10 11 14 16 17 18 19 20 21 22 23 24 31 36 42 20_448 .0000000748582651823907795193000611437215
.5468750000 -7620.7177734375 1 4 5 6 10 11 12 13 15 16 17 18 19 20 21 22 24 27 28 45 20_449 .0000000739174267635680769596821479889220
.5478515625 -7620.7167968750 1 3 4 7 8 10 11 13 14 15 16 17 18 19 20 22 23 24 31 33 20_450 .0000000720710756127039178811162103199863
.5483398437 -7620.7163085938 1 3 4 5 7 8 9 11 14 15 16 17 18 20 21 22 23 24 34 48 20_451 .0000000711652675117839833168870190828536
.5502929687 -7620.7143554688 1 2 3 4 7 8 9 11 12 14 15 16 17 20 21 22 23 26 28 37 20_452 .0000000676544572290611825975241600257500
.5507812500 -7620.7138671875 1 2 4 5 6 7 9 10 11 12 13 14 17 18 20 21 23 24 28 29 20_453 .0000000668041581684215675423584406188655
.5512695313 -7620.7133789062 1 2 3 4 5 7 9 10 11 12 13 16 18 19 20 22 23 24 44 45 20_454 .0000000659645458906213548438680721825379
.5517578125 -7620.7128906250 1 4 5 6 7 9 10 11 12 13 14 15 17 18 19 20 24 28 34 37 20_455 .0000000651354862500753866713468412687064
.5527343750 -7620.7119140625 1 2 3 4 7 8 9 10 11 12 14 15 17 18 19 20 21 22 29 48 20_456 .0000000635084953594888422482353409849326
.5546875000 -7620.7099609375 1 2 3 4 5 6 8 11 14 15 17 19 20 21 22 24 27 29 30 44 20_457 .0000000603754181387585671872827821690440
.5556640625 -7620.7089843750 1 4 6 7 8 9 10 11 13 14 16 17 18 19 20 21 22 23 25 35 20_458 .0000000588673269125723172988381986031047
.5576171875 -7620.7070312500 1 2 3 4 5 6 7 8 9 10 11 12 16 18 20 23 24 25 27 30 20_459 .0000000559632133770355959982740859607267
.5590820313 -7620.7055664062 1 2 4 7 8 9 10 11 12 14 15 17 18 19 20 21 22 29 36 48 20_460 .0000000538795411969417711075118083033331
.5610351563 -7620.7036132812 1 3 6 7 8 9 10 11 13 14 15 18 19 20 21 22 23 24 32 34 20_461 .0000000512214910851890469303239755180849
.5664062500 -7620.6982421875 1 2 3 4 5 7 8 9 10 11 12 13 14 19 20 21 23 24 25 47 20_462 .0000000445687156762296638514426382543825
.5668945313 -7620.6977539062 1 3 4 7 10 11 12 14 15 16 17 18 19 20 21 22 24 34 36 37 20_463 .0000000440085643037176764559678296339836
.5678710937 -7620.6967773438 1 2 4 7 8 9 10 11 12 14 15 17 18 19 20 21 22 28 29 48 20_464 .0000000429092936893034878591020984563157
.5708007813 -7620.6938476562 1 2 3 4 6 7 8 11 14 15 16 17 19 20 21 22 23 25 30 35 20_465 .0000000397735042903270041595537732928649
.5712890625 -7620.6933593750 3 4 5 8 9 10 11 13 14 16 17 18 19 20 22 23 24 31 36 42 20_466 .0000000392736205008612411323932198174649
.5747070313 -7620.6899414062 1 2 3 4 5 6 8 11 12 14 15 16 18 20 21 22 23 26 34 45 20_467 .0000000359459952525428107762451327885844
.5751953125 -7620.6894531250 2 3 4 7 8 9 10 11 12 13 17 18 19 20 22 23 24 25 26 27 20_468 .0000000354942165962847178537804257967648
.5795898437 -7620.6850585938 1 3 4 6 7 8 10 11 13 14 15 17 18 19 20 22 24 25 27 32 20_469 .0000000316753435298978412562744581674905
.5830078125 -7620.6816406250 1 3 5 10 11 12 14 15 16 17 18 19 20 21 22 23 24 34 35 37 20_470 .0000000289915147528454055988255822943878
.5864257813 -7620.6782226562 1 2 3 4 6 7 8 11 14 15 16 17 19 20 21 22 23 25 26 30 20_471 .0000000265350848325010601776227752400662
.5883789063 -7620.6762695312 1 2 3 4 5 6 7 9 10 11 12 15 18 20 22 23 24 25 27 45 20_472 .0000000252260242199284930916712468454989
.5898437500 -7620.6748046875 1 2 4 7 9 10 11 13 15 16 17 18 20 21 22 23 24 34 37 44 20_473 .0000000242867864923399555716849164022198
.5913085937 -7620.6733398438 1 2 4 7 8 9 10 11 13 14 16 17 18 19 20 21 22 23 25 35 20_474 .0000000233825192976120330744921462599746
.5927734375 -7620.6718750000 1 3 4 5 7 10 11 12 14 15 16 18 19 20 21 22 24 34 36 37 20_475 .0000000225119205235085078104956881558756
.5932617187 -7620.6713867188 1 2 3 5 6 7 9 11 13 14 15 16 18 20 21 22 23 24 32 44 20_476 .0000000222289848269880392199563817786173
.5942382813 -7620.6704101562 3 7 8 9 11 12 13 14 15 17 18 19 20 21 22 23 24 27 28 43 20_477 .0000000216737366579879070024378502869767
.5986328125 -7620.6660156250 2 3 4 7 8 9 10 11 12 14 17 18 19 20 22 23 24 25 26 27 20_478 .0000000193418286146979579120086676327515
.5991210937 -7620.6655273438 1 2 4 7 8 9 10 11 12 13 14 15 16 17 19 20 21 22 28 33 20_479 .0000000190987354612122595447031779524406
.6010742187 -7620.6635742188 1 2 3 4 7 8 9 10 11 12 13 15 17 20 21 22 23 24 26 29 20_480 .0000000181565337497787473545662292259349
.6020507813 -7620.6625976562 1 2 3 4 5 6 8 11 14 15 17 19 20 21 22 24 27 30 32 42 20_481 .0000000177030095695960326732549912550193
.6030273437 -7620.6616210938 1 2 3 4 5 6 7 8 11 12 13 15 16 20 21 23 24 27 30 46 20_482 .0000000172608138625911997368221444350133
.6035156250 -7620.6611328125 1 3 6 7 9 10 11 13 14 15 16 18 19 20 21 22 24 25 27 39 20_483 .0000000170438754018546903543844552215151
.6040039063 -7620.6606445312 3 5 6 9 11 12 13 14 15 17 18 19 20 21 22 23 24 28 37 43 20_484 .0000000168296634809048547976366948857580
.6103515625 -7620.6542968750 3 7 8 10 11 13 14 15 16 17 18 19 20 21 22 23 24 27 36 39 20_485 .0000000142780039751549378219608651290015
.6127929687 -7620.6518554688 1 2 4 7 9 10 11 13 15 16 17 18 20 21 22 24 26 34 37 44 20_486 .0000000134030275119581304545482407559025
.6132812500 -7620.6513671875 1 4 5 6 11 12 14 15 16 17 18 19 20 21 22 23 24 25 31 39 20_487 .0000000132345747274718264518418140358998
.6137695313 -7620.6508789062 1 2 3 4 5 6 9 10 12 13 14 15 16 18 20 21 22 23 34 45 20_488 .0000000130682391020061893782099426789732
.6157226563 -7620.6489257812 1 4 5 6 9 11 12 14 15 17 18 19 20 21 22 23 24 28 37 43 20_489 .0000000124235410657231613095470159840148
.6171875000 -7620.6474609375 1 2 4 5 6 11 12 14 15 17 18 19 20 21 22 23 24 25 28 31 20_490 .0000000119609767560467086072594530552426
.6298828125 -7620.6347656250 3 4 5 6 7 8 10 11 12 14 15 16 17 18 19 20 22 31 34 39 20_491 .0000000086089617490093468069051963230137
.6503906250 -7620.6142578125 1 2 3 4 5 7 9 10 12 13 16 18 19 20 21 22 24 35 36 44 20_492 .0000000050611384965681155695690506980028
.6567382813 -7620.6079101562 1 3 6 7 9 10 11 13 14 15 16 18 19 20 21 22 25 27 39 46 20_493 .0000000042937849272873172177112249350984
.6611328125 -7620.6035156250 1 3 4 6 7 9 10 11 13 14 15 16 18 19 20 21 22 24 27 39 20_494 .0000000038318105217614368597808153462305
.6655273437 -7620.5991210938 1 4 7 8 9 10 11 12 14 15 17 18 19 20 22 24 25 28 33 44 20_495 .0000000034195405972412744677978843465629
.6660156250 -7620.5986328125 1 4 5 6 7 8 9 10 11 12 14 15 17 18 19 20 22 24 34 44 20_496 .0000000033765629091961429567728067825439
.6752929687 -7620.5893554688 1 2 5 7 8 10 11 12 13 14 15 16 17 18 21 22 23 24 28 43 20_497 .0000000026552743728042376402393431092661
.6806640625 -7620.5839843750 1 3 4 5 6 7 10 11 12 13 16 19 20 21 22 24 27 37 39 41 20_498 .0000000023104006882683185953993784737856
.7036132813 -7620.5610351562 1 2 3 4 6 7 8 11 15 17 19 20 21 22 24 25 27 29 30 44 20_499 .0000000012750292805539392516618368447272
.7084960937 -7620.5561523438 1 3 4 6 7 10 13 15 16 18 19 20 21 22 23 24 31 34 37 43 20_500 .0000000011235463140881473695335030069303
.7109375000 -7620.5537109375 1 2 3 4 6 7 8 10 11 15 17 19 20 21 22 24 25 27 29 30 20_501 .0000000010546937895436585017594219481842
.7133789063 -7620.5512695312 1 2 3 4 5 6 11 14 15 17 18 19 20 21 22 25 26 27 30 47 20_502 .0000000009900606461467967309307553094101
.7148437500 -7620.5498046875 1 2 3 4 5 6 7 9 11 18 19 20 21 22 24 27 32 37 39 41 20_503 .0000000009531978292655247262978666489828
.7226562500 -7620.5419921875 1 2 3 5 6 7 9 13 14 15 16 18 20 21 22 23 24 32 41 44 20_504 .0000000007785676535377956394154609579559
.7348632813 -7620.5297851562 1 3 4 7 8 10 13 14 15 16 17 18 19 20 22 23 24 27 31 33 20_505 .0000000005675098525490260043920779053132
.7353515625 -7620.5292968750 1 2 3 4 6 7 9 11 13 16 18 20 21 22 24 25 27 34 37 41 20_506 .0000000005603772405070853785866991073812
.7402343750 -7620.5244140625 1 2 3 4 5 6 7 10 12 13 16 18 19 20 21 22 24 35 36 44 20_507 .0000000004938002530939637700886404094536
.7441406250 -7620.5205078125 1 3 4 6 7 10 13 15 16 18 19 20 21 22 23 24 31 32 37 43 20_508 .0000000004462805546087355957860771104696
.7456054687 -7620.5190429688 1 3 4 5 6 7 8 11 14 15 17 19 20 21 22 24 27 29 30 44 20_509 .0000000004296642408240797104686001422427
.7465820313 -7620.5180664062 1 4 7 8 9 10 11 12 14 15 17 18 19 20 22 25 28 33 37 48 20_510 .0000000004189318441420343938103110470842
.7539062500 -7620.5107421875 1 2 3 4 5 8 11 14 15 17 18 19 20 21 22 23 26 36 39 47 20_511 .0000000003465369940890417234362328071751
.7607421875 -7620.5039062500 1 2 3 4 5 6 11 14 15 17 18 19 20 21 22 25 26 30 36 47 20_512 .0000000002903011470386108420492882159833
.7675781250 -7620.4970703125 1 4 7 8 9 10 11 12 14 15 17 18 19 20 22 25 28 33 45 48 20_513 .0000000002431912246294806455872997285598
.7734375000 -7620.4912109375 3 4 6 7 10 11 12 13 14 16 18 19 20 21 22 25 26 27 39 46 20_514 .0000000002089454332636761127640937804216
.7753906250 -7620.4892578125 1 2 3 4 6 7 9 11 15 16 18 20 21 22 24 25 27 32 34 37 20_515 .0000000001986374866869472871078281576191
.7905273437 -7620.4741210938 1 2 3 4 5 8 11 14 15 17 18 19 20 21 22 26 32 36 39 47 20_516 .0000000001342087260249009722658580161585
.7919921875 -7620.4726562500 1 3 6 7 10 11 13 14 15 16 18 19 20 21 22 25 27 34 39 46 20_517 .0000000001292117472620861675441321117456
.7949218750 -7620.4697265625 3 4 6 7 10 13 15 16 18 19 20 21 22 23 24 31 32 34 37 43 20_518 .0000000001197690186795683258401815483304
.8002929687 -7620.4643554688 1 4 5 6 7 11 12 14 15 16 18 19 21 22 23 24 25 29 32 41 20_519 .0000000001042131188932572072676820321411
.8046875000 -7620.4599609375 1 4 7 8 9 10 11 12 13 14 15 16 17 18 19 21 28 33 36 40 20_520 .0000000000930006814986589611322540409005
.8051757813 -7620.4594726562 1 2 3 4 5 7 11 13 14 15 16 20 21 22 23 24 31 32 41 44 20_521 .0000000000918318244069611598443544824638
.8134765625 -7620.4511718750 1 2 3 4 6 7 9 11 15 16 18 20 21 22 24 27 32 37 41 46 20_522 .0000000000740650988620711433519846720629
.8178710937 -7620.4467773438 1 2 3 4 6 7 9 11 14 16 18 20 21 22 24 25 27 32 34 37 20_523 .0000000000660963299096314093593553313291
.8320312500 -7620.4326171875 1 2 3 4 5 6 8 10 11 12 15 17 18 19 22 26 27 32 36 47 20_524 .0000000000458018186165883649152874194916
.8476562500 -7620.4169921875 1 3 4 6 7 8 10 11 13 14 15 16 17 18 19 23 24 30 33 37 20_525 .0000000000305569037518671799736671681800
.8540039063 -7620.4106445312 3 4 6 7 10 13 15 16 18 19 20 21 22 23 24 32 34 39 41 43 20_526 .0000000000259239641126803028326813667193
.8676757813 -7620.3969726562 1 2 3 4 5 6 8 10 11 12 13 14 15 16 20 23 26 28 37 45 20_527 .0000000000181928067922050237484373691594
.8842773437 -7620.3803710938 1 5 6 8 9 11 12 13 14 15 16 18 19 21 22 23 24 25 36 41 20_528 .0000000000118342433672460076033063590041
.8906250000 -7620.3740234375 1 2 3 4 5 7 11 13 14 16 18 20 21 22 23 24 25 30 31 32 20_529 .0000000000100399733835750282595568481730
.8979492187 -7620.3666992188 1 2 3 4 5 6 8 10 12 13 14 15 16 18 20 23 26 31 37 45 20_530 .0000000000083049838433826062982694445653
.9233398437 -7620.3413085938 1 5 6 9 11 12 13 14 15 16 18 19 21 22 23 24 25 32 36 41 20_531 .0000000000043023630540195315383809291293
.9267578125 -7620.3378906250 1 2 3 4 5 6 8 11 12 15 17 18 19 22 24 26 27 32 36 47 20_532 .0000000000039378269673688538765200052275
.9404296875 -7620.3242187500 3 4 6 7 10 11 12 13 14 16 17 18 19 20 21 25 26 27 45 46 20_533 .0000000000027634710836308612620613428672
.9443359375 -7620.3203125000 1 4 5 6 9 11 13 14 15 16 18 19 21 22 23 24 25 32 36 41 20_534 .0000000000024975349852915253749682362653
.9736328125 -7620.2910156250 1 5 6 9 11 12 13 14 15 16 18 19 21 22 23 24 25 36 37 41 20_535 .0000000000011693284060974677672419871331
1.0170898437 -7620.2475585938 1 2 3 4 5 7 11 14 16 18 20 21 22 23 24 25 31 32 39 42 20_536 .0000000000003793733309566484747604810030
1.0693359375 -7620.1953125000 3 4 5 6 7 10 15 16 18 19 20 22 23 24 31 32 34 41 43 46 20_537 .0000000000000980222281463807834548521484
1.1020507813 -7620.1625976562 1 3 4 6 7 8 9 10 12 13 14 17 18 19 20 21 23 31 33 48 20_538 .0000000000000420048137226332972169132660
1.1665039063 -7620.0981445312 1 2 3 4 6 7 10 11 12 13 16 17 19 21 24 25 27 35 41 46 20_539 .0000000000000079110455653933552384452250
1.1806640625 -7620.0839843750 1 3 4 5 6 7 10 15 16 19 20 21 22 24 31 32 34 41 43 46 20_540 .0000000000000054820029415805729439738973
1.2309570313 -7620.0336914062 2 3 4 5 6 11 13 14 15 16 18 19 20 21 23 25 31 36 46 47 20_541 .0000000000000014899397566904962205754651
1.2368164063 -7620.0278320312 1 2 3 4 5 6 7 10 12 13 14 16 17 19 20 21 26 32 37 45 20_542 .0000000000000012801288717254679983071454
1.2558593750 -7620.0087890625 1 3 4 5 6 7 10 15 16 19 20 21 22 24 26 31 32 34 43 46 20_543 .0000000000000007816816029921126851872114
1.2666015625 -7619.9980468750 2 3 4 6 7 10 11 12 13 14 16 20 21 22 26 27 33 40 46 47 20_544 .0000000000000005918146268954234419770118
1.2880859375 -7619.9765625000 1 2 4 5 7 10 12 13 14 15 16 17 19 20 21 34 36 37 39 60 20_545 .0000000000000003392323823322439100631233
1.3896484375 -7619.8750000000 1 4 7 9 10 11 12 13 14 15 17 18 21 24 28 31 33 37 40 51 20_546 .0000000000000000244326377775069910222650
1.3906250000 -7619.8740234375 1 2 3 4 5 7 11 13 15 18 19 20 21 22 24 34 39 40 46 55 20_547 .0000000000000000238223455791132384794650
1.4023437500 -7619.8623046875 1 3 4 5 6 7 8 10 12 15 16 20 23 24 28 29 38 40 45 48 20_548 .0000000000000000175854905785703569897781
1.4340820313 -7619.8305664062 3 4 7 10 11 12 13 16 17 18 20 21 22 26 27 32 33 36 40 46 20_549 .0000000000000000077288489042190742775599
1.4384765625 -7619.8261718750 1 3 4 5 7 11 12 13 14 15 17 20 21 22 24 28 39 46 48 53 20_550 .0000000000000000068972910972048065175925
1.5546875000 -7619.7099609375 1 2 3 4 5 6 8 11 14 15 21 22 30 33 38 39 40 41 42 46 20_551 .0000000000000000003399101001583721264969
1.5825195313 -7619.6821289062 3 4 7 8 10 11 12 13 16 17 20 22 27 32 33 36 39 40 42 46 20_552 .0000000000000000001652980546206773769495
1.6645507813 -7619.6000976562 1 2 3 4 5 7 11 12 13 17 19 21 23 24 27 36 44 45 46 59 20_553 .0000000000000000000197450172252491008228
1.7827148437 -7619.4819335938 1 3 4 7 8 10 11 12 16 17 22 27 32 33 36 39 40 42 46 48 20_554 .0000000000000000000009250631048603175278
