   0.00000000       11.9020996       11.9020996       29.6920090       90.0000000       90.0000000       120.000000       3642.65186    
  0.999965489       11.9414406       11.9414406       29.4971943       90.0000000       90.0000000       120.000000       3642.73828    
   2.00016046       11.9536333       11.9536333       29.4820042       90.0000000       90.0000000       120.000000       3648.59863    
   2.99969816       11.9579382       11.9579382       29.4708843       90.0000000       90.0000000       120.000000       3649.72876    
   4.00004339       11.9700861       11.9700861       29.4812050       90.0000000       90.0000000       120.000000       3658.68091    
   4.99947643       11.9746723       11.9746723       29.4983768       90.0000000       90.0000000       120.000000       3663.86450    
   6.00005960       11.9889221       11.9889221       29.5218735       90.0000000       90.0000000       120.000000       3675.25610    
   7.00037575       12.0158758       12.0158758       29.5331211       90.0000000       90.0000000       120.000000       3693.06128    
   7.99959755       12.0441113       12.0441113       29.5542736       90.0000000       90.0000000       120.000000       3712.28540    
   9.00032234       12.0530529       12.0530529       29.5810223       90.0000076       90.0000076       120.000008       3721.46606    
   10.0005159       12.0607824       12.0607824       29.6041546       90.0000000       90.0000000       120.000008       3729.32397    
   11.0045881       12.0687256       12.0687256       29.6292915       90.0000000       90.0000000       120.000008       3737.61035    
   12.0171604       12.0767298       12.0767298       29.6523304       90.0000000       90.0000000       120.000000       3745.99194    
   13.0343180       12.0848255       12.0848255       29.6727943       90.0000000       90.0000000       120.000000       3753.80225    
   14.0344582       12.0926027       12.0926027       29.6800194       90.0000000       90.0000000       120.000000       3759.34619    
   15.0185633       12.0991869       12.0991869       29.6708698       90.0000000       90.0000000       120.000000       3762.14771    
   16.0048161       12.1060429       12.1060429       29.6873131       90.0000000       90.0000000       120.000000       3768.25049    
   17.0017872       12.1130733       12.1130733       29.7260323       90.0000000       90.0000000       120.000000       3777.49561    
   18.0001316       12.1170778       12.1170778       29.7499180       90.0000000       90.0000000       120.000000       3783.05200    
   19.0001469       12.1220627       12.1220627       29.7763615       90.0000000       90.0000000       120.000000       3789.94067    
   20.0002117       12.1266766       12.1266766       29.8005962       90.0000000       90.0000000       120.000000       3796.38428    
   21.0006962       12.1314011       12.1314011       29.8274727       90.0000000       90.0000000       120.000000       3803.02148    
   21.9998989       12.1374550       12.1374550       29.8445377       90.0000000       90.0000000       120.000000       3809.21606    
   23.0005302       12.1442518       12.1442518       29.8533058       90.0000000       90.0000000       120.000000       3814.51245    
   23.9979973       12.1520548       12.1520548       29.8556824       90.0000000       90.0000000       120.000000       3820.09009    
   24.9984074       12.1604109       12.1604109       29.8530216       90.0000000       90.0000000       120.000000       3825.20874    
   25.9941254       12.1703234       12.1703234       29.8667812       90.0000000       90.0000000       120.000000       3833.31104    
   26.9930344       12.1815128       12.1815128       29.8912945       90.0000000       90.0000000       120.000000       3843.09521    
   27.9882526       12.1899948       12.1899948       29.9171734       90.0000000       90.0000000       120.000000       3851.34302    
   28.9814053       12.1983061       12.1983061       29.9352188       90.0000000       90.0000000       120.000000       3857.80640    
   29.9871407       12.2046137       12.2046137       29.9495811       90.0000000       90.0000000       120.000000       3863.30322    
   30.9853153       12.2084351       12.2084351       29.9590702       90.0000000       90.0000000       120.000000       3866.32617    
   31.9950600       12.2138348       12.2138348       29.9754448       90.0000000       90.0000000       120.000000       3872.11279    
   32.9981003       12.2198486       12.2198486       29.9900494       90.0000000       90.0000000       120.000000       3877.46460    
   34.0003777       12.2275372       12.2275372       30.0044250       90.0000000       90.0000000       120.000000       3884.32544    
   35.0007515       12.2355785       12.2355785       30.0104027       90.0000000       90.0000000       120.000000       3890.00000    
   35.9989319       12.2433033       12.2433033       30.0053368       90.0000000       90.0000000       120.000000       3894.03418    
   37.0010757       12.2537031       12.2537031       30.0077076       90.0000000       90.0000000       120.000000       3900.86108    
   37.9993782       12.2656975       12.2656975       30.0096951       90.0000000       90.0000000       120.000000       3908.79346    
   39.0008736       12.2786493       12.2786493       30.0205574       90.0000000       90.0000000       120.000008       3918.27393    
   39.9980049       12.2923450       12.2923450       30.0359039       90.0000000       90.0000000       120.000000       3928.74829    
   40.9987679       12.3051996       12.3051996       30.0497990       90.0000000       90.0000000       120.000000       3938.72192    
   42.0019417       12.3207722       12.3207722       30.0711060       90.0000000       90.0000000       120.000000       3950.94263    
   43.0055199       12.3362083       12.3362083       30.0912704       90.0000000       90.0000000       120.000000       3963.34644    
   43.9996452       12.3515129       12.3515129       30.1151428       90.0000000       90.0000000       120.000000       3976.50195    
   45.0017319       12.3673515       12.3673515       30.1385098       90.0000000       90.0000000       120.000000       3990.43359    
   46.0013466       12.3832750       12.3832750       30.1656380       90.0000000       90.0000000       120.000000       4004.82544    
   47.0014572       12.3983364       12.3983364       30.1896057       90.0000000       90.0000000       120.000008       4018.22485    
   47.9999886       12.4130697       12.4130697       30.2164040       90.0000000       90.0000000       120.000008       4031.81567    
   48.9975014       12.4266577       12.4266577       30.2434006       90.0000000       90.0000000       120.000000       4044.76270    
   50.0004883       12.4428205       12.4428205       30.2680244       90.0000000       90.0000000       120.000000       4058.41162    
   50.9984589       12.4588451       12.4588451       30.2955437       90.0000000       90.0000000       120.000000       4072.34888    
   51.9977264       12.4759693       12.4759693       30.3223209       90.0000000       90.0000000       120.000000       4086.90186    
   52.9949684       12.4909821       12.4909821       30.3474197       90.0000000       90.0000000       120.000000       4100.18262    
   53.9974556       12.5073080       12.5073080       30.3720474       90.0000000       90.0000000       120.000000       4114.16260    
   54.9988747       12.5206823       12.5206823       30.3941116       90.0000000       90.0000000       120.000000       4125.99170    
   55.9857101       12.5380650       12.5380650       30.4237480       90.0000000       90.0000000       120.000000       4141.41162    
   56.9742165       12.5565081       12.5565081       30.4509888       90.0000000       90.0000000       120.000000       4157.34326    
   57.9693184       12.5748148       12.5748148       30.4793015       90.0000000       90.0000000       120.000000       4173.36084    
   58.9699135       12.5939140       12.5939140       30.5040588       90.0000000       90.0000000       120.000000       4190.01367    
