           1     1.79998207       106.189980       3.00050735       125.864326    
           2     1.79119444       106.511520       3.01155424       127.115997    
           3     1.80123615       106.249481       3.00277686       125.895081    
           4     1.75392878       108.187424       3.06932044       132.003571    
           5     1.74538898       108.562088       3.08094954       133.024780    
           6     1.74000466       108.694847       3.08412242       132.643661    
           7     1.79306650       106.451508       3.02522111       127.987091    
           8     1.78402078       106.817368       3.04013300       129.604324    
           9     1.77833498       107.208687       3.04684162       129.668274    
          10     1.77099013       107.299431       3.06017089       131.738495    
          11     1.76660466       107.520615       3.06731415       132.543701    
          12     1.76380539       107.721451       3.07235885       132.380798    
          13     1.76084256       107.911491       3.07677865       132.787262    
          14     1.75762224       107.934914       3.08461785       133.601013    
          15     1.75403392       108.042458       3.09022427       134.972549    
          16     1.75261652       108.114151       3.15328526       136.608475    
          17     1.74974370       108.138672       3.09984112       134.782120    
          18     1.74850798       108.238037       3.10399103       135.442474    
          19     1.74613869       108.383141       3.10866690       135.283463    
          20     1.74492586       108.401947       3.11463094       135.935181    
          21     1.74308062       108.440811       3.11441827       135.795395    
          22     1.74141777       108.545166       3.11931586       136.122437    
          23     1.74101949       108.579185       3.12469864       136.718124    
          24     1.74057591       108.551575       3.12433648       136.512756    
          25     1.74037588       108.543365       3.12486458       136.160629    
          26     1.73884952       108.573219       3.12926412       135.857437    
          27     1.73801947       108.652298       3.13032007       136.279785    
          28     1.73729420       108.688728       3.13260078       136.098404    
          29     1.73526502       108.732384       3.13923407       136.776001    
          30     1.73587072       108.761490       3.13662791       136.220825    
          31     1.73533785       108.764618       3.14104939       136.160538    
          32     1.73504663       108.798782       3.14158678       136.121979    
          33     1.73390782       108.851730       3.14302039       136.432297    
          34     1.73423314       108.830879       3.14646077       136.164017    
          35     1.73344231       108.871658       3.14723325       136.512985    
          36     1.73229158       108.891060       3.15177727       136.593689    
          37     1.73230791       108.907097       3.15256333       136.458527    
          38     1.73128068       108.928215       3.15442181       136.363159    
          39     1.73130560       108.932449       3.15785933       136.398621    
          40     1.73076141       108.939247       3.16073799       136.437500    
          41     1.73038375       108.949532       3.16284823       136.393280    
          42     1.72965133       108.987572       3.16465235       136.444397    
          43     1.72940934       108.986992       3.16799545       136.495712    
          44     1.72919154       109.002792       3.16994905       136.458664    
          45     1.72876334       109.014648       3.17232537       136.476303    
          46     1.72844863       109.026321       3.17561007       137.134796    
          47     1.72787797       109.047684       3.17814016       137.136307    
          48     1.72796094       109.056496       3.17935205       136.902588    
          49     1.72753131       109.063980       3.18255138       136.895691    
          50     1.72723305       109.072868       3.18762159       137.812256    
          51     1.72683430       109.083916       3.19051361       137.790619    
          52     1.72653568       109.093521       3.19393563       138.169479    
          53     1.72626030       109.102356       3.19686460       138.468842    
          54     1.72605753       109.112877       3.19954920       138.494110    
          55     1.72570515       109.119644       3.20218110       138.604874    
          56     1.72535050       109.128792       3.20539403       138.569672    
          57     1.72513163       109.136719       3.20801878       138.446365    
          58     1.72475719       109.145012       3.21108913       138.404999    
          59     1.72448337       109.153030       3.21398878       138.330505    
