     0.0000000      1.0000000      0.0000000      0.0000000      0.0000000      0.0000000      0.0000000      0.0000000      0.0000000      0.0000000      0.0000000      0.0000000      0.0000000      0.0000000      0.0000000      0.0000000      0.0000000      0.0000000      0.0000000      0.0000000      0.0000000      0.0000000      0.0000000      0.0000000      0.0000000      0.0000000      0.0000000      1.0000000
     0.9999537      0.8359375      0.1640625      0.0000000      0.0000000      0.0000000      0.0000000      0.0000000      0.0000000      0.0000000      0.0000000      0.0000000      0.0000000      0.0000000      0.0000000      0.0000000      0.0000000      0.0000000      0.0000000      0.0000000      0.0000000      0.0000000      0.0000000      0.0000000      0.0000000      0.0000000      0.0000000      1.0000000
     2.0000532      0.7095766      0.2882729      0.0000000      0.0000000      0.0000000      0.0000000      0.0000000      0.0000000      0.0000000      0.0000000      0.0000000      0.0000005      0.0000000      0.0004506      0.0016994      0.0000000      0.0000000      0.0000000      0.0000000      0.0000000      0.0000000      0.0000000      0.0000000      0.0000000      0.0000000      0.0000000      1.0000000
     3.0003262      0.6829810      0.3117468      0.0000000      0.0000000      0.0000000      0.0000000      0.0000000      0.0000000      0.0000000      0.0000000      0.0000000      0.0000012      0.0000000      0.0010003      0.0037728      0.0000000      0.0000000      0.0004979      0.0000000      0.0000000      0.0000000      0.0000000      0.0000000      0.0000000      0.0000000      0.0000000      1.0000000
     4.0000463      0.6418520      0.3128909      0.0000000      0.0000000      0.0000000      0.0000000      0.0000000      0.0000000      0.0000000      0.0000000      0.0000000      0.0000097      0.0000000      0.0082073      0.0309546      0.0000000      0.0000000      0.0060854      0.0000000      0.0000000      0.0000000      0.0000000      0.0000000      0.0000000      0.0000000      0.0000000      1.0000000
     4.9997554      0.7439282      0.1313227      0.0000000      0.0000405      0.0004097      0.0000006      0.0000000      0.0000000      0.0000000      0.0000000      0.0000000      0.0000197      0.0000000      0.0166020      0.0626170      0.0000000      0.0000000      0.0450596      0.0000000      0.0000000      0.0000000      0.0000000      0.0000000      0.0000000      0.0000000      0.0000000      0.9999999
     6.0004110      0.6655605      0.1687595      0.0000000      0.0022411      0.0223239      0.0000261      0.0000000      0.0000000      0.0000000      0.0000000      0.0000000      0.0000049      0.0000000      0.0041359      0.0155987      0.0000000      0.0000000      0.1213494      0.0000000      0.0000000      0.0000000      0.0000000      0.0000000      0.0000000      0.0000000      0.0000000      1.0000000
     7.0002637      0.3284436      0.4656945      0.0000000      0.0097317      0.1198831      0.0001026      0.0000000      0.0000000      0.0000000      0.0000000      0.0000000      0.0000011      0.0000000      0.0008992      0.0033912      0.0000000      0.0000000      0.0718531      0.0000000      0.0000000      0.0000000      0.0000000      0.0000000      0.0000000      0.0000000      0.0000000      1.0000000
     7.9994392      0.0299288      0.6291539      0.0000000      0.0351190      0.2980750      0.0002717      0.0000000      0.0000000      0.0000000      0.0000005      0.0000000      0.0000000      0.0000000      0.0000000      0.0000000      0.0000000      0.0000000      0.0074511      0.0000000      0.0000000      0.0000000      0.0000000      0.0000000      0.0000000      0.0000000      0.0000000      1.0000000
     9.0009871      0.0065416      0.4921159      0.0000000      0.0517280      0.4469501      0.0007307      0.0000000      0.0000000      0.0002415      0.0000565      0.0000000      0.0000000      0.0000000      0.0000000      0.0000000      0.0000000      0.0000000      0.0016354      0.0000000      0.0000000      0.0000000      0.0000000      0.0000000      0.0000000      0.0000000      0.0000000      0.9999999
    10.0000830      0.0000000      0.3371184      0.0000000      0.0421073      0.6154515      0.0015518      0.0000000      0.0000119      0.0019675      0.0017917      0.0000000      0.0000000      0.0000000      0.0000000      0.0000000      0.0000000      0.0000000      0.0000000      0.0000000      0.0000000      0.0000000      0.0000000      0.0000000      0.0000000      0.0000000      0.0000000      1.0000000
    11.0029392      0.0000000      0.1880279      0.0000000      0.0468859      0.7400127      0.0037178      0.0000000      0.0000746      0.0107757      0.0105054      0.0000000      0.0000000      0.0000000      0.0000000      0.0000000      0.0000000      0.0000000      0.0000000      0.0000000      0.0000000      0.0000000      0.0000000      0.0000000      0.0000000      0.0000000      0.0000000      0.9999999
    12.0188808      0.0000000      0.0761563      0.0000000      0.0826942      0.7494242      0.0155643      0.0000000      0.0002084      0.0427807      0.0331718      0.0000000      0.0000000      0.0000000      0.0000000      0.0000000      0.0000000      0.0000000      0.0000000      0.0000000      0.0000000      0.0000000      0.0000000      0.0000000      0.0000000      0.0000000      0.0000000      0.9999999
    13.0338955      0.0000000      0.0215871      0.0000000      0.1154552      0.6338274      0.0408624      0.0000000      0.0003503      0.1000611      0.0878564      0.0000000      0.0000000      0.0000000      0.0000000      0.0000000      0.0000000      0.0000000      0.0000000      0.0000000      0.0000000      0.0000000      0.0000000      0.0000000      0.0000000      0.0000000      0.0000000      1.0000000
    14.0347452      0.0000000      0.0023430      0.0000000      0.1285413      0.4743453      0.0590707      0.0000000      0.0002338      0.1505162      0.1849497      0.0000000      0.0000000      0.0000000      0.0000000      0.0000000      0.0000000      0.0000000      0.0000000      0.0000000      0.0000000      0.0000000      0.0000000      0.0000000      0.0000000      0.0000000      0.0000000      1.0000000
    15.0186701      0.0000000      0.0003026      0.0000000      0.0894196      0.3578020      0.0521658      0.0000000      0.0000597      0.2344049      0.2658454      0.0000000      0.0000000      0.0000000      0.0000000      0.0000000      0.0000000      0.0000000      0.0000000      0.0000000      0.0000000      0.0000000      0.0000000      0.0000000      0.0000000      0.0000000      0.0000000      1.0000000
    16.0060101      0.0000000      0.0000089      0.0000000      0.0266629      0.2742330      0.0349931      0.0000000      0.0000197      0.3700381      0.2914810      0.0000000      0.0000000      0.0000000      0.0000000      0.0000077      0.0025555      0.0000000      0.0000000      0.0000000      0.0000000      0.0000000      0.0000000      0.0000000      0.0000000      0.0000000      0.0000000      1.0000000
    17.0009689      0.0000000      0.0000000      0.0000000      0.0060401      0.1497671      0.0385612      0.0000000      0.0001391      0.5468523      0.2358764      0.0000000      0.0000000      0.0000000      0.0000000      0.0000630      0.0227008      0.0000000      0.0000000      0.0000000      0.0000000      0.0000000      0.0000000      0.0000000      0.0000000      0.0000000      0.0000000      0.9999999
    18.0001736      0.0000000      0.0000000      0.0000000      0.0033003      0.0831282      0.0357306      0.0000000      0.0002404      0.6064897      0.2173417      0.0000000      0.0000000      0.0000000      0.0000000      0.0001105      0.0536586      0.0000000      0.0000000      0.0000000      0.0000000      0.0000000      0.0000000      0.0000000      0.0000000      0.0000000      0.0000000      1.0000000
    19.0013866      0.0000000      0.0000000      0.0000000      0.0013092      0.0217313      0.0190474      0.0000000      0.0004081      0.6160266      0.2172795      0.0000000      0.0000000      0.0000000      0.0000000      0.0008003      0.1233977      0.0000000      0.0000000      0.0000000      0.0000000      0.0000000      0.0000000      0.0000000      0.0000000      0.0000000      0.0000000      1.0000000
    19.9998512      0.0000000      0.0000000      0.0000000      0.0002714      0.0075285      0.0065904      0.0000000      0.0004741      0.5565469      0.1935454      0.0000000      0.0000000      0.0000000      0.0000000      0.0054140      0.2296292      0.0000000      0.0000000      0.0000000      0.0000000      0.0000000      0.0000000      0.0000000      0.0000000      0.0000000      0.0000000      1.0000000
    21.0013504      0.0000000      0.0000000      0.0000000      0.0000571      0.0005726      0.0013963      0.0000000      0.0002763      0.4712363      0.1625305      0.0000000      0.0000000      0.0000000      0.0000000      0.0265422      0.3373626      0.0000000      0.0000000      0.0000078      0.0000182      0.0000000      0.0000000      0.0000000      0.0000000      0.0000000      0.0000000      1.0000000
    21.9996872      0.0000000      0.0000000      0.0000000      0.0000206      0.0001999      0.0005026      0.0000000      0.0000952      0.3666404      0.1153354      0.0000000      0.0000000      0.0000000      0.0000000      0.0768464      0.4367608      0.0000000      0.0000000      0.0011333      0.0024654      0.0000000      0.0000000      0.0000000      0.0000000      0.0000000      0.0000000      1.0000000
    22.9996567      0.0000000      0.0000000      0.0000000      0.0000066      0.0000639      0.0001606      0.0000000      0.0000253      0.2402631      0.0835378      0.0000000      0.0000000      0.0000000      0.0000000      0.1434918      0.5127705      0.0000000      0.0000000      0.0059129      0.0137675      0.0000000      0.0000000      0.0000000      0.0000000      0.0000000      0.0000000      0.9999999
    23.9994411      0.0000000      0.0000000      0.0000000      0.0000000      0.0000000      0.0000000      0.0000000      0.0000163      0.1502956      0.0410642      0.0000000      0.0000000      0.0000000      0.0000000      0.1824952      0.5546191      0.0000000      0.0000000      0.0247245      0.0467852      0.0000000      0.0000000      0.0000000      0.0000000      0.0000000      0.0000000      1.0000000
    24.9973679      0.0000000      0.0000000      0.0000000      0.0000000      0.0000000      0.0000000      0.0000000      0.0000000      0.0897131      0.0220209      0.0000000      0.0000000      0.0000000      0.0000000      0.1868037      0.5660709      0.0000000      0.0000000      0.0476863      0.0870113      0.0000000      0.0000000      0.0000000      0.0006936      0.0000000      0.0000000      0.9999999
    25.9944935      0.0000000      0.0000000      0.0000000      0.0000000      0.0000000      0.0000000      0.0000000      0.0000000      0.0327638      0.0088065      0.0000000      0.0000000      0.0000000      0.0000000      0.1510631      0.5772554      0.0000000      0.0000000      0.0828918      0.1472150      0.0000000      0.0000000      0.0000000      0.0000044      0.0000000      0.0000000      1.0000000
    26.9921284      0.0000000      0.0000000      0.0000000      0.0000000      0.0000000      0.0000000      0.0000000      0.0000000      0.0071544      0.0012961      0.0000000      0.0000000      0.0000000      0.0000000      0.1030534      0.5277548      0.0000000      0.0000000      0.1241355      0.2362268      0.0000000      0.0000000      0.0000000      0.0003790      0.0000000      0.0000000      1.0000000
    27.9810047      0.0000000      0.0000000      0.0000000      0.0000000      0.0000000      0.0000000      0.0000000      0.0000000      0.0011376      0.0002282      0.0000000      0.0000000      0.0000000      0.0000000      0.0734722      0.4160198      0.0000000      0.0000000      0.1522014      0.3545261      0.0000000      0.0000000      0.0000000      0.0024147      0.0000000      0.0000000      1.0000000
    28.9834194      0.0000000      0.0000000      0.0000000      0.0000000      0.0000000      0.0000000      0.0000000      0.0000000      0.0002165      0.0000309      0.0000000      0.0000000      0.0000000      0.0000000      0.0528628      0.2945828      0.0000000      0.0000000      0.1577088      0.4754424      0.0000000      0.0000000      0.0004205      0.0187354      0.0000000      0.0000000      1.0000000
    29.9895916      0.0000000      0.0000000      0.0000000      0.0000000      0.0000000      0.0000000      0.0000000      0.0000000      0.0000000      0.0000000      0.0000000      0.0000000      0.0000000      0.0000000      0.0335503      0.1800144      0.0000000      0.0000000      0.1508516      0.5878876      0.0000000      0.0000013      0.0042544      0.0434404      0.0000000      0.0000000      1.0000000
    30.9877357      0.0000000      0.0000000      0.0000000      0.0000000      0.0000000      0.0000000      0.0000000      0.0000000      0.0000000      0.0000000      0.0000000      0.0000000      0.0000000      0.0000000      0.0179253      0.0959049      0.0000000      0.0000000      0.1326310      0.6396841      0.0000000      0.0000070      0.0149595      0.0988882      0.0000000      0.0000000      1.0000001
    31.9916573      0.0000000      0.0000000      0.0000000      0.0000000      0.0000000      0.0000000      0.0000000      0.0000000      0.0000000      0.0000000      0.0000000      0.0000000      0.0000000      0.0000000      0.0061708      0.0414276      0.0000000      0.0000000      0.1094720      0.6209200      0.0000000      0.0000413      0.0380319      0.1838804      0.0000559      0.0000000      0.9999999
    32.9973106      0.0000000      0.0000000      0.0000000      0.0000000      0.0000000      0.0000000      0.0000000      0.0000000      0.0000000      0.0000000      0.0000000      0.0000000      0.0000000      0.0000000      0.0004343      0.0072569      0.0000000      0.0000000      0.0860753      0.5203925      0.0000000      0.0000975      0.0901614      0.2935289      0.0020531      0.0000000      0.9999999
    33.9993324      0.0000000      0.0000000      0.0000000      0.0000000      0.0000000      0.0000000      0.0000000      0.0000000      0.0000000      0.0000000      0.0000000      0.0000000      0.0000000      0.0000000      0.0003316      0.0050663      0.0000000      0.0000000      0.0609668      0.3685192      0.0000000      0.0002903      0.1318923      0.4223362      0.0105973      0.0000000      0.9999999
    34.9965134      0.0000000      0.0000000      0.0000000      0.0000000      0.0000000      0.0000000      0.0000000      0.0000000      0.0000000      0.0000000      0.0000000      0.0000000      0.0000000      0.0000000      0.0000000      0.0000608      0.0000000      0.0000000      0.0395156      0.2578618      0.0000000      0.0002799      0.1622688      0.4977143      0.0422989      0.0000000      1.0000000
    35.9992104      0.0000000      0.0000000      0.0000000      0.0000000      0.0000000      0.0000000      0.0000000      0.0000000      0.0000000      0.0000000      0.0000000      0.0000000      0.0000000      0.0000000      0.0000000      0.0000059      0.0000000      0.0000000      0.0155050      0.1520217      0.0000000      0.0003555      0.1728126      0.5752304      0.0839347      0.0001342      1.0000000
    37.0005646      0.0000000      0.0000000      0.0000000      0.0000000      0.0000000      0.0000000      0.0000000      0.0000000      0.0000000      0.0000000      0.0000000      0.0000000      0.0000000      0.0000000      0.0000000      0.0000000      0.0000000      0.0000000      0.0078209      0.0804060      0.0000000      0.0002600      0.1695525      0.5734401      0.1680854      0.0004352      1.0000000
    38.0023689      0.0000000      0.0000000      0.0000000      0.0000000      0.0000000      0.0000000      0.0000000      0.0000000      0.0000000      0.0000000      0.0000000      0.0000000      0.0000000      0.0000000      0.0000000      0.0000000      0.0000000      0.0000000      0.0016186      0.0368715      0.0000000      0.0001383      0.1392201      0.5367038      0.2824086      0.0030391      0.9999999
    39.0001488      0.0000000      0.0000000      0.0000000      0.0000000      0.0000000      0.0000000      0.0000000      0.0000000      0.0000000      0.0000000      0.0000000      0.0000000      0.0000000      0.0000000      0.0000000      0.0000000      0.0000000      0.0000000      0.0020436      0.0195568      0.0000000      0.0000818      0.0955049      0.4542099      0.4167739      0.0118291      0.9999999
    39.9990005      0.0000000      0.0000000      0.0000000      0.0000000      0.0000000      0.0000000      0.0000000      0.0000000      0.0000000      0.0000000      0.0000000      0.0000000      0.0000000      0.0000000      0.0000000      0.0000000      0.0000000      0.0000000      0.0000000      0.0024414      0.0000000      0.0000160      0.0638749      0.3756945      0.5328807      0.0250925      0.9999999
    40.9991035      0.0000000      0.0000000      0.0000000      0.0000000      0.0000000      0.0000000      0.0000000      0.0000000      0.0000000      0.0000000      0.0000000      0.0000000      0.0000000      0.0000000      0.0000000      0.0000000      0.0000000      0.0000000      0.0005329      0.0032065      0.0000000      0.0000156      0.0369858      0.2687838      0.6287428      0.0617326      0.9999999
    41.9957466      0.0000000      0.0000000      0.0000000      0.0000000      0.0000000      0.0000000      0.0000000      0.0000000      0.0000000      0.0000000      0.0000000      0.0000000      0.0000000      0.0000000      0.0000000      0.0000000      0.0000000      0.0000000      0.0000000      0.0000000      0.0000000      0.0000000      0.0141748      0.1777894      0.6998666      0.1081693      1.0000000
    42.9982643      0.0000000      0.0000000      0.0000000      0.0000000      0.0000000      0.0000000      0.0000000      0.0000000      0.0000000      0.0000000      0.0000000      0.0000000      0.0000000      0.0000000      0.0000000      0.0000000      0.0000000      0.0000000      0.0000000      0.0000153      0.0000000      0.0000002      0.0091349      0.1195067      0.6763496      0.1949933      1.0000000
    44.0000343      0.0000000      0.0000000      0.0000000      0.0000000      0.0000000      0.0000000      0.0000000      0.0000000      0.0000000      0.0000000      0.0000000      0.0000000      0.0000000      0.0000000      0.0000000      0.0000000      0.0000000      0.0000000      0.0000000      0.0000000      0.0000000      0.0000000      0.0035555      0.0710437      0.6277761      0.2976246      1.0000000
    45.0003052      0.0000000      0.0000000      0.0000000      0.0000000      0.0000000      0.0000000      0.0000000      0.0000000      0.0000000      0.0000000      0.0000000      0.0000000      0.0000000      0.0000000      0.0000000      0.0000000      0.0000000      0.0000000      0.0000000      0.0000000      0.0000000      0.0000000      0.0017129      0.0450545      0.5478212      0.4054115      1.0000000
    46.0084229      0.0000000      0.0000000      0.0000000      0.0000000      0.0000000      0.0000000      0.0000000      0.0000000      0.0000000      0.0000000      0.0000000      0.0000000      0.0000000      0.0000000      0.0000000      0.0000000      0.0000000      0.0000000      0.0000000      0.0000000      0.0000000      0.0000000      0.0004476      0.0208516      0.4590591      0.5196418      1.0000000
    47.0015221      0.0000000      0.0000000      0.0000000      0.0000000      0.0000000      0.0000000      0.0000000      0.0000000      0.0000000      0.0000000      0.0000000      0.0000000      0.0000000      0.0000000      0.0000000      0.0000000      0.0000000      0.0000000      0.0000000      0.0000000      0.0000000      0.0000000      0.0000116      0.0135369      0.3634635      0.6229880      1.0000000
    47.9980278      0.0000000      0.0000000      0.0000000      0.0000000      0.0000000      0.0000000      0.0000000      0.0000000      0.0000000      0.0000000      0.0000000      0.0000000      0.0000000      0.0000000      0.0000000      0.0000000      0.0000000      0.0000000      0.0000000      0.0000000      0.0000000      0.0000000      0.0000000      0.0054347      0.2727436      0.7218216      1.0000000
    48.9963799      0.0000000      0.0000000      0.0000000      0.0000000      0.0000000      0.0000000      0.0000000      0.0000000      0.0000000      0.0000000      0.0000000      0.0000000      0.0000000      0.0000000      0.0000000      0.0000000      0.0000000      0.0000000      0.0000000      0.0000000      0.0000000      0.0000000      0.0000000      0.0017498      0.1898039      0.8084463      1.0000000
    49.9949493      0.0000000      0.0000000      0.0000000      0.0000000      0.0000000      0.0000000      0.0000000      0.0000000      0.0000000      0.0000000      0.0000000      0.0000000      0.0000000      0.0000000      0.0000000      0.0000000      0.0000000      0.0000000      0.0000000      0.0000000      0.0000000      0.0000000      0.0000000      0.0005122      0.1310777      0.8684101      1.0000000
    50.9982758      0.0000000      0.0000000      0.0000000      0.0000000      0.0000000      0.0000000      0.0000000      0.0000000      0.0000000      0.0000000      0.0000000      0.0000000      0.0000000      0.0000000      0.0000000      0.0000000      0.0000000      0.0000000      0.0000000      0.0000000      0.0000000      0.0000000      0.0000000      0.0001066      0.0716653      0.9282281      1.0000000
    52.0006332      0.0000000      0.0000000      0.0000000      0.0000000      0.0000000      0.0000000      0.0000000      0.0000000      0.0000000      0.0000000      0.0000000      0.0000000      0.0000000      0.0000000      0.0000000      0.0000000      0.0000000      0.0000000      0.0000000      0.0000000      0.0000000      0.0000000      0.0000000      0.0000000      0.0404106      0.9595894      1.0000000
    52.9988899      0.0000000      0.0000000      0.0000000      0.0000000      0.0000000      0.0000000      0.0000000      0.0000000      0.0000000      0.0000000      0.0000000      0.0000000      0.0000000      0.0000000      0.0000000      0.0000000      0.0000000      0.0000000      0.0000000      0.0000000      0.0000000      0.0000000      0.0000000      0.0000000      0.0218826      0.9781174      1.0000000
    53.9995232      0.0000000      0.0000000      0.0000000      0.0000000      0.0000000      0.0000000      0.0000000      0.0000000      0.0000000      0.0000000      0.0000000      0.0000000      0.0000000      0.0000000      0.0000000      0.0000000      0.0000000      0.0000000      0.0000000      0.0000000      0.0000000      0.0000000      0.0000000      0.0000000      0.0138196      0.9861805      1.0000000
    54.9951935      0.0000000      0.0000000      0.0000000      0.0000000      0.0000000      0.0000000      0.0000000      0.0000000      0.0000000      0.0000000      0.0000000      0.0000000      0.0000000      0.0000000      0.0000000      0.0000000      0.0000000      0.0000000      0.0000000      0.0000000      0.0000000      0.0000000      0.0000000      0.0000000      0.0059093      0.9940907      1.0000000
    55.9832230      0.0000000      0.0000000      0.0000000      0.0000000      0.0000000      0.0000000      0.0000000      0.0000000      0.0000000      0.0000000      0.0000000      0.0000000      0.0000000      0.0000000      0.0000000      0.0000000      0.0000000      0.0000000      0.0000000      0.0000000      0.0000000      0.0000000      0.0000000      0.0000000      0.0020693      0.9979307      1.0000000
    56.9699173      0.0000000      0.0000000      0.0000000      0.0000000      0.0000000      0.0000000      0.0000000      0.0000000      0.0000000      0.0000000      0.0000000      0.0000000      0.0000000      0.0000000      0.0000000      0.0000000      0.0000000      0.0000000      0.0000000      0.0000000      0.0000000      0.0000000      0.0000000      0.0000000      0.0008739      0.9991261      1.0000000
    57.9693031      0.0000000      0.0000000      0.0000000      0.0000000      0.0000000      0.0000000      0.0000000      0.0000000      0.0000000      0.0000000      0.0000000      0.0000000      0.0000000      0.0000000      0.0000000      0.0000000      0.0000000      0.0000000      0.0000000      0.0000000      0.0000000      0.0000000      0.0000000      0.0000000      0.0000000      1.0000000      1.0000000
    58.9708900      0.0000000      0.0000000      0.0000000      0.0000000      0.0000000      0.0000000      0.0000000      0.0000000      0.0000000      0.0000000      0.0000000      0.0000000      0.0000000      0.0000000      0.0000000      0.0000000      0.0000000      0.0000000      0.0000000      0.0000000      0.0000000      0.0000000      0.0000000      0.0000000      0.0000000      1.0000000      1.0000000
    60.0000000      0.0000000      0.0000000      0.0000000      0.0000000      0.0000000      0.0000000      0.0000000      0.0000000      0.0000000      0.0000000      0.0000000      0.0000000      0.0000000      0.0000000      0.0000000      0.0000000      0.0000000      0.0000000      0.0000000      0.0000000      0.0000000      0.0000000      0.0000000      0.0000000      0.0000000      1.0000000      1.0000000
