     0.0000000      0.0000000      0.0000000      0.0000000      0.0000000      0.0000000
     0.9999655      0.7675602      0.0170087      0.0000364      0.2154997      0.0000000
     2.0001605      1.0070752      0.3216391      0.0303645      0.4223464      0.0000000
     2.9996982      1.0837748      0.3838755      0.0472533      0.4853612      0.0000000
     4.0000434      1.3038561      1.2076182      0.2462245      0.2426420      0.0000000
     4.9994764      1.4131432      1.5740477      0.6775549      0.3668273      0.0000000
     6.0000596      2.3148549      1.5451808      0.8444342      0.7336631      0.0000000
     7.0003757      4.2017908      1.5236971      0.4607168      0.4394458      0.0000000
     7.9995975      6.0517721      1.8529305      0.0477890      0.0480326      0.0000000
     9.0003223      6.2937598      2.6959040      0.0055560      0.0052196      0.0000000
    10.0005159      6.2437520      3.7309718      0.0167184      0.0093996      0.0000000
    11.0045881      6.3601847      4.5436935      0.0646954      0.0323596      0.0000000
    12.0171604      6.7467046      4.9563484      0.2232156      0.0744168      0.0000000
    13.0343180      7.3284020      5.0558648      0.5046691      0.1115616      0.0000000
    14.0344582      7.8102651      5.0556998      1.0670208      0.0678849      0.0000000
    15.0185633      7.4823532      5.6782413      1.8194681      0.0205854      0.0000000
    16.0048161      7.4263816      6.5640349      2.0054042      0.0048873      0.0000000
    17.0017872      8.0098696      7.1813002      1.7507339      0.0098354      0.0000000
    18.0001316      8.4313240      7.5051422      1.6474422      0.0375257      0.0000000
    19.0001469      8.9672756      7.8013625      1.6014394      0.1090358      0.0000000
    20.0002117      9.4544582      8.1184263      1.6450027      0.3151495      0.0000000
    21.0006962      9.7877560      8.4901915      1.5745299      0.6646383      0.0000000
    21.9998989     10.0189409      8.7219591      1.7152526      1.0443351      0.0000000
    23.0005302     10.0552387      8.9555807      2.1100690      1.3637272      0.0000000
    23.9979973     10.1315260      9.3057365      2.6454809      1.2917448      0.0000000
    24.9984074     10.0296898      9.7578144      3.1015937      1.2441169      0.0000000
    25.9941254     10.1906385     10.2672920      3.2564106      1.2861516      0.0000000
    26.9930344     10.5068512     10.6486053      3.4380586      1.4071786      0.0000000
    27.9882526     10.9084759     10.7718735      3.7767203      1.5440018      0.0000000
    28.9814053     11.2613134     10.7892008      4.3478284      1.6035573      0.0000000
    29.9871407     11.4636869     10.8292093      5.0375428      1.6717649      0.0000000
    30.9853153     11.5333977     11.0159340      5.8863935      1.5664743      0.0000000
    31.9950600     11.6508236     11.1926079      6.7907953      1.4926811      0.0000000
    32.9981003     11.7741060     11.3678198      7.8600669      1.3269410      0.0000000
    34.0003777     11.8367462     11.5540018      8.6442719      1.4032241      0.0000000
    35.0007515     11.8668871     11.7584076      9.2933874      1.5828636      0.0000000
    35.9989319     11.8139057     11.8714685      9.6999235      2.1008244      0.0000000
    37.0010757     11.7960167     11.9529657     10.0464716      2.6912735      0.0000000
    37.9993782     11.7870312     11.9864120     10.3467550      3.3812432      0.0000000
    39.0008736     11.8379984     11.9989252     10.5721760      4.1239619      0.0000000
    39.9980049     11.9100246     11.9958382     10.7189951      4.8755074      0.0014418
    40.9987679     11.9443836     12.0002851     10.9123764      5.6069989      0.0064259
    42.0019417     11.9845037     12.0003433     11.0380697      6.4548316      0.0243807
    43.0055199     11.9919147     12.0003633     11.1467791      7.3137960      0.0647942
    43.9996452     11.9973850     12.0003529     11.2024336      8.1492319      0.1675135
    45.0017319     12.0003738     12.0003977     11.1983347      8.9889717      0.3131168
    46.0013466     12.0003815     12.0003815     11.2195797      9.7437477      0.5433375
    47.0014572     12.0003777     12.0003777     11.3357410     10.3488836      0.8310322
    47.9999886     12.0003662     12.0003662     11.4172049     10.8749838      1.1910306
    48.9975014     12.0003500     12.0003500     11.6129551     11.2012749      1.6697611
    50.0004883     12.0003510     12.0003510     11.7496519     11.4772196      2.2416680
    50.9984589     12.0003738     12.0003738     11.9017668     11.6654005      2.9171002
    51.9977264     12.0003843     12.0003843     11.9574585     11.8022909      3.6936383
    52.9949684     12.0003500     12.0003500     11.9950857     11.8680258      4.4654145
    53.9974556     12.0003424     12.0003424     11.9962511     11.9340925      5.3066049
    54.9988747     12.0003662     12.0003662     11.9988136     11.9625397      6.0395155
    55.9857101     12.0003605     12.0003605     12.0003605     11.9793005      7.0212908
    56.9742165     12.0004339     12.0004339     12.0004339     11.9984512      8.0023088
    57.9693184     12.0004768     12.0004768     12.0004768     12.0004768      9.0003977
    58.9699135     12.0006790     12.0006790     12.0006790     12.0006790     10.0006227
    60.0000000      0.0000000      0.0000000      0.0000000      0.0000000      0.0000000
