gfortran -pedantic -O1 -march=native farthrest_nodes_subtitutions.f90 -c
gfortran -pedantic -O1 -march=native ising_frameworks.f90 -c
gfortran -pedantic -O1 -march=native ising_frameworks.o farthrest_nodes_subtitutions.o -o ising_frameworks
Note: The following floating-point exceptions are signalling: IEEE_UNDERFLOW_FLAG IEEE_DENORMAL
cp: cannot stat 'configuration.1.txt': No such file or directory
-7739.8886718750 5
-7739.8295898438 14
-7739.6201171875 36
Note: The following floating-point exceptions are signalling: IEEE_UNDERFLOW_FLAG IEEE_DENORMAL
cp: cannot stat 'configuration.2.txt': No such file or directory
-7734.0083007812 12 37
-7733.9638671875 14 47
-7733.9443359375 12 13
-7733.9101562500 1 2
-7733.9028320312 3 8
-7733.9013671875 16 20
-7733.9003906250 2 4
-7733.8979492188 2 5
-7733.8676757812 1 3
-7733.8574218750 14 21
-7733.8334960938 11 13
-7733.8315429688 8 10
-7733.8242187500 10 16
-7733.8115234375 6 12
-7733.7944335938 10 18
-7733.7924804688 19 20
-7733.7753906250 2 12
-7733.7734375000 10 24
-7733.7714843750 7 23
-7733.7524414062 29 44
-7733.7509765625 13 19
-7733.7504882812 12 21
-7733.7475585938 13 16
-7733.7377929688 5 21
-7733.7148437500 20 24
-7733.7011718750 11 24
-7733.6918945312 13 25
-7733.6777343750 6 31
-7733.6240234375 1 29
-7733.6215820312 41 43
-7733.6049804688 1 35
-7733.6000976562 3 28
-7733.5986328125 15 34
-7733.5932617188 7 31
-7733.5688476562 11 34
-7733.5566406250 3 32
-7733.5278320312 15 28
-7733.5273437500 1 47
-7733.5185546875 11 45
-7733.5161132812 13 28
-7733.5156250000 4 46
-7733.5117187500 6 46
-7733.5092773438 13 34
-7733.5039062500 13 29
-7733.4995117188 3 42
-7733.4980468750 1 39
-7733.4936523438 1 49
-7733.4584960938 22 41
-7733.4565429688 15 38
-7733.4492187500 13 49
-7733.4423828125 20 45
-7733.4287109375 13 46
-7733.4199218750 14 41
-7733.3652343750 26 34
-7733.3291015625 27 30
-7733.3154296875 26 30
-7733.2358398438 32 40
-7733.2119140625 34 42
Note: The following floating-point exceptions are signalling: IEEE_UNDERFLOW_FLAG IEEE_DENORMAL
cp: cannot stat 'configuration.3.txt': No such file or directory
-7728.5463867188 13 20 21
-7728.2534179688 11 13 17
-7728.1342773438 15 16 18
-7727.9462890625 14 16 20
-7727.4042968750 2 17 27
Note: The following floating-point exceptions are signalling: IEEE_OVERFLOW_FLAG IEEE_UNDERFLOW_FLAG IEEE_DENORMAL
cp: cannot stat 'configuration.4.txt': No such file or directory
-7722.9824218750 6 21 22 23
-7722.8740234375 13 19 20 21
-7722.6738281250 12 16 17 25
-7722.5473632812 6 22 23 28
-7722.5317382812 13 20 21 23
-7722.4638671875 11 13 20 21
-7722.3920898438 6 21 23 34
-7722.3256835938 7 12 17 25
-7722.2915039062 13 20 21 28
-7722.2783203125 2 5 7 10
-7722.2529296875 7 9 12 17
-7722.1582031250 11 12 17 27
-7722.1411132812 16 17 20 23
-7722.0903320312 2 4 20 46
-7722.0776367188 11 17 27 42
-7722.0209960938 11 17 34 42
-7721.9287109375 9 14 25 32
-7721.8588867188 4 18 33 36
-7721.8286132812 8 9 14 26
-7721.7875976562 9 16 17 25
-7721.7387695312 11 17 30 42
-7721.6518554688 5 7 10 30
-7721.3647460938 11 14 39 41
Note: The following floating-point exceptions are signalling: IEEE_OVERFLOW_FLAG IEEE_UNDERFLOW_FLAG IEEE_DENORMAL
cp: cannot stat 'configuration.5.txt': No such file or directory
-7716.2548828125 2 6 13 20 21
-7716.2343750000 3 19 20 22 24
-7716.2333984375 5 19 20 23 24
-7716.2314453125 19 20 21 23 24
-7716.2304687500 19 20 22 23 24
-7716.2080078125 4 19 20 22 24
-7716.2026367188 3 5 19 20 24
-7716.1962890625 19 20 21 22 23
-7716.1284179688 16 17 18 22 23
-7716.1206054688 3 4 5 19 24
-7716.1113281250 7 13 15 16 21
-7716.1079101562 3 6 19 20 22
-7716.0903320312 8 9 10 14 16
-7716.0825195312 7 12 13 15 16
-7716.0683593750 11 13 15 18 21
-7716.0458984375 16 17 22 23 24
-7716.0209960938 11 13 15 20 21
-7716.0009765625 9 10 12 13 16
-7715.9946289062 8 9 10 11 18
-7715.9941406250 16 18 22 23 24
-7715.9931640625 3 4 13 19 20
-7715.9653320312 4 11 12 17 22
-7715.9565429688 3 5 6 16 23
-7715.9477539062 5 6 10 16 23
-7715.9379882812 6 19 20 21 23
-7715.9355468750 12 15 16 17 25
-7715.9345703125 9 10 13 14 16
-7715.9248046875 12 15 16 17 37
-7715.9106445312 14 15 16 17 22
-7715.9003906250 7 12 16 17 37
-7715.8940429688 3 6 19 22 35
-7715.8837890625 4 5 19 21 24
-7715.8803710938 1 4 5 19 24
-7715.8793945312 9 11 17 18 25
-7715.8754882812 1 3 4 19 24
-7715.8735351562 1 2 4 21 22
-7715.8579101562 4 11 21 22 24
-7715.8569335938 1 3 6 19 23
-7715.8437500000 6 13 19 20 21
-7715.8403320312 9 11 12 17 25
-7715.8374023438 2 3 6 22 32
-7715.8359375000 1 2 3 6 22
-7715.8276367188 8 10 11 14 30
-7715.8193359375 1 6 10 16 23
-7715.8105468750 2 4 22 24 44
-7715.8007812500 7 12 15 16 25
-7715.7958984375 8 10 11 18 39
-7715.7900390625 1 2 4 6 21
-7715.7856445312 3 6 20 22 31
-7715.7773437500 3 4 20 24 25
-7715.7661132812 11 14 17 18 25
-7715.7636718750 7 12 15 21 28
-7715.7529296875 4 19 21 24 34
-7715.7509765625 8 10 11 18 38
-7715.7451171875 4 19 22 24 29
-7715.7314453125 1 6 21 23 34
-7715.7304687500 5 19 21 24 44
-7715.7294921875 6 16 22 23 42
-7715.7285156250 19 20 23 24 29
-7715.7226562500 8 12 16 17 38
-7715.7172851562 2 4 5 21 36
-7715.7128906250 3 4 20 31 34
-7715.7099609375 9 19 20 22 24
-7715.7094726562 2 3 6 22 35
-7715.7089843750 8 11 17 18 39
-7715.7084960938 1 4 19 21 22
-7715.7075195312 2 20 21 24 25
-7715.7006835938 8 10 11 14 27
-7715.6982421875 1 3 4 11 24
-7715.6962890625 5 16 23 24 45
-7715.6894531250 6 12 17 22 31
-7715.6806640625 5 10 16 23 48
-7715.6791992188 4 17 19 22 36
-7715.6586914062 8 10 11 18 36
-7715.6582031250 4 11 17 22 38
-7715.6557617188 1 4 21 24 34
-7715.6513671875 6 17 19 22 32
-7715.6499023438 3 5 24 44 47
-7715.6489257812 19 20 21 24 39
-7715.6396484375 6 8 10 12 16
-7715.6391601562 11 17 18 24 46
-7715.6367187500 3 9 19 20 37
-7715.6274414062 1 4 8 11 24
-7715.6230468750 4 6 19 22 32
-7715.6113281250 5 6 19 23 33
-7715.6088867188 4 19 20 21 34
-7715.6083984375 7 9 12 28 29
-7715.6030273438 12 14 16 17 47
-7715.6020507812 11 13 15 20 29
-7715.6005859375 15 17 18 19 22
-7715.5996093750 9 12 13 17 31
-7715.5971679688 5 9 19 20 24
-7715.5888671875 8 9 10 14 44
-7715.5830078125 4 19 21 22 48
-7715.5810546875 8 9 10 14 43
-7715.5776367188 1 4 6 11 21
-7715.5756835938 11 13 15 18 45
-7715.5747070312 5 19 20 24 41
-7715.5693359375 9 12 16 17 46
-7715.5639648438 3 4 6 11 32
-7715.5571289062 8 11 14 21 30
-7715.5522460938 12 14 17 19 23
-7715.5502929688 4 11 18 24 33
-7715.5478515625 1 2 3 7 23
-7715.5463867188 1 2 4 8 24
-7715.5429687500 5 20 21 24 28
-7715.5332031250 1 2 4 17 36
-7715.5307617188 1 5 23 24 41
-7715.5292968750 4 17 19 22 30
-7715.5180664062 8 12 16 23 48
-7715.5166015625 8 16 17 18 38
-7715.5092773438 8 9 14 28 29
-7715.5058593750 3 6 11 22 32
-7715.5019531250 1 2 8 15 17
-7715.4980468750 2 5 21 36 47
-7715.4921875000 7 11 17 37 42
-7715.4912109375 2 4 5 12 48
-7715.4882812500 3 6 9 12 16
-7715.4877929688 11 18 21 22 47
-7715.4863281250 5 16 23 36 45
-7715.4838867188 2 3 7 13 44
-7715.4829101562 6 8 9 10 12
-7715.4765625000 10 11 14 27 30
-7715.4716796875 8 14 15 31 32
-7715.4658203125 5 6 12 23 45
-7715.4570312500 6 19 22 23 35
-7715.4565429688 13 15 17 20 21
-7715.4560546875 19 22 24 27 44
-7715.4487304688 11 17 18 26 47
-7715.4379882812 5 20 21 24 43
-7715.4345703125 3 4 11 13 32
-7715.4326171875 4 6 12 19 21
-7715.4316406250 4 7 11 12 37
-7715.4213867188 8 9 10 16 44
-7715.4208984375 12 15 17 26 28
-7715.4072265625 2 4 7 13 33
-7715.4052734375 1 4 11 17 46
-7715.4028320312 9 19 20 24 37
-7715.4013671875 1 3 6 9 25
-7715.3994140625 5 16 23 30 48
-7715.3974609375 4 11 24 32 34
-7715.3916015625 6 8 10 12 23
-7715.3901367188 7 9 13 29 42
-7715.3837890625 6 10 20 23 25
-7715.3789062500 4 11 22 32 33
-7715.3759765625 14 17 22 23 40
-7715.3691406250 9 19 20 24 29
-7715.3681640625 12 14 15 25 33
-7715.3564453125 3 11 13 20 39
-7715.3447265625 6 10 22 23 40
-7715.3432617188 3 5 24 27 43
-7715.3427734375 19 20 24 34 41
-7715.3403320312 1 4 8 17 24
-7715.3242187500 8 9 14 28 45
-7715.3188476562 5 16 18 35 48
-7715.3134765625 11 13 15 18 25
-7715.3022460938 1 2 21 22 39
-7715.2841796875 6 9 12 19 25
-7715.2822265625 3 6 22 27 30
-7715.2734375000 14 15 17 25 43
-7715.2626953125 9 13 19 24 30
-7715.2602539062 8 14 21 39 43
-7715.2460937500 2 17 20 21 24
-7715.2407226562 8 10 24 27 32
-7715.2285156250 10 15 16 42 46
-7715.2211914062 6 16 22 42 47
-7715.2207031250 2 12 22 23 38
-7715.2080078125 8 11 18 23 41
-7715.2041015625 2 3 6 42 46
-7715.1806640625 6 12 23 43 45
-7715.1762695312 3 19 22 36 42
-7715.1582031250 8 20 21 27 28
-7715.1542968750 14 15 16 45 46
-7715.1533203125 9 16 20 29 36
-7715.1420898438 1 4 6 11 20
-7715.1196289062 7 15 18 41 46
-7715.1142578125 4 8 12 16 26
-7715.1069335938 5 16 32 35 41
-7715.1040039062 3 9 13 20 50
-7715.1010742188 6 10 20 25 28
-7715.0986328125 2 8 17 18 47
-7715.0917968750 1 2 3 26 35
-7715.0888671875 12 19 23 38 41
-7715.0859375000 3 14 18 23 46
-7715.0786132812 8 12 21 38 40
-7715.0766601562 5 16 20 27 41
-7715.0693359375 10 18 19 26 34
-7715.0659179688 2 4 13 29 48
-7715.0634765625 6 12 27 28 46
-7715.0473632812 12 16 21 37 39
-7715.0371093750 10 11 24 27 46
-7715.0302734375 2 20 21 32 34
-7715.0263671875 7 15 28 41 46
-7715.0205078125 2 7 10 39 44
-7715.0107421875 6 15 20 25 28
-7715.0058593750 1 4 22 24 32
-7714.9960937500 3 5 24 35 55
-7714.9760742188 11 13 24 30 35
-7714.9638671875 6 12 28 35 46
-7714.9555664062 12 16 33 38 39
-7714.9326171875 6 16 20 41 47
-7714.9228515625 5 16 21 23 41
-7714.9106445312 7 19 21 32 37
-7714.9038085938 7 19 20 35 41
-7714.8876953125 6 29 30 43 46
-7714.8588867188 6 12 34 39 41
-7714.7998046875 7 13 15 19 22
-7714.7792968750 2 15 18 22 44
-7714.7036132812 1 6 15 22 46
-7714.6962890625 10 11 14 24 39
-7714.6303710938 1 11 26 46 47
-7714.6069335938 8 21 32 38 47
-7714.5800781250 14 17 22 36 47
-7714.5766601562 7 10 12 21 43
-7714.5322265625 5 17 28 36 42
-7714.5205078125 13 15 24 28 57
-7714.4257812500 2 7 34 39 47
-7714.3427734375 20 23 28 29 43
-7714.2905273438 12 14 22 34 41
-7714.2626953125 8 15 21 35 41
Note: The following floating-point exceptions are signalling: IEEE_OVERFLOW_FLAG IEEE_UNDERFLOW_FLAG IEEE_DENORMAL
cp: cannot stat 'configuration.6.txt': No such file or directory
-7709.9565429688 2 3 4 6 20 22
-7709.9462890625 3 19 20 22 23 24
-7709.7734375000 2 3 4 6 13 20
-7709.7382812500 4 7 11 12 13 17
-7709.7285156250 1 2 3 6 22 23
-7709.7270507812 3 4 19 20 24 46
-7709.7167968750 1 2 4 21 22 24
-7709.6962890625 2 7 20 21 22 23
-7709.6904296875 3 4 11 20 22 24
-7709.6826171875 1 2 6 17 22 23
-7709.6801757812 3 8 9 11 14 18
-7709.6767578125 3 4 6 11 20 22
-7709.6743164062 3 4 6 20 22 31
-7709.6718750000 1 2 4 17 22 24
-7709.6552734375 9 11 14 17 18 25
-7709.6528320312 3 6 20 22 23 31
-7709.6489257812 7 12 13 15 16 29
-7709.6459960938 5 19 20 23 24 33
-7709.6435546875 1 4 11 17 22 24
-7709.6367187500 7 8 12 15 16 41
-7709.6342773438 7 12 13 15 17 31
-7709.6274414062 1 2 3 4 7 8
-7709.6225585938 1 8 14 15 16 17
-7709.6191406250 2 5 20 21 24 47
-7709.6186523438 11 14 17 18 22 27
-7709.6147460938 3 4 19 22 24 44
-7709.6142578125 2 4 5 6 10 12
-7709.6108398438 7 11 13 17 18 39
-7709.6098632812 8 10 12 14 15 28
-7709.6049804688 4 11 17 22 24 30
-7709.5996093750 2 4 21 22 24 30
-7709.5952148438 8 11 15 17 18 24
-7709.5839843750 8 9 10 11 14 42
-7709.5825195312 2 3 4 20 24 25
-7709.5791015625 8 9 10 14 16 42
-7709.5786132812 7 16 17 18 22 23
-7709.5708007812 8 10 14 15 18 40
-7709.5703125000 3 13 19 20 23 24
-7709.5698242188 8 11 14 17 18 39
-7709.5659179688 2 7 8 15 20 21
-7709.5600585938 2 4 7 12 13 21
-7709.5576171875 1 5 10 19 23 24
-7709.5566406250 7 12 15 16 17 46
-7709.5405273438 9 12 13 16 17 36
-7709.5380859375 4 20 21 22 24 43
-7709.5336914062 2 4 7 12 13 17
-7709.5302734375 1 2 21 22 23 24
-7709.5297851562 8 10 12 14 15 40
-7709.5180664062 7 12 15 17 25 28
-7709.5146484375 10 16 18 22 23 24
-7709.5136718750 11 15 18 21 22 24
-7709.5126953125 1 3 6 19 23 34
-7709.5102539062 2 13 15 20 21 22
-7709.5073242188 2 3 6 22 23 44
-7709.5063476562 3 4 19 22 24 42
-7709.5039062500 7 13 15 16 17 44
-7709.4985351562 1 2 3 7 8 35
-7709.4960937500 2 3 4 20 24 37
-7709.4848632812 3 4 6 11 20 34
-7709.4824218750 12 16 17 22 23 48
-7709.4794921875 2 7 20 21 22 35
-7709.4785156250 6 17 19 22 23 30
-7709.4760742188 8 10 11 12 14 39
-7709.4746093750 5 10 19 23 24 44
-7709.4697265625 8 10 14 16 30 39
-7709.4682617188 7 12 13 15 17 25
-7709.4667968750 3 4 11 14 20 22
-7709.4643554688 3 6 20 23 31 34
-7709.4638671875 1 5 19 23 24 29
-7709.4624023438 7 12 13 16 21 23
-7709.4599609375 11 13 15 18 20 21
-7709.4555664062 10 13 14 16 18 27
-7709.4536132812 3 4 6 20 22 40
-7709.4526367188 1 3 9 14 19 22
-7709.4472656250 3 4 6 22 31 32
-7709.4458007812 3 4 6 19 22 42
-7709.4448242188 8 9 10 14 28 30
-7709.4409179688 2 6 17 22 23 44
-7709.4375000000 10 16 20 22 23 24
-7709.4326171875 1 3 4 8 11 14
-7709.4306640625 13 15 16 17 18 20
-7709.4194335938 8 11 14 15 21 42
-7709.4145507812 12 13 15 16 17 22
-7709.4140625000 11 12 14 17 22 27
-7709.4003906250 2 3 20 22 24 39
-7709.3974609375 4 17 20 21 22 24
-7709.3891601562 7 8 11 15 29 42
-7709.3872070312 5 10 14 19 23 30
-7709.3847656250 5 10 12 15 16 24
-7709.3789062500 1 3 4 5 11 38
-7709.3769531250 1 2 3 5 9 48
-7709.3750000000 3 9 11 13 20 36
-7709.3725585938 3 4 11 22 24 44
-7709.3720703125 4 7 11 12 17 46
-7709.3715820312 2 7 17 20 22 35
-7709.3701171875 1 2 4 22 24 41
-7709.3691406250 9 11 12 13 17 25
-7709.3686523438 3 9 12 13 14 16
-7709.3681640625 7 12 15 17 28 46
-7709.3671875000 3 13 19 20 22 24
-7709.3662109375 3 6 9 11 20 22
-7709.3647460938 6 12 15 16 21 25
-7709.3642578125 3 4 5 11 20 48
-7709.3627929688 4 6 17 19 22 30
-7709.3618164062 2 5 20 23 33 48
-7709.3613281250 2 3 7 20 22 39
-7709.3608398438 6 12 13 15 21 40
-7709.3603515625 1 2 6 21 22 39
-7709.3593750000 5 18 19 23 24 29
-7709.3559570312 4 6 11 13 17 18
-7709.3540039062 12 14 15 19 21 25
-7709.3486328125 4 7 16 17 18 22
-7709.3481445312 8 10 15 16 24 32
-7709.3437500000 11 17 18 21 22 24
-7709.3432617188 9 12 16 17 36 37
-7709.3427734375 4 5 10 19 24 42
-7709.3417968750 3 8 12 14 15 16
-7709.3413085938 2 4 6 22 30 45
-7709.3408203125 1 3 6 23 34 43
-7709.3403320312 1 4 5 10 19 36
-7709.3393554688 14 18 19 21 22 39
-7709.3383789062 9 10 12 13 14 31
-7709.3334960938 6 12 13 16 17 39
-7709.3330078125 4 6 12 19 22 29
-7709.3320312500 3 6 13 15 19 20
-7709.3315429688 2 4 6 17 20 25
-7709.3295898438 2 20 21 22 26 35
-7709.3291015625 1 8 10 11 14 39
-7709.3266601562 3 4 5 6 18 19
-7709.3261718750 1 5 9 10 16 26
-7709.3237304688 5 9 11 14 18 33
-7709.3222656250 10 14 15 18 19 22
-7709.3217773438 2 8 14 15 21 30
-7709.3198242188 4 6 11 17 20 34
-7709.3193359375 8 19 21 23 24 30
-7709.3178710938 5 15 19 21 23 24
-7709.3173828125 4 14 19 20 22 24
-7709.3168945312 2 4 6 22 30 33
-7709.3159179688 14 15 18 19 21 46
-7709.3154296875 3 5 9 11 18 38
-7709.3144531250 3 6 8 12 16 23
-7709.3139648438 9 11 12 17 26 37
-7709.3134765625 4 11 13 17 18 20
-7709.3120117188 1 3 6 19 34 35
-7709.3085937500 3 4 6 20 25 43
-7709.3046875000 7 12 13 15 17 46
-7709.3007812500 9 10 14 16 20 22
-7709.2983398438 4 5 10 12 14 31
-7709.2963867188 11 14 17 18 21 22
-7709.2944335938 3 6 9 19 20 46
-7709.2934570312 12 14 15 16 17 19
-7709.2910156250 3 4 6 22 43 44
-7709.2905273438 5 16 23 24 29 44
-7709.2900390625 14 15 17 18 21 22
-7709.2885742188 2 6 20 21 23 33
-7709.2880859375 6 12 15 19 21 25
-7709.2807617188 10 11 15 18 22 24
-7709.2792968750 1 3 19 20 23 24
-7709.2778320312 1 19 21 22 24 35
-7709.2773437500 1 3 8 14 15 16
-7709.2768554688 1 3 6 9 16 34
-7709.2763671875 1 2 6 15 22 33
-7709.2758789062 1 3 5 9 19 48
-7709.2753906250 12 14 15 17 19 46
-7709.2749023438 3 6 22 23 43 44
-7709.2744140625 4 12 16 17 22 48
-7709.2734375000 3 4 11 14 22 32
-7709.2729492188 5 6 9 11 12 33
-7709.2690429688 4 6 10 12 13 19
-7709.2685546875 8 14 15 19 21 23
-7709.2651367188 7 8 11 15 33 42
-7709.2617187500 3 4 8 11 20 24
-7709.2612304688 9 12 13 16 17 29
-7709.2597656250 2 5 18 20 23 24
-7709.2592773438 10 14 15 18 25 40
-7709.2583007812 10 12 13 14 16 39
-7709.2578125000 7 15 16 18 22 29
-7709.2568359375 2 13 20 21 26 27
-7709.2553710938 1 3 8 9 11 48
-7709.2543945312 2 6 20 21 22 34
-7709.2514648438 3 4 19 24 25 44
-7709.2500000000 8 10 14 16 20 39
-7709.2495117188 3 9 11 20 24 25
-7709.2480468750 2 7 12 15 25 29
-7709.2465820312 5 10 15 16 20 36
-7709.2421875000 2 4 21 22 26 30
-7709.2416992188 2 4 6 20 22 32
-7709.2407226562 8 9 10 11 12 17
-7709.2397460938 1 3 7 8 16 39
-7709.2382812500 9 11 12 13 36 41
-7709.2368164062 3 4 13 18 24 31
-7709.2363281250 1 4 6 11 12 22
-7709.2348632812 2 14 20 21 22 35
-7709.2294921875 6 9 11 13 17 32
-7709.2290039062 3 6 11 20 22 39
-7709.2285156250 4 6 10 11 20 46
-7709.2280273438 4 10 16 18 22 24
-7709.2270507812 1 4 5 10 11 18
-7709.2265625000 4 5 10 12 24 31
-7709.2260742188 1 6 8 10 16 35
-7709.2241210938 1 8 9 10 16 48
-7709.2216796875 10 11 12 14 15 37
-7709.2197265625 1 2 4 7 13 17
-7709.2192382812 2 8 14 15 17 32
-7709.2177734375 4 7 12 16 17 34
-7709.2167968750 11 14 17 22 27 32
-7709.2128906250 4 6 12 16 17 34
-7709.2119140625 6 10 13 16 18 27
-7709.2099609375 7 12 13 16 17 46
-7709.2089843750 7 16 18 22 23 29
-7709.2070312500 3 6 19 20 23 32
-7709.2045898438 2 5 7 15 21 42
-7709.2041015625 7 10 12 13 15 37
-7709.2031250000 7 15 16 17 25 44
-7709.2021484375 2 7 13 21 42 47
-7709.1997070312 4 7 13 17 20 43
-7709.1987304688 6 12 15 19 22 29
-7709.1962890625 8 10 14 15 16 39
-7709.1958007812 2 9 18 21 22 26
-7709.1953125000 1 4 11 12 17 22
-7709.1948242188 4 7 12 17 25 40
-7709.1923828125 1 7 8 10 28 39
-7709.1894531250 3 14 19 20 34 47
-7709.1884765625 1 2 3 5 9 18
-7709.1850585938 11 13 15 20 21 25
-7709.1840820312 10 14 15 18 25 43
-7709.1831054688 2 3 8 20 24 35
-7709.1826171875 13 15 16 18 21 43
-7709.1816406250 7 8 12 16 17 22
-7709.1787109375 5 10 14 19 30 47
-7709.1777343750 7 11 12 17 25 35
-7709.1762695312 1 3 14 19 22 27
-7709.1757812500 1 2 21 22 24 39
-7709.1738281250 6 13 15 19 21 22
-7709.1733398438 1 8 9 11 14 21
-7709.1708984375 2 17 22 24 27 32
-7709.1704101562 3 14 19 22 35 42
-7709.1684570312 2 15 21 24 30 34
-7709.1674804688 8 9 12 19 29 36
-7709.1665039062 12 14 15 17 21 22
-7709.1660156250 4 11 14 17 25 30
-7709.1650390625 3 4 8 11 14 20
-7709.1630859375 3 11 15 20 22 24
-7709.1625976562 5 14 16 17 18 27
-7709.1621093750 3 6 9 20 22 40
-7709.1606445312 3 4 5 19 24 46
-7709.1601562500 12 14 21 22 23 40
-7709.1596679688 5 15 19 20 21 38
-7709.1591796875 3 7 11 13 20 23
-7709.1586914062 1 3 4 5 11 22
-7709.1572265625 8 11 14 17 35 44
-7709.1567382812 4 10 18 24 25 31
-7709.1557617188 4 14 16 17 18 25
-7709.1533203125 1 2 4 7 10 13
-7709.1523437500 2 15 18 20 21 25
-7709.1518554688 1 3 4 14 22 43
-7709.1494140625 7 9 16 18 25 33
-7709.1489257812 1 4 5 10 31 36
-7709.1474609375 1 9 11 17 24 37
-7709.1469726562 3 6 15 20 22 43
-7709.1425781250 2 4 20 22 24 39
-7709.1420898438 3 8 11 14 30 47
-7709.1411132812 5 15 21 24 31 44
-7709.1401367188 5 6 12 16 21 39
-7709.1391601562 1 3 4 6 20 43
-7709.1386718750 10 11 13 15 17 18
-7709.1381835938 8 11 12 14 15 16
-7709.1372070312 10 14 15 16 18 26
-7709.1367187500 10 16 18 22 24 35
-7709.1362304688 1 11 14 15 17 34
-7709.1357421875 4 5 19 24 33 42
-7709.1328125000 11 12 13 14 17 47
-7709.1318359375 2 4 6 20 22 47
-7709.1298828125 5 9 10 18 36 40
-7709.1293945312 1 2 7 21 34 35
-7709.1289062500 13 17 19 20 23 36
-7709.1279296875 2 5 9 24 29 44
-7709.1269531250 6 12 15 21 25 40
-7709.1264648438 12 14 15 17 22 23
-7709.1254882812 11 14 15 20 21 25
-7709.1250000000 8 11 14 15 18 47
-7709.1240234375 6 12 15 22 28 33
-7709.1230468750 2 8 15 21 30 48
-7709.1225585938 14 15 18 22 33 40
-7709.1191406250 3 5 20 24 28 39
-7709.1186523438 10 11 13 14 15 32
-7709.1176757812 3 4 5 18 22 24
-7709.1162109375 3 11 13 20 23 24
-7709.1157226562 5 9 10 12 24 40
-7709.1137695312 9 10 13 14 31 32
-7709.1098632812 1 3 7 8 9 42
-7709.1083984375 1 6 8 15 17 19
-7709.1049804688 16 19 20 22 23 29
-7709.1035156250 4 11 18 24 29 46
-7709.1030273438 4 8 19 21 24 30
-7709.1015625000 1 7 9 10 11 42
-7709.1005859375 4 7 11 20 33 34
-7709.0966796875 1 2 5 6 41 47
-7709.0957031250 8 9 16 18 24 41
-7709.0947265625 7 10 12 15 43 46
-7709.0927734375 2 8 14 15 17 21
-7709.0922851562 7 11 17 30 34 39
-7709.0903320312 7 10 12 25 28 39
-7709.0893554688 1 5 10 23 31 36
-7709.0883789062 2 4 7 12 25 45
-7709.0869140625 3 13 15 19 20 26
-7709.0864257812 1 3 4 6 10 11
-7709.0849609375 1 2 5 18 23 24
-7709.0844726562 1 7 9 13 17 40
-7709.0839843750 7 15 16 20 29 34
-7709.0805664062 5 10 11 15 26 30
-7709.0800781250 9 12 14 16 17 21
-7709.0791015625 5 9 19 24 29 44
-7709.0786132812 7 10 16 23 32 34
-7709.0776367188 2 7 8 12 27 45
-7709.0756835938 7 10 16 22 30 39
-7709.0751953125 14 15 16 18 22 24
-7709.0747070312 1 6 17 22 27 43
-7709.0742187500 2 5 6 21 24 47
-7709.0732421875 8 11 15 21 36 42
-7709.0727539062 1 4 6 17 22 24
-7709.0717773438 3 6 13 19 27 44
-7709.0683593750 2 6 20 22 23 37
-7709.0673828125 2 3 5 26 30 47
-7709.0668945312 6 8 12 21 23 43
-7709.0654296875 6 16 20 22 27 29
-7709.0649414062 2 4 5 21 24 38
-7709.0629882812 4 10 14 18 40 46
-7709.0625000000 15 17 18 24 25 43
-7709.0620117188 2 6 20 22 23 43
-7709.0610351562 13 15 16 18 29 38
-7709.0605468750 10 15 16 20 23 24
-7709.0595703125 1 4 11 18 21 22
-7709.0590820312 9 10 12 13 16 22
-7709.0581054688 9 11 12 17 25 29
-7709.0576171875 2 7 17 20 34 47
-7709.0556640625 11 12 14 17 34 47
-7709.0551757812 5 15 21 23 24 31
-7709.0546875000 3 20 22 24 43 47
-7709.0537109375 3 13 20 22 23 24
-7709.0532226562 2 5 9 14 18 33
-7709.0527343750 1 6 9 11 22 33
-7709.0522460938 2 3 6 20 22 45
-7709.0507812500 1 5 9 10 20 24
-7709.0502929688 6 11 13 15 21 25
-7709.0498046875 1 5 19 24 29 47
-7709.0488281250 10 14 16 20 22 35
-7709.0473632812 18 19 20 21 22 26
-7709.0468750000 12 14 16 17 35 46
-7709.0463867188 1 8 9 10 11 27
-7709.0458984375 3 9 14 18 19 32
-7709.0434570312 11 12 15 22 29 36
-7709.0419921875 11 12 14 21 22 23
-7709.0405273438 17 19 20 23 34 36
-7709.0400390625 3 6 19 30 34 47
-7709.0390625000 5 11 14 18 23 33
-7709.0385742188 1 6 11 15 21 37
-7709.0366210938 2 3 5 12 24 47
-7709.0361328125 1 8 10 14 35 40
-7709.0356445312 2 4 22 24 41 42
-7709.0341796875 7 8 12 15 17 20
-7709.0336914062 4 7 12 17 43 46
-7709.0327148438 8 9 12 26 31 41
-7709.0317382812 9 12 13 17 22 40
-7709.0312500000 8 12 14 16 23 28
-7709.0307617188 3 11 14 17 18 22
-7709.0302734375 1 8 10 16 39 48
-7709.0297851562 4 11 17 18 22 41
-7709.0288085938 6 9 10 12 19 46
-7709.0268554688 9 16 20 21 22 26
-7709.0263671875 3 4 7 12 31 34
-7709.0239257812 17 19 20 21 24 25
-7709.0224609375 8 9 11 12 17 37
-7709.0214843750 2 4 5 36 42 45
-7709.0209960938 4 17 20 22 24 29
-7709.0205078125 9 12 13 16 25 33
-7709.0200195312 7 12 15 28 41 46
-7709.0190429688 1 3 4 22 31 48
-7709.0185546875 3 4 6 11 21 22
-7709.0180664062 1 5 6 21 23 44
-7709.0175781250 7 10 20 23 34 40
-7709.0161132812 7 9 11 13 21 22
-7709.0156250000 1 6 15 17 19 46
-7709.0136718750 14 17 19 20 21 23
-7709.0131835938 10 11 14 15 32 34
-7709.0117187500 1 17 19 20 22 24
-7709.0107421875 3 12 13 14 15 16
-7709.0102539062 1 4 5 19 24 42
-7709.0097656250 11 13 18 21 26 47
-7709.0092773438 3 7 12 13 15 40
-7709.0087890625 3 8 15 18 19 26
-7709.0083007812 4 11 12 21 25 26
-7709.0073242188 3 4 6 42 43 46
-7709.0053710938 4 6 20 21 22 41
-7709.0043945312 7 11 13 18 23 33
-7709.0014648438 4 6 20 21 22 35
-7709.0004882812 7 13 15 20 29 34
-7709.0000000000 17 20 21 22 24 27
-7708.9985351562 8 10 12 14 15 37
-7708.9956054688 17 19 22 23 24 36
-7708.9946289062 4 6 11 12 20 22
-7708.9936523438 5 11 18 26 27 29
-7708.9931640625 6 13 15 17 19 22
-7708.9926757812 4 11 12 14 34 41
-7708.9921875000 2 7 15 20 21 45
-7708.9912109375 2 15 17 18 21 24
-7708.9907226562 7 12 15 16 33 46
-7708.9902343750 1 2 3 7 25 35
-7708.9897460938 3 9 11 18 20 38
-7708.9887695312 6 11 12 25 27 29
-7708.9877929688 11 15 18 20 22 24
-7708.9853515625 3 9 11 12 13 20
-7708.9833984375 4 7 8 11 32 41
-7708.9824218750 1 5 9 10 11 15
-7708.9819335938 2 3 7 32 34 47
-7708.9814453125 2 5 6 12 23 27
-7708.9804687500 12 15 21 24 25 31
-7708.9780273438 3 8 12 15 19 26
-7708.9770507812 5 9 12 14 29 31
-7708.9765625000 1 2 4 6 13 20
-7708.9746093750 1 4 11 15 17 22
-7708.9741210938 8 9 12 19 36 45
-7708.9736328125 2 14 19 20 21 22
-7708.9726562500 3 8 12 16 35 38
-7708.9716796875 4 11 20 22 24 39
-7708.9707031250 5 10 16 23 24 29
-7708.9702148438 5 11 14 18 23 41
-7708.9692382812 4 6 12 14 19 22
-7708.9687500000 1 4 6 7 11 22
-7708.9682617188 3 5 6 12 20 23
-7708.9677734375 7 8 10 20 23 40
-7708.9672851562 3 6 16 19 23 30
-7708.9667968750 4 6 12 17 19 21
-7708.9658203125 4 5 19 22 24 30
-7708.9653320312 1 3 9 13 16 20
-7708.9648437500 1 5 19 21 22 24
-7708.9633789062 2 17 22 23 26 44
-7708.9628906250 20 22 23 31 33 36
-7708.9614257812 5 9 13 19 20 24
-7708.9609375000 7 9 12 21 22 31
-7708.9594726562 1 4 6 12 22 29
-7708.9580078125 11 12 15 22 33 36
-7708.9575195312 4 11 18 26 33 34
-7708.9570312500 1 8 14 15 16 26
-7708.9565429688 5 9 10 24 40 42
-7708.9545898438 5 9 19 20 33 38
-7708.9541015625 5 11 20 24 33 39
-7708.9536132812 2 8 15 17 30 38
-7708.9526367188 8 9 18 24 28 29
-7708.9516601562 4 8 11 20 24 33
-7708.9511718750 4 12 19 24 25 33
-7708.9506835938 4 5 10 20 24 42
-7708.9501953125 1 8 15 19 24 45
-7708.9492187500 3 4 11 13 30 36
-7708.9487304688 1 8 14 17 35 40
-7708.9467773438 4 11 13 18 20 26
-7708.9458007812 3 6 15 19 20 23
-7708.9443359375 7 15 16 17 34 44
-7708.9438476562 1 8 11 15 18 24
-7708.9428710938 3 6 11 12 17 22
-7708.9418945312 2 4 6 17 20 45
-7708.9379882812 3 5 23 24 31 38
-7708.9375000000 7 9 18 22 31 33
-7708.9370117188 1 5 6 21 23 37
-7708.9360351562 7 8 15 16 17 19
-7708.9340820312 1 14 15 17 28 37
-7708.9321289062 1 3 7 8 31 39
-7708.9316406250 1 2 3 4 7 39
-7708.9296875000 6 10 11 12 35 46
-7708.9282226562 1 2 4 7 10 17
-7708.9257812500 2 4 5 30 36 45
-7708.9252929688 2 7 12 13 21 40
-7708.9228515625 1 4 17 20 22 36
-7708.9223632812 3 6 15 16 20 23
-7708.9213867188 2 18 22 26 45 47
-7708.9199218750 1 4 5 11 12 38
-7708.9194335938 3 8 9 20 31 36
-7708.9189453125 7 10 12 13 25 39
-7708.9179687500 1 3 4 5 19 25
-7708.9155273438 1 4 5 18 19 36
-7708.9150390625 7 15 20 21 22 47
-7708.9135742188 1 2 6 15 45 46
-7708.9121093750 10 11 14 18 19 22
-7708.9111328125 3 19 20 23 24 60
-7708.9096679688 5 10 16 23 32 39
-7708.9086914062 5 10 13 16 18 23
-7708.9082031250 3 4 14 31 44 46
-7708.9067382812 6 15 19 20 25 33
-7708.9057617188 2 4 6 15 21 25
-7708.9052734375 9 11 17 25 30 38
-7708.9038085938 3 6 19 20 23 49
-7708.9028320312 7 8 11 18 21 22
-7708.9023437500 7 10 13 18 28 46
-7708.9008789062 4 6 13 20 40 45
-7708.9003906250 2 7 8 20 27 45
-7708.8999023438 1 8 14 15 16 46
-7708.8994140625 4 6 12 13 17 20
-7708.8979492188 7 8 10 11 27 47
-7708.8974609375 13 15 16 18 21 45
-7708.8969726562 11 13 17 20 24 42
-7708.8955078125 11 13 18 21 36 47
-7708.8950195312 15 16 22 23 24 30
-7708.8935546875 4 10 11 12 14 16
-7708.8925781250 8 9 16 24 29 44
-7708.8901367188 8 10 14 16 27 48
-7708.8896484375 1 11 15 22 29 36
-7708.8891601562 7 10 11 13 15 33
-7708.8886718750 2 17 18 22 24 30
-7708.8881835938 2 13 19 20 21 39
-7708.8872070312 1 3 8 9 16 41
-7708.8852539062 1 4 11 12 21 22
-7708.8847656250 2 12 13 15 19 21
-7708.8842773438 7 12 16 33 37 39
-7708.8837890625 3 7 10 16 20 23
-7708.8828125000 5 17 20 22 23 24
-7708.8823242188 14 16 17 18 23 45
-7708.8818359375 6 10 12 16 23 26
-7708.8793945312 3 7 8 23 28 32
-7708.8784179688 14 17 19 20 22 28
-7708.8774414062 1 3 4 18 19 25
-7708.8764648438 8 11 12 14 19 27
-7708.8754882812 7 12 15 41 43 46
-7708.8750000000 2 3 5 14 24 47
-7708.8740234375 7 9 11 17 22 40
-7708.8706054688 3 7 9 11 15 18
-7708.8701171875 1 17 22 23 24 37
-7708.8696289062 1 5 7 9 11 15
-7708.8691406250 2 6 17 20 22 43
-7708.8681640625 2 4 20 26 41 46
-7708.8676757812 2 5 6 10 12 44
-7708.8666992188 8 9 10 16 32 48
-7708.8652343750 3 6 13 15 31 44
-7708.8642578125 5 6 12 15 21 22
-7708.8637695312 1 8 9 14 33 43
-7708.8623046875 7 15 18 25 28 41
-7708.8618164062 15 17 20 22 24 42
-7708.8613281250 6 21 22 23 35 42
-7708.8603515625 1 4 10 14 19 20
-7708.8593750000 1 3 7 16 25 39
-7708.8583984375 7 9 13 28 41 42
-7708.8574218750 3 9 14 19 20 54
-7708.8569335938 4 5 19 20 22 33
-7708.8559570312 3 9 13 14 19 21
-7708.8554687500 5 9 18 24 29 40
-7708.8544921875 1 2 3 5 18 27
-7708.8540039062 5 6 9 10 14 19
-7708.8530273438 3 6 19 22 32 40
-7708.8520507812 5 19 24 33 39 42
-7708.8515625000 1 17 22 23 36 40
-7708.8505859375 5 6 12 13 19 21
-7708.8496093750 1 2 5 45 47 48
-7708.8491210938 7 12 16 23 33 46
-7708.8486328125 5 9 17 20 24 31
-7708.8471679688 1 9 14 21 25 28
-7708.8461914062 3 5 7 11 23 42
-7708.8437500000 11 13 14 18 23 33
-7708.8432617188 9 16 20 25 26 45
-7708.8422851562 8 9 14 19 22 32
-7708.8403320312 10 12 13 16 23 34
-7708.8383789062 1 2 5 20 24 41
-7708.8374023438 2 4 5 11 20 26
-7708.8364257812 4 6 11 12 17 31
-7708.8359375000 2 4 7 15 21 34
-7708.8354492188 5 11 20 35 38 41
-7708.8344726562 2 5 15 21 24 31
-7708.8339843750 4 11 20 33 34 48
-7708.8325195312 8 9 10 14 29 30
-7708.8320312500 17 18 19 20 23 48
-7708.8315429688 8 14 15 21 31 33
-7708.8295898438 11 15 17 32 34 36
-7708.8291015625 9 11 12 21 24 25
-7708.8276367188 3 6 19 32 37 39
-7708.8261718750 1 3 14 15 22 31
-7708.8251953125 14 18 19 21 24 47
-7708.8247070312 2 4 21 22 30 44
-7708.8232421875 4 5 6 10 14 20
-7708.8222656250 8 15 19 21 23 36
-7708.8212890625 6 8 10 19 20 27
-7708.8198242188 3 15 20 22 26 31
-7708.8193359375 4 19 20 23 24 46
-7708.8188476562 3 6 8 16 23 35
-7708.8183593750 5 12 15 28 45 48
-7708.8178710938 3 7 11 12 39 46
-7708.8173828125 10 13 18 23 26 28
-7708.8168945312 19 20 22 27 33 36
-7708.8164062500 1 10 14 23 40 46
-7708.8149414062 2 15 17 18 46 48
-7708.8144531250 3 4 6 10 12 19
-7708.8139648438 3 8 11 14 15 21
-7708.8120117188 19 21 22 26 32 39
-7708.8100585938 2 15 20 21 32 37
-7708.8085937500 10 15 16 18 30 34
-7708.8081054688 1 4 7 8 21 43
-7708.8076171875 3 9 11 18 22 40
-7708.8041992188 2 3 4 6 13 23
-7708.8037109375 2 3 7 9 22 38
-7708.8017578125 1 2 6 9 17 32
-7708.8007812500 1 3 9 11 14 16
-7708.8002929688 7 10 11 12 21 34
-7708.7998046875 13 18 21 22 24 28
-7708.7978515625 3 4 11 17 20 46
-7708.7963867188 7 9 13 17 24 30
-7708.7954101562 2 17 20 22 35 47
-7708.7949218750 1 4 5 11 36 42
-7708.7944335938 7 8 11 17 27 34
-7708.7939453125 1 11 15 17 21 24
-7708.7934570312 2 7 16 20 21 34
-7708.7929687500 2 5 14 15 16 21
-7708.7910156250 2 7 12 13 21 48
-7708.7905273438 9 10 11 13 14 31
-7708.7900390625 11 15 17 21 24 37
-7708.7875976562 1 2 3 8 32 47
-7708.7861328125 9 10 14 19 28 32
-7708.7841796875 12 16 22 23 31 33
-7708.7836914062 17 19 20 22 23 57
-7708.7827148438 3 6 22 23 32 46
-7708.7822265625 3 19 20 24 28 37
-7708.7807617188 3 6 12 19 23 40
-7708.7797851562 3 4 5 6 15 19
-7708.7773437500 1 9 19 20 22 26
-7708.7758789062 3 4 6 13 28 34
-7708.7749023438 10 12 16 34 38 47
-7708.7719726562 4 7 10 15 20 25
-7708.7709960938 6 15 16 18 21 35
-7708.7705078125 8 12 14 19 28 41
-7708.7700195312 3 6 17 22 23 42
-7708.7695312500 10 15 16 25 30 48
-7708.7680664062 3 4 5 18 24 29
-7708.7670898438 3 4 14 22 31 43
-7708.7666015625 4 20 22 24 45 55
-7708.7661132812 5 7 18 19 21 47
-7708.7656250000 4 5 13 18 19 21
-7708.7617187500 6 9 11 13 18 34
-7708.7612304688 9 12 17 19 26 40
-7708.7597656250 8 15 24 28 32 45
-7708.7587890625 1 7 10 11 30 34
-7708.7573242188 3 4 19 21 24 42
-7708.7568359375 3 17 22 23 24 31
-7708.7548828125 4 11 20 24 29 33
-7708.7539062500 2 6 9 17 22 33
-7708.7534179688 3 4 7 11 13 60
-7708.7529296875 7 10 15 18 26 28
-7708.7524414062 7 8 9 16 17 38
-7708.7519531250 3 9 11 16 18 26
-7708.7504882812 4 16 20 26 45 46
-7708.7500000000 15 22 23 24 29 30
-7708.7490234375 9 14 18 20 22 41
-7708.7485351562 4 13 19 21 24 33
-7708.7480468750 19 20 21 22 27 30
-7708.7475585938 1 3 4 7 18 31
-7708.7465820312 5 19 21 26 32 39
-7708.7456054688 11 14 15 20 34 45
-7708.7446289062 16 18 22 23 39 45
-7708.7441406250 1 3 8 9 15 19
-7708.7431640625 2 5 6 10 15 27
-7708.7426757812 4 5 20 24 28 34
-7708.7421875000 3 4 6 9 22 32
-7708.7412109375 12 23 24 29 31 37
-7708.7392578125 20 22 23 24 28 30
-7708.7387695312 12 15 16 23 34 36
-7708.7382812500 3 7 9 11 15 20
-7708.7377929688 1 6 10 15 16 30
-7708.7368164062 8 10 16 23 24 40
-7708.7348632812 3 5 6 16 43 44
-7708.7343750000 10 16 20 23 24 55
-7708.7329101562 1 5 10 11 15 34
-7708.7324218750 5 18 23 24 31 32
-7708.7314453125 1 2 6 7 17 35
-7708.7309570312 2 5 22 24 44 47
-7708.7304687500 3 5 18 23 24 29
-7708.7290039062 1 2 3 8 16 47
-7708.7285156250 4 7 22 31 42 45
-7708.7275390625 4 17 18 22 33 48
-7708.7265625000 2 8 14 15 21 45
-7708.7260742188 14 17 18 22 35 36
-7708.7255859375 11 13 17 18 26 48
-7708.7250976562 8 9 12 17 28 37
-7708.7241210938 6 11 18 22 35 45
-7708.7231445312 2 4 20 23 34 36
-7708.7226562500 1 17 18 22 23 36
-7708.7216796875 14 15 17 18 33 40
-7708.7211914062 6 16 17 22 25 44
-7708.7207031250 2 15 21 22 30 44
-7708.7197265625 1 3 5 7 9 29
-7708.7192382812 1 9 10 14 23 40
-7708.7187500000 13 15 18 21 26 34
-7708.7182617188 2 3 5 20 23 59
-7708.7172851562 1 8 9 11 29 37
-7708.7167968750 1 2 5 7 23 57
-7708.7148437500 5 12 19 21 24 28
-7708.7143554688 12 13 15 16 19 26
-7708.7133789062 1 5 23 24 31 42
-7708.7128906250 1 6 9 11 22 37
-7708.7124023438 1 2 21 22 23 43
-7708.7119140625 17 18 19 20 21 36
-7708.7114257812 2 6 17 19 22 42
-7708.7109375000 3 5 15 19 23 36
-7708.7104492188 7 8 17 19 21 27
-7708.7094726562 3 9 11 20 24 47
-7708.7070312500 1 14 15 19 21 44
-7708.7065429688 2 3 32 34 36 47
-7708.7060546875 1 9 11 12 29 37
-7708.7045898438 3 8 9 14 18 55
-7708.7026367188 14 18 19 22 24 41
-7708.7021484375 19 20 22 23 30 48
-7708.7011718750 12 15 16 22 24 25
-7708.7006835938 7 17 19 20 22 34
-7708.6982421875 4 6 10 11 18 35
-7708.6972656250 4 6 20 21 22 55
-7708.6962890625 17 18 19 22 23 57
-7708.6958007812 2 6 19 22 23 41
-7708.6948242188 12 15 21 24 25 46
-7708.6938476562 2 5 10 12 15 19
-7708.6923828125 3 5 7 30 43 47
-7708.6914062500 8 10 15 16 25 32
-7708.6899414062 4 6 19 20 31 34
-7708.6889648438 5 10 11 12 27 45
-7708.6884765625 6 14 16 17 22 42
-7708.6879882812 2 5 6 23 29 31
-7708.6870117188 3 11 13 17 18 20
-7708.6855468750 1 2 7 21 32 34
-7708.6840820312 8 10 15 18 24 59
-7708.6835937500 5 6 10 11 34 35
-7708.6811523438 14 16 18 21 24 34
-7708.6801757812 8 9 12 15 26 43
-7708.6796875000 14 17 18 19 44 46
-7708.6782226562 2 14 15 21 23 46
-7708.6752929688 2 9 12 16 21 22
-7708.6748046875 11 14 15 19 21 30
-7708.6743164062 3 7 8 15 16 39
-7708.6738281250 3 4 6 22 43 53
-7708.6728515625 1 10 11 34 38 47
-7708.6718750000 1 9 12 17 24 37
-7708.6713867188 7 8 10 18 23 45
-7708.6699218750 4 11 24 25 30 41
-7708.6694335938 14 17 19 25 35 42
-7708.6689453125 3 4 13 20 43 45
-7708.6679687500 3 14 23 32 40 46
-7708.6674804688 3 4 19 20 26 27
-7708.6669921875 4 7 12 17 28 48
-7708.6665039062 2 10 14 22 23 42
-7708.6655273438 8 9 15 18 24 41
-7708.6640625000 1 4 6 11 27 46
-7708.6625976562 2 7 12 17 34 45
-7708.6606445312 14 19 22 24 32 41
-7708.6601562500 11 15 18 19 21 38
-7708.6596679688 7 8 15 16 19 42
-7708.6567382812 14 15 17 19 28 30
-7708.6552734375 1 3 7 8 26 27
-7708.6547851562 3 11 13 20 24 44
-7708.6542968750 9 12 17 28 37 45
-7708.6538085938 6 15 16 18 21 44
-7708.6528320312 12 17 23 34 38 40
-7708.6503906250 15 17 22 24 34 42
-7708.6499023438 5 6 15 21 24 40
-7708.6494140625 3 4 9 20 43 46
-7708.6484375000 3 9 11 18 30 48
-7708.6479492188 5 10 18 19 27 30
-7708.6474609375 1 3 7 9 28 29
-7708.6469726562 1 6 10 11 14 27
-7708.6464843750 13 14 15 17 31 37
-7708.6450195312 7 9 12 20 28 29
-7708.6430664062 2 3 6 22 35 60
-7708.6411132812 5 6 10 23 25 32
-7708.6401367188 5 16 21 24 35 47
-7708.6381835938 10 12 14 16 22 36
-7708.6376953125 5 17 19 20 23 44
-7708.6367187500 4 5 6 17 22 31
-7708.6362304688 1 3 9 13 24 32
-7708.6357421875 11 14 15 17 20 36
-7708.6347656250 3 4 18 23 24 28
-7708.6342773438 6 15 16 17 29 34
-7708.6333007812 10 11 23 26 30 34
-7708.6318359375 1 20 21 22 24 43
-7708.6308593750 5 17 20 23 24 37
-7708.6298828125 2 3 7 9 19 25
-7708.6289062500 5 19 20 21 28 48
-7708.6279296875 8 9 14 17 30 54
-7708.6274414062 8 10 15 24 32 46
-7708.6269531250 11 12 15 18 29 48
-7708.6264648438 8 10 12 17 19 24
-7708.6259765625 5 10 18 19 27 47
-7708.6250000000 7 12 17 21 27 40
-7708.6240234375 4 11 18 22 38 60
-7708.6225585938 8 12 15 16 24 25
-7708.6220703125 1 3 6 11 22 50
-7708.6215820312 6 22 23 30 33 35
-7708.6210937500 16 21 22 27 30 48
-7708.6201171875 13 15 17 24 29 30
-7708.6196289062 4 11 14 19 20 45
-7708.6186523438 7 8 11 13 15 16
-7708.6166992188 1 2 8 9 19 33
-7708.6147460938 2 17 22 23 26 45
-7708.6142578125 9 12 16 20 29 36
-7708.6132812500 11 13 18 21 36 37
-7708.6123046875 1 2 14 17 27 37
-7708.6118164062 1 8 15 24 29 42
-7708.6108398438 1 3 19 23 25 34
-7708.6103515625 8 9 11 15 41 48
-7708.6098632812 6 8 15 21 31 35
-7708.6093750000 5 9 18 20 21 26
-7708.6083984375 2 6 14 22 23 42
-7708.6079101562 4 6 17 22 31 56
-7708.6074218750 5 7 9 11 15 17
-7708.6054687500 2 4 13 21 30 31
-7708.6049804688 11 13 17 26 35 42
-7708.6044921875 1 19 20 23 33 36
-7708.6040039062 22 24 27 28 30 33
-7708.6030273438 12 13 17 22 31 36
-7708.6025390625 10 16 18 23 25 56
-7708.6015625000 1 2 3 5 35 45
-7708.6005859375 10 18 19 24 27 44
-7708.5996093750 3 6 13 20 27 41
-7708.5981445312 4 10 11 12 28 48
-7708.5971679688 12 15 22 24 25 33
-7708.5966796875 1 5 9 10 22 26
-7708.5957031250 3 4 20 43 45 46
-7708.5952148438 8 15 18 21 32 38
-7708.5947265625 18 20 21 22 31 36
-7708.5942382812 2 4 6 20 25 51
-7708.5932617188 3 9 11 14 30 39
-7708.5927734375 7 10 15 18 22 33
-7708.5917968750 11 13 17 18 26 42
-7708.5908203125 1 3 5 35 36 42
-7708.5898437500 3 11 17 20 24 35
-7708.5893554688 11 17 19 22 35 36
-7708.5888671875 2 5 8 10 23 26
-7708.5878906250 9 13 17 19 40 44
-7708.5869140625 1 2 4 6 31 37
-7708.5864257812 1 4 7 19 20 25
-7708.5849609375 7 9 10 12 15 17
-7708.5844726562 3 9 10 13 20 38
-7708.5834960938 7 8 13 17 27 31
-7708.5830078125 9 11 12 15 37 41
-7708.5820312500 4 11 22 24 41 55
-7708.5810546875 2 4 18 36 45 48
-7708.5795898438 1 5 6 23 31 58
-7708.5791015625 4 11 26 32 34 45
-7708.5766601562 2 6 15 22 29 46
-7708.5761718750 8 15 16 38 41 46
-7708.5751953125 1 2 4 5 14 47
-7708.5727539062 11 13 17 27 29 42
-7708.5717773438 6 12 15 17 40 45
-7708.5708007812 1 2 5 36 44 47
-7708.5693359375 2 17 20 22 26 44
-7708.5683593750 1 5 6 9 23 31
-7708.5673828125 1 5 7 9 31 45
-7708.5668945312 1 3 5 11 14 60
-7708.5654296875 12 13 23 26 28 41
-7708.5649414062 11 15 18 20 34 45
-7708.5634765625 1 4 7 22 31 42
-7708.5625000000 3 15 16 19 20 26
-7708.5620117188 1 8 14 17 35 47
-7708.5581054688 7 10 11 15 42 57
-7708.5571289062 5 20 21 24 26 39
-7708.5561523438 12 14 21 37 40 47
-7708.5556640625 11 14 15 18 32 45
-7708.5551757812 7 9 17 18 22 52
-7708.5541992188 11 15 18 21 32 46
-7708.5522460938 5 9 10 16 36 47
-7708.5512695312 5 6 11 32 35 44
-7708.5507812500 2 5 7 15 35 42
-7708.5502929688 8 10 14 27 31 35
-7708.5493164062 2 7 20 23 34 36
-7708.5483398438 4 7 17 18 24 43
-7708.5473632812 2 14 19 20 23 33
-7708.5463867188 3 11 12 13 15 22
-7708.5458984375 12 16 22 26 33 41
-7708.5444335938 5 19 20 21 48 49
-7708.5439453125 3 9 11 14 40 46
-7708.5415039062 11 12 16 17 23 24
-7708.5400390625 4 5 10 11 42 49
-7708.5395507812 4 7 18 22 34 45
-7708.5380859375 10 11 13 18 31 38
-7708.5351562500 17 18 22 23 43 45
-7708.5346679688 2 5 9 20 31 36
-7708.5341796875 2 5 18 26 29 39
-7708.5336914062 4 9 10 18 34 36
-7708.5327148438 5 6 10 32 34 35
-7708.5317382812 1 4 5 16 24 48
-7708.5312500000 14 16 18 23 44 45
-7708.5292968750 7 17 18 22 39 52
-7708.5288085938 17 20 22 24 27 59
-7708.5258789062 1 2 7 23 28 34
-7708.5244140625 9 11 14 22 40 41
-7708.5239257812 9 14 18 22 24 25
-7708.5229492188 2 3 7 23 34 47
-7708.5209960938 19 20 23 24 33 58
-7708.5205078125 4 10 13 17 24 31
-7708.5200195312 7 10 16 20 34 60
-7708.5195312500 2 9 14 18 33 40
-7708.5185546875 11 14 19 22 35 42
-7708.5170898438 3 8 11 12 26 43
-7708.5156250000 12 13 19 22 29 36
-7708.5151367188 11 12 16 21 22 35
-7708.5141601562 1 2 8 24 41 42
-7708.5112304688 11 14 18 19 33 34
-7708.5107421875 6 7 17 18 22 39
-7708.5097656250 2 13 20 29 33 48
-7708.5058593750 1 2 6 8 29 37
-7708.5053710938 1 3 4 7 28 33
-7708.5034179688 7 17 21 22 44 47
-7708.5024414062 1 6 8 11 14 47
-7708.4985351562 1 6 10 11 15 31
-7708.4980468750 17 18 19 22 26 56
-7708.4970703125 1 5 11 15 36 44
-7708.4965820312 7 11 15 20 26 29
-7708.4941406250 3 6 8 23 35 44
-7708.4936523438 2 17 18 22 38 40
-7708.4916992188 1 5 16 17 35 44
-7708.4897460938 1 3 5 15 24 45
-7708.4863281250 9 10 11 14 23 46
-7708.4858398438 3 8 11 12 15 43
-7708.4848632812 13 20 21 23 31 45
-7708.4838867188 7 10 12 15 17 47
-7708.4833984375 8 9 17 19 26 41
-7708.4824218750 8 9 19 20 33 41
-7708.4819335938 11 12 19 22 23 33
-7708.4814453125 1 8 11 15 37 38
-7708.4794921875 1 2 5 10 34 47
-7708.4790039062 10 15 16 26 37 42
-7708.4780273438 12 15 19 21 24 53
-7708.4775390625 15 16 19 21 26 30
-7708.4770507812 1 15 29 31 36 46
-7708.4765625000 3 8 12 15 19 31
-7708.4746093750 1 16 17 22 25 26
-7708.4741210938 9 20 33 34 38 43
-7708.4731445312 19 20 22 33 36 38
-7708.4726562500 1 2 17 20 27 34
-7708.4716796875 10 16 18 27 32 46
-7708.4697265625 7 14 19 21 22 32
-7708.4692382812 1 4 5 6 15 24
-7708.4658203125 5 10 21 24 42 47
-7708.4643554688 1 2 4 6 11 44
-7708.4638671875 15 16 19 21 26 32
-7708.4619140625 5 11 17 18 27 37
-7708.4609375000 19 20 23 25 28 29
-7708.4584960938 2 4 5 9 21 48
-7708.4580078125 5 6 10 11 35 55
-7708.4555664062 6 11 15 17 31 32
-7708.4536132812 1 14 15 17 19 51
-7708.4531250000 7 9 11 15 37 45
-7708.4526367188 10 12 15 21 28 48
-7708.4521484375 1 5 9 12 17 48
-7708.4516601562 4 12 22 31 33 39
-7708.4492187500 11 17 22 26 47 48
-7708.4487304688 5 6 10 20 45 47
-7708.4482421875 16 20 21 34 38 41
-7708.4467773438 3 8 12 16 30 39
-7708.4453125000 1 2 9 17 38 40
-7708.4448242188 8 19 21 23 26 43
-7708.4379882812 1 3 14 15 22 25
-7708.4355468750 5 14 19 20 27 34
-7708.4350585938 5 12 15 28 33 45
-7708.4340820312 21 22 24 27 32 44
-7708.4331054688 1 6 16 32 34 41
-7708.4311523438 7 8 16 21 28 47
-7708.4306640625 2 18 22 24 33 56
-7708.4301757812 9 10 16 23 25 48
-7708.4296875000 6 8 10 16 46 47
-7708.4291992188 7 12 13 31 33 43
-7708.4287109375 11 14 16 20 22 33
-7708.4282226562 18 20 21 28 35 48
-7708.4272460938 4 7 12 31 33 43
-7708.4267578125 1 10 11 20 38 39
-7708.4262695312 1 16 17 24 25 44
-7708.4243164062 2 5 21 32 36 54
-7708.4233398438 4 11 14 15 25 29
-7708.4213867188 12 16 17 23 24 53
-7708.4199218750 11 15 18 24 29 56
-7708.4189453125 1 6 8 15 35 40
-7708.4155273438 11 14 18 21 37 40
-7708.4150390625 10 15 16 18 23 50
-7708.4135742188 9 11 14 15 25 41
-7708.4125976562 7 9 12 16 34 55
-7708.4111328125 1 2 4 6 13 56
-7708.4086914062 1 5 24 29 35 36
-7708.4067382812 7 11 17 22 32 59
-7708.4033203125 1 5 10 20 39 40
-7708.4028320312 6 8 10 15 35 40
-7708.4013671875 5 11 19 23 32 38
-7708.3999023438 3 4 24 40 44 53
-7708.3989257812 4 8 10 12 35 48
-7708.3974609375 7 11 17 34 39 41
-7708.3969726562 7 10 20 23 34 41
-7708.3955078125 6 12 21 29 34 43
-7708.3940429688 15 16 21 22 27 48
-7708.3935546875 4 5 10 28 30 34
-7708.3930664062 9 14 19 20 37 54
-7708.3925781250 13 18 20 23 26 45
-7708.3920898438 8 12 13 15 17 41
-7708.3901367188 1 14 19 22 31 35
-7708.3891601562 2 5 16 17 32 47
-7708.3876953125 1 4 7 22 26 31
-7708.3872070312 2 14 22 23 25 45
-7708.3867187500 1 10 14 15 46 48
-7708.3818359375 9 13 15 24 29 40
-7708.3813476562 9 13 18 21 23 26
-7708.3774414062 10 12 16 29 34 39
-7708.3769531250 11 14 27 41 44 46
-7708.3764648438 1 2 3 23 46 54
-7708.3745117188 3 7 18 19 34 46
-7708.3735351562 6 15 20 28 43 46
-7708.3710937500 14 15 21 30 35 46
-7708.3706054688 3 6 28 30 34 46
-7708.3691406250 8 11 14 18 22 48
-7708.3681640625 13 18 20 33 38 40
-7708.3671875000 13 18 20 31 33 38
-7708.3657226562 12 15 21 34 35 36
-7708.3652343750 3 5 15 23 24 41
-7708.3647460938 14 16 21 23 26 44
-7708.3632812500 4 11 14 21 25 54
-7708.3613281250 1 10 12 23 37 43
-7708.3574218750 2 8 12 17 20 21
-7708.3564453125 3 10 14 20 43 46
-7708.3554687500 5 18 26 29 40 47
-7708.3549804688 4 7 16 17 22 53
-7708.3540039062 14 16 21 37 44 47
-7708.3510742188 4 5 6 12 13 20
-7708.3496093750 12 17 20 24 28 34
-7708.3486328125 4 14 19 25 37 45
-7708.3466796875 1 5 23 26 31 43
-7708.3417968750 1 5 11 19 26 47
-7708.3408203125 4 15 17 18 38 43
-7708.3403320312 3 6 13 15 19 33
-7708.3383789062 7 9 10 16 32 51
-7708.3378906250 7 11 18 29 35 42
-7708.3374023438 7 8 11 39 41 57
-7708.3364257812 6 10 21 22 27 32
-7708.3330078125 1 6 10 14 22 43
-7708.3315429688 10 12 16 22 36 48
-7708.3291015625 2 3 4 6 17 40
-7708.3276367188 11 17 20 24 35 55
-7708.3266601562 3 24 28 31 32 37
-7708.3232421875 10 14 19 40 46 47
-7708.3222656250 5 6 12 17 26 43
-7708.3217773438 6 23 33 40 42 46
-7708.3208007812 11 13 20 23 24 48
-7708.3203125000 1 11 12 15 17 41
-7708.3188476562 15 18 23 26 28 46
-7708.3173828125 2 8 14 22 27 45
-7708.3164062500 7 16 23 30 39 45
-7708.3149414062 8 24 30 33 43 47
-7708.3144531250 10 16 20 24 29 39
-7708.3139648438 1 7 14 17 37 40
-7708.3129882812 1 2 4 13 24 27
-7708.3115234375 10 12 13 28 31 35
-7708.3046875000 11 12 13 27 29 57
-7708.3032226562 3 7 8 23 32 47
-7708.3022460938 1 9 17 24 25 54
-7708.3012695312 4 20 24 34 41 59
-7708.3002929688 7 18 19 21 27 58
-7708.2983398438 7 17 18 37 43 49
-7708.2968750000 4 11 12 26 29 57
-7708.2963867188 1 2 7 25 29 41
-7708.2954101562 2 3 15 25 32 37
-7708.2949218750 11 12 22 27 35 36
-7708.2924804688 4 7 13 29 32 33
-7708.2919921875 5 12 18 23 38 45
-7708.2910156250 10 11 14 23 26 34
-7708.2900390625 15 17 21 30 31 37
-7708.2885742188 3 4 18 26 46 47
-7708.2875976562 2 16 18 23 38 46
-7708.2851562500 1 5 10 19 20 37
-7708.2832031250 3 8 14 27 44 45
-7708.2812500000 4 7 11 26 34 45
-7708.2807617188 14 20 21 28 30 35
-7708.2797851562 7 20 21 27 28 51
-7708.2792968750 10 13 19 27 32 46
-7708.2749023438 5 10 11 27 32 50
-7708.2739257812 3 4 5 6 13 36
-7708.2724609375 6 12 13 31 33 45
-7708.2714843750 15 16 18 20 26 28
-7708.2709960938 12 15 18 26 33 40
-7708.2695312500 2 7 22 29 31 35
-7708.2685546875 1 3 6 15 31 52
-7708.2680664062 4 7 22 39 44 45
-7708.2666015625 1 2 10 15 26 27
-7708.2646484375 8 11 12 14 45 49
-7708.2641601562 1 2 8 15 23 37
-7708.2636718750 9 14 29 34 43 44
-7708.2631835938 6 22 23 28 44 52
-7708.2626953125 9 10 16 22 34 42
-7708.2607421875 3 4 12 16 17 48
-7708.2597656250 3 14 20 21 31 47
-7708.2578125000 19 23 24 30 38 41
-7708.2573242188 2 7 23 29 34 35
-7708.2558593750 4 12 19 24 29 43
-7708.2534179688 2 13 15 24 30 54
-7708.2524414062 11 18 21 26 37 38
-7708.2495117188 10 13 18 24 27 52
-7708.2490234375 4 11 18 27 37 45
-7708.2475585938 10 15 16 32 35 46
-7708.2460937500 15 21 22 30 31 47
-7708.2451171875 2 14 17 19 35 42
-7708.2416992188 3 12 13 15 34 43
-7708.2412109375 5 6 11 18 27 51
-7708.2387695312 3 7 19 27 28 42
-7708.2358398438 4 11 15 20 21 45
-7708.2348632812 17 22 24 43 44 52
-7708.2309570312 6 15 19 30 37 45
-7708.2299804688 13 16 20 30 41 48
-7708.2294921875 2 5 9 28 36 45
-7708.2265625000 5 11 18 33 34 47
-7708.2260742188 1 6 17 34 47 60
-7708.2250976562 1 13 15 19 36 46
-7708.2226562500 1 5 9 21 35 36
-7708.2221679688 5 6 10 24 34 35
-7708.2207031250 5 6 15 19 25 30
-7708.2202148438 7 8 12 14 17 58
-7708.2182617188 1 2 10 15 29 37
-7708.2167968750 2 6 10 18 19 27
-7708.2163085938 11 17 18 28 47 48
-7708.2128906250 7 15 20 25 41 52
-7708.2124023438 10 13 16 23 26 57
-7708.2080078125 17 18 22 26 47 56
-7708.2055664062 22 24 27 40 42 45
-7708.2041015625 5 16 26 27 33 36
-7708.2031250000 8 16 20 24 28 39
-7708.1972656250 5 10 15 33 36 42
-7708.1953125000 1 2 24 34 35 44
-7708.1923828125 12 15 28 29 37 53
-7708.1918945312 3 13 14 15 30 33
-7708.1884765625 4 13 24 30 33 41
-7708.1879882812 8 16 23 30 38 57
-7708.1811523438 11 12 15 38 41 59
-7708.1806640625 11 15 22 24 33 59
-7708.1796875000 8 13 14 16 21 29
-7708.1787109375 9 14 18 25 31 57
-7708.1782226562 5 9 16 26 33 37
-7708.1767578125 10 17 19 25 27 32
-7708.1757812500 1 16 20 21 23 40
-7708.1752929688 2 3 4 11 25 46
-7708.1743164062 6 10 11 34 47 60
-7708.1733398438 10 12 16 19 36 44
-7708.1723632812 11 12 20 26 27 33
-7708.1718750000 1 9 14 16 25 57
-7708.1708984375 13 17 18 30 35 48
-7708.1684570312 7 12 21 27 31 58
-7708.1679687500 11 14 15 25 29 58
-7708.1674804688 1 4 5 20 21 27
-7708.1669921875 2 21 34 36 39 40
-7708.1665039062 18 22 23 25 29 48
-7708.1655273438 12 17 22 39 48 54
-7708.1645507812 6 13 17 19 38 44
-7708.1625976562 5 12 19 33 48 51
-7708.1616210938 2 9 14 18 33 55
-7708.1611328125 2 3 7 39 44 57
-7708.1474609375 2 16 17 32 36 47
-7708.1440429688 10 11 12 24 39 57
-7708.1391601562 3 6 23 32 40 55
-7708.1376953125 6 9 12 18 34 41
-7708.1308593750 3 7 24 39 40 42
-7708.1274414062 7 13 16 33 43 47
-7708.1259765625 7 12 18 19 29 34
-7708.1245117188 3 13 17 26 31 44
-7708.1210937500 15 21 22 30 31 49
-7708.1196289062 2 6 13 18 27 31
-7708.1171875000 3 7 12 27 31 41
-7708.1152343750 1 3 23 25 39 40
-7708.1147460938 1 4 24 40 46 48
-7708.1142578125 16 18 20 21 48 50
-7708.1118164062 5 7 9 19 21 41
-7708.1108398438 2 4 25 26 31 33
-7708.1074218750 3 8 9 19 39 40
-7708.0996093750 3 7 8 21 23 46
-7708.0957031250 2 5 19 23 39 48
-7708.0917968750 18 22 24 33 39 42
-7708.0864257812 7 13 28 33 34 47
-7708.0815429688 9 13 18 21 24 57
-7708.0800781250 5 6 31 35 42 48
-7708.0761718750 2 3 14 25 32 36
-7708.0747070312 2 7 15 34 45 57
-7708.0712890625 2 5 10 25 30 48
-7708.0703125000 4 18 23 33 40 48
-7708.0654296875 8 24 27 30 33 47
-7708.0644531250 1 3 5 7 18 29
-7708.0639648438 7 17 20 21 22 54
-7708.0625000000 4 11 22 24 38 57
-7708.0620117188 1 11 17 27 29 42
-7708.0556640625 5 8 12 21 39 43
-7708.0439453125 21 22 26 30 31 38
-7708.0346679688 11 14 20 25 27 43
-7708.0288085938 1 3 14 37 44 47
-7708.0253906250 5 19 30 35 48 52
-7708.0244140625 2 12 17 34 41 48
-7708.0239257812 2 6 10 19 23 35
-7708.0205078125 17 18 26 39 46 47
-7708.0151367188 9 10 14 17 28 55
-7708.0136718750 11 14 17 22 48 51
-7708.0102539062 3 6 18 25 31 50
-7708.0092773438 3 7 16 25 36 39
-7708.0078125000 3 14 31 40 46 47
-7708.0073242188 2 5 28 36 45 47
-7708.0053710938 9 13 21 24 43 60
-7708.0029296875 4 10 21 24 39 40
-7707.9980468750 5 7 9 19 21 59
-7707.9970703125 4 5 14 21 33 35
-7707.9946289062 9 22 24 31 33 46
-7707.9931640625 15 24 28 30 42 45
-7707.9916992188 5 10 11 16 32 57
-7707.9829101562 19 22 25 29 30 47
-7707.9760742188 2 9 14 37 45 48
-7707.9667968750 3 13 31 36 42 43
-7707.9560546875 13 14 20 26 45 47
-7707.9531250000 3 6 8 30 31 54
-7707.9497070312 1 10 11 12 13 20
-7707.9492187500 11 20 21 22 32 43
-7707.9472656250 19 22 44 47 48 50
-7707.9453125000 7 15 17 25 26 34
-7707.9428710938 14 16 22 33 38 44
-7707.9345703125 10 17 25 27 31 32
-7707.9321289062 10 15 25 27 42 43
-7707.9316406250 2 18 22 39 44 47
-7707.9272460938 5 15 27 28 33 44
-7707.9121093750 14 17 19 22 28 55
-7707.9116210938 2 4 5 13 22 48
-7707.9101562500 15 22 26 33 35 44
-7707.9008789062 5 10 18 29 31 32
-7707.8891601562 1 11 26 46 47 48
-7707.8876953125 4 17 31 32 46 54
-7707.8793945312 3 12 21 25 31 35
-7707.8789062500 5 11 24 26 41 45
-7707.8774414062 10 12 13 15 29 56
-7707.8623046875 4 5 8 16 18 20
-7707.8540039062 2 5 11 15 25 29
-7707.8481445312 16 22 23 31 34 45
-7707.8398437500 7 21 31 32 46 56
-7707.8334960938 2 6 21 25 43 56
-7707.8320312500 3 4 6 23 30 54
-7707.8251953125 11 20 21 22 30 32
-7707.8208007812 8 12 22 24 29 33
-7707.7954101562 6 10 40 41 44 47
-7707.7939453125 6 11 12 15 40 58
-7707.7836914062 1 8 9 13 19 23
-7707.7778320312 10 11 13 25 42 53
-7707.7631835938 17 24 25 37 40 47
-7707.7578125000 12 27 37 38 41 46
-7707.7563476562 4 12 37 40 48 58
-7707.7377929688 1 2 7 11 29 55
-7707.7353515625 12 16 23 27 34 54
-7707.7250976562 7 21 32 34 43 60
-7707.7119140625 2 5 15 20 54 59
-7707.6865234375 2 10 13 32 40 42
-7707.6850585938 9 13 14 45 46 58
-7707.6713867188 7 10 17 25 44 52
-7707.6528320312 1 2 9 27 29 51
-7707.6464843750 4 8 18 22 47 48
-7707.6250000000 6 11 13 15 40 51
-7707.6201171875 9 12 37 39 40 58
-7707.6176757812 11 13 14 31 39 46
-7707.5849609375 5 6 17 27 40 41
-7707.5112304688 2 5 6 33 54 58
-7707.4965820312 3 7 31 33 44 48
-7707.4951171875 11 25 30 33 36 53
-7707.4501953125 1 11 13 19 34 47
-7707.3540039062 15 20 25 30 31 49
-7707.3359375000 3 11 15 22 35 39
-7707.2265625000 2 20 29 32 45 50
-7707.1879882812 8 10 12 17 20 58
Note: The following floating-point exceptions are signalling: IEEE_UNDERFLOW_FLAG IEEE_DENORMAL
cp: cannot stat 'configuration.7.txt': No such file or directory
-7703.4228515625 2 7 13 15 17 20 21
-7703.3750000000 8 9 10 12 14 16 19
-7703.3349609375 2 7 13 15 20 21 25
-7703.3276367188 7 9 10 13 16 18 20
-7703.3203125000 8 9 10 12 14 16 17
-7703.3022460938 2 3 4 5 6 20 21
-7703.3002929688 8 9 10 12 14 16 18
-7703.2988281250 7 9 11 12 13 16 17
-7703.2939453125 7 10 11 13 15 16 18
-7703.2861328125 2 7 13 15 20 21 23
-7703.2841796875 2 3 4 6 20 22 32
-7703.2802734375 2 7 13 15 20 21 46
-7703.2548828125 4 7 11 12 13 17 21
-7703.2509765625 2 3 6 19 20 22 23
-7703.2456054688 5 6 19 20 21 23 24
-7703.2446289062 2 6 7 13 15 20 21
-7703.2412109375 6 11 12 13 15 17 21
-7703.2373046875 1 3 4 5 19 22 24
-7703.2363281250 7 9 11 12 13 17 21
-7703.2324218750 1 2 3 4 5 24 36
-7703.2084960938 6 11 12 13 15 17 22
-7703.1948242188 7 9 10 11 13 18 22
-7703.1845703125 2 3 4 6 20 22 30
-7703.1835937500 9 12 13 14 16 17 19
-7703.1816406250 3 4 13 19 20 24 46
-7703.1718750000 2 3 4 6 20 22 45
-7703.1699218750 14 15 16 17 18 22 24
-7703.1669921875 8 9 10 12 14 16 40
-7703.1650390625 7 11 13 17 18 20 27
-7703.1635742188 2 3 4 5 6 20 46
-7703.1601562500 2 6 7 12 13 15 21
-7703.1591796875 8 9 10 12 14 16 45
-7703.1528320312 7 11 14 15 17 18 22
-7703.1523437500 9 11 14 16 17 18 22
-7703.1459960938 8 10 14 15 16 18 46
-7703.1445312500 1 2 3 4 19 22 24
-7703.1416015625 1 3 5 9 14 19 24
-7703.1372070312 11 12 14 15 17 18 22
-7703.1313476562 8 10 15 16 18 23 24
-7703.1298828125 7 11 15 17 20 21 22
-7703.1293945312 8 9 10 12 14 16 47
-7703.1274414062 9 12 14 16 17 18 22
-7703.1171875000 7 12 13 15 16 17 42
-7703.1152343750 2 3 7 8 9 11 12
-7703.1123046875 3 6 9 13 19 20 22
-7703.1103515625 1 2 3 6 20 22 47
-7703.1035156250 2 3 7 8 9 11 18
-7703.1005859375 2 3 6 15 20 22 23
-7703.0966796875 3 4 11 20 21 22 24
-7703.0952148438 3 5 6 16 19 23 32
-7703.0913085938 1 5 6 9 10 11 20
-7703.0839843750 7 11 15 17 18 22 25
-7703.0800781250 2 4 6 17 20 22 32
-7703.0781250000 2 3 6 20 22 23 38
-7703.0751953125 7 12 13 16 17 22 39
-7703.0742187500 1 2 4 19 21 22 24
-7703.0727539062 1 3 4 19 22 24 32
-7703.0722656250 4 7 11 12 13 17 29
-7703.0644531250 2 3 4 6 19 22 32
-7703.0615234375 2 7 13 15 17 21 44
-7703.0605468750 2 3 4 13 20 24 32
-7703.0595703125 2 3 5 6 9 13 20
-7703.0585937500 2 3 4 6 22 23 32
-7703.0556640625 2 3 4 6 12 22 23
-7703.0522460938 2 3 4 5 6 16 20
-7703.0507812500 3 4 6 19 20 22 45
-7703.0458984375 1 3 6 16 17 22 23
-7703.0415039062 1 2 7 15 17 18 22
-7703.0405273438 7 12 16 17 19 22 23
-7703.0395507812 7 8 9 11 17 18 26
-7703.0380859375 1 7 8 11 15 18 29
-7703.0336914062 5 7 10 11 15 16 18
-7703.0317382812 2 13 14 15 18 20 21
-7703.0268554688 8 9 14 16 18 19 21
-7703.0253906250 7 9 10 11 12 16 37
-7703.0170898438 2 3 4 6 7 20 34
-7703.0166015625 1 2 5 6 10 23 44
-7703.0126953125 5 10 14 16 18 21 23
-7703.0107421875 2 4 7 12 13 15 17
-7703.0097656250 12 13 14 15 16 17 28
-7703.0073242188 1 3 4 5 14 19 22
-7703.0068359375 7 11 12 15 17 22 28
-7703.0043945312 1 2 7 15 18 21 22
-7703.0029296875 2 7 12 13 15 17 27
-7703.0014648438 1 2 4 5 20 24 41
-7703.0000000000 7 8 9 12 13 17 28
-7702.9985351562 7 10 11 13 15 18 33
-7702.9980468750 7 13 15 20 21 28 46
-7702.9941406250 7 10 12 15 16 25 28
-7702.9936523438 3 4 5 14 16 19 20
-7702.9912109375 2 4 7 17 20 22 34
-7702.9902343750 1 3 8 19 20 23 24
-7702.9897460938 7 13 15 20 21 28 34
-7702.9887695312 6 12 15 21 22 23 31
-7702.9882812500 2 4 6 12 17 22 44
-7702.9858398438 1 3 6 12 19 22 23
-7702.9843750000 6 12 15 16 21 23 34
-7702.9809570312 1 2 3 9 20 22 26
-7702.9804687500 3 13 15 19 20 21 24
-7702.9785156250 7 13 15 19 20 21 34
-7702.9765625000 4 14 16 17 18 22 24
-7702.9755859375 2 3 7 9 10 13 18
-7702.9746093750 9 11 12 14 17 18 34
-7702.9716796875 3 5 6 19 21 23 32
-7702.9692382812 5 7 9 10 11 12 38
-7702.9687500000 2 4 5 6 20 21 31
-7702.9677734375 5 12 14 15 16 17 19
-7702.9667968750 4 5 6 10 11 12 40
-7702.9628906250 3 5 6 19 23 31 32
-7702.9624023438 2 3 4 6 22 32 35
-7702.9604492188 4 5 10 18 19 20 36
-7702.9599609375 1 4 5 6 11 20 29
-7702.9555664062 2 4 5 6 21 22 30
-7702.9550781250 1 2 3 6 17 22 35
-7702.9545898438 3 4 13 20 24 31 46
-7702.9511718750 3 6 9 17 19 20 22
-7702.9492187500 3 7 8 9 10 12 28
-7702.9482421875 7 10 12 15 16 28 37
-7702.9472656250 11 12 14 15 17 22 33
-7702.9462890625 1 2 3 4 22 24 28
-7702.9458007812 1 5 10 16 23 24 44
-7702.9448242188 2 6 21 22 23 30 32
-7702.9423828125 13 15 20 21 22 24 40
-7702.9414062500 2 3 4 6 20 34 35
-7702.9404296875 1 3 8 9 14 18 28
-7702.9399414062 3 7 11 13 15 17 20
-7702.9394531250 4 7 11 12 13 17 32
-7702.9384765625 4 5 18 19 20 21 36
-7702.9365234375 2 7 9 12 17 22 23
-7702.9291992188 5 8 11 14 15 18 21
-7702.9287109375 1 2 7 13 15 18 21
-7702.9272460938 1 3 4 5 6 28 32
-7702.9248046875 9 11 12 13 17 25 26
-7702.9228515625 3 4 13 19 20 24 39
-7702.9223632812 13 14 16 20 21 22 23
-7702.9204101562 8 12 14 16 17 21 47
-7702.9169921875 1 2 7 9 10 20 34
-7702.9145507812 1 3 4 6 17 22 31
-7702.9135742188 5 10 12 14 15 16 20
-7702.9130859375 9 11 12 13 17 22 48
-7702.9125976562 4 10 11 12 13 14 18
-7702.9111328125 3 9 13 14 18 19 40
-7702.9096679688 1 2 3 6 22 35 44
-7702.9077148438 14 15 18 21 22 24 31
-7702.9062500000 1 5 19 21 23 24 26
-7702.9057617188 7 12 16 17 23 25 37
-7702.9052734375 1 2 4 6 22 25 29
-7702.9047851562 1 4 6 10 11 22 32
-7702.9042968750 7 9 10 13 14 18 19
-7702.9023437500 7 9 13 16 17 18 39
-7702.9018554688 9 12 13 14 16 17 48
-7702.9003906250 1 2 3 6 22 44 47
-7702.8994140625 1 2 3 4 5 14 22
-7702.8979492188 6 7 11 12 13 21 27
-7702.8964843750 2 3 7 9 18 22 25
-7702.8959960938 7 12 15 16 17 18 46
-7702.8955078125 7 8 10 14 16 18 35
-7702.8935546875 7 10 11 13 18 20 25
-7702.8930664062 1 4 6 7 10 11 34
-7702.8920898438 3 7 8 9 11 12 32
-7702.8896484375 12 15 16 17 22 24 37
-7702.8886718750 1 2 7 9 10 13 18
-7702.8881835938 1 3 4 8 11 19 24
-7702.8876953125 1 5 10 14 16 23 28
-7702.8872070312 4 5 19 20 24 33 36
-7702.8847656250 2 7 9 11 12 13 41
-7702.8828125000 1 8 11 12 14 17 35
-7702.8808593750 6 9 12 13 16 17 29
-7702.8798828125 2 4 13 14 20 21 24
-7702.8769531250 2 5 13 15 21 24 32
-7702.8764648438 8 9 11 12 17 24 29
-7702.8759765625 1 3 8 9 14 19 47
-7702.8750000000 2 5 6 15 20 21 45
-7702.8730468750 7 11 12 13 16 17 21
-7702.8725585938 4 5 11 12 14 17 18
-7702.8720703125 6 13 15 16 21 22 30
-7702.8715820312 12 15 16 17 21 22 38
-7702.8710937500 7 13 15 20 21 28 29
-7702.8706054688 5 6 10 16 23 24 44
-7702.8691406250 5 10 15 16 18 24 32
-7702.8681640625 5 9 10 19 20 24 36
-7702.8676757812 2 4 7 11 12 22 33
-7702.8671875000 1 3 8 9 19 24 36
-7702.8647460938 7 9 11 12 13 17 49
-7702.8632812500 2 4 13 14 17 20 22
-7702.8627929688 5 6 10 15 16 20 21
-7702.8608398438 3 6 19 22 23 30 31
-7702.8598632812 13 15 20 21 23 24 40
-7702.8593750000 1 2 7 8 10 15 46
-7702.8579101562 3 7 8 11 12 15 18
-7702.8574218750 2 3 5 6 23 32 43
-7702.8569335938 3 4 11 13 20 24 41
-7702.8554687500 1 3 6 11 20 22 47
-7702.8549804688 3 7 8 11 13 18 27
-7702.8544921875 2 3 5 6 9 20 45
-7702.8535156250 5 11 12 14 15 16 17
-7702.8525390625 2 4 7 13 15 20 45
-7702.8520507812 2 9 11 17 20 22 24
-7702.8515625000 1 2 7 15 21 22 47
-7702.8510742188 3 7 13 15 19 20 21
-7702.8505859375 3 4 13 19 20 24 38
-7702.8500976562 1 5 10 16 23 24 31
-7702.8486328125 1 2 3 6 20 21 22
-7702.8481445312 1 4 6 8 11 12 29
-7702.8476562500 2 6 21 22 23 30 44
-7702.8457031250 1 3 4 6 8 11 19
-7702.8452148438 3 4 6 7 13 20 31
-7702.8442382812 4 10 11 14 18 22 26
-7702.8437500000 9 10 11 13 18 24 26
-7702.8432617188 4 14 19 21 22 23 24
-7702.8427734375 9 10 12 14 16 26 34
-7702.8417968750 1 7 8 11 15 18 33
-7702.8408203125 4 6 10 11 12 15 22
-7702.8403320312 1 4 6 10 11 15 22
-7702.8398437500 7 8 9 10 12 19 23
-7702.8378906250 13 14 15 16 20 21 28
-7702.8369140625 6 12 13 16 21 22 39
-7702.8359375000 3 6 10 16 20 23 34
-7702.8354492188 1 2 3 6 8 23 41
-7702.8349609375 1 5 19 21 23 24 33
-7702.8344726562 1 8 10 11 12 14 23
-7702.8339843750 1 2 3 6 8 23 39
-7702.8334960938 2 7 9 20 21 22 23
-7702.8330078125 5 6 9 10 12 16 17
-7702.8325195312 8 9 14 17 18 24 40
-7702.8320312500 1 2 3 6 17 22 39
-7702.8310546875 8 14 16 17 19 23 44
-7702.8305664062 1 5 9 10 14 16 27
-7702.8300781250 1 2 7 9 10 13 25
-7702.8291015625 3 6 9 13 19 20 42
-7702.8286132812 2 6 7 12 21 23 34
-7702.8276367188 7 8 11 17 18 26 27
-7702.8271484375 2 4 17 22 24 25 32
-7702.8232421875 2 4 6 15 17 22 44
-7702.8222656250 1 2 7 9 10 11 13
-7702.8217773438 2 7 9 10 12 13 32
-7702.8212890625 3 4 5 11 20 21 26
-7702.8203125000 3 4 18 20 24 28 46
-7702.8198242188 7 8 12 15 16 22 23
-7702.8193359375 1 5 10 14 15 16 27
-7702.8188476562 5 10 12 16 23 24 27
-7702.8164062500 1 2 3 7 20 27 46
-7702.8159179688 7 8 9 14 16 18 29
-7702.8154296875 2 4 7 8 11 12 33
-7702.8149414062 6 7 9 11 12 13 33
-7702.8139648438 2 4 5 20 21 24 51
-7702.8134765625 1 12 15 16 17 22 24
-7702.8125000000 7 9 10 14 18 19 25
-7702.8115234375 2 4 7 12 13 21 44
-7702.8110351562 11 14 17 18 20 21 22
-7702.8105468750 7 12 16 17 19 22 39
-7702.8095703125 1 2 7 8 10 15 41
-7702.8090820312 1 2 3 5 6 8 15
-7702.8085937500 9 14 17 19 20 22 26
-7702.8076171875 1 3 5 7 10 11 27
-7702.8066406250 3 9 14 16 18 22 44
-7702.8061523438 5 15 19 21 22 24 32
-7702.8056640625 2 4 6 12 22 25 29
-7702.8051757812 2 3 6 20 22 35 43
-7702.8046875000 2 3 4 5 7 21 30
-7702.8037109375 8 9 10 12 16 38 40
-7702.8017578125 3 9 16 18 20 22 38
-7702.8002929688 2 3 8 9 14 18 20
-7702.7993164062 3 4 5 18 20 23 24
-7702.7988281250 3 4 5 11 14 19 44
-7702.7978515625 2 6 10 13 20 21 23
-7702.7973632812 4 7 10 11 13 18 47
-7702.7968750000 6 13 16 20 21 23 32
-7702.7963867188 15 16 20 21 22 24 27
-7702.7958984375 2 7 13 15 20 29 45
-7702.7954101562 3 4 11 20 21 22 26
-7702.7949218750 4 7 13 17 18 21 40
-7702.7944335938 1 2 4 7 17 22 31
-7702.7934570312 9 12 16 17 22 23 24
-7702.7924804688 11 13 14 15 18 22 41
-7702.7910156250 13 15 18 19 21 24 31
-7702.7900390625 1 4 5 6 11 29 30
-7702.7890625000 4 6 11 17 22 32 44
-7702.7885742188 1 5 11 14 15 18 21
-7702.7871093750 2 6 13 15 16 21 22
-7702.7866210938 1 3 8 14 15 16 24
-7702.7861328125 2 4 17 19 20 24 34
-7702.7856445312 3 4 13 19 20 24 47
-7702.7846679688 1 5 6 15 20 21 23
-7702.7841796875 4 5 11 14 15 17 18
-7702.7817382812 9 11 12 14 18 22 41
-7702.7812500000 4 12 14 19 21 22 37
-7702.7807617188 3 19 20 23 24 25 28
-7702.7797851562 2 4 17 21 22 24 34
-7702.7783203125 1 4 5 6 10 20 24
-7702.7753906250 1 9 12 14 17 19 37
-7702.7749023438 2 7 13 15 21 35 42
-7702.7744140625 10 11 13 14 15 18 41
-7702.7739257812 2 5 9 18 20 33 36
-7702.7734375000 1 3 14 19 20 23 34
-7702.7719726562 8 11 14 17 18 39 44
-7702.7714843750 8 14 15 19 20 21 40
-7702.7695312500 4 7 12 13 17 20 40
-7702.7690429688 7 12 15 16 21 25 33
-7702.7680664062 3 4 5 20 24 33 43
-7702.7666015625 6 7 12 13 16 17 35
-7702.7661132812 7 12 15 17 19 22 28
-7702.7651367188 1 2 4 5 14 21 22
-7702.7646484375 1 6 9 10 12 16 46
-7702.7636718750 12 15 17 19 21 24 25
-7702.7622070312 7 12 13 15 17 25 29
-7702.7617187500 2 3 4 7 9 22 44
-7702.7612304688 2 6 13 20 21 27 43
-7702.7607421875 8 9 14 16 18 21 43
-7702.7602539062 2 4 17 20 24 25 37
-7702.7597656250 11 15 17 18 22 26 47
-7702.7592773438 12 14 15 17 21 28 34
-7702.7578125000 7 13 17 18 21 27 28
-7702.7568359375 4 6 7 12 13 17 28
-7702.7563476562 6 16 17 22 23 30 39
-7702.7558593750 1 7 8 10 16 39 44
-7702.7548828125 7 13 15 17 18 27 31
-7702.7539062500 2 16 20 21 22 24 39
-7702.7529296875 12 14 15 17 18 22 43
-7702.7519531250 7 8 9 10 12 19 24
-7702.7514648438 3 7 9 12 13 40 46
-7702.7509765625 7 12 15 16 18 21 46
-7702.7504882812 11 16 17 18 22 24 27
-7702.7495117188 8 9 10 11 14 32 33
-7702.7490234375 2 7 9 13 17 32 42
-7702.7485351562 3 5 6 22 23 31 32
-7702.7480468750 4 6 10 11 13 30 34
-7702.7460937500 2 13 15 17 20 25 36
-7702.7456054688 2 7 10 12 13 17 27
-7702.7446289062 1 6 10 11 13 15 20
-7702.7441406250 1 3 6 11 17 22 39
-7702.7436523438 3 5 6 18 19 23 36
-7702.7431640625 1 4 7 11 13 17 32
-7702.7426757812 1 3 6 12 16 22 35
-7702.7421875000 4 7 10 11 12 25 26
-7702.7416992188 4 19 20 21 24 25 29
-7702.7407226562 1 14 15 16 17 21 34
-7702.7402343750 2 6 17 22 23 30 44
-7702.7392578125 1 3 5 6 11 20 22
-7702.7382812500 11 13 15 17 20 24 36
-7702.7373046875 2 4 6 13 17 32 34
-7702.7358398438 1 7 15 16 17 21 37
-7702.7353515625 1 2 3 8 9 24 45
-7702.7343750000 2 9 10 18 20 24 25
-7702.7338867188 13 14 15 16 20 22 41
-7702.7333984375 5 10 14 15 19 20 32
-7702.7314453125 2 7 15 21 22 42 47
-7702.7304687500 14 16 20 21 22 23 45
-7702.7294921875 5 6 12 14 21 23 43
-7702.7285156250 16 20 22 23 24 29 45
-7702.7275390625 6 9 11 12 13 16 21
-7702.7260742188 1 3 7 9 13 16 17
-7702.7255859375 3 7 9 11 12 34 37
-7702.7250976562 3 4 20 24 31 34 37
-7702.7241210938 2 5 9 18 20 26 33
-7702.7236328125 1 2 5 17 19 23 24
-7702.7231445312 8 14 15 16 21 28 32
-7702.7226562500 1 4 5 6 15 16 21
-7702.7221679688 1 6 9 10 11 25 37
-7702.7207031250 1 3 4 5 7 9 19
-7702.7197265625 2 4 5 6 21 30 48
-7702.7187500000 1 2 7 15 21 24 34
-7702.7182617188 4 6 8 11 12 17 35
-7702.7177734375 4 5 6 13 19 20 45
-7702.7172851562 4 16 17 18 20 24 34
-7702.7167968750 1 4 7 17 20 22 31
-7702.7158203125 3 9 11 12 14 18 34
-7702.7153320312 8 9 10 14 19 30 46
-7702.7143554688 7 10 12 15 23 25 43
-7702.7138671875 2 16 20 22 23 26 45
-7702.7133789062 1 4 7 17 20 22 40
-7702.7119140625 13 15 19 21 24 25 30
-7702.7094726562 1 2 5 6 22 29 47
-7702.7084960938 2 4 7 12 13 14 17
-7702.7075195312 2 4 7 8 10 12 20
-7702.7070312500 2 3 4 5 7 21 42
-7702.7060546875 6 13 16 17 21 23 32
-7702.7050781250 5 8 10 11 12 35 38
-7702.7045898438 1 3 6 9 11 15 22
-7702.7026367188 12 14 16 17 22 26 39
-7702.7021484375 2 5 6 10 12 15 46
-7702.7011718750 1 2 7 8 11 23 29
-7702.6997070312 4 7 11 13 17 32 45
-7702.6992187500 1 5 10 16 23 38 39
-7702.6987304688 1 5 7 10 15 23 31
-7702.6982421875 1 6 7 11 12 17 22
-7702.6972656250 1 3 4 11 17 22 48
-7702.6967773438 1 7 13 16 17 20 27
-7702.6962890625 7 8 11 12 17 47 48
-7702.6953125000 10 14 15 16 18 21 28
-7702.6948242188 2 6 8 11 15 18 21
-7702.6938476562 1 2 4 7 15 20 22
-7702.6933593750 1 5 18 19 21 23 48
-7702.6928710938 12 16 17 19 22 27 36
-7702.6923828125 12 13 14 15 17 28 29
-7702.6918945312 8 14 16 17 18 25 27
-7702.6914062500 5 8 11 14 17 18 27
-7702.6899414062 7 11 12 13 14 17 47
-7702.6894531250 10 11 13 15 21 24 32
-7702.6889648438 3 7 9 10 11 13 16
-7702.6884765625 3 4 6 11 22 30 46
-7702.6875000000 1 3 6 7 11 22 47
-7702.6865234375 12 14 15 18 19 21 25
-7702.6860351562 4 6 10 11 13 18 36
-7702.6855468750 2 4 5 19 20 26 33
-7702.6845703125 12 14 15 16 17 18 28
-7702.6835937500 2 5 9 18 20 26 45
-7702.6831054688 3 5 6 19 23 34 44
-7702.6826171875 3 4 6 18 19 22 27
-7702.6821289062 8 11 16 17 18 24 27
-7702.6801757812 3 4 5 12 14 19 39
-7702.6796875000 4 7 8 11 12 33 38
-7702.6787109375 1 2 3 8 24 30 47
-7702.6777343750 12 14 16 22 23 26 29
-7702.6772460938 5 9 11 12 14 33 40
-7702.6767578125 12 16 17 22 23 36 48
-7702.6762695312 5 14 15 16 18 21 37
-7702.6757812500 1 7 11 15 17 42 46
-7702.6752929688 1 6 15 19 21 22 30
-7702.6748046875 3 4 5 11 14 18 42
-7702.6738281250 4 10 12 14 17 25 28
-7702.6733398438 8 9 10 12 15 31 36
-7702.6728515625 1 4 17 19 22 36 37
-7702.6718750000 4 5 11 14 17 18 34
-7702.6713867188 1 2 3 7 13 15 22
-7702.6708984375 2 7 9 20 21 22 26
-7702.6704101562 1 4 7 10 11 26 34
-7702.6699218750 8 10 14 15 19 28 42
-7702.6694335938 3 4 12 14 16 17 22
-7702.6669921875 1 3 6 11 22 44 47
-7702.6665039062 7 9 12 17 20 22 43
-7702.6660156250 11 15 18 21 22 26 38
-7702.6650390625 7 13 16 17 20 24 27
-7702.6645507812 1 2 6 17 22 23 52
-7702.6640625000 1 2 3 4 14 22 37
-7702.6635742188 5 6 20 21 23 34 43
-7702.6625976562 4 6 11 13 20 24 29
-7702.6611328125 1 5 6 15 16 18 23
-7702.6606445312 8 10 12 16 23 38 40
-7702.6596679688 11 12 13 17 22 26 39
-7702.6591796875 2 7 13 15 17 18 51
-7702.6586914062 14 16 17 18 19 27 37
-7702.6577148438 1 8 9 18 19 24 29
-7702.6572265625 2 7 20 21 22 23 57
-7702.6562500000 8 9 10 14 19 32 46
-7702.6557617188 3 5 6 14 16 20 47
-7702.6552734375 3 8 14 17 19 27 44
-7702.6538085938 1 4 5 6 10 28 41
-7702.6518554688 2 3 4 7 8 12 32
-7702.6513671875 1 2 8 10 12 23 38
-7702.6503906250 12 14 15 17 22 40 44
-7702.6494140625 1 2 4 17 22 39 48
-7702.6489257812 1 11 13 15 17 21 24
-7702.6484375000 3 4 7 18 19 22 32
-7702.6479492188 1 2 4 17 22 32 38
-7702.6474609375 1 5 6 10 11 27 48
-7702.6464843750 7 13 15 17 18 25 29
-7702.6455078125 9 14 17 18 19 31 37
-7702.6450195312 2 5 7 10 13 20 39
-7702.6440429688 8 14 15 16 18 19 26
-7702.6420898438 1 2 6 21 22 35 48
-7702.6416015625 1 3 9 14 16 22 43
-7702.6406250000 1 3 6 16 22 35 37
-7702.6401367188 6 7 10 12 16 34 35
-7702.6396484375 15 16 17 22 24 29 44
-7702.6386718750 1 7 9 10 11 37 38
-7702.6381835938 6 11 14 17 22 27 32
-7702.6372070312 8 10 14 16 18 33 47
-7702.6367187500 4 6 14 17 22 30 43
-7702.6357421875 3 5 6 11 14 23 32
-7702.6352539062 3 7 9 13 16 30 39
-7702.6347656250 1 5 15 16 19 24 29
-7702.6342773438 2 7 12 13 21 23 32
-7702.6337890625 3 9 11 18 22 24 48
-7702.6328125000 1 2 7 9 17 22 60
-7702.6323242188 3 13 14 15 16 18 28
-7702.6318359375 15 19 20 21 22 24 49
-7702.6308593750 3 7 9 11 12 34 47
-7702.6298828125 1 8 9 12 16 41 48
-7702.6289062500 2 9 14 17 20 22 47
-7702.6284179688 2 4 7 10 11 20 37
-7702.6279296875 1 4 5 14 17 19 36
-7702.6269531250 2 8 12 14 17 19 27
-7702.6254882812 1 3 8 18 23 24 31
-7702.6250000000 1 3 9 11 24 34 46
-7702.6245117188 2 3 20 23 24 25 43
-7702.6240234375 4 8 9 10 14 16 30
-7702.6235351562 11 15 18 20 21 22 41
-7702.6225585938 15 19 20 22 24 29 37
-7702.6210937500 4 11 13 17 21 26 30
-7702.6201171875 5 10 12 14 15 28 41
-7702.6196289062 3 8 9 16 18 26 39
-7702.6181640625 2 3 20 23 24 25 44
-7702.6176757812 2 8 14 15 21 42 47
-7702.6171875000 1 4 6 8 11 32 41
-7702.6166992188 19 20 21 22 23 36 46
-7702.6162109375 1 7 8 10 12 16 41
-7702.6157226562 7 11 17 22 27 30 44
-7702.6152343750 4 8 11 17 18 29 38
-7702.6147460938 10 12 14 16 25 27 46
-7702.6142578125 1 3 4 20 26 28 46
-7702.6132812500 1 3 4 7 9 20 46
-7702.6127929688 1 4 6 19 22 29 37
-7702.6123046875 2 5 8 18 21 24 47
-7702.6118164062 2 9 10 11 18 22 24
-7702.6113281250 2 9 10 14 18 20 34
-7702.6103515625 2 5 9 18 22 24 45
-7702.6098632812 10 13 14 16 18 26 39
-7702.6093750000 6 12 15 22 23 43 45
-7702.6083984375 1 4 6 22 23 28 41
-7702.6074218750 2 7 8 15 18 41 47
-7702.6064453125 16 18 20 21 23 25 48
-7702.6059570312 3 14 16 17 19 20 23
-7702.6049804688 12 13 14 15 22 28 29
-7702.6044921875 9 10 11 16 18 24 46
-7702.6040039062 7 8 9 11 15 17 25
-7702.6025390625 1 4 5 19 20 26 45
-7702.6015625000 1 4 5 6 10 16 33
-7702.6005859375 3 4 5 6 14 32 43
-7702.6000976562 6 7 12 15 16 25 33
-7702.5996093750 5 8 10 12 16 18 23
-7702.5991210938 1 2 8 9 10 27 36
-7702.5976562500 2 3 6 20 34 35 37
-7702.5966796875 1 3 4 8 9 14 43
-7702.5961914062 2 7 13 15 17 21 48
-7702.5957031250 1 7 8 15 20 28 29
-7702.5952148438 9 13 15 16 17 20 38
-7702.5947265625 1 3 5 14 19 39 42
-7702.5927734375 10 12 14 15 25 28 31
-7702.5922851562 2 4 13 20 24 33 43
-7702.5913085938 2 4 13 20 21 38 45
-7702.5908203125 7 11 13 16 17 20 30
-7702.5903320312 18 19 21 22 24 27 33
-7702.5898437500 4 12 14 17 19 25 48
-7702.5888671875 2 4 9 18 22 26 29
-7702.5883789062 9 13 14 17 18 31 45
-7702.5878906250 2 4 11 17 18 22 29
-7702.5874023438 1 2 8 9 14 26 29
-7702.5869140625 4 5 19 23 24 33 44
-7702.5864257812 2 9 12 13 17 18 25
-7702.5859375000 1 4 7 10 15 16 22
-7702.5854492188 1 3 5 6 9 19 60
-7702.5844726562 1 4 21 22 24 28 41
-7702.5830078125 2 3 4 7 8 16 30
-7702.5825195312 6 10 12 20 23 31 34
-7702.5820312500 15 16 20 21 22 24 50
-7702.5810546875 1 2 4 14 21 22 37
-7702.5805664062 1 6 20 21 22 23 41
-7702.5800781250 1 5 10 14 16 26 39
-7702.5795898438 6 8 9 11 12 21 22
-7702.5791015625 14 15 18 21 22 24 35
-7702.5781250000 1 4 6 8 11 14 29
-7702.5776367188 10 16 18 21 22 24 27
-7702.5771484375 3 4 5 6 14 28 32
-7702.5761718750 3 8 9 14 16 44 45
-7702.5756835938 2 4 17 21 22 24 48
-7702.5751953125 3 9 11 13 14 32 37
-7702.5722656250 1 5 16 21 23 36 41
-7702.5717773438 5 8 9 12 19 26 41
-7702.5712890625 7 10 13 16 23 42 45
-7702.5703125000 1 2 3 7 22 27 29
-7702.5693359375 2 6 21 22 27 32 42
-7702.5688476562 8 14 15 17 19 39 44
-7702.5683593750 4 5 8 11 12 33 38
-7702.5678710938 10 14 19 20 22 23 29
-7702.5673828125 2 6 13 16 17 23 30
-7702.5659179688 1 2 3 7 25 27 34
-7702.5654296875 3 4 7 13 20 40 45
-7702.5639648438 9 11 12 14 24 29 37
-7702.5634765625 2 4 7 10 18 34 39
-7702.5629882812 1 3 5 6 9 16 60
-7702.5625000000 2 4 5 7 9 18 45
-7702.5610351562 1 5 10 12 15 19 48
-7702.5600585938 10 13 14 18 19 23 40
-7702.5595703125 3 4 7 9 20 22 24
-7702.5585937500 4 5 6 11 20 41 42
-7702.5576171875 1 2 3 7 11 27 46
-7702.5571289062 2 5 6 10 22 23 42
-7702.5566406250 2 3 5 18 20 24 31
-7702.5556640625 7 9 13 15 18 25 29
-7702.5546875000 4 7 17 20 21 22 34
-7702.5537109375 14 16 19 21 22 23 34
-7702.5532226562 17 18 19 20 21 24 47
-7702.5527343750 1 5 16 21 23 36 48
-7702.5522460938 1 3 6 8 14 19 39
-7702.5517578125 2 9 17 20 22 36 47
-7702.5512695312 2 6 10 12 13 15 33
-7702.5507812500 3 4 7 10 11 34 42
-7702.5502929688 5 6 10 12 23 31 57
-7702.5493164062 9 12 13 14 28 29 46
-7702.5483398438 3 4 6 11 23 32 34
-7702.5478515625 1 8 10 11 14 23 41
-7702.5473632812 1 4 8 14 21 24 40
-7702.5468750000 4 15 20 22 24 29 31
-7702.5449218750 1 3 9 13 18 24 28
-7702.5444335938 2 4 7 13 20 29 47
-7702.5439453125 2 5 15 22 24 32 45
-7702.5434570312 5 7 12 16 17 23 42
-7702.5429687500 2 4 7 13 21 43 44
-7702.5419921875 4 9 11 17 20 34 36
-7702.5415039062 4 7 12 19 21 22 26
-7702.5410156250 14 16 19 20 21 27 37
-7702.5405273438 1 7 9 18 21 22 40
-7702.5400390625 1 6 11 15 21 23 37
-7702.5390625000 1 8 9 11 24 39 41
-7702.5385742188 5 6 10 18 23 30 31
-7702.5380859375 1 5 6 11 21 35 37
-7702.5371093750 2 5 9 10 13 20 38
-7702.5366210938 4 7 11 13 15 21 37
-7702.5351562500 2 7 8 9 21 42 44
-7702.5336914062 2 4 9 12 17 34 36
-7702.5332031250 15 18 19 21 22 24 49
-7702.5327148438 1 3 5 6 8 11 16
-7702.5322265625 14 16 17 22 30 32 39
-7702.5317382812 6 11 13 15 21 28 32
-7702.5312500000 1 14 16 17 22 32 39
-7702.5307617188 2 3 4 18 24 29 34
-7702.5302734375 1 4 16 17 22 29 36
-7702.5297851562 1 2 3 6 35 37 42
-7702.5288085938 4 5 6 19 20 37 45
-7702.5283203125 10 11 12 15 16 26 37
-7702.5278320312 2 3 4 14 22 32 37
-7702.5273437500 1 2 4 5 9 12 26
-7702.5268554688 6 11 15 21 22 34 42
-7702.5263671875 3 4 7 17 20 22 34
-7702.5253906250 3 4 5 19 24 36 45
-7702.5244140625 4 7 10 18 22 28 31
-7702.5234375000 1 4 7 17 22 32 40
-7702.5224609375 10 11 15 18 20 21 22
-7702.5219726562 1 7 9 11 13 14 29
-7702.5214843750 2 3 4 6 10 20 32
-7702.5209960938 7 9 10 18 19 25 27
-7702.5205078125 1 2 8 12 15 21 29
-7702.5195312500 1 3 5 10 16 26 39
-7702.5190429688 1 3 9 16 22 32 38
-7702.5185546875 2 5 18 20 23 24 43
-7702.5180664062 14 16 21 23 24 32 34
-7702.5175781250 3 6 11 20 22 46 47
-7702.5161132812 4 11 15 20 21 36 46
-7702.5156250000 6 9 17 19 20 22 39
-7702.5151367188 2 3 8 16 18 24 35
-7702.5146484375 10 14 16 18 39 46 47
-7702.5141601562 2 5 8 14 15 21 23
-7702.5136718750 5 6 12 16 17 35 37
-7702.5131835938 6 13 17 19 20 22 28
-7702.5126953125 1 2 6 13 21 32 35
-7702.5122070312 5 9 10 14 16 30 37
-7702.5117187500 1 2 8 11 15 17 22
-7702.5107421875 10 11 14 15 18 21 28
-7702.5097656250 1 7 10 11 12 16 37
-7702.5092773438 1 4 5 8 9 11 24
-7702.5087890625 1 2 6 22 27 29 33
-7702.5083007812 6 10 13 15 16 21 25
-7702.5078125000 3 5 16 23 32 35 38
-7702.5073242188 9 10 19 20 22 24 33
-7702.5068359375 2 9 18 19 22 33 36
-7702.5063476562 2 14 15 17 22 29 32
-7702.5058593750 8 11 15 24 29 30 42
-7702.5053710938 15 18 20 21 31 34 36
-7702.5048828125 2 3 5 7 12 15 26
-7702.5039062500 2 7 10 13 21 27 44
-7702.5024414062 8 11 15 18 24 33 43
-7702.5019531250 1 2 6 21 22 27 31
-7702.5014648438 17 18 22 23 24 34 40
-7702.5009765625 14 16 17 22 32 33 39
-7702.5004882812 7 8 9 11 20 34 41
-7702.5000000000 10 11 13 21 24 27 30
-7702.4990234375 2 3 4 7 20 23 31
-7702.4985351562 10 14 17 18 22 31 39
-7702.4980468750 1 8 9 23 24 28 29
-7702.4970703125 4 6 10 11 12 17 40
-7702.4960937500 2 4 6 21 32 40 46
-7702.4956054688 2 5 9 20 33 36 45
-7702.4951171875 1 3 16 19 20 22 36
-7702.4931640625 9 11 12 17 18 22 27
-7702.4926757812 11 13 14 15 17 21 36
-7702.4921875000 3 7 11 15 20 24 25
-7702.4916992188 11 13 14 17 18 28 47
-7702.4912109375 1 8 10 16 35 38 42
-7702.4907226562 7 10 11 12 15 16 36
-7702.4902343750 4 5 11 12 24 31 33
-7702.4897460938 12 13 16 22 23 26 41
-7702.4892578125 2 7 8 9 32 33 42
-7702.4887695312 2 8 20 21 24 33 47
-7702.4882812500 1 7 11 15 17 39 46
-7702.4877929688 1 4 5 7 17 19 20
-7702.4873046875 1 21 22 23 24 42 43
-7702.4863281250 2 12 14 21 22 24 47
-7702.4853515625 12 15 17 21 24 43 46
-7702.4848632812 1 2 4 5 12 26 36
-7702.4843750000 10 14 15 16 22 31 32
-7702.4838867188 7 10 13 16 24 27 32
-7702.4833984375 1 5 7 11 15 21 39
-7702.4829101562 2 9 18 22 24 29 41
-7702.4824218750 2 16 20 21 22 24 41
-7702.4814453125 1 2 3 6 22 27 53
-7702.4804687500 4 7 9 11 18 21 46
-7702.4799804688 3 4 8 11 12 33 36
-7702.4794921875 8 15 16 17 21 23 30
-7702.4790039062 15 16 17 22 24 30 38
-7702.4780273438 12 14 15 17 18 22 33
-7702.4770507812 2 4 6 22 32 40 41
-7702.4765625000 1 11 17 22 24 36 39
-7702.4760742188 4 7 14 15 18 21 22
-7702.4755859375 3 4 9 14 18 19 28
-7702.4750976562 6 8 13 19 20 21 27
-7702.4741210938 11 14 15 18 22 24 35
-7702.4736328125 4 5 6 8 10 11 24
-7702.4731445312 2 8 10 21 23 24 44
-7702.4726562500 7 9 12 15 16 17 38
-7702.4716796875 4 11 15 17 22 24 36
-7702.4711914062 1 2 15 17 24 25 29
-7702.4707031250 1 4 8 10 24 28 36
-7702.4697265625 2 4 8 12 14 21 47
-7702.4692382812 3 7 8 11 15 20 37
-7702.4682617188 13 14 18 20 21 28 35
-7702.4677734375 2 12 13 15 23 33 36
-7702.4672851562 2 5 9 17 20 33 36
-7702.4667968750 2 3 7 9 10 12 18
-7702.4663085938 1 3 4 9 14 18 28
-7702.4658203125 9 10 16 20 21 24 37
-7702.4653320312 1 9 10 12 19 25 38
-7702.4643554688 2 16 20 21 23 24 27
-7702.4638671875 10 14 15 16 22 42 45
-7702.4633789062 5 7 15 16 17 23 42
-7702.4624023438 12 14 16 21 22 35 36
-7702.4619140625 1 3 9 14 20 37 43
-7702.4599609375 8 10 11 12 14 29 30
-7702.4589843750 11 13 14 15 17 21 40
-7702.4584960938 4 5 6 17 19 31 44
-7702.4580078125 12 13 15 16 21 24 39
-7702.4560546875 2 9 13 14 15 20 45
-7702.4555664062 1 2 3 9 16 20 37
-7702.4550781250 5 9 12 14 17 40 45
-7702.4545898438 1 5 19 22 24 27 33
-7702.4541015625 1 2 6 21 22 29 32
-7702.4531250000 3 7 11 13 16 35 42
-7702.4526367188 8 10 12 16 21 24 47
-7702.4521484375 1 2 7 11 17 22 44
-7702.4506835938 2 3 5 7 19 20 21
-7702.4501953125 1 5 16 24 27 29 44
-7702.4492187500 1 6 9 13 16 17 29
-7702.4487304688 3 7 13 20 21 39 43
-7702.4477539062 8 10 14 19 22 39 44
-7702.4467773438 6 16 22 23 33 39 44
-7702.4438476562 1 2 4 5 17 24 60
-7702.4433593750 1 2 6 16 20 21 25
-7702.4428710938 1 5 7 9 16 19 29
-7702.4423828125 1 6 7 17 22 35 40
-7702.4418945312 14 15 16 17 30 32 46
-7702.4414062500 8 9 12 13 26 28 29
-7702.4409179688 1 2 6 20 22 23 52
-7702.4404296875 12 13 20 21 23 24 43
-7702.4399414062 8 10 14 15 29 31 42
-7702.4394531250 2 9 13 17 18 19 25
-7702.4389648438 3 5 6 12 16 29 35
-7702.4379882812 1 3 9 16 22 26 45
-7702.4375000000 1 6 19 23 29 32 34
-7702.4370117188 2 4 11 12 13 22 36
-7702.4365234375 1 6 21 22 23 36 43
-7702.4355468750 3 4 5 6 15 20 46
-7702.4350585938 2 14 17 18 20 21 23
-7702.4345703125 3 8 11 12 13 15 36
-7702.4331054688 3 5 16 18 19 23 34
-7702.4326171875 2 4 12 13 17 21 30
-7702.4316406250 10 14 19 23 25 30 32
-7702.4311523438 12 15 17 18 22 38 40
-7702.4306640625 1 3 4 8 20 26 43
-7702.4301757812 5 7 10 15 20 28 48
-7702.4296875000 1 4 5 21 23 26 28
-7702.4291992188 4 10 11 12 29 34 36
-7702.4287109375 8 14 15 17 18 27 48
-7702.4277343750 2 7 8 15 17 22 41
-7702.4272460938 9 14 15 16 17 37 44
-7702.4267578125 8 9 10 14 16 19 59
-7702.4262695312 3 16 18 22 24 31 39
-7702.4257812500 4 6 10 11 12 16 39
-7702.4248046875 1 5 6 11 17 27 36
-7702.4238281250 1 16 20 21 23 24 41
-7702.4228515625 3 7 11 13 24 35 42
-7702.4223632812 11 14 17 22 27 37 44
-7702.4218750000 3 7 9 13 20 34 47
-7702.4208984375 3 8 9 16 24 42 43
-7702.4204101562 12 13 14 15 16 39 41
-7702.4199218750 7 8 12 15 16 22 24
-7702.4189453125 3 16 19 20 26 46 47
-7702.4184570312 6 10 11 13 15 37 44
-7702.4179687500 2 8 9 24 32 33 41
-7702.4174804688 8 14 15 19 24 27 29
-7702.4169921875 1 2 7 8 21 27 45
-7702.4160156250 4 10 14 18 28 39 46
-7702.4155273438 8 9 14 16 17 20 54
-7702.4150390625 11 12 17 19 21 22 27
-7702.4145507812 2 9 18 21 24 25 29
-7702.4140625000 2 13 14 20 21 27 30
-7702.4135742188 5 10 11 24 35 36 44
-7702.4130859375 3 9 11 14 22 32 54
-7702.4125976562 3 7 8 12 23 40 46
-7702.4121093750 1 4 8 14 17 40 44
-7702.4111328125 2 5 6 12 23 31 35
-7702.4106445312 1 3 6 22 23 43 50
-7702.4101562500 3 8 11 14 21 44 47
-7702.4096679688 2 7 8 14 15 18 47
-7702.4091796875 1 8 10 16 35 38 46
-7702.4086914062 1 4 6 17 25 37 40
-7702.4082031250 2 21 22 23 30 38 47
-7702.4077148438 3 8 19 20 26 35 41
-7702.4062500000 13 15 16 17 20 36 59
-7702.4052734375 3 20 23 24 35 43 46
-7702.4042968750 2 7 8 12 29 35 40
-7702.4038085938 3 16 23 24 25 32 37
-7702.4033203125 2 7 15 20 21 23 49
-7702.4028320312 11 15 20 22 26 29 33
-7702.4023437500 1 4 14 17 22 29 43
-7702.4018554688 3 6 8 9 10 12 14
-7702.4013671875 1 2 13 15 17 24 37
-7702.4008789062 2 3 9 20 23 24 33
-7702.4003906250 1 10 11 17 24 34 39
-7702.3994140625 6 13 17 21 23 43 44
-7702.3989257812 2 3 8 17 24 30 39
-7702.3984375000 10 11 14 16 18 24 39
-7702.3979492188 3 4 8 11 24 42 47
-7702.3974609375 3 7 11 19 22 32 39
-7702.3969726562 2 8 17 18 23 24 40
-7702.3964843750 2 3 5 8 11 20 24
-7702.3959960938 7 11 13 18 21 31 34
-7702.3955078125 1 3 7 9 14 22 37
-7702.3950195312 1 6 8 10 16 35 48
-7702.3945312500 3 19 20 22 26 33 39
-7702.3940429688 2 8 11 17 18 22 38
-7702.3930664062 10 12 16 23 24 33 37
-7702.3925781250 3 5 24 32 35 40 44
-7702.3916015625 1 3 4 8 9 14 26
-7702.3911132812 4 6 14 17 19 21 25
-7702.3906250000 1 4 5 6 11 29 52
-7702.3901367188 1 3 4 13 19 20 21
-7702.3896484375 1 7 8 10 19 24 47
-7702.3891601562 6 13 15 17 30 32 43
-7702.3886718750 20 21 23 24 25 41 43
-7702.3876953125 1 5 7 10 15 19 29
-7702.3872070312 2 4 13 14 21 32 46
-7702.3867187500 1 3 7 9 19 25 31
-7702.3847656250 1 3 7 19 22 25 27
-7702.3837890625 1 4 14 16 21 22 43
-7702.3823242188 1 2 7 17 22 35 49
-7702.3818359375 2 7 8 16 18 39 45
-7702.3808593750 3 19 22 23 32 38 41
-7702.3803710938 1 2 4 8 26 29 46
-7702.3798828125 12 14 15 19 25 27 29
-7702.3793945312 4 12 14 15 16 25 29
-7702.3789062500 1 5 10 22 24 28 39
-7702.3784179688 15 19 21 24 32 34 47
-7702.3779296875 2 4 20 21 22 35 37
-7702.3774414062 2 5 15 24 27 29 30
-7702.3769531250 7 15 16 17 18 19 44
-7702.3759765625 1 5 16 21 23 47 48
-7702.3750000000 13 15 18 19 21 47 48
-7702.3740234375 6 8 15 17 19 32 44
-7702.3730468750 2 3 5 11 22 23 24
-7702.3725585938 7 9 11 12 14 33 40
-7702.3720703125 3 6 7 13 19 23 44
-7702.3715820312 10 11 12 18 22 24 27
-7702.3710937500 10 22 23 24 30 31 32
-7702.3701171875 3 5 18 22 23 24 39
-7702.3691406250 3 7 11 20 22 47 48
-7702.3686523438 1 2 4 5 33 43 48
-7702.3676757812 1 4 7 11 41 42 46
-7702.3671875000 1 3 6 8 9 31 39
-7702.3657226562 3 7 8 16 17 32 47
-7702.3652343750 1 5 9 10 11 31 48
-7702.3637695312 7 9 12 13 25 37 40
-7702.3632812500 2 4 6 12 22 29 60
-7702.3627929688 2 3 7 13 20 29 32
-7702.3618164062 10 16 20 23 26 36 37
-7702.3613281250 1 9 11 14 18 19 29
-7702.3608398438 2 3 20 21 24 34 36
-7702.3603515625 3 5 19 23 24 27 45
-7702.3588867188 2 12 14 15 17 30 34
-7702.3583984375 4 6 17 18 19 28 34
-7702.3579101562 10 14 15 16 17 30 32
-7702.3574218750 3 8 16 18 24 44 47
-7702.3569335938 3 7 13 20 35 40 42
-7702.3564453125 1 3 5 14 16 18 26
-7702.3559570312 2 8 18 21 26 27 38
-7702.3549804688 1 8 14 15 19 21 50
-7702.3535156250 1 14 15 16 23 24 25
-7702.3530273438 16 20 22 23 35 36 45
-7702.3520507812 2 7 17 23 25 30 46
-7702.3515625000 17 22 23 24 30 32 40
-7702.3505859375 2 4 5 12 35 45 48
-7702.3496093750 6 10 12 15 19 39 46
-7702.3491210938 8 9 10 18 24 26 30
-7702.3486328125 2 4 5 7 10 20 56
-7702.3481445312 2 20 23 24 25 29 44
-7702.3476562500 13 14 16 19 22 23 45
-7702.3471679688 5 9 18 19 23 38 45
-7702.3466796875 10 13 15 18 20 28 29
-7702.3457031250 2 5 14 21 23 24 25
-7702.3452148438 10 13 15 18 21 31 46
-7702.3447265625 3 7 9 13 15 22 28
-7702.3442382812 4 6 10 11 17 22 35
-7702.3432617188 1 2 4 17 22 39 44
-7702.3427734375 1 4 13 19 24 29 34
-7702.3422851562 2 3 4 6 23 32 38
-7702.3417968750 5 11 18 22 26 27 29
-7702.3408203125 3 4 6 13 20 22 54
-7702.3403320312 3 9 11 24 25 30 33
-7702.3398437500 1 5 15 21 22 24 44
-7702.3393554688 1 2 3 5 7 24 33
-7702.3388671875 2 4 6 12 14 17 19
-7702.3383789062 3 4 9 10 19 20 36
-7702.3374023438 5 10 15 18 20 35 36
-7702.3364257812 12 16 21 22 24 27 41
-7702.3359375000 1 3 5 20 22 24 40
-7702.3354492188 3 8 14 16 17 20 24
-7702.3349609375 9 12 13 14 28 29 42
-7702.3344726562 8 12 14 16 17 25 31
-7702.3339843750 1 5 7 9 11 17 49
-7702.3334960938 3 7 9 13 22 28 43
-7702.3325195312 2 7 8 12 14 15 44
-7702.3320312500 1 3 4 7 22 23 26
-7702.3310546875 11 14 16 17 18 25 30
-7702.3305664062 1 2 4 7 15 24 34
-7702.3300781250 11 15 17 21 22 30 44
-7702.3295898438 3 6 20 22 23 27 45
-7702.3291015625 5 12 14 17 20 23 28
-7702.3281250000 4 10 12 14 19 34 44
-7702.3266601562 4 13 19 20 29 41 48
-7702.3261718750 6 22 23 28 30 31 33
-7702.3256835938 2 3 4 12 13 19 38
-7702.3251953125 2 5 8 10 18 27 48
-7702.3242187500 8 12 15 22 26 41 43
-7702.3237304688 2 13 15 17 18 23 25
-7702.3232421875 7 9 11 12 33 40 46
-7702.3227539062 1 3 7 11 14 15 18
-7702.3222656250 11 12 15 16 17 23 38
-7702.3217773438 2 9 18 20 33 36 46
-7702.3193359375 2 3 8 11 26 44 47
-7702.3188476562 6 13 17 19 22 24 35
-7702.3178710938 1 7 8 16 17 22 41
-7702.3173828125 1 2 3 7 26 35 37
-7702.3168945312 2 7 9 17 32 34 35
-7702.3159179688 3 4 6 11 12 38 43
-7702.3154296875 4 5 10 11 22 24 43
-7702.3149414062 2 6 8 15 32 33 45
-7702.3144531250 5 6 10 11 16 23 48
-7702.3139648438 5 6 15 21 23 32 34
-7702.3134765625 4 12 14 16 19 21 33
-7702.3129882812 2 8 9 12 24 41 47
-7702.3125000000 7 10 11 12 23 24 46
-7702.3120117188 7 10 11 12 17 31 39
-7702.3115234375 3 20 22 23 24 30 41
-7702.3110351562 7 8 10 11 24 34 39
-7702.3105468750 3 6 8 11 20 27 39
-7702.3100585938 1 2 6 16 23 30 34
