0 -7728.5463867188 13 20 21 3_1 .4578919209213299710879828350140702396871
.0214843750 -7728.5249023438 13 15 21 3_2 .2624669281995933007572739583838747464150
.0400390626 -7728.5063476562 2 20 21 3_3 .1623094114746129596530072327303821901710
.0625000000 -7728.4838867188 11 17 18 3_4 .0907129886924244739217225957694854392762
.1259765626 -7728.4204101562 17 18 22 3_5 .0175222605345353240874968373187205045861
.1728515626 -7728.3735351562 4 18 22 3_6 .0052031938304701888295554768295797612305
.2031250000 -7728.3432617188 14 22 23 3_7 .0023752487007424264664380504132165745511
.2607421876 -7728.2856445312 3 19 24 3_8 .0005340043109408701394839035405180672372
.2841796876 -7728.2622070312 6 16 23 3_9 .0002909944450727591020060363343741268775
.2919921876 -7728.2543945312 3 14 19 3_10 .0002376829398231039344879551051439139344
.3076171876 -7728.2387695312 2 6 21 3_11 .0001585713173626033028349243878392283720
.3408203126 -7728.2055664062 11 12 17 3_12 .0000670974800071969616653936635943036893
.3417968750 -7728.2045898438 9 10 14 3_13 .0000654214815000853738561968720078478256
.3496093750 -7728.1967773438 2 21 22 3_14 .0000534359686716189586933049139380171239
.3564453126 -7728.1899414062 4 6 22 3_15 .0000447644067528397577956082069796667271
.3798828126 -7728.1665039062 3 19 22 3_16 .0000243934242386598547583240895699658718
.4067382813 -7728.1396484375 22 23 26 3_17 .0000121664052699784597302620598643325292
.4072265626 -7728.1391601562 19 22 23 3_18 .0000120134946799577953721844109558049844
.4111328126 -7728.1352539062 4 17 24 3_19 .0000108574044564947940613643525714287863
.4428710938 -7728.1035156250 2 21 47 3_20 .0000047718451969640818462725101439190648
.4814453126 -7728.0649414062 2 21 24 3_21 .0000017568950654967773453349446640711307
.6025390626 -7727.9438476562 4 20 36 3_22 .0000000762960680303992245131228819055065
.6474609376 -7727.8989257812 7 20 27 3_23 .0000000238316273921932503993327574777343
.6635742188 -7727.8828125000 8 15 36 3_24 .0000000156995573033660501680517003510767
