0 -7646.5205078125 1 2 3 4 5 6 7 11 13 15 17 18 20 21 22 24 16_1 .0952725465314055549946734687590211573007
.0151367187 -7646.5053710938 1 2 3 4 5 6 15 16 17 18 19 20 21 22 23 24 16_2 .0643705642292958394425072310760437089376
.0180664063 -7646.5024414062 2 7 8 9 10 11 12 13 14 15 16 17 18 20 21 22 16_3 .0596663960745382855373458943068406981621
.0209960937 -7646.4995117188 1 2 3 4 5 6 7 11 15 17 18 20 21 22 23 24 16_4 .0553060064268743923891803875179029964441
.0239257813 -7646.4965820312 1 2 3 4 6 7 11 13 15 17 18 20 21 22 24 34 16_5 .0512642715544975380055970250786223109653
.0263671875 -7646.4941406250 1 2 3 4 6 7 11 13 15 17 18 20 21 22 24 25 16_6 .0481227238219736570329382707959609759682
.0292968750 -7646.4912109375 1 2 3 4 5 6 14 15 17 18 19 20 21 22 23 24 16_7 .0446059397111554477989569217437252578669
.0322265625 -7646.4882812500 1 2 3 4 5 6 14 15 16 18 19 20 21 22 23 24 16_8 .0413461603893399775885871658161438331882
.0336914063 -7646.4868164062 1 2 3 4 5 6 11 15 17 18 19 20 21 22 23 24 16_9 .0398067233384947658799977709668120967541
.0351562500 -7646.4853515625 1 2 3 4 5 6 11 13 15 17 18 19 20 21 22 24 16_10 .0383246040776380739924219843690885212145
.0483398437 -7646.4721679688 1 2 4 5 6 7 10 11 12 13 15 16 17 20 21 22 16_11 .0272376033589398803123746000649751199227
.0498046875 -7646.4707031250 2 4 6 7 10 11 12 13 15 16 17 18 20 21 22 23 16_12 .0262234686631873639473184143475323656902
.0581054687 -7646.4624023438 1 2 3 4 5 6 13 15 16 18 19 20 21 22 23 24 16_13 .0211500077624306474249362648324850373165
.0590820313 -7646.4614257812 2 4 6 7 11 12 13 15 16 17 18 20 21 22 23 25 16_14 .0206217108934629515293394779750618840634
.0600585937 -7646.4604492188 1 2 3 4 5 6 11 13 17 18 19 20 21 22 23 24 16_15 .0201066102269725928062856816779932208338
.0639648437 -7646.4565429688 1 2 3 4 5 6 11 14 15 17 18 19 20 21 22 24 16_16 .0181716981860021901319084729589690492230
.0678710937 -7646.4526367188 1 2 3 4 6 7 9 11 12 13 15 17 20 21 22 24 16_17 .0164229878251772506216370256115150074631
.0742187500 -7646.4462890625 1 2 3 4 7 9 11 13 17 18 19 20 21 22 24 34 16_18 .0139329871396693843934418502865224028309
.0766601563 -7646.4438476562 1 2 3 4 7 9 11 13 15 17 18 19 20 21 22 24 16_19 .0130791537667294319888100279906183521063
.0810546875 -7646.4394531250 1 2 3 4 5 14 15 16 17 18 19 20 21 22 23 24 16_20 .0116719490770470104390770884215784537617
.0986328125 -7646.4218750000 7 8 9 10 11 12 13 14 15 16 17 18 20 21 22 31 16_21 .0074028395376508864087509906367219157052
.1005859375 -7646.4199218750 1 2 3 4 5 6 7 10 15 16 18 20 21 22 23 24 16_22 .0070376337837931065955477636001845372829
.1025390625 -7646.4179687500 1 2 3 4 5 9 11 14 17 18 19 20 21 22 23 24 16_23 .0066904447979569057951923316863347226307
.1030273437 -7646.4174804688 1 2 3 4 6 7 8 9 11 15 17 18 20 21 22 24 16_24 .0066063575404097357551048130929151520613
.1040039063 -7646.4165039062 2 7 8 9 11 12 13 15 16 17 18 20 21 22 23 24 16_25 .0064413402012634501207224680925488532495
.1054687500 -7646.4150390625 4 6 7 10 11 12 13 14 15 16 17 18 20 21 22 25 16_26 .0062015105047360071891256479331891815131
.1069335937 -7646.4135742188 1 2 4 5 6 13 15 16 17 18 19 20 21 22 23 24 16_27 .0059706103603730599828753006541805839602
.1074218750 -7646.4130859375 1 2 3 4 5 6 7 8 11 15 17 18 20 21 22 24 16_28 .0058955701547635231538604193067342012856
.1083984375 -7646.4121093750 2 3 4 7 9 11 12 13 17 18 19 20 21 22 24 25 16_29 .0057483072802716166101666089732673940921
.1098632813 -7646.4106445312 1 2 4 5 7 8 9 10 11 12 14 15 16 17 18 22 16_30 .0055342811863474291480389260946963039134
.1118164063 -7646.4086914062 1 3 4 5 7 8 9 10 11 14 16 18 19 20 22 24 16_31 .0052612573929177116686103435746699283884
.1123046875 -7646.4082031250 2 4 6 7 11 12 13 15 16 17 18 20 21 22 23 24 16_32 .0051951325359343129965787930934717082961
.1127929687 -7646.4077148438 1 2 4 6 7 11 12 13 15 17 18 20 21 22 23 25 16_33 .0051298387534231423583175737074326158126
.1137695313 -7646.4067382812 1 2 4 6 7 10 11 12 13 15 17 18 20 21 22 34 16_34 .0050017027365391872852960002536776058432
.1142578125 -7646.4062500000 1 2 3 5 8 9 10 14 15 16 18 19 20 22 23 24 16_35 .0049388400302643832170259213360310078577
.1157226563 -7646.4047851562 1 2 4 5 6 7 11 12 13 15 17 18 20 21 22 23 16_36 .0047549527415973871672916037768613169691
.1162109375 -7646.4042968750 1 2 4 5 6 7 11 12 13 15 17 18 20 21 22 24 16_37 .0046951912537020800993537238699640471364
.1176757813 -7646.4028320312 1 2 3 4 5 11 14 15 17 18 19 20 21 22 23 24 16_38 .0045203757131853626155101750432318462473
.1191406250 -7646.4013671875 1 2 3 4 5 6 10 11 15 16 18 20 21 22 23 24 16_39 .0043520690717707976963345818447558220885
.1210937500 -7646.3994140625 1 2 3 4 5 6 7 9 11 12 15 16 17 20 21 22 16_40 .0041373675834954567457862161715993875182
.1225585937 -7646.3979492188 7 8 9 10 12 13 14 15 16 17 18 19 20 21 22 24 16_41 .0039833214407723064177791411865642567741
.1235351563 -7646.3969726562 2 4 6 7 11 12 13 15 17 18 20 21 22 23 24 34 16_42 .0038838237824787731456282899663887755509
.1245117187 -7646.3959960938 1 2 4 6 7 10 11 12 13 15 17 18 20 21 22 24 16_43 .0037868114526472994461750427216225877124
.1250000000 -7646.3955078125 2 4 6 7 9 11 12 13 15 17 18 19 20 21 22 24 16_44 .0037392178076328478744822671363139983119
.1259765625 -7646.3945312500 1 2 3 4 5 6 7 11 13 16 17 18 20 21 22 23 16_45 .0036458175175424274291841862682237020843
.1274414063 -7646.3930664062 1 2 3 4 5 6 11 14 15 16 18 20 21 22 23 24 16_46 .0035100731941451727976690825185531060642
.1284179687 -7646.3920898438 1 2 3 4 6 7 11 13 17 18 20 21 22 23 24 25 16_47 .0034223966162377952455187909953286470199
.1293945313 -7646.3911132812 1 2 3 4 5 6 7 9 11 15 16 17 18 20 21 22 16_48 .0033369100558056171042238971036988092375
.1298828125 -7646.3906250000 1 2 3 4 5 10 14 15 16 18 19 20 21 22 23 24 16_49 .0032949708987319418045993013559234007655
.1303710937 -7646.3901367188 1 2 3 4 5 6 11 17 18 19 20 21 22 23 24 25 16_50 .0032535588439375114174689229183133223952
.1308593750 -7646.3896484375 1 3 4 5 10 11 14 15 16 18 19 20 21 22 23 24 16_51 .0032126672583414714858861994507751743262
.1313476563 -7646.3891601562 1 2 4 5 6 10 11 13 15 17 18 19 20 21 22 24 16_52 .0031722896089773438779255919158221040668
.1318359375 -7646.3886718750 1 2 3 4 5 7 11 15 17 18 19 20 21 22 23 24 16_53 .0031324194446729096262613412837831099915
.1328125000 -7646.3876953125 1 2 3 4 7 9 11 13 17 18 19 20 21 22 24 37 16_54 .0030541761061275849931318629748708544384
.1347656250 -7646.3857421875 1 2 4 6 7 9 10 11 13 15 17 18 20 21 22 34 16_55 .0029035038294181144682128871151184600208
.1352539063 -7646.3852539062 3 7 8 9 11 12 13 14 15 16 17 18 20 21 22 24 16_56 .0028670118275628804997988028193526358898
.1357421875 -7646.3847656250 1 2 3 4 5 7 8 11 14 15 17 18 20 21 22 24 16_57 .0028309784741438847809467500554619594330
.1367187500 -7646.3837890625 1 2 4 6 7 12 13 15 16 17 18 20 21 22 23 25 16_58 .0027602646980741872150124580132787710293
.1372070313 -7646.3833007812 4 5 6 10 11 12 14 15 16 17 18 19 20 21 22 23 16_59 .0027255729633974512494144022604871211712
.1376953125 -7646.3828125000 1 2 3 4 5 6 7 9 10 11 16 18 20 21 22 23 16_60 .0026913172505625149844335247355804543362
.1391601563 -7646.3813476562 1 2 3 4 5 6 7 9 11 13 16 18 20 21 22 23 16_61 .0025911117308218477265832895984636037517
.1416015625 -7646.3789062500 1 2 4 6 7 11 12 13 15 17 18 20 21 22 23 34 16_62 .0024323247055536567524667723145543596905
.1425781250 -7646.3779296875 1 2 4 6 7 11 12 13 15 17 18 20 21 22 24 34 16_63 .0023715687280256649622346239488378006999
.1435546875 -7646.3769531250 1 2 3 4 5 6 7 9 11 16 17 18 20 21 22 23 16_64 .0023123303475507942582966912346040322426
.1450195313 -7646.3754882812 1 2 3 4 5 7 10 11 13 15 18 20 21 22 23 24 16_65 .0022262356055652421971893071770090493919
.1459960937 -7646.3745117188 2 3 4 5 6 7 11 13 15 16 17 18 20 21 22 23 16_66 .0021706274433659196927385874274371379430
.1464843750 -7646.3740234375 1 2 3 4 7 9 11 13 14 17 18 19 20 22 24 34 16_67 .0021433464252085558924332572796232368928
.1469726563 -7646.3735351562 1 2 3 4 5 7 8 9 10 11 12 14 18 19 22 24 16_68 .0021164082820820856127329586187497017603
.1484375000 -7646.3720703125 1 3 4 5 9 10 11 13 14 16 18 19 20 21 22 24 16_69 .0020376082901300453263093119485947491269
.1494140625 -7646.3710937500 2 4 5 7 10 11 12 13 14 15 17 18 20 21 22 24 16_70 .0019867117617169888947179427271485089085
.1513671875 -7646.3691406250 1 3 4 5 7 8 9 10 11 12 14 16 18 19 22 24 16_71 .0018887009156158711394750258273698586294
.1518554687 -7646.3686523438 1 2 3 4 5 7 11 14 15 17 18 19 20 21 22 24 16_72 .0018649632292411975221151716301544181476
.1533203125 -7646.3671875000 1 2 3 4 5 7 10 11 14 15 18 20 21 22 23 24 16_73 .0017955252580602498001025714318844086432
.1552734375 -7646.3652343750 1 2 3 4 5 7 9 14 16 17 18 19 20 22 23 24 16_74 .0017069462537328562184986209499149075748
.1562500000 -7646.3642578125 5 6 10 12 13 14 15 16 17 18 19 20 21 22 23 24 16_75 .0016643091880497705855822421911588865633
.1567382813 -7646.3637695312 1 2 3 4 5 6 11 14 15 16 17 18 20 21 22 24 16_76 .0016433917112540996306961385511028521369
.1572265625 -7646.3632812500 4 5 6 10 12 14 15 16 17 18 19 20 21 22 23 24 16_77 .0016227371350266256036375096264089867635
.1577148437 -7646.3627929688 1 2 3 4 5 6 7 9 10 11 15 18 20 22 24 34 16_78 .0016023421509074815990324886336894851200
.1586914063 -7646.3618164062 1 2 4 5 6 7 10 15 16 17 18 20 21 22 23 24 16_79 .0015623179414202837055605939642846121991
.1621093750 -7646.3583984375 1 2 3 4 6 7 8 11 15 16 17 18 20 21 22 24 16_80 .0014299438843305230382642637264379197606
.1630859375 -7646.3574218750 1 3 5 8 9 10 11 14 16 18 19 20 22 23 24 26 16_81 .0013942259399687734138654014389845054881
.1635742187 -7646.3569335938 3 4 7 8 9 11 13 14 15 16 17 18 20 21 22 24 16_82 .0013767029442288039851455889065840918490
.1640625000 -7646.3564453125 3 4 5 6 9 10 11 13 14 16 17 18 19 20 22 24 16_83 .0013594001785544870304540986801620542960
.1660156250 -7646.3544921875 1 2 4 5 7 8 9 10 11 12 13 14 15 16 17 18 16_84 .0012923366194325596305626949093285931961
.1665039063 -7646.3540039062 1 2 4 6 7 9 11 12 13 15 17 18 19 20 21 22 16_85 .0012760941919778071446421835091209361415
.1669921875 -7646.3535156250 4 5 6 10 11 13 14 15 16 18 19 20 21 22 23 24 16_86 .0012600559068987562801693203657524831699
.1679687500 -7646.3525390625 1 2 4 7 9 10 11 13 14 15 16 17 18 20 21 22 16_87 .0012285815201983473208991358419739797574
.1704101563 -7646.3500976562 1 2 3 4 5 7 9 13 16 17 18 19 20 22 23 24 16_88 .0011532922880468317521291353686452963998
.1708984375 -7646.3496093750 5 6 10 11 12 14 15 16 17 18 19 20 21 22 23 24 16_89 .0011387974093682462327197439061656857840
.1713867187 -7646.3491210938 4 6 7 9 11 12 13 14 15 16 17 18 20 21 22 25 16_90 .0011244847061104837661903677339811532578
.1728515625 -7646.3476562500 1 3 4 5 6 8 9 10 11 12 14 16 19 20 22 23 16_91 .0010826168904924323353340069220096760440
.1738281250 -7646.3466796875 1 3 5 7 8 9 10 11 12 13 14 15 16 17 18 19 16_92 .0010555746755611777260165706645222344411
.1743164063 -7646.3461914062 1 2 4 5 6 7 8 11 15 17 18 20 21 22 23 24 16_93 .0010423079346570900546520638473684388857
.1748046875 -7646.3457031250 4 10 11 12 13 14 15 16 17 18 19 20 21 22 24 34 16_94 .0010292079363174080437671784048694737779
.1757812500 -7646.3447265625 1 4 5 6 10 11 13 15 16 17 18 19 20 21 22 24 16_95 .0010034998003486547413368342074376162312
.1767578125 -7646.3437500000 2 3 4 5 6 7 10 11 13 15 18 19 20 21 22 24 16_96 .0009784338166910784127602380039722911260
.1777343750 -7646.3427734375 1 2 3 4 5 7 11 14 15 16 17 18 20 21 22 24 16_97 .0009539939453022873759872796515996103180
.1791992187 -7646.3413085938 2 3 4 7 8 9 11 12 14 15 17 18 20 21 22 24 16_98 .0009184739958442556626036710978396456310
.1796875000 -7646.3408203125 1 2 3 5 6 8 9 10 14 15 16 18 19 20 23 24 16_99 .0009069303724397534542223955351950637726
.1811523437 -7646.3393554688 1 2 4 5 7 10 11 15 16 17 18 20 21 22 23 24 16_100 .0008731627357061614078145133322566505841
.1821289063 -7646.3383789062 4 6 7 10 11 12 13 14 15 16 17 18 20 21 22 31 16_101 .0008513523825112924354944892860943898146
.1840820313 -7646.3364257812 1 2 7 8 9 10 11 12 13 14 15 16 17 18 21 27 16_102 .0008093524462608416937746230468802231369
.1845703125 -7646.3359375000 1 2 3 4 5 6 7 11 17 19 20 21 22 23 24 42 16_103 .0007991802933397160069309340739950545812
.1855468750 -7646.3349609375 4 6 10 11 12 13 14 15 17 18 19 20 21 22 24 34 16_104 .0007792179174973387579929037928738110882
.1870117187 -7646.3334960938 4 6 7 10 11 12 13 15 16 17 18 20 21 22 25 31 16_105 .0007502053842600045570645245289554930873
.1899414063 -7646.3305664062 1 2 3 4 5 9 13 14 16 17 18 19 20 22 23 24 16_106 .0006953807556363916263252194804461105836
.1904296875 -7646.3300781250 1 2 3 4 5 7 9 11 14 15 16 17 18 20 21 22 16_107 .0006866410286887305287175570013095582600
.1914062500 -7646.3291015625 1 3 4 5 7 8 9 10 11 12 14 18 19 22 23 24 16_108 .0006694897220340074943588886695542607570
.1918945313 -7646.3286132812 4 7 8 10 11 12 13 14 15 16 17 18 20 21 22 31 16_109 .0006610753986461780908946974913288279330
.1923828125 -7646.3281250000 4 6 7 10 11 12 13 15 16 17 18 20 21 22 27 34 16_110 .0006527668303846128106250827810827065200
.1928710937 -7646.3276367188 2 3 4 6 7 13 16 17 18 19 20 21 22 23 24 25 16_111 .0006445626863788865189926667024598916362
.1933593750 -7646.3271484375 2 3 4 7 8 9 11 12 14 17 18 19 20 21 22 24 16_112 .0006364616525490579591414058722921204235
.1943359375 -7646.3261718750 1 2 3 4 6 7 9 11 13 17 19 20 21 22 24 30 16_113 .0006205637546362473808550269903675555094
.1958007813 -7646.3247070312 2 4 6 7 11 12 13 15 17 18 20 21 22 24 27 34 16_114 .0005974583724846084554190590373921684010
.1967773437 -7646.3237304688 1 6 7 8 10 11 12 14 15 16 17 18 21 22 23 27 16_115 .0005825347219952291555980529292284683713
.1972656250 -7646.3232421875 1 4 5 6 8 10 11 12 14 15 16 17 18 19 21 23 16_116 .0005752132719801112653599718138847679273
.1982421875 -7646.3222656250 4 6 7 10 11 12 13 15 16 17 18 20 21 22 34 39 16_117 .0005608452706411324184658665747318176442
.1987304687 -7646.3217773438 1 2 4 6 7 9 11 12 13 14 15 17 18 21 22 25 16_118 .0005537964208051821016928227130803126572
.1992187500 -7646.3212890625 1 2 3 4 7 13 16 17 18 19 20 21 22 23 24 25 16_119 .0005468361613384347438978535892130306382
.2011718750 -7646.3193359375 1 4 6 7 9 11 12 13 15 16 17 18 20 21 22 25 16_120 .0005198589843345860258739719984346112307
.2026367187 -7646.3178710938 1 2 3 4 5 6 11 13 17 19 20 21 22 23 24 42 16_121 .0005005031331367912993894055687770072412
.2036132813 -7646.3168945312 1 2 3 4 5 6 7 9 10 11 12 15 20 22 23 24 16_122 .0004880012824937681265395400839780187927
.2045898437 -7646.3159179688 1 2 3 4 5 6 7 9 11 12 14 16 17 20 22 23 16_123 .0004758117126196034374367427849747822203
.2055664063 -7646.3149414062 1 2 3 4 5 7 9 13 14 16 17 18 19 20 22 24 16_124 .0004639266182584746952894287367862362278
.2070312500 -7646.3134765625 1 2 3 4 5 8 9 10 11 12 14 18 19 22 23 24 16_125 .0004466532905671180327088555562762638977
.2075195313 -7646.3129882812 1 2 3 4 5 6 7 9 10 16 19 20 21 22 23 24 16_126 .0004410396342175453395590427531007864208
.2080078125 -7646.3125000000 1 2 4 5 7 9 10 11 12 13 14 15 17 18 21 22 16_127 .0004354965329094999490088088346445196628
.2089843750 -7646.3115234375 1 2 3 4 5 7 9 10 11 14 15 18 20 22 23 24 16_128 .0004246184550334027300051888691393830343
.2094726563 -7646.3110351562 1 2 3 4 5 6 7 10 11 15 18 20 22 23 24 37 16_129 .0004192817383079590194430407562875746626
.2099609375 -7646.3105468750 1 2 3 4 5 9 11 12 14 17 18 19 20 21 22 24 16_130 .0004140120959181596332199732944943980697
.2104492187 -7646.3100585938 1 4 5 8 10 11 12 14 15 16 17 18 19 21 23 24 16_131 .0004088086837701743428592150382414981313
.2119140625 -7646.3085937500 1 2 3 4 5 6 9 11 15 18 19 20 21 22 23 24 16_132 .0003935875549258783794289651392899312513
.2124023437 -7646.3081054688 2 3 4 5 6 9 10 11 12 13 14 18 19 20 22 24 16_133 .0003886408437433094915728853781204118109
.2128906250 -7646.3076171875 1 3 4 5 6 7 10 11 15 16 18 19 20 21 22 23 16_134 .0003837563031247621455177107167616827943
.2148437500 -7646.3056640625 2 3 4 7 8 9 13 14 15 16 17 18 20 21 22 24 16_135 .0003648243771701943572122511566985847963
.2153320313 -7646.3051757812 1 3 4 5 9 10 11 14 16 18 19 20 21 22 24 36 16_136 .0003602391681845401601299561958218990873
.2163085937 -7646.3041992188 1 2 3 4 6 7 9 11 12 13 15 20 21 22 24 34 16_137 .0003512409120948084831088409329799411916
.2167968750 -7646.3037109375 1 2 3 4 6 7 11 13 15 17 18 20 21 22 26 34 16_138 .0003468264236805236811083710165749672711
.2172851563 -7646.3032226562 1 3 4 5 7 8 9 10 11 12 14 17 18 19 23 24 16_139 .0003424674177208414185133869171471605597
.2187500000 -7646.3017578125 1 2 4 5 7 11 13 14 15 16 17 18 20 21 22 24 16_140 .0003297163668065586870674746365840215090
.2202148437 -7646.3002929688 1 2 3 4 5 6 7 11 15 17 19 20 21 22 24 42 16_141 .0003174400743393734350558255950115344817
.2207031250 -7646.2998046875 1 2 4 6 7 9 11 12 13 16 17 20 21 22 25 29 16_142 .0003134504037681313933932328979488066449
.2211914063 -7646.2993164062 1 2 4 5 7 9 11 13 14 15 16 17 18 20 21 22 16_143 .0003095108764288053621779453675345481625
.2221679687 -7646.2983398438 1 2 3 4 5 6 10 14 16 18 19 20 22 23 24 25 16_144 .0003017797400765334701863255963252429617
.2231445313 -7646.2973632812 1 2 3 4 5 6 10 13 14 16 18 19 20 22 23 24 16_145 .0002942417148620218965571830316590668587
.2236328125 -7646.2968750000 2 4 7 9 10 11 12 13 14 15 17 18 19 21 22 24 16_146 .0002905436081432758744574663878678226474
.2241210937 -7646.2963867188 1 2 3 4 6 7 11 13 15 17 20 21 22 24 25 42 16_147 .0002868919801955961762570789672252529979
.2250976563 -7646.2954101562 2 3 4 5 6 11 14 15 16 17 18 20 21 22 23 24 16_148 .0002797258298768003927889968402927502831
.2260742187 -7646.2944335938 1 3 4 5 8 9 10 11 12 14 17 18 19 22 23 24 16_149 .0002727386811310683443855449985075830560
.2265625000 -7646.2939453125 1 2 4 7 9 10 11 13 14 15 17 18 20 21 22 34 16_150 .0002693108294585518218047973139107783945
.2270507813 -7646.2934570312 1 2 3 4 5 7 11 13 15 18 20 21 22 23 24 41 16_151 .0002659260599298663299824033997661284905
.2280273437 -7646.2924804688 1 3 4 5 6 8 9 10 11 12 14 16 18 19 20 22 16_152 .0002592836095815564211799428793285671320
.2285156250 -7646.2919921875 2 4 6 7 10 11 12 13 15 17 18 20 21 22 34 47 16_153 .0002560248647967155025053141208628325087
.2299804687 -7646.2905273438 1 2 3 4 6 7 11 12 13 15 17 18 20 21 22 26 16_154 .0002464923197503240712896891101794285091
.2304687500 -7646.2900390625 1 2 3 4 5 7 9 11 12 14 15 17 18 20 21 22 16_155 .0002433943392694674572369155768084035652
.2309570313 -7646.2895507812 2 3 4 8 9 11 13 14 15 16 17 18 20 21 22 24 16_156 .0002403352950243097486041490998506315025
.2314453125 -7646.2890625000 1 2 3 4 5 6 7 10 16 19 20 21 22 23 24 30 16_157 .0002373146982686866259355555115242398798
.2358398437 -7646.2846679688 1 2 3 4 6 7 11 13 15 17 18 20 21 22 25 47 16_158 .0002117816735569684334896773113439065451
.2363281250 -7646.2841796875 1 2 3 4 6 7 8 11 13 15 17 18 20 21 22 32 16_159 .0002091199456315417714161041235590308051
.2368164063 -7646.2836914062 2 3 4 6 7 9 13 17 18 19 20 21 22 23 24 25 16_160 .0002064916710046465818512903768792159826
.2373046875 -7646.2832031250 1 2 3 5 8 9 10 11 14 16 18 19 20 22 23 24 16_161 .0002038964297545557741994896328703908781
.2377929687 -7646.2827148438 2 7 9 11 12 13 14 15 17 18 19 20 21 22 23 24 16_162 .0002013338061742886629105068929445877787
.2382812500 -7646.2822265625 1 2 3 4 7 8 9 13 15 17 18 20 21 22 24 40 16_163 .0001988033898014933596688043831662597907
.2407226563 -7646.2797851562 1 2 3 4 5 6 11 17 18 19 20 21 22 24 25 27 16_164 .0001866204338305648538385395466627161648
.2412109375 -7646.2792968750 1 2 3 4 5 6 9 10 11 15 18 19 20 22 24 36 16_165 .0001842749394789983664359077210873646640
.2416992187 -7646.2788085938 3 5 7 8 9 10 14 15 16 18 19 20 21 22 23 24 16_166 .0001819589239130091595981139400515858550
.2421875000 -7646.2783203125 2 4 5 6 10 11 13 15 17 18 19 20 21 22 24 30 16_167 .0001796720161701181762996131894631262045
.2431640625 -7646.2773437500 1 2 4 5 7 11 12 15 16 17 18 20 21 22 23 24 16_168 .0001751840672741849360590334617295351152
.2436523437 -7646.2768554688 1 4 5 8 9 10 11 12 14 16 17 18 19 22 23 24 16_169 .0001729823081643057913159498015387103585
.2441406250 -7646.2763671875 1 2 4 5 6 7 9 11 12 14 15 17 18 20 21 22 16_170 .0001708082208955042306497278063824624096
.2456054687 -7646.2749023438 1 3 4 5 6 8 9 10 11 14 16 18 19 20 21 23 16_171 .0001644485375839899477174723882296864429
.2475585937 -7646.2729492188 2 7 8 9 12 13 14 15 17 18 19 20 21 22 23 24 16_172 .0001563357652033760746099460668597435298
.2480468750 -7646.2724609375 1 2 3 4 8 9 11 13 15 17 18 20 21 22 24 36 16_173 .0001543708960766202298571280677038430534
.2485351563 -7646.2719726562 1 2 4 6 7 8 9 11 15 16 17 18 20 21 22 24 16_174 .0001524307219432349417718779230375754289
.2490234375 -7646.2714843750 1 2 3 4 5 7 9 11 12 14 15 16 17 18 20 22 16_175 .0001505149328199084930054367099915610775
.2495117187 -7646.2709960938 2 4 6 7 11 12 13 15 17 18 20 21 22 24 34 47 16_176 .0001486232218346257826923836126972086730
.2514648437 -7646.2690429688 1 2 3 4 6 7 11 13 15 17 18 19 20 21 22 47 16_177 .0001412911629003711589323433314738603442
.2529296875 -7646.2675781250 1 2 3 4 5 6 10 14 16 18 19 20 21 22 23 26 16_178 .0001360304845428732589530829824510619329
.2539062500 -7646.2666015625 1 2 4 5 7 11 13 15 16 17 18 20 21 22 24 27 16_179 .0001326326384234229358734059613793215933
.2548828125 -7646.2656250000 1 2 3 4 6 7 11 13 15 17 18 19 20 21 22 26 16_180 .0001293196656196140403854880103496234154
.2568359375 -7646.2636718750 2 4 5 6 7 11 12 13 14 15 17 18 20 21 22 24 16_181 .0001229399128597380753143764083019149641
.2573242187 -7646.2631835938 2 9 12 13 14 15 16 17 18 19 20 21 22 23 24 34 16_182 .0001213947719270126000179167791872153421
.2578125000 -7646.2626953125 2 4 5 6 10 11 13 15 17 18 19 20 21 22 24 44 16_183 .0001198690504185742786060849412523256643
.2583007813 -7646.2622070312 2 3 4 5 6 7 10 11 13 15 18 19 20 21 23 24 16_184 .0001183625045804252089356082896313044403
.2592773437 -7646.2612304688 1 3 7 8 9 11 14 15 16 17 18 20 21 22 23 28 16_185 .0001154059795223529366733311446116465963
.2597656250 -7646.2607421875 1 3 4 5 6 7 9 10 16 18 19 20 21 22 23 24 16_186 .0001139555267362518092559014450918061254
.2612304687 -7646.2592773438 1 2 4 6 7 11 12 13 17 19 20 21 22 23 24 25 16_187 .0001097126334033675289638783495405430648
.2622070313 -7646.2583007812 1 3 5 8 9 10 11 14 16 18 19 20 22 23 24 30 16_188 .0001069721691272192629639929526125750540
.2626953125 -7646.2578125000 1 2 3 4 5 6 7 9 10 11 15 16 18 20 22 46 16_189 .0001056277149679790933969162768369344081
.2636718750 -7646.2568359375 4 10 12 13 14 15 16 17 18 19 20 21 22 23 24 31 16_190 .0001029892863641521729913333306867722767
.2641601563 -7646.2563476562 2 3 4 5 6 9 10 11 12 13 15 18 19 20 21 24 16_191 .0001016948898522581094160952804427115016
.2651367187 -7646.2553710938 4 10 11 13 14 15 16 17 18 19 20 21 22 23 24 30 16_192 .0000991546978278336409069557535638838328
.2656250000 -7646.2548828125 1 2 5 7 8 11 12 15 16 17 18 20 21 22 23 24 16_193 .0000979084954359416295561292336884044233
.2661132813 -7646.2543945312 1 2 3 7 8 9 14 16 17 18 20 21 22 23 24 28 16_194 .0000966779556443658830292707607944818312
.2670898437 -7646.2534179688 1 7 8 10 11 12 14 15 16 17 18 20 21 22 23 27 16_195 .0000942630794178194053887148366530169770
.2675781250 -7646.2529296875 1 7 8 9 10 11 12 14 15 16 17 18 21 24 25 46 16_196 .0000930783561761474610612989159980774348
.2680664063 -7646.2524414062 4 6 7 10 11 12 13 15 16 17 18 19 20 21 22 31 16_197 .0000919085228486182150127155360033649093
.2685546875 -7646.2519531250 4 6 7 9 11 12 13 15 16 17 18 20 21 22 25 31 16_198 .0000907533925299416806615160194509950084
.2709960937 -7646.2495117188 1 2 4 6 7 11 12 13 15 17 18 20 21 22 25 47 16_199 .0000851918950995490516168553733618868111
.2714843750 -7646.2490234375 1 2 3 7 8 9 14 16 17 18 20 21 22 23 24 27 16_200 .0000841211808946889620338696732300139393
.2734375000 -7646.2470703125 4 5 10 11 13 14 15 17 18 19 20 21 22 23 24 32 16_201 .0000799712139627027136006351195862059133
.2749023437 -7646.2456054688 1 2 3 4 5 6 9 10 11 13 14 19 20 22 24 42 16_202 .0000769936547318078446869690720503978968
.2763671875 -7646.2441406250 4 5 6 7 10 11 12 13 14 15 16 17 18 20 21 31 16_203 .0000741269584374479990070115886547638656
.2797851563 -7646.2407226562 1 2 3 4 5 7 9 10 11 14 15 18 20 22 24 31 16_204 .0000678462352616436789846687631411561213
.2802734375 -7646.2402343750 1 3 4 5 9 10 11 14 16 18 19 20 21 22 24 38 16_205 .0000669935260576466761578637998845309160
.2807617187 -7646.2397460938 2 4 5 7 10 11 13 14 15 18 19 20 21 22 23 24 16_206 .0000661515339256254012110508257764793648
.2812500000 -7646.2392578125 1 2 3 4 6 7 8 9 10 11 12 14 15 17 18 34 16_207 .0000653201240014221049652219624145391929
.2822265625 -7646.2382812500 1 2 3 4 6 7 8 9 11 15 16 18 20 21 22 24 16_208 .0000636885211250073416508049636293072596
.2827148437 -7646.2377929688 4 6 7 10 11 12 13 14 15 16 17 18 20 21 25 31 16_209 .0000628880671581392083120041299817205853
.2836914063 -7646.2368164062 2 4 7 11 13 15 16 17 18 20 21 22 23 24 25 29 16_210 .0000613172134096081516353913902166325469
.2841796875 -7646.2363281250 1 4 7 8 9 10 11 13 14 15 16 17 18 21 22 30 16_211 .0000605465626574155588318477890570335190
.2861328125 -7646.2343750000 2 3 4 5 9 10 11 12 13 14 18 19 20 22 23 24 16_212 .0000575596070512137462481236964034833713
.2866210937 -7646.2338867188 1 2 3 4 5 7 9 10 16 18 20 21 22 23 24 37 16_213 .0000568361828770979477472397240879100430
.2875976563 -7646.2329101562 1 5 6 7 8 9 10 11 12 14 15 16 17 18 19 35 16_214 .0000554164965206993977247099366824015744
.2880859375 -7646.2324218750 2 5 7 11 12 13 15 16 17 18 20 21 22 23 24 29 16_215 .0000547200075194418288197029865252032292
.2890625000 -7646.2314453125 1 3 7 8 9 11 14 15 17 18 20 21 22 23 24 28 16_216 .0000533531803274999550754897493245443476
.2900390625 -7646.2304687500 1 2 3 5 6 8 9 10 11 14 15 16 18 20 22 24 16_217 .0000520204945156002521387932706037706072
.2910156250 -7646.2294921875 1 2 3 4 6 7 11 12 13 15 17 19 20 21 22 26 16_218 .0000507210972811074959443942200968418901
.2924804687 -7646.2280273438 1 2 3 5 6 8 9 10 11 14 15 16 18 22 23 24 16_219 .0000488326043606309614289434546194349580
.2949218750 -7646.2255859375 2 3 4 5 6 10 11 13 15 18 19 20 21 22 24 44 16_220 .0000458400725458295347580808741898536801
.2958984375 -7646.2246093750 1 2 4 6 7 9 11 12 14 15 17 18 20 21 22 25 16_221 .0000446950533750268499118123977938872522
.2963867187 -7646.2241210938 1 3 5 7 8 9 10 11 14 15 17 18 19 20 24 27 16_222 .0000441333142713161250038410388601247617
.2968750000 -7646.2236328125 1 2 3 4 5 6 9 10 11 12 13 14 19 20 23 24 16_223 .0000435786351384874104053632493743776281
.2983398437 -7646.2221679688 1 2 3 5 6 8 10 11 14 15 16 18 20 22 23 24 16_224 .0000419560767090640467758124772410025279
.3022460937 -7646.2182617188 3 4 5 6 8 9 10 11 12 14 16 18 19 20 21 22 16_225 .0000379185329809152379146567873514182737
.3037109375 -7646.2167968750 1 3 5 7 8 9 10 11 12 14 15 17 18 19 24 27 16_226 .0000365067164050871461593091331277338897
.3041992187 -7646.2163085938 1 2 3 4 6 7 8 11 13 15 17 19 20 21 22 32 16_227 .0000360478904589417590728011281392846227
.3046875000 -7646.2158203125 5 9 11 12 13 14 15 16 17 18 19 20 21 22 24 41 16_228 .0000355948310649169190065124344391829330
.3066406250 -7646.2138671875 1 2 4 7 8 9 10 11 12 14 15 17 18 20 21 34 16_229 .0000338388241912857822652651929522092501
.3071289063 -7646.2133789062 2 7 11 12 13 15 16 17 18 20 21 22 23 24 29 34 16_230 .0000334135289246992697826369435114025061
.3081054687 -7646.2124023438 4 5 9 10 11 13 14 15 16 17 18 19 20 21 22 26 16_231 .0000325789070493453952045170238539430104
.3090820313 -7646.2114257812 1 2 3 4 5 7 10 11 15 16 18 20 22 23 24 37 16_232 .0000317651326629770012784646817182239617
.3095703125 -7646.2109375000 4 5 8 9 10 11 14 16 17 18 19 20 21 22 23 24 16_233 .0000313659001796498180129761446200529154
.3105468750 -7646.2099609375 1 2 3 4 5 6 7 10 11 12 14 15 20 22 23 24 16_234 .0000305824250448913353043125053001987526
.3110351563 -7646.2094726562 1 6 7 8 9 11 12 13 14 15 16 17 18 21 22 43 16_235 .0000301980570615712008321423134017725920
.3120117187 -7646.2084960938 4 5 9 10 13 14 15 16 17 18 19 20 21 22 24 31 16_236 .0000294437530467641592320740352185849718
.3129882813 -7646.2075195312 1 2 3 4 6 7 8 11 13 15 17 19 20 21 22 42 16_237 .0000287082903121880320018803846680911335
.3134765625 -7646.2070312500 2 3 5 7 8 9 12 14 15 16 18 20 21 22 23 24 16_238 .0000283474770218733047683951022631381114
.3139648437 -7646.2065429688 5 7 8 9 10 11 14 16 17 18 19 20 21 22 23 24 16_239 .0000279911985272239421631384972905348806
.3149414063 -7646.2055664062 1 2 3 4 5 6 8 9 10 11 15 18 20 22 24 28 16_240 .0000272920185218693659136853092633151205
.3154296875 -7646.2050781250 1 2 3 4 6 7 11 13 15 17 19 20 21 22 25 42 16_241 .0000269490053052994642121365480890198797
.3164062500 -7646.2041015625 1 2 3 4 5 6 11 17 18 20 21 22 23 24 25 26 16_242 .0000262758578603912757909584446330895068
.3168945313 -7646.2036132812 3 4 12 13 14 15 16 17 18 19 20 21 22 23 24 31 16_243 .0000259456159491961989523320901874625693
.3173828125 -7646.2031250000 1 2 3 4 5 7 9 10 11 18 20 21 22 24 37 40 16_244 .0000256195246717961883218222597080801639
.3193359375 -7646.2011718750 1 2 3 4 6 7 11 13 17 18 19 20 21 22 25 47 16_245 .0000243556315705538041909426580246313052
.3203125000 -7646.2001953125 1 2 3 4 5 7 8 9 10 11 14 15 18 22 24 45 16_246 .0000237472628766035501748104653374205337
.3217773437 -7646.1987304688 1 7 8 9 10 11 12 14 16 17 18 21 22 23 24 27 16_247 .0000228630837040866064776393658593016111
.3222656250 -7646.1982421875 1 2 3 4 5 7 8 9 10 11 14 15 18 20 22 45 16_248 .0000225757344385224889561207511403787715
.3232421875 -7646.1972656250 1 2 3 4 5 7 10 11 16 18 20 21 22 23 24 37 16_249 .0000220118250184138071932641400275088409
.3251953125 -7646.1953125000 1 2 4 5 6 7 8 10 12 15 16 17 18 21 23 25 16_250 .0000209259112810229401215190113669725870
.3266601563 -7646.1938476562 1 3 4 5 6 9 10 11 12 13 14 18 19 22 23 24 16_251 .0000201467791235176432714859848765005257
.3271484375 -7646.1933593750 1 2 3 4 5 7 9 10 11 12 14 18 20 22 24 29 16_252 .0000198935691418102224732934369762318829
.3286132813 -7646.1918945312 1 2 3 5 7 8 9 10 11 14 15 16 17 18 20 30 16_253 .0000191528740658449711940420281252225831
.3291015625 -7646.1914062500 2 3 4 5 6 9 10 11 12 13 14 18 19 20 23 24 16_254 .0000189121557424780359946345686030321246
.3305664063 -7646.1899414062 1 3 5 7 8 9 10 11 14 15 16 17 18 19 20 32 16_255 .0000182080015238717534475128166076999444
.3315429687 -7646.1889648438 1 2 4 5 6 7 9 11 12 14 15 17 20 21 22 23 16_256 .0000177531918444587363444916776712959954
.3325195313 -7646.1879882812 1 2 3 4 5 7 14 16 17 19 20 21 22 23 24 30 16_257 .0000173097425667582105455959347624473123
.3339843750 -7646.1865234375 1 2 3 4 5 7 9 10 11 12 14 18 20 22 24 40 16_258 .0000166652508651804085243506694704224824
.3354492187 -7646.1850585938 1 2 3 4 6 7 8 9 10 11 12 15 16 17 25 46 16_259 .0000160447554507686750581642715941345462
.3359375000 -7646.1845703125 1 4 5 6 10 11 13 16 17 18 19 20 21 22 24 27 16_260 .0000158431007328571902366839726954239180
.3364257813 -7646.1840820312 2 4 6 7 11 12 13 15 17 18 20 21 22 24 35 41 16_261 .0000156439804646218463095187313035284795
.3369140625 -7646.1835937500 2 7 8 11 12 13 14 15 17 18 19 20 21 22 24 35 16_262 .0000154473628324438986846815505197377907
.3374023437 -7646.1831054688 1 2 3 4 5 7 9 10 11 18 19 20 21 22 24 40 16_263 .0000152532163420172903138106177936605580
.3398437500 -7646.1806640625 4 11 12 13 14 15 16 17 18 19 20 21 22 24 34 45 16_264 .0000143184774359282357508561763897736837
.3403320313 -7646.1801757812 1 2 3 4 5 8 9 10 11 14 18 20 22 23 24 48 16_265 .0000141385190353702677995161093566678522
.3408203125 -7646.1796875000 1 2 4 7 8 9 10 11 12 14 15 17 18 24 29 46 16_266 .0000139608224356126856550289186834373466
.3422851563 -7646.1782226562 1 2 3 4 6 7 9 11 12 13 20 21 22 24 27 34 16_267 .0000134410206664695862914413418653337140
.3432617187 -7646.1772460938 1 4 5 6 10 11 13 14 15 16 17 18 20 21 22 27 16_268 .0000131052833098856618765463504352453825
.3437500000 -7646.1767578125 1 2 3 4 5 9 10 11 13 14 18 19 20 22 24 42 16_269 .0000129405726530536517450044642262440992
.3442382813 -7646.1762695312 1 2 3 4 5 6 12 14 16 18 19 20 21 22 23 41 16_270 .0000127779321231950560401862924384585937
.3447265625 -7646.1757812500 1 2 3 4 5 6 9 10 12 15 16 18 19 20 22 24 16_271 .0000126173357350907145290936666103216526
.3452148437 -7646.1752929688 1 2 3 4 5 6 7 11 15 17 20 21 22 24 42 43 16_272 .0000124587577643346185122861234194837524
.3461914063 -7646.1743164062 1 2 3 4 5 6 7 11 15 17 20 21 22 24 31 42 16_273 .0000121475558587818175375015347460580219
.3476562500 -7646.1728515625 1 2 3 4 5 6 9 10 11 15 18 20 22 24 28 34 16_274 .0000116952672753298271211477050792618256
.3491210937 -7646.1713867188 1 3 4 5 6 7 10 11 14 15 16 18 20 21 23 46 16_275 .0000112598187019258763031067513662415840
.3505859375 -7646.1699218750 1 2 3 4 5 8 9 10 14 16 18 19 20 22 24 30 16_276 .0000108405831082862407406703023932726435
.3515625000 -7646.1689453125 1 2 3 4 5 6 14 16 18 19 20 21 22 23 26 41 16_277 .0000105698009128772417421483931810544993
.3535156250 -7646.1669921875 1 2 3 4 6 7 8 9 10 11 12 15 16 17 25 30 16_278 .0000100483588242190686896545848345610991
.3544921875 -7646.1660156250 1 2 3 4 5 6 7 9 11 17 20 21 22 24 31 42 16_279 .0000097973652535319315627355758845959446
.3559570313 -7646.1645507812 1 2 4 6 7 9 11 14 15 17 18 20 21 22 25 34 16_280 .0000094325810285899910132918944049330200
.3579101563 -7646.1625976562 1 3 4 5 6 7 9 11 13 14 15 18 19 20 21 22 16_281 .0000089672416344493563124187116874304230
.3598632813 -7646.1606445312 1 3 4 5 6 7 10 11 15 16 18 19 20 21 23 46 16_282 .0000085248589211029646370097953913321663
.3613281250 -7646.1591796875 1 3 4 7 8 9 10 11 12 14 15 16 18 19 24 34 16_283 .0000082074538060018614468078177108790879
.3637695313 -7646.1567382812 1 2 3 4 5 6 7 10 11 12 14 15 20 22 23 33 16_284 .0000077044893019670355700619455309641259
.3652343750 -7646.1552734375 1 2 3 5 6 8 9 10 11 14 15 16 18 20 24 47 16_285 .0000074176289167901664802422887475457051
.3662109375 -7646.1542968750 1 3 4 5 6 7 10 11 14 15 16 18 20 22 23 29 16_286 .0000072323472005988642312789389528987209
.3681640625 -7646.1523437500 1 4 5 7 8 9 10 11 12 14 16 18 19 22 23 24 16_287 .0000068755523790817598286901100137732075
.3696289063 -7646.1508789062 1 6 7 8 10 11 12 13 14 15 16 17 20 21 23 46 16_288 .0000066195556921411670607739642791451757
.3701171875 -7646.1503906250 1 2 7 8 9 10 11 12 13 14 15 17 18 21 36 37 16_289 .0000065363593873898166518372406813939866
.3706054687 -7646.1499023438 1 2 4 7 8 9 10 11 12 14 15 17 21 24 25 30 16_290 .0000064542087155247484785494184454918551
.3710937500 -7646.1494140625 1 2 7 8 9 10 11 12 13 14 15 17 18 21 34 36 16_291 .0000063730905182505957955431568572414891
.3735351563 -7646.1469726562 2 4 5 7 10 11 12 13 15 16 17 18 20 21 22 34 16_292 .0000059825384192138735004130448827984045
.3740234375 -7646.1464843750 1 4 6 7 10 11 13 16 17 18 19 20 21 22 24 27 16_293 .0000059073483139168539399120277279150246
.3745117187 -7646.1459960938 1 3 4 5 6 7 10 11 14 15 16 18 20 22 23 46 16_294 .0000058331032175004158409327974026954760
.3750000000 -7646.1455078125 1 2 3 4 5 6 11 14 16 18 19 20 21 22 23 38 16_295 .0000057597912379266001640785825089778541
.3759765625 -7646.1445312500 1 2 4 7 8 9 10 11 12 14 15 17 21 24 25 34 16_296 .0000056159199257541831138382657730997571
.3764648437 -7646.1440429688 1 2 3 4 6 7 9 11 12 13 20 21 22 24 31 34 16_297 .0000055453375774317842156303620525174218
.3769531250 -7646.1435546875 1 3 4 5 7 10 11 13 14 16 18 19 20 22 24 39 16_298 .0000054756423123133999991446715631405017
.3784179687 -7646.1420898438 1 2 7 8 9 10 11 12 13 14 15 17 18 21 27 37 16_299 .0000052717683368637934074590682006318512
.3789062500 -7646.1416015625 1 3 7 8 9 11 14 15 16 17 18 20 22 23 28 41 16_300 .0000052055113621079684026837421554682916
.3798828125 -7646.1406250000 1 2 3 4 5 7 8 9 10 11 14 15 18 22 24 34 16_301 .0000050754851651056451536685805523347830
.3803710937 -7646.1401367188 1 2 4 7 8 9 10 11 15 17 18 20 21 24 38 46 16_302 .0000050116951419990486738686977801613872
.3833007813 -7646.1372070312 1 2 3 4 5 6 11 12 16 18 20 21 22 23 24 25 16_303 .0000046454430053179878901180254556502697
.3842773437 -7646.1362304688 1 2 3 4 5 6 8 10 11 15 16 18 19 20 22 24 16_304 .0000045294065231587502338318770748666925
.3847656250 -7646.1357421875 4 5 6 9 10 11 13 14 16 17 18 19 20 21 22 26 16_305 .0000044724797474570826320345232867936486
.3852539063 -7646.1352539062 2 9 12 13 14 15 16 17 18 19 20 21 22 23 24 48 16_306 .0000044162684424854584840407216491444879
.3867187500 -7646.1337890625 4 5 6 11 13 15 16 17 18 19 20 21 22 23 24 34 16_307 .0000042518380153924661089896302468274355
.3876953125 -7646.1328125000 1 3 4 5 6 9 10 11 12 14 19 20 22 24 39 46 16_308 .0000041456332088031070315787052771984903
.3891601563 -7646.1313476562 1 2 4 6 7 11 13 17 18 19 20 21 22 24 25 35 16_309 .0000039912793026423007926978515055801249
.3896484375 -7646.1308593750 1 3 7 8 9 10 11 13 14 15 16 17 18 27 30 46 16_310 .0000039411158619744305463465329871584103
.3906250000 -7646.1298828125 1 7 8 10 11 14 15 16 17 18 20 21 22 23 34 35 16_311 .0000038426724484784406531220631367101119
.3911132813 -7646.1293945312 1 2 3 4 5 6 9 10 11 14 19 20 22 24 42 46 16_312 .0000037943767277364314051553195876387034
.3916015625 -7646.1289062500 1 3 4 5 9 11 12 14 17 18 19 20 21 22 24 27 16_313 .0000037466880100545227008519115490244550
.3920898437 -7646.1284179688 1 3 5 6 8 9 10 11 14 15 16 18 19 20 24 33 16_314 .0000036995986566311813038638972089969323
.3925781250 -7646.1279296875 1 3 7 8 9 10 11 13 14 15 16 17 18 20 28 30 16_315 .0000036531011250372717458661062469140161
.3935546875 -7646.1269531250 1 2 4 5 6 7 11 12 17 18 19 20 21 22 23 27 16_316 .0000035618519059862629855216748745185698
.3950195313 -7646.1254882812 1 4 7 8 9 10 11 12 14 15 16 17 21 22 30 34 16_317 .0000034292338649864365480618971646386226
.3955078125 -7646.1250000000 1 2 4 5 7 12 13 15 16 17 18 20 21 22 23 48 16_318 .0000033861343581670023341336942099337179
.3959960937 -7646.1245117188 1 4 8 9 10 11 13 14 15 16 17 18 21 22 24 30 16_319 .0000033435765372054633219493884379770451
.3969726563 -7646.1235351562 1 3 4 7 8 9 10 11 14 15 16 17 18 21 22 30 16_320 .0000032600587893350722409040101628307345
.3989257813 -7646.1215820312 1 2 3 4 5 7 11 13 17 18 19 20 22 23 24 41 16_321 .0000030992296613059643809060035794855652
.4013671875 -7646.1191406250 1 4 7 8 9 11 14 15 16 17 18 19 21 22 24 34 16_322 .0000029093044439994812241135671516327559
.4018554687 -7646.1186523438 1 2 3 4 6 7 8 9 10 11 12 15 16 17 22 47 16_323 .0000028727395459316552634015883933318324
.4023437500 -7646.1181640625 1 2 3 4 6 7 9 12 13 15 17 19 20 21 22 26 16_324 .0000028366341977045957070019773792417674
.4028320313 -7646.1176757812 1 2 4 6 7 10 13 16 17 18 19 20 21 22 24 27 16_325 .0000028009826310159437561181428717518383
.4033203125 -7646.1171875000 1 2 3 4 8 9 11 13 15 17 18 20 21 22 24 40 16_326 .0000027657791497838272246866180726691203
.4047851563 -7646.1157226562 1 4 5 6 10 11 13 14 15 16 17 19 20 21 22 27 16_327 .0000026628011983237893704413577693544400
.4057617187 -7646.1147460938 1 2 3 5 6 7 9 10 11 15 16 18 19 20 22 24 16_328 .0000025962882557714472118135226992816162
.4077148437 -7646.1127929688 1 3 4 5 7 14 16 17 18 19 20 21 22 23 24 30 16_329 .0000024682050513660747260245280511226314
.4086914063 -7646.1118164062 2 3 4 5 6 10 11 13 15 18 19 20 21 22 24 43 16_330 .0000024065528281019687709545414275591653
.4096679687 -7646.1108398438 1 4 7 8 9 10 11 14 15 16 17 18 21 22 30 34 16_331 .0000023464406011338107437294742331250768
.4135742187 -7646.1069335938 1 3 4 8 9 10 11 14 15 16 18 20 21 22 24 34 16_332 .0000021206364441275185188554022647111793
.4140625000 -7646.1064453125 1 2 3 4 6 7 9 11 12 13 20 21 22 24 34 42 16_333 .0000020939837260324688551411270720427413
.4150390625 -7646.1054687500 1 2 4 6 7 8 10 11 17 18 19 20 21 22 24 27 16_334 .0000020416790202042022538390486836002343
.4160156250 -7646.1044921875 1 2 3 4 6 8 9 10 14 17 19 20 22 23 24 30 16_335 .0000019906808108007980708458411237704241
.4199218750 -7646.1005859375 1 3 7 8 9 11 12 14 15 16 17 18 22 23 27 28 16_336 .0000017991123551005880841127151946916744
.4213867187 -7646.0991210938 1 3 4 5 9 10 11 13 14 16 18 19 20 21 24 42 16_337 .0000017321262067742019809085120165713174
.4218750000 -7646.0986328125 1 7 8 9 11 13 14 15 17 18 19 20 21 22 24 30 16_338 .0000017103563878021460364310718561010938
.4223632813 -7646.0981445312 3 4 8 9 10 11 14 16 18 19 20 21 22 23 24 34 16_339 .0000016888601776561805959177079675985807
.4228515625 -7646.0976562500 1 2 3 5 6 7 8 9 10 11 12 13 14 15 19 20 16_340 .0000016676341418680815150871782886716914
.4233398437 -7646.0971679688 1 2 5 7 8 10 12 14 15 16 17 18 21 23 34 35 16_341 .0000016466748804413170320633546428949755
.4262695313 -7646.0942382812 1 2 3 4 6 7 8 9 10 12 13 15 17 18 19 20 16_342 .0000015263367161490450918036299768834021
.4272460937 -7646.0932617188 3 4 9 10 11 14 15 16 17 18 19 20 22 24 25 34 16_343 .0000014882110211551196303965475319127481
.4282226563 -7646.0922851562 1 4 6 7 10 11 14 15 16 17 18 20 21 22 34 35 16_344 .0000014510376436476159752043790144312887
.4291992187 -7646.0913085938 1 3 4 6 8 9 10 11 14 15 16 18 19 20 24 25 16_345 .0000014147928111404149916481312850597581
.4296875000 -7646.0908203125 1 7 8 9 10 11 13 14 15 16 17 18 21 27 30 46 16_346 .0000013970113219734954161878731231586145
.4306640625 -7646.0898437500 1 2 3 4 6 7 8 12 13 15 17 19 20 21 22 26 16_347 .0000013621159857174539957513175483570607
.4311523437 -7646.0893554688 1 2 3 6 7 8 9 11 12 14 15 17 18 22 27 28 16_348 .0000013449965562685902148063085589064384
.4331054687 -7646.0874023438 1 2 3 4 7 8 9 11 12 13 14 17 18 19 20 46 16_349 .0000012786435739068978327602184461340465
.4350585937 -7646.0854492188 4 5 9 10 11 13 14 16 18 19 20 21 22 24 36 39 16_350 .0000012155639964084160118617260379708236
.4375000000 -7646.0830078125 1 3 5 6 8 10 11 14 15 16 18 20 22 23 24 31 16_351 .0000011410724967268628652946725868808897
.4379882813 -7646.0825195312 1 2 4 7 9 10 11 12 15 17 18 20 22 24 25 38 16_352 .0000011267311966584354952340263718317019
.4418945313 -7646.0786132812 1 2 3 5 6 7 8 9 10 11 12 13 15 19 20 36 16_353 .0000010183028870258747103514342164408010
.4423828125 -7646.0781250000 3 4 5 6 9 10 11 12 13 14 15 18 19 20 23 24 16_354 .0000010055045903941590358399319038067063
.4433593750 -7646.0771484375 1 2 3 6 7 8 9 11 12 14 15 17 18 22 28 34 16_355 .0000009803885299607826295305671409651848
.4462890625 -7646.0742187500 1 2 4 7 8 9 10 11 12 15 17 18 24 29 37 46 16_356 .0000009087422362607537226598628065267859
.4467773437 -7646.0737304688 1 2 4 5 6 7 8 10 12 15 16 18 21 23 25 43 16_357 .0000008973209265015305309648342961591081
.4472656250 -7646.0732421875 1 2 4 7 8 9 10 11 12 14 15 17 21 24 28 34 16_358 .0000008860431604511249820091723493700924
.4477539063 -7646.0727539062 1 2 3 4 5 6 7 9 10 11 17 20 22 24 36 42 16_359 .0000008749071363386719555890055858980197
.4497070313 -7646.0708007812 1 6 7 8 9 10 11 12 14 15 17 21 22 23 28 30 16_360 .0000008317451687373171382648124873838362
.4501953125 -7646.0703125000 1 3 4 5 6 9 11 14 16 18 19 20 22 24 33 39 16_361 .0000008212915782318567450787698866800433
.4516601563 -7646.0688476562 1 4 5 6 7 8 10 11 12 15 16 18 21 23 25 43 16_362 .0000007907125190599382692377420471814343
.4541015625 -7646.0664062500 1 2 3 4 5 6 7 9 10 11 13 17 20 32 39 46 16_363 .0000007422565272745041812601762939087777
.4584960937 -7646.0620117188 1 2 3 4 5 6 8 14 18 19 21 22 23 24 35 42 16_364 .0000006623960955709583105741615910498420
.4609375000 -7646.0595703125 1 2 3 4 5 6 11 12 18 20 21 22 23 24 25 43 16_365 .0000006218035157577376588226434786710299
.4614257813 -7646.0590820312 2 6 7 9 11 12 13 15 16 20 21 22 23 25 29 33 16_366 .0000006139885251864423570687957559958303
.4619140625 -7646.0585937500 1 2 3 5 6 8 9 10 11 15 16 18 20 22 24 30 16_367 .0000006062717570480779897852620248100644
.4643554687 -7646.0561523438 1 3 5 6 8 10 11 14 15 16 18 20 22 23 24 30 16_368 .0000005691185584188357736499900122937991
.4667968750 -7646.0537109375 1 2 4 7 8 9 10 11 15 17 18 20 21 24 29 46 16_369 .0000005342421594480829321859835998427547
.4692382813 -7646.0512695312 1 2 3 4 6 7 11 12 13 20 21 22 23 24 34 42 16_370 .0000005015030360716219261015252863877040
.4697265625 -7646.0507812500 4 5 7 9 10 11 13 15 18 19 20 21 22 24 32 41 16_371 .0000004952000149380016553522418527233650
.4711914063 -7646.0493164062 1 2 3 4 5 6 7 10 11 12 13 14 20 22 23 33 16_372 .0000004767622871442689961177816294918166
.4726562500 -7646.0478515625 1 2 4 7 8 9 10 11 15 17 18 20 24 26 29 46 16_373 .0000004590110504343818459679958869873389
.4746093750 -7646.0458984375 4 5 7 9 10 11 13 15 18 19 20 21 22 24 32 33 16_374 .0000004363665670776435374315637996958005
.4755859375 -7646.0449218750 10 11 13 14 15 16 17 18 19 20 21 22 24 30 34 35 16_375 .0000004254667569976807639285105484394659
.4799804687 -7646.0405273438 3 5 6 9 11 12 13 14 16 17 18 19 21 22 23 36 16_376 .0000003796901856361512322856938058804999
.4804687500 -7646.0400390625 2 5 6 7 11 12 13 14 15 16 20 21 22 23 29 33 16_377 .0000003749181392492086859127532299160677
.4809570313 -7646.0395507812 1 2 3 4 5 6 7 9 10 11 13 14 20 22 23 33 16_378 .0000003702060691997660867402217750921107
.4814453125 -7646.0390625000 1 2 4 7 9 10 11 12 15 17 18 20 22 24 25 48 16_379 .0000003655532226362861236666166838242335
.4829101563 -7646.0375976562 1 7 8 9 10 11 12 15 16 17 21 22 23 24 28 34 16_380 .0000003519426196278564284593986053547709
.4853515625 -7646.0351562500 1 3 4 9 10 11 14 15 16 18 19 20 21 24 25 34 16_381 .0000003303750735544663301154298710072318
.4868164063 -7646.0336914062 1 3 4 5 7 9 11 14 18 19 20 21 22 24 27 46 16_382 .0000003180742547089857097064040848341960
.4926757813 -7646.0278320312 1 6 7 8 9 10 11 12 13 15 16 17 18 27 32 46 16_383 .0000002732835572560101145241633863377819
.4931640625 -7646.0273437500 1 2 3 7 9 11 12 13 14 15 18 20 21 22 24 25 16_384 .0000002698488581356451537159224837365370
.4970703125 -7646.0234375000 1 3 6 8 9 10 11 14 15 16 18 19 20 22 24 30 16_385 .0000002438805920303847877909593009849775
.4980468750 -7646.0224609375 1 3 6 8 9 10 11 14 15 16 18 19 20 22 24 33 16_386 .0000002377888051340548288731449953415883
.4985351563 -7646.0219726562 4 7 9 10 11 13 15 17 18 19 20 21 22 24 32 33 16_387 .0000002348002127202315565633760031203761
.4990234375 -7646.0214843750 2 3 7 9 11 12 13 15 16 18 20 21 22 23 25 29 16_388 .0000002318491823245894529318671845648329
.5009765625 -7646.0195312500 4 5 9 10 11 13 14 15 16 18 19 20 21 24 36 42 16_389 .0000002204113205444555063243890325022084
.5024414063 -7646.0180664062 2 7 9 11 12 13 15 16 18 20 21 22 23 25 29 33 16_390 .0000002122047700431098669937092829445694
.5078125000 -7646.0126953125 2 4 5 7 10 11 13 15 16 18 19 20 21 23 24 32 16_391 .0000001846430836123355599790021365168502
.5092773437 -7646.0112304688 1 2 3 5 6 7 8 9 10 11 12 13 15 20 28 39 16_392 .0000001777682884105619061527847708255379
.5107421875 -7646.0097656250 2 3 4 5 6 9 10 11 13 15 18 19 20 24 29 30 16_393 .0000001711494612433574444207011583220105
.5234375000 -7645.9970703125 1 2 3 4 5 6 9 10 11 12 14 20 22 24 33 46 16_394 .0000001231855219903136225233279353708221
.5249023437 -7645.9956054688 1 7 8 11 12 14 15 16 17 18 21 22 23 24 32 34 16_395 .0000001185989692804106921815556991101251
.5253906250 -7645.9951171875 3 4 5 11 13 16 17 18 19 20 21 22 23 24 34 36 16_396 .0000001171083861569584554540192884299406
.5307617187 -7645.9897460938 2 3 4 5 6 10 12 14 18 19 20 21 22 23 28 39 16_397 .0000001018980559791005107634013034160696
.5322265625 -7645.9882812500 2 3 4 5 6 9 10 11 13 15 18 19 20 24 30 32 16_398 .0000000981040968470750259661596919159704
.5366210937 -7645.9838867188 2 3 4 5 6 9 10 12 13 15 18 19 20 24 36 37 16_399 .0000000875489380330974296885426412850552
.5375976563 -7645.9829101562 1 2 3 4 5 6 7 10 11 12 13 17 19 20 32 39 16_400 .0000000853620910889326798147946367443976
.5390625000 -7645.9814453125 2 3 4 5 9 10 12 13 15 16 18 19 20 24 36 37 16_401 .0000000821838139352448385046721532642704
.5410156250 -7645.9794921875 1 2 3 4 5 6 8 14 16 18 19 21 23 24 35 42 16_402 .0000000781294235124243508006197839504995
.5429687500 -7645.9775390625 1 2 3 4 6 7 8 9 10 11 12 15 16 17 25 47 16_403 .0000000742750491379416850011799646443869
.5488281250 -7645.9716796875 2 6 7 8 9 10 11 12 13 15 16 17 18 25 26 45 16_404 .0000000638157579347405802356269477343072
.5502929687 -7645.9702148438 2 6 7 8 9 10 11 12 13 15 16 17 18 27 36 45 16_405 .0000000614397129843193034080973514078347
.5507812500 -7645.9697265625 1 2 3 4 5 6 8 14 16 18 19 21 23 24 34 35 16_406 .0000000606675224683322282172492524704823
.5576171875 -7645.9628906250 4 8 11 13 14 16 17 18 19 20 21 22 23 24 30 39 16_407 .0000000508224277954642400919481771909458
.5595703125 -7645.9609375000 1 2 4 7 8 10 11 12 14 15 17 21 24 32 34 37 16_408 .0000000483151948665961269573614888404169
.5615234375 -7645.9589843750 1 2 3 6 7 8 9 10 12 15 16 17 22 23 32 47 16_409 .0000000459316517579959390041272956697845
.5634765625 -7645.9570312500 1 2 4 7 8 10 11 12 14 15 17 18 24 29 37 46 16_410 .0000000436656964551831874070510729696137
.5654296875 -7645.9550781250 2 5 6 7 11 12 13 14 15 16 20 21 22 23 29 42 16_411 .0000000415115279755702217433448075952668
.5668945313 -7645.9536132812 1 4 5 6 7 8 10 11 12 15 16 21 23 24 25 43 16_412 .0000000399659338115407513758300577566084
.5712890625 -7645.9492187500 1 2 3 4 5 6 9 10 11 13 14 20 22 23 32 33 16_413 .0000000356659423525978524536426990262004
.5717773437 -7645.9487304688 1 2 4 7 8 10 11 12 14 15 17 21 24 32 37 46 16_414 .0000000352176834743269712021904111488743
.5727539063 -7645.9477539062 1 2 3 7 8 9 10 11 12 13 14 15 20 21 22 25 16_415 .0000000343379962363472488001958087567784
.5795898437 -7645.9409179688 1 2 5 7 8 10 12 14 15 16 17 18 19 23 34 47 16_416 .0000000287656437559989057016635491612797
.5800781250 -7645.9404296875 3 4 5 7 11 12 13 17 18 19 20 21 22 24 39 43 16_417 .0000000284041095590485669088456123943991
.5815429687 -7645.9389648438 2 4 7 9 10 11 12 13 15 17 18 20 25 26 33 40 16_418 .0000000273465425368405681007210012089237
.5830078125 -7645.9375000000 1 2 3 4 5 6 8 11 12 14 18 19 21 23 24 43 16_419 .0000000263283517206364855726925009505647
.5844726563 -7645.9360351562 5 6 10 12 13 14 15 17 18 19 20 21 23 24 28 43 16_420 .0000000253480710913163830924495913472882
.5878906250 -7645.9326171875 4 10 11 13 14 15 16 17 18 19 21 22 24 30 34 35 16_421 .0000000232003475577142213343115751399494
.5922851563 -7645.9282226562 1 2 3 4 5 8 9 14 17 19 21 22 24 35 42 44 16_422 .0000000207041892305631268769663797614983
.5981445313 -7645.9223632812 1 2 3 4 5 6 8 9 11 14 21 22 24 35 42 44 16_423 .0000000177886590922192689974955775733931
.5986328125 -7645.9218750000 1 2 3 7 8 9 10 11 13 14 15 20 21 22 24 25 16_424 .0000000175650865789294157746733599769145
.6059570313 -7645.9145507812 6 10 11 13 14 15 16 17 18 19 21 22 24 30 34 35 16_425 .0000000145296958761274482454780405266752
.6098632813 -7645.9106445312 1 2 4 7 8 10 11 12 14 15 17 21 24 28 34 47 16_426 .0000000131314649866340471405390403113210
.6118164063 -7645.9086914062 1 2 3 4 6 7 8 9 10 12 15 16 17 22 32 47 16_427 .0000000124836478152216672057543080834361
.6137695313 -7645.9067382812 2 3 4 5 7 8 10 11 12 13 15 18 20 23 36 38 16_428 .0000000118677895370480765383589402259375
.6142578125 -7645.9062500000 2 4 5 6 10 12 14 16 18 19 20 21 22 23 30 39 16_429 .0000000117186320586660541219032326174360
.6152343750 -7645.9052734375 2 3 4 5 7 8 10 11 12 13 15 18 20 23 26 48 16_430 .0000000114259174616430980353511723735843
.6162109375 -7645.9042968750 2 4 7 9 10 11 12 13 15 18 20 22 26 33 34 40 16_431 .0000000111405144548195243874569645527522
.6186523437 -7645.9018554688 1 2 4 6 7 8 10 11 13 17 18 19 21 23 24 30 16_432 .0000000104578078277004407484912052692305
.6220703125 -7645.8984375000 4 5 7 9 11 12 13 17 18 19 20 21 22 24 26 44 16_433 .0000000095717253905399815225602412952071
.6225585937 -7645.8979492188 2 4 5 6 11 12 13 14 15 20 21 22 23 29 33 42 16_434 .0000000094514254460085048888658418703668
.6323242187 -7645.8881835938 1 2 3 4 5 8 11 12 14 17 18 19 20 21 24 46 16_435 .0000000073390348965304368001417988892886
.6337890625 -7645.8867187500 1 2 3 4 5 6 8 11 12 14 18 19 21 24 39 46 16_436 .0000000070657814158982231904192532016223
.6342773437 -7645.8862304688 1 2 4 6 7 8 9 10 11 12 13 15 17 25 27 41 16_437 .0000000069769768297110570075008677619053
.6347656250 -7645.8857421875 2 3 5 6 7 8 9 10 11 12 13 15 20 21 28 39 16_438 .0000000068892883449106891139805237484685
.6411132813 -7645.8793945312 1 4 7 10 11 13 15 17 18 19 20 21 22 24 32 33 16_439 .0000000058447565651823664366764719153996
.6445312500 -7645.8759765625 3 4 6 9 11 12 13 14 15 18 19 20 22 24 37 45 16_440 .0000000053495346140525929593692008819160
.6494140625 -7645.8710937500 1 2 3 4 6 9 10 11 12 17 18 20 22 25 36 48 16_441 .0000000047139700819464132689407972381010
.6513671875 -7645.8691406250 1 3 4 5 11 14 15 18 19 20 21 22 24 27 40 46 16_442 .0000000044814148592262192588625700454498
.6562500000 -7645.8642578125 1 2 4 7 8 10 11 15 17 18 21 23 24 28 30 46 16_443 .0000000039489894159557270683212994446958
.6567382813 -7645.8637695312 2 4 6 7 9 10 11 12 13 17 19 21 22 24 30 43 16_444 .0000000038993574755280005426031104115965
.6591796875 -7645.8613281250 3 4 5 7 9 11 12 13 14 15 18 19 20 24 37 45 16_445 .0000000036603992837097007028449891075838
.6606445313 -7645.8598632812 1 2 4 6 7 8 9 10 11 12 13 17 20 27 30 41 16_446 .0000000035241120390135084991808877212443
.6611328125 -7645.8593750000 1 2 4 6 7 8 9 10 11 12 13 17 25 27 30 41 16_447 .0000000034798200785238107007477689371573
.6625976563 -7645.8579101562 1 2 4 7 8 10 11 12 15 17 18 21 24 28 32 46 16_448 .0000000033502563195505397329209153071324
.6635742187 -7645.8569335938 1 2 3 4 5 6 8 14 18 19 21 23 24 27 30 43 16_449 .0000000032665717372174090022983947303185
.6645507813 -7645.8559570312 1 2 3 4 5 6 9 10 11 12 13 19 22 26 32 38 16_450 .0000000031849774588410308864379813055825
.6699218750 -7645.8505859375 2 4 6 7 8 9 10 11 12 13 17 19 21 24 30 40 16_451 .0000000027713046182548956465871752237726
.6757812500 -7645.8447265625 1 2 3 4 5 6 8 9 10 11 12 19 22 25 26 32 16_452 .0000000023810540246636049648284992687136
.6845703125 -7645.8359375000 2 4 6 7 9 10 11 12 13 18 20 21 25 26 33 40 16_453 .0000000018962549401875644938779809584466
.6855468750 -7645.8349609375 2 5 6 11 12 13 14 15 20 21 22 23 24 28 29 33 16_454 .0000000018488892154262585269870698190792
.6879882813 -7645.8325195312 2 4 6 7 8 11 12 13 16 17 21 22 24 27 30 42 16_455 .0000000017355866408114394826044769090961
.6884765625 -7645.8320312500 2 4 6 7 9 10 11 12 13 17 21 22 24 27 42 43 16_456 .0000000017137733346309735961529704409807
.6909179687 -7645.8295898438 1 2 3 4 5 6 8 9 10 11 12 19 25 26 32 39 16_457 .0000000016087508585435808587492063206534
.6962890625 -7645.8242187500 2 3 4 5 7 8 10 11 12 13 15 18 20 26 33 48 16_458 .0000000013998022686092358335923350640572
.7021484375 -7645.8183593750 2 3 4 7 8 10 11 12 13 15 16 17 18 20 38 43 16_459 .0000000012026843976120082311347301465820
.7036132813 -7645.8168945312 1 2 4 6 9 10 11 12 13 15 17 18 20 36 46 48 16_460 .0000000011579049814649473420125839813334
.7041015625 -7645.8164062500 5 6 12 13 14 15 16 17 18 19 20 21 23 28 33 43 16_461 .0000000011433521292507975403750092028058
.7060546875 -7645.8144531250 4 7 8 9 11 12 13 14 15 16 17 19 22 23 30 45 16_462 .0000000010869469114739932789747526101999
.7138671875 -7645.8066406250 2 5 6 12 14 16 17 18 19 20 21 22 23 27 30 33 16_463 .0000000008878132958386381770019775453136
.7177734375 -7645.8027343750 2 5 6 11 12 13 14 15 20 21 22 23 24 29 33 42 16_464 .0000000008023766848505088908639097907251
.7192382813 -7645.8012695312 1 2 4 5 6 7 10 11 12 13 19 20 22 32 39 45 16_465 .0000000007725018818274042028540422013226
.7226562500 -7645.7978515625 2 3 4 6 7 8 11 12 13 15 16 17 18 20 36 43 16_466 .0000000007070483620950469177781994889169
.7236328125 -7645.7968750000 4 7 8 9 11 12 13 14 16 17 19 22 23 30 33 45 16_467 .0000000006893873095634640048611742885777
.7241210937 -7645.7963867188 4 7 8 9 11 12 13 14 15 16 17 19 22 23 24 45 16_468 .0000000006807229098113405253701876085538
.7246093750 -7645.7958984375 1 2 3 4 6 9 10 11 12 17 18 20 22 36 46 48 16_469 .0000000006721674047570509884351846447361
.7299804687 -7645.7905273438 1 2 4 6 7 11 12 13 16 17 21 22 24 27 30 42 16_470 .0000000005848646205871306695017920322782
.7363281250 -7645.7841796875 2 4 6 7 8 9 10 11 12 13 18 20 22 30 33 41 16_471 .0000000004961893246121404605097236319410
.7407226563 -7645.7797851562 1 2 3 4 5 6 8 9 10 11 12 19 26 33 39 42 16_472 .0000000004428036108251828724413969636862
.7465820313 -7645.7739257812 2 4 6 7 8 9 10 11 12 13 18 20 22 25 26 33 16_473 .0000000003804487290014336449166034880277
.7475585937 -7645.7729492188 4 5 11 12 13 14 17 18 19 21 22 23 24 26 27 44 16_474 .0000000003709456671611005853419066880493
.7543945313 -7645.7661132812 1 2 4 7 8 10 11 12 14 15 18 21 24 28 32 46 16_475 .0000000003107487922610149021054706860895
.7583007813 -7645.7622070312 1 2 4 6 9 10 11 12 15 17 18 20 22 36 46 48 16_476 .0000000002808446178091595170005838129737
.7744140625 -7645.7460937500 1 2 4 5 6 12 16 17 19 21 22 23 27 30 33 36 16_477 .0000000001850119632233415769573676311453
.7749023437 -7645.7456054688 2 4 6 11 12 13 14 15 20 21 22 23 24 27 29 46 16_478 .0000000001826866845504468482996945475328
.7792968750 -7645.7412109375 1 2 4 7 8 9 10 12 17 19 22 23 24 30 40 45 16_479 .0000000001630311648317952168128237085394
.7822265625 -7645.7382812500 1 2 3 4 5 6 8 9 10 11 12 19 26 32 39 42 16_480 .0000000001511169304636474490437489159015
.7944335937 -7645.7260742188 1 2 4 5 6 8 11 14 17 21 22 23 24 35 42 43 16_481 .0000000001101514386804243126735310250128
.8041992187 -7645.7163085938 4 5 11 12 13 14 17 18 19 21 22 23 24 26 27 32 16_482 .0000000000855326275382164352916489289223
.8120117187 -7645.7084960938 1 2 4 5 6 8 9 11 14 17 21 22 23 24 35 42 16_483 .0000000000698626613267298449980256447006
.8227539063 -7645.6977539062 1 2 4 6 8 9 10 12 17 19 22 23 24 30 40 45 16_484 .0000000000528933322488844321518189712999
.8325195313 -7645.6879882812 4 5 6 7 12 13 14 15 16 17 18 20 21 23 39 43 16_485 .0000000000410716894912691738314139866961
.8793945313 -7645.6411132812 1 3 8 9 11 12 13 14 15 16 20 21 22 24 25 47 16_486 .0000000000121961410713395893893389463854
.8837890625 -7645.6367187500 2 5 7 9 10 11 12 13 16 17 19 21 22 27 42 44 16_487 .0000000000108839409689694264250595234360
.8891601563 -7645.6313476562 2 3 4 7 12 13 14 17 18 20 21 22 23 28 38 39 16_488 .0000000000094703074617564739901924005338
.8906250000 -7645.6298828125 4 5 6 7 8 10 11 12 15 16 21 23 24 25 29 43 16_489 .0000000000091177005672892119923756124806
.8950195313 -7645.6254882812 2 3 4 6 7 8 15 16 17 18 20 21 22 38 39 47 16_490 .0000000000081367142204729687785445786513
.9028320313 -7645.6176757812 2 3 4 7 12 13 14 16 17 18 20 22 23 38 39 45 16_491 .0000000000066460311843372522700171069410
.9277343750 -7645.5927734375 1 2 4 6 7 8 15 17 18 20 21 22 31 38 41 47 16_492 .0000000000034867720566419395414243058041
.9423828125 -7645.5781250000 1 2 4 6 7 8 9 10 19 22 23 24 30 32 40 45 16_493 .0000000000023858108899911267326586233963
.9448242187 -7645.5756835938 2 4 5 6 7 8 9 12 13 16 17 20 21 43 45 47 16_494 .0000000000022396049932836207027664992973
.9799804687 -7645.5405273438 1 2 8 9 11 12 13 14 15 16 20 21 22 24 25 39 16_495 .0000000000009009098400618741493886028112
1.0117187500 -7645.5087890625 1 8 9 10 11 13 14 15 16 21 22 24 28 32 39 44 16_496 .0000000000003959511961894023171497671036
1.0322265625 -7645.4882812500 4 5 6 7 8 10 11 12 15 16 21 23 24 25 26 43 16_497 .0000000000002327764834158984828195241969
1.0693359375 -7645.4511718750 2 4 5 7 8 10 11 12 15 16 23 24 25 26 33 45 16_498 .0000000000000890178978601004151016302010
1.0966796875 -7645.4238281250 1 3 4 5 8 10 14 16 19 22 23 24 30 33 40 46 16_499 .0000000000000438403412288661601423625156
1.1279296875 -7645.3925781250 1 2 3 4 5 6 7 8 12 16 23 26 33 39 40 47 16_500 .0000000000000195131405732766588384048861
1.1870117187 -7645.3334960938 2 3 5 6 11 12 17 18 21 22 23 24 26 39 42 43 16_501 .0000000000000042236127742768710950279160
1.2128906250 -7645.3076171875 1 2 4 6 7 8 17 18 20 21 22 31 38 41 46 47 16_502 .0000000000000021605257148158057072582523
1.2231445313 -7645.2973632812 1 4 7 8 11 12 14 17 18 20 22 24 40 41 46 47 16_503 .0000000000000016565637779875680340606189
1.3481445313 -7645.1723632812 2 3 4 6 8 9 11 12 17 21 25 26 37 39 44 48 16_504 .0000000000000000650161353259177770577167
1.5615234375 -7644.9589843750 3 6 8 10 11 14 17 18 21 24 25 27 28 34 42 44 16_505 .0000000000000000002585925336967097988097
1.6660156250 -7644.8544921875 3 4 5 7 8 12 16 18 20 23 29 30 36 43 45 47 16_506 .0000000000000000000172636064685856099024
