0 -7678.2124023438 7 8 9 10 11 12 14 15 16 17 18 11_1 .1933953923615196032601409364884042254530
.0004882813 -7678.2119140625 7 8 9 10 11 12 13 15 16 17 18 11_2 .1909647480670828945770724598776943696117
.0180664063 -7678.1943359375 2 3 4 5 6 19 20 21 22 23 24 11_3 .1211178508368031441464679677182766329348
.0346679688 -7678.1777343750 1 7 8 9 10 11 12 14 15 16 17 11_4 .0787859803920909671842106743182441930439
.0541992188 -7678.1582031250 1 2 3 4 5 6 19 20 21 23 24 11_5 .0475042234708686831728050970347518351177
.0566406250 -7678.1557617188 2 7 11 13 15 17 18 20 21 22 24 11_6 .0445930968517853318191031369378712800936
.0698242188 -7678.1425781250 7 8 9 10 11 12 13 14 15 17 18 11_7 .0316926713447311591667539704577287381374
.0708007813 -7678.1416015625 1 2 3 4 5 6 11 20 21 22 24 11_8 .0309010339356196070719844337216039332179
.0751953126 -7678.1372070312 7 8 9 10 11 12 13 14 16 17 18 11_9 .0275763478297716765928788063905509359299
.0878906250 -7678.1245117188 4 11 13 15 17 18 19 20 21 22 24 11_10 .0198481887475293418852196607259444560159
.0888671876 -7678.1235351562 4 7 11 13 15 16 17 18 20 21 22 11_11 .0193524094510022875532246053020161839917
.0947265626 -7678.1176757812 7 9 11 13 15 16 17 18 20 21 22 11_12 .0166272347351202562229932507657284221569
.0971679688 -7678.1152343750 1 7 8 9 10 11 14 15 16 17 18 11_13 .0156082940577962920015890308177141331776
.1010742188 -7678.1113281250 2 7 12 13 15 16 17 20 21 22 23 11_14 .0141062668254325162998607821024294106303
.1015625000 -7678.1108398438 2 7 13 15 16 17 18 20 21 22 24 11_15 .0139289755798726594372816747980450432452
.1020507813 -7678.1103515625 2 4 13 15 17 18 19 20 21 22 24 11_16 .0137539125413630500394408805913625165159
.1088867188 -7678.1035156250 2 7 13 15 17 18 20 21 22 23 24 11_17 .0115219346134239728508279278355588880422
.1191406250 -7678.0932617188 4 13 14 15 17 18 19 20 21 22 24 11_18 .0088343403883100833870950929436034014582
.1230468750 -7678.0893554688 2 4 7 11 13 15 18 20 21 22 24 11_19 .0079841885527489839903323759701928284535
.1250000000 -7678.0874023438 7 11 13 14 15 16 17 18 20 21 22 11_20 .0075903029924151136972707930652070479628
.1284179688 -7678.0839843750 2 6 7 13 15 16 17 20 21 22 23 11_21 .0069471821505412766366194978585868850189
.1293945313 -7678.0830078125 1 2 3 4 5 7 8 9 10 11 12 11_22 .0067736515188548813468815640085163093875
.1352539063 -7678.0771484375 6 7 12 13 15 16 17 20 21 22 23 11_23 .0058197969665255741186718128019857244922
.1357421876 -7678.0766601562 2 3 4 7 11 13 18 20 21 22 24 11_24 .0057466522234232038558960213733632171008
.1396484376 -7678.0727539062 2 3 4 7 11 13 17 18 20 22 24 11_25 .0051936367495640332707670216301546013009
.1464843750 -7678.0659179688 7 11 13 15 16 17 18 20 21 22 23 11_26 .0043508160321213761793696067668366839574
.1489257813 -7678.0634765625 5 7 8 9 10 11 12 14 15 16 18 11_27 .0040841918049898807390751734830377245641
.1538085938 -7678.0585937500 7 8 9 10 11 12 14 15 16 17 22 11_28 .0035989594173441379105529123306367336044
.1572265626 -7678.0551757812 2 3 4 6 7 11 13 17 18 20 22 11_29 .0032940222082939787616721501084713399694
.1611328126 -7678.0512695312 2 4 7 13 15 17 18 19 20 21 22 11_30 .0029770297783366989617217145698717739111
.1616210938 -7678.0507812500 1 2 3 4 6 7 11 13 17 20 22 11_31 .0029396136905792695702791703798745125254
.1630859376 -7678.0493164062 1 2 3 4 5 7 8 9 10 11 18 11_32 .0028301633767451389832261434423876563320
.1738281250 -7678.0385742188 2 3 4 6 13 18 19 20 21 22 24 11_33 .0021427293168839999550644179113594956357
.1743164063 -7678.0380859375 11 13 14 15 16 17 18 20 21 22 24 11_34 .0021157989297376997062350675878714743505
.1787109376 -7678.0336914062 1 3 5 7 8 9 10 11 12 14 16 11_35 .0018881571194629198687545137188690791464
.1811523438 -7678.0312500000 1 7 8 9 10 11 12 14 15 17 22 11_36 .0017724481561356695257247642678987256248
.1865234376 -7678.0258789062 2 3 4 7 13 15 18 20 21 22 24 11_37 .0015422381512803743965690845080811183762
.1870117188 -7678.0253906250 1 2 3 4 6 7 9 11 13 20 22 11_38 .0015228548994126680758230638925565460722
.1899414063 -7678.0224609375 1 2 6 7 15 16 17 20 21 22 23 11_39 .0014115654401304256822031319533953305238
.1928710938 -7678.0195312500 1 7 8 9 10 11 12 14 15 17 25 11_40 .0013084089577668054400752537088777803757
.1938476563 -7678.0185546875 2 4 13 14 17 18 19 20 21 22 24 11_41 .0012757267813065665580443942028041668834
.1943359376 -7678.0180664062 2 3 4 7 9 11 13 17 20 22 24 11_42 .0012596931106778143146240798336006748884
.1972656250 -7678.0151367188 7 8 9 10 11 14 15 16 17 18 22 11_43 .0011676353837091661131081477268739819637
.2050781250 -7678.0073242188 1 2 4 5 6 17 20 21 22 23 24 11_44 .0009537192731362306366428298290615925573
.2065429688 -7678.0058593750 1 2 3 4 5 6 7 8 9 11 12 11_45 .0009182095481376885156660357014899516749
.2099609376 -7678.0024414062 2 6 13 15 16 17 20 21 22 23 24 11_46 .0008404103221772750726259029565860690515
.2124023438 -7678.0000000000 1 5 7 8 9 10 11 12 14 15 17 11_47 .0007889087780810330061287550252440724203
.2182617188 -7677.9941406250 2 6 13 15 17 18 20 21 22 23 24 11_48 .0006778159314457282404521651624479092723
.2202148438 -7677.9921875000 4 6 13 15 17 18 19 20 21 22 24 11_49 .0006443771034174495146990396233091145041
.2226562500 -7677.9897460938 1 2 3 4 5 6 20 21 23 24 37 11_50 .0006048887547733187365056374230653754324
.2260742188 -7677.9863281250 5 7 8 9 10 11 12 14 15 16 17 11_51 .0005536369713335044534819171775005322883
.2270507813 -7677.9853515625 1 3 5 7 8 9 10 11 12 15 16 11_52 .0005398079149940272449421833469712984025
.2368164063 -7677.9755859375 4 13 14 15 16 17 18 20 21 22 24 11_53 .0004191610194880795177187532125845661006
.2441406250 -7677.9682617188 2 3 4 13 15 18 19 20 21 22 24 11_54 .0003467265660603499428594902177627667903
.2475585938 -7677.9648437500 1 2 4 5 6 16 20 21 22 23 24 11_55 .0003173486767603332260700837415054318344
.2490234376 -7677.9633789062 7 8 9 10 11 12 14 15 16 17 20 11_56 .0003055328683166666035539106355469100580
.2504882813 -7677.9619140625 2 3 4 13 17 18 19 20 21 22 24 11_57 .0002941569973336105480049505981837582321
.2553710938 -7677.9570312500 2 4 7 12 13 15 17 19 20 21 22 11_58 .0002592089564545059729030698635714622606
.2563476563 -7677.9560546875 6 7 12 13 15 16 17 18 21 22 23 11_59 .0002527342890314246355534508639521310956
.2573242188 -7677.9550781250 1 2 6 13 15 16 17 20 21 22 23 11_60 .0002464213495008240056697698938370992930
.2578125000 -7677.9545898438 11 13 14 15 16 17 18 20 21 22 23 11_61 .0002433242616230606868757566742434700965
.2651367188 -7677.9472656250 6 13 15 16 17 18 20 21 22 23 24 11_62 .0002012758379971403429268861969368857560
.2656250000 -7677.9467773438 11 13 15 16 17 18 20 21 22 23 24 11_63 .0001987461506984937113776436279459067002
.2734375000 -7677.9389648438 1 2 3 4 9 11 13 17 20 22 24 11_64 .0001623349523553010829466448995862666054
.2797851563 -7677.9326171875 1 2 7 13 15 16 17 20 21 22 23 11_65 .0001377222480806923984125640734349896495
.2802734376 -7677.9321289062 1 2 3 4 5 6 9 10 11 12 20 11_66 .0001359913185459878333074059939624806097
.2817382813 -7677.9306640625 1 2 3 4 5 6 9 10 11 20 36 11_67 .0001309279690506679316701186608135600330
.2841796876 -7677.9282226562 1 2 3 4 7 8 9 11 18 20 22 11_68 .0001229045159098533498862054918283899868
.2856445313 -7677.9267578125 1 2 3 4 6 11 20 21 22 24 34 11_69 .0001183284258677949054386205393388612277
.2885742188 -7677.9238281250 1 2 3 4 5 6 9 10 11 20 25 11_70 .0001096810448614858462991372349495260450
.2915039063 -7677.9208984375 2 6 13 15 18 19 20 21 22 23 24 11_71 .0001016656100483241648026544857254807873
.2949218750 -7677.9174804688 1 2 3 5 7 8 9 10 11 12 23 11_72 .0000930515572285966963423020171990196871
.2963867188 -7677.9160156250 1 2 3 4 5 6 9 10 11 20 46 11_73 .0000895869788133908717385446988741575273
.2978515626 -7677.9145507812 1 2 3 4 5 6 7 9 11 12 34 11_74 .0000862513966659812107446586215467022591
.2993164063 -7677.9130859375 1 2 4 6 17 20 21 22 23 24 34 11_75 .0000830400080975877966610482995963085009
.3027343750 -7677.9096679688 1 2 3 4 5 6 7 10 11 18 20 11_76 .0000760040889154453489280292285681055051
.3071289063 -7677.9052734375 1 2 3 4 6 7 8 9 11 20 22 11_77 .0000678267010995141637220463987121343696
.3095703126 -7677.9028320312 1 2 3 4 5 6 9 10 11 12 34 11_78 .0000636701838792906785928395161832328720
.3115234376 -7677.9008789062 1 2 3 4 5 6 9 10 11 20 26 11_79 .0000605291300466854531572778347557010125
.3144531250 -7677.8979492188 1 2 3 4 5 7 8 9 11 18 20 11_80 .0000561056922424655823742783046034300367
.3164062500 -7677.8959960938 1 2 3 4 6 17 20 21 22 23 24 11_81 .0000533378189788470276350271541352573248
.3168945313 -7677.8955078125 1 2 3 4 5 6 9 10 11 12 37 11_82 .0000526674552033942863568777196460181410
.3188476563 -7677.8935546875 1 2 3 4 5 6 11 17 18 20 22 11_83 .0000500692011708031581892401162516617675
.3212890626 -7677.8911132812 1 2 4 6 16 17 20 21 22 23 24 11_84 .0000470008889354205662510787499995186487
.3222656250 -7677.8901367188 1 2 4 6 13 17 20 21 22 23 24 11_85 .0000458268743572242900754814553792376817
.3232421876 -7677.8891601562 1 2 3 4 6 11 17 20 21 22 24 11_86 .0000446821847424761181353555576317153621
.3247070313 -7677.8876953125 1 3 5 7 8 9 10 11 12 16 24 11_87 .0000430185379745458582958576077871883877
.3256835938 -7677.8867187500 6 7 9 10 11 12 13 15 17 20 25 11_88 .0000419439966846839676773177946804415590
.3300781250 -7677.8823242188 5 7 9 10 11 12 13 15 16 17 20 11_89 .0000374311826378872163703635090237141066
.3325195313 -7677.8798828125 1 3 7 8 9 10 14 16 18 23 28 11_90 .0000351373462477104430393734444967309221
.3334960938 -7677.8789062500 1 2 5 15 16 17 20 21 22 23 24 11_91 .0000342596658072064155859737082127928172
.3339843750 -7677.8784179688 13 15 16 17 18 20 21 22 23 24 43 11_92 .0000338290813798316817594887414315229534
.3359375000 -7677.8764648438 1 2 3 4 5 6 11 17 20 21 22 11_93 .0000321601845862699453670223711820200028
.3369140626 -7677.8754882812 1 2 3 4 6 7 9 11 12 20 22 11_94 .0000313568692866637862484643035972802935
.3437500000 -7677.8686523438 1 2 3 4 5 7 8 9 11 12 36 11_95 .0000262682925641658099377823024166774920
.3452148438 -7677.8671875000 11 13 14 15 16 17 18 20 21 22 26 11_96 .0000252902481108253591424206085458149151
.3457031250 -7677.8666992188 1 3 4 5 7 8 9 10 11 12 36 11_97 .0000249723936675787443433688099194390221
.3491210938 -7677.8632812500 1 4 5 7 8 9 10 11 12 14 19 11_98 .0000228565009482568773137437405402770066
.3515625000 -7677.8608398438 1 2 3 4 5 6 7 10 18 20 23 11_99 .0000214558219460966150524752498171230957
.3525390626 -7677.8598632812 9 11 13 14 15 16 17 18 20 22 29 11_100 .0000209198862772981395507234254496794406
.3554687500 -7677.8569335938 1 2 3 5 7 8 9 10 11 24 30 11_101 .0000193910717090463294168043616141465164
.3559570313 -7677.8564453125 1 3 5 7 8 9 10 11 14 16 32 11_102 .0000191473596058929107700652219668265740
.3588867188 -7677.8535156250 1 2 3 4 7 8 9 11 20 22 41 11_103 .0000177480803324412422976835673863770860
.3603515626 -7677.8520507812 1 2 3 5 7 8 9 10 11 12 16 11_104 .0000170872680057860802658803048033366028
.3608398438 -7677.8515625000 1 2 3 4 5 6 9 10 11 20 32 11_105 .0000168725107588510450908340554557351399
.3652343750 -7677.8471679688 3 7 8 9 10 11 12 14 16 18 34 11_106 .0000150571734143991732559641314660889665
.3676757813 -7677.8447265625 2 3 5 7 13 15 16 18 20 21 23 11_107 .0000141344482992116131864427369168425874
.3686523438 -7677.8437500000 4 5 11 14 15 17 18 19 20 22 24 11_108 .0000137813900824049925898789106363459114
.3740234376 -7677.8383789062 1 3 5 7 8 9 10 11 12 16 48 11_109 .0000119914286289201289893034614209426437
.3764648438 -7677.8359375000 1 3 4 5 7 9 10 11 12 14 19 11_110 .0000112565767666663492815878969586727013
.3789062500 -7677.8334960938 1 2 4 6 11 17 20 21 22 24 35 11_111 .0000105667576754166428065967501791747795
.3828125000 -7677.8295898438 9 11 13 14 15 16 17 18 20 22 45 11_112 .0000095498907630241925404431290096666280
.3842773438 -7677.8281250000 1 2 5 7 15 16 17 20 21 22 23 11_113 .0000091943207286198787588101832070985382
.3906250000 -7677.8217773438 1 2 3 4 6 7 8 9 11 12 41 11_114 .0000078003073597420456367264480885697977
.3925781250 -7677.8198242188 2 13 15 16 18 19 20 21 22 23 24 11_115 .0000074154932468400450734114074651013514
.3930664063 -7677.8193359375 1 2 3 5 7 8 9 10 11 23 24 11_116 .0000073222933720613734201351972705781108
.3935546876 -7677.8188476562 1 2 3 5 7 8 9 11 18 20 24 11_117 .0000072302648578880750538304936056592887
.3969726563 -7677.8154296875 3 4 5 7 8 9 10 11 12 14 19 11_118 .0000066176498019526108784379712875736648
.3979492188 -7677.8144531250 1 3 7 8 9 10 14 16 18 23 46 11_119 .0000064523504150173320107559636054484377
.4008789063 -7677.8115234375 1 3 4 5 7 8 9 10 11 12 31 11_120 .0000059808159378561931310791909661505512
.4013671876 -7677.8110351562 2 3 7 13 15 16 18 20 21 23 34 11_121 .0000059056474658573803956452775756557282
.4111328126 -7677.8012695312 1 2 4 5 6 11 17 20 21 22 47 11_122 .0000045857371553237827701178166092057573
.4125976563 -7677.7998046875 1 3 7 8 9 10 14 16 18 23 34 11_123 .0000044149969186723790017755648527631515
.4135742188 -7677.7988281250 1 3 7 8 9 10 16 18 19 23 24 11_124 .0000043047166370288331276113172398563155
.4184570313 -7677.7939453125 1 2 3 4 5 6 7 8 9 12 16 11_125 .0000037932842578315910673286339012138503
.4189453126 -7677.7934570312 7 9 10 12 13 15 16 17 20 25 31 11_126 .0000037456092608945415235867894924294113
.4213867188 -7677.7910156250 1 2 4 5 6 11 17 20 21 22 38 11_127 .0000035160729791203133577238151992234213
.4223632813 -7677.7900390625 1 3 4 5 7 8 9 10 11 14 19 11_128 .0000034282465263369103306191165593244584
.4228515626 -7677.7895507812 1 2 3 5 7 8 9 10 23 24 32 11_129 .0000033851594198789320391294004422347422
.4272460938 -7677.7851562500 1 2 3 5 7 8 9 10 23 24 30 11_130 .0000030209453204091430469527056892934237
.4277343750 -7677.7846679688 1 2 3 5 6 7 8 9 11 20 23 11_131 .0000029829772906496367746374539311165318
.4282226563 -7677.7841796875 2 5 7 13 15 16 18 20 21 23 33 11_132 .0000029454864453744911509304015348942604
.4326171876 -7677.7797851562 1 3 7 8 9 10 14 16 18 23 31 11_133 .0000026285773775322076113599572643850893
.4370117188 -7677.7753906250 1 2 3 5 6 8 9 10 11 20 23 11_134 .0000023457650122348615643376681661665767
.4384765626 -7677.7739257812 5 7 9 10 11 12 13 15 17 18 20 11_135 .0000022584254010495443550438596014464634
.4394531250 -7677.7729492188 7 11 13 15 17 18 20 21 22 24 42 11_136 .0000022020131840754355099456717173064248
.4443359376 -7677.7680664062 4 11 14 15 17 18 19 20 22 24 29 11_137 .0000019403976218095180225790626689478035
.4531250000 -7677.7592773438 2 7 13 15 16 18 20 21 23 33 34 11_138 .0000015453192358099847275890533298036153
.4550781250 -7677.7573242188 7 11 12 13 14 15 16 17 20 22 23 11_139 .0000014690836948942890689889233899116601
.4555664063 -7677.7568359375 1 2 3 4 5 6 7 8 9 12 41 11_140 .0000014506198635824770207787431989869098
.4560546876 -7677.7563476562 1 3 7 8 9 10 11 14 16 23 32 11_141 .0000014323880905719692982694480904890538
.4565429688 -7677.7558593750 4 7 10 11 13 15 17 20 21 22 24 11_142 .0000014143854629565071136817652695256735
.4599609376 -7677.7524414062 1 7 8 10 11 12 14 15 17 27 37 11_143 .0000012945456132720245217029873305897347
.4604492188 -7677.7519531250 2 4 13 14 17 19 20 21 22 24 39 11_144 .0000012782754259112371735308783886457012
.4628906250 -7677.7495117188 7 11 12 13 14 15 16 17 20 22 29 11_145 .0000011999408832747850855539513096782605
.4653320313 -7677.7470703125 1 2 3 5 7 8 9 10 11 15 42 11_146 .0000011264067903035798462462816288819578
.4672851563 -7677.7451171875 6 7 12 15 16 17 18 21 22 23 34 11_147 .0000010708375403001035500465494675106846
.4682617188 -7677.7441406250 1 6 7 10 12 15 16 17 22 23 34 11_148 .0000010440895566176396199051083778400144
.4702148438 -7677.7421875000 1 2 15 16 17 20 21 22 23 24 26 11_149 .0000009925812790600554188857593455969235
.4721679688 -7677.7402343750 1 3 4 7 8 9 10 11 12 22 36 11_150 .0000009436140695939325866597531392620745
.4726562500 -7677.7397460938 2 4 12 13 17 19 20 21 22 24 39 11_151 .0000009317544815259900039790004710007922
.4731445313 -7677.7392578125 1 3 5 7 8 9 10 16 23 24 30 11_152 .0000009200439454750411119736504155127082
.4741210938 -7677.7382812500 1 2 3 4 7 8 9 11 12 26 41 11_153 .0000008970625692022039261250177543242247
.4785156250 -7677.7338867188 2 3 7 13 15 18 20 21 22 24 47 11_154 .0000008005463360548383005466251408445416
.4809570313 -7677.7314453125 2 3 7 13 15 18 20 21 22 24 28 11_155 .0000007514877119811608189624828279224103
.4814453126 -7677.7309570312 1 3 7 8 9 10 14 16 18 28 46 11_156 .0000007420428162307398873995250352556183
.4829101563 -7677.7294921875 6 7 9 10 11 12 13 15 17 20 31 11_157 .0000007144144193651186072103546535112043
.4863281250 -7677.7260742188 1 2 3 7 8 9 10 11 12 22 38 11_158 .0000006538826078640523877518955477894348
.4868164063 -7677.7255859375 1 3 5 7 8 9 10 18 19 23 24 11_159 .0000006456644388031001730366261055607695
.4926757813 -7677.7197265625 1 2 3 4 7 8 9 11 12 25 26 11_160 .0000005547430262510708793979665884051293
.4936523438 -7677.7187500000 3 7 8 9 10 12 14 16 18 23 34 11_161 .0000005408863422484108087893822089023311
.4946289063 -7677.7177734375 1 2 3 7 8 9 10 18 19 23 24 11_162 .0000005273757783093902130228547275339432
.4995117188 -7677.7128906250 1 2 3 5 8 9 10 11 23 24 32 11_163 .0000004647196102560312698396673305544204
.5043945313 -7677.7080078125 1 2 7 8 9 10 11 12 17 23 36 11_164 .0000004095074613567481726423339304978422
.5073242188 -7677.7050781250 1 2 7 8 9 12 13 15 17 21 24 11_165 .0000003795808649594071510668238833167745
.5078125000 -7677.7045898438 1 2 7 8 12 13 15 16 17 21 24 11_166 .0000003748101935144284596713033603583224
.5102539063 -7677.7021484375 1 2 3 4 5 7 8 9 12 16 41 11_167 .0000003518412889620415259847425695988229
.5136718750 -7677.6987304688 1 2 3 5 7 9 10 18 19 23 24 11_168 .0000003220300337515586810786999798337342
.5209960938 -7677.6914062500 1 7 8 9 10 11 14 16 17 23 32 11_169 .0000002663806086217645058347003772668342
.5229492188 -7677.6894531250 2 3 5 7 15 16 18 20 21 23 46 11_170 .0000002532392011267053374711296030041500
.5249023438 -7677.6875000000 5 7 9 10 11 12 13 15 17 20 28 11_171 .0000002407461012988022655073381907831319
.5312500000 -7677.6811523438 3 5 7 8 9 10 11 12 13 14 16 11_172 .0000002042449509015696648093185642572458
.5336914063 -7677.6787109375 6 7 9 10 11 12 13 15 17 25 46 11_173 .0000001917285282862265830826387469156583
.5341796876 -7677.6782226562 8 11 14 15 16 17 18 20 21 24 34 11_174 .0000001893188335790822066460452033229684
.5351562500 -7677.6772460938 7 10 12 13 15 16 17 20 23 25 31 11_175 .0000001845899215184114464352570517029981
.5380859376 -7677.6743164062 1 2 3 5 7 8 9 11 20 21 23 11_176 .0000001711001837649412962459827965124047
.5419921876 -7677.6704101562 2 3 7 13 15 17 18 20 22 24 34 11_177 .0000001546347625904203708247925670218283
.5468750000 -7677.6655273438 1 2 3 5 7 8 10 18 19 23 24 11_178 .0000001362630021036702164965103704596478
.5483398438 -7677.6640625000 2 3 7 13 15 16 17 18 20 24 34 11_179 .0000001311895367051305201252416763469794
.5512695313 -7677.6611328125 1 2 3 7 8 9 11 12 22 29 38 11_180 .0000001216022722789315609008892842403489
.5556640626 -7677.6567382812 4 7 8 10 11 15 17 18 20 21 24 11_181 .0000001085189111872731832017148065310273
.5590820313 -7677.6533203125 1 2 3 5 7 8 9 12 15 16 20 11_182 .0000000993241831719476691562652938679778
.5605468750 -7677.6518554688 4 7 10 11 14 15 17 18 20 22 24 11_183 .0000000956260570112937161748341690183849
.5610351563 -7677.6513671875 1 2 3 5 6 7 8 9 12 16 20 11_184 .0000000944242035077754581367413158163430
.5649414063 -7677.6474609375 1 4 7 8 11 15 17 18 21 24 34 11_185 .0000000853375137941039370381101161644407
.5659179688 -7677.6464843750 5 7 9 10 11 12 13 15 17 20 31 11_186 .0000000832059052722108500850486265355734
.5664062500 -7677.6459960938 2 6 7 8 10 12 13 15 16 17 32 11_187 .0000000821601517240750968020296775140476
.5703125000 -7677.6420898438 1 2 3 7 8 9 11 20 22 38 41 11_188 .0000000742536640036532019260920741946770
.5717773438 -7677.6406250000 7 8 9 11 15 17 18 20 21 24 34 11_189 .0000000714889854832818961637988997565984
.5771484376 -7677.6352539062 1 2 4 7 8 15 17 18 21 24 34 11_190 .0000000622038170352030492688816350807815
.5791015626 -7677.6333007812 1 2 3 7 8 9 10 11 15 22 42 11_191 .0000000591351037694848122215246632201295
.5805664063 -7677.6318359375 2 6 7 8 10 12 15 16 17 23 32 11_192 .0000000569333330900891545207438614084750
.5815429688 -7677.6308593750 1 2 4 7 8 12 15 17 21 24 34 11_193 .0000000555112202044546003709394393789971
.5839843750 -7677.6284179688 1 2 3 5 8 9 12 16 23 36 41 11_194 .0000000521094133968118134771617007033676
.5893554688 -7677.6230468750 2 6 7 8 11 12 15 17 22 23 32 11_195 .0000000453413122991521741938670425346757
.5903320313 -7677.6220703125 2 13 15 18 19 20 21 22 23 24 46 11_196 .0000000442087514429280471189011917769314
.5922851563 -7677.6201171875 1 2 3 5 7 8 9 12 23 36 41 11_197 .0000000420277923236994451118828305627164
.5981445313 -7677.6142578125 7 10 12 13 14 15 16 17 20 23 31 11_198 .0000000361095071977636237648291499184401
.5986328126 -7677.6137695312 1 2 3 4 5 7 8 12 16 23 41 11_199 .0000000356556733883153841797744769278692
.5996093750 -7677.6127929688 2 13 15 18 19 20 21 22 23 24 27 11_200 .0000000347650459703785981451241098901436
.6030273438 -7677.6093750000 2 6 7 8 12 13 15 16 17 23 32 11_201 .0000000318194289568555937471952267001496
.6191406250 -7677.5932617188 2 3 5 6 7 8 10 16 18 20 23 11_202 .0000000209616800417155734543803604548978
.6274414063 -7677.5849609375 2 3 5 6 7 15 16 18 20 23 46 11_203 .0000000169062186296450963465417099963294
.6293945313 -7677.5830078125 4 7 10 11 12 13 14 15 17 28 37 11_204 .0000000160721807867171611255461971109857
.6298828126 -7677.5825195312 14 15 17 18 19 20 22 23 24 29 34 11_205 .0000000158701813799507237215251802784622
.6328125000 -7677.5795898438 1 2 3 5 8 9 11 23 24 30 38 11_206 .0000000147103966577557205411928828732421
.6337890626 -7677.5786132812 1 5 7 10 15 16 18 20 21 23 37 11_207 .0000000143429520410511412693077037336948
.6352539063 -7677.5771484375 1 3 8 9 12 14 16 18 19 22 24 11_208 .0000000138089225180276183480960127531088
.6357421876 -7677.5766601562 1 2 3 5 7 8 10 15 18 24 47 11_209 .0000000136353683380602943037168909178996
.6367187500 -7677.5756835938 4 7 10 11 12 13 14 15 17 19 37 11_210 .0000000132947764562779317068993412134892
.6372070313 -7677.5751953125 1 3 4 5 7 8 10 11 24 30 47 11_211 .0000000131276841996079469682752018794510
.6381835938 -7677.5742187500 1 2 3 4 5 7 8 12 16 23 45 11_212 .0000000127997735039656875823818114549444
.6420898438 -7677.5703125000 11 14 15 17 18 19 20 22 24 29 34 11_213 .0000000115680175990696210823110862408400
.6440429688 -7677.5683593750 1 5 8 9 10 11 14 16 23 29 32 11_214 .0000000109973302882855088603990085567513
.6479492188 -7677.5644531250 4 7 10 11 12 13 14 15 17 31 37 11_215 .0000000099390282396991693016952169027607
.6499023438 -7677.5625000000 1 2 3 5 8 9 11 20 23 24 45 11_216 .0000000094487041846616445646703462548095
.6503906250 -7677.5620117188 1 2 3 4 5 6 7 8 12 16 33 11_217 .0000000093299504027747822478897717377728
.6508789063 -7677.5615234375 1 2 3 4 5 6 7 8 12 16 45 11_218 .0000000092126891255697403295255969444725
.6606445313 -7677.5517578125 1 2 7 8 10 15 18 19 22 23 24 11_219 .0000000071536560669794610418896108234561
.6660156250 -7677.5463867188 1 2 3 7 8 10 11 12 15 22 35 11_220 .0000000062245213198593127379997228704099
.6699218750 -7677.5424804688 2 7 8 12 13 15 16 17 23 29 32 11_221 .0000000056255192446653484966248368875162
.6767578126 -7677.5356445312 1 3 8 9 10 16 18 19 24 25 36 11_222 .0000000047126128322228094896794580170281
.6772460938 -7677.5351562500 1 2 3 5 7 8 10 15 18 24 28 11_223 .0000000046533834833663285342505704528008
.6811523438 -7677.5312500000 1 5 8 9 10 14 16 23 24 30 41 11_224 .0000000042055761388374243319382292904836
.6899414063 -7677.5224609375 2 7 8 12 13 15 16 17 21 26 29 11_225 .0000000033492917199693079673818461436440
.6928710938 -7677.5195312500 1 3 8 9 10 16 18 19 24 34 36 11_226 .0000000031045271894564968552094222822358
.7050781250 -7677.5073242188 2 5 6 7 8 10 12 16 17 23 27 11_227 .0000000022629372850012387531245519583428
.7065429688 -7677.5058593750 1 2 7 8 10 11 15 22 23 24 42 11_228 .0000000021786815894912840990530320733816
.7158203126 -7677.4965820312 2 5 6 7 8 10 12 16 23 27 30 11_229 .0000000017132799037554456387045742931876
.7348632813 -7677.4775390625 1 3 5 7 8 9 11 14 23 24 32 11_230 .0000000010461754368031611161614949827860
.7709960938 -7677.4414062500 1 5 8 9 10 12 14 16 23 30 41 11_231 .0000000004103255746058016395474514196095
.7788085938 -7677.4335937500 1 3 5 7 8 9 11 23 24 32 33 11_232 .0000000003351520639252269293699196716847
.7827148438 -7677.4296875000 1 3 8 9 10 16 18 19 22 24 25 11_233 .0000000003028994983895868945630924766597
.7832031250 -7677.4291992188 1 3 5 8 9 10 12 16 23 36 41 11_234 .0000000002990925783863351367427322741897
.7871093750 -7677.4252929688 1 5 7 9 10 16 18 20 21 23 37 11_235 .0000000002703101120853638212489701953100
.7895507813 -7677.4228515625 4 6 12 13 16 17 18 21 22 26 43 11_236 .0000000002537451219344363276446714063515
.7968750000 -7677.4155273438 1 3 5 7 8 10 15 18 24 28 35 11_237 .0000000002098958889124324903122166175847
.8120117188 -7677.4003906250 2 12 13 15 17 20 22 23 24 31 33 11_238 .0000000001418154259081481307099883897199
.8222656250 -7677.3901367188 8 9 10 11 13 14 15 18 21 31 48 11_239 .0000000001087357103490314893286234464497
.8256835938 -7677.3867187500 4 7 8 10 11 13 15 18 21 40 48 11_240 .0000000000995226128414222245123296513613
.8461914063 -7677.3662109375 11 13 14 15 17 18 19 22 23 32 33 11_241 .0000000000585085335277192949906230712435
.8466796876 -7677.3657226562 1 7 8 10 11 14 15 18 21 40 41 11_242 .0000000000577731828481686359247669956411
.8486328126 -7677.3637695312 3 4 7 8 10 11 13 15 18 21 40 11_243 .0000000000549230469391679561199085343518
.8500976563 -7677.3623046875 4 11 12 13 16 17 18 21 22 26 43 11_244 .0000000000528781032988367918057249025788
.8505859376 -7677.3618164062 14 16 17 19 20 21 23 24 27 34 46 11_245 .0000000000522135173512890254990441737765
.8559570313 -7677.3564453125 4 6 12 13 16 17 18 21 22 33 43 11_246 .0000000000454318950890200541836275930173
.8662109376 -7677.3461914062 1 6 7 15 16 18 20 21 23 34 37 11_247 .0000000000348344994247005365952944153799
.8701171876 -7677.3422851562 4 8 9 10 11 13 14 15 18 21 31 11_248 .0000000000314822838290745923078124063837
.8715820313 -7677.3408203125 4 11 12 13 17 18 21 22 26 38 43 11_249 .0000000000303101074898654325162840809838
.8735351563 -7677.3388671875 3 4 7 8 9 11 13 24 30 32 33 11_250 .0000000000288148129344387644063495858773
.8774414063 -7677.3349609375 13 14 15 17 18 19 20 21 22 32 33 11_251 .0000000000260418876190436172914255083999
.8798828126 -7677.3325195312 1 3 7 8 9 10 11 13 14 25 39 11_252 .0000000000244460035117380519288050402969
.8876953126 -7677.3247070312 2 13 14 15 17 18 19 21 22 32 33 11_253 .0000000000199673845325226530891178724280
.9086914063 -7677.3037109375 6 7 15 16 18 20 21 23 33 34 37 11_254 .0000000000115911281632379205254424559342
.9106445313 -7677.3017578125 7 15 16 18 19 20 21 23 33 34 37 11_255 .0000000000110193007343996162685791102778
.9233398438 -7677.2890625000 4 11 12 13 17 18 21 22 26 38 47 11_256 .0000000000079311865960544840919055327496
.9418945313 -7677.2705078125 2 5 6 7 8 10 12 16 30 35 39 11_257 .0000000000049046416661550130492853164829
.9526367188 -7677.2597656250 4 6 8 12 13 16 17 18 21 22 43 11_258 .0000000000037133260736859956519994943669
.9614257813 -7677.2509765625 3 4 7 8 9 11 13 24 28 30 33 11_259 .0000000000029572671761402689656597004339
1.0561523438 -7677.1562500000 1 3 4 5 6 7 8 12 16 18 39 11_260 .0000000000002542520534698214739886792417
1.1157226563 -7677.0966796875 1 5 7 8 14 16 17 18 27 33 35 11_261 .0000000000000543411058482497837723957640
1.2119140626 -7677.0004882812 6 9 13 16 17 18 21 22 24 26 43 11_262 .0000000000000044980432171855278414083491
1.4082031250 -7676.8041992188 7 12 13 16 17 18 21 43 45 46 47 11_263 .0000000000000000278529106129436239556460
1.4316406250 -7676.7807617188 1 2 3 7 8 10 13 14 39 40 46 11_264 .0000000000000000151778592446085273902980
1.5102539063 -7676.7021484375 3 5 6 7 9 18 20 23 34 40 57 11_265 .0000000000000000019808460373074175067176
