0 -7671.9809570312 2 4 7 11 13 15 17 18 20 21 22 24 12_1 .8523544198066682775888260846664360053034
.1250000000 -7671.8559570312 2 4 7 11 12 13 15 17 18 20 21 22 12_2 .0334528564732449203515617362678977827633
.1464843750 -7671.8344726562 7 9 10 11 12 13 14 15 16 17 18 22 12_3 .0191754168983099509225090863118784739577
.1684570312 -7671.8125000000 1 7 8 9 10 11 14 15 16 17 18 22 12_4 .0108533424178286441185533597381249817237
.1694335937 -7671.8115234375 1 2 6 7 8 12 15 16 17 21 22 23 12_5 .0105822415131938328963613132614745032852
.1870117187 -7671.7939453125 1 2 3 4 5 6 15 19 20 21 22 24 12_6 .0067117013065877283949905103650579511141
.1875000000 -7671.7934570312 7 8 9 10 11 13 14 15 16 17 18 20 12_7 .0066273468745218129668775690469196900153
.1884765624 -7671.7924804688 1 2 3 4 5 6 19 20 21 22 24 35 12_8 .0064618052853798987024543383323119295862
.1923828124 -7671.7885742188 1 2 4 6 7 8 11 12 15 17 21 22 12_9 .0058399687494373452715658741750797920589
.1958007812 -7671.7851562500 7 8 9 10 11 12 13 15 16 17 18 20 12_10 .0053451524525901482299610709690575354338
.1992187500 -7671.7817382812 7 8 9 10 11 12 13 15 16 17 18 36 12_11 .0048922615800269703381421028948759442823
.2104492187 -7671.7705078125 2 4 7 11 13 15 17 18 20 21 22 48 12_12 .0036574008059288304652227774650130475751
.2153320312 -7671.7656250000 1 2 3 4 5 7 9 11 18 20 22 24 12_13 .0032228743658458560598019759997762652619
.2158203124 -7671.7651367188 1 2 3 4 5 7 9 10 11 20 22 24 12_14 .0031823684391060060813633166283298553013
.2211914062 -7671.7597656250 7 8 9 10 11 12 13 15 16 17 18 22 12_15 .0027690344573577383389182236041946743337
.2265625000 -7671.7543945312 2 3 4 7 11 13 15 17 18 20 21 22 12_16 .0024093853281766583426397257169579973359
.2280273437 -7671.7529296875 1 2 3 4 5 6 19 20 21 22 24 39 12_17 .0023196769547606820509001928382835876996
.2299804687 -7671.7509765625 1 3 4 5 9 10 11 14 19 20 22 24 12_18 .0022052398706308375185936933594394113380
.2329101562 -7671.7480468750 1 2 4 5 6 7 11 12 15 17 21 22 12_19 .0020440820657179720844608972884483417461
.2353515624 -7671.7456054688 1 3 4 5 6 9 10 11 19 20 22 24 12_20 .0019188177991259376745889563941606993328
.2470703124 -7671.7338867188 2 4 6 7 11 12 13 15 17 21 22 42 12_21 .0014164580148693462627025187577591012561
.2583007812 -7671.7226562500 2 6 7 8 12 15 16 17 20 21 22 23 12_22 .0010589283886369355428497328864400848822
.2587890624 -7671.7221679688 1 3 4 5 9 11 14 17 19 20 22 24 12_23 .0010456195000909131497488835980138824772
.2597656250 -7671.7211914062 1 2 4 6 7 11 12 15 17 21 22 25 12_24 .0010195014241906841184884662573036615590
.2622070312 -7671.7187500000 2 4 6 7 11 12 13 15 17 21 22 25 12_25 .0009570249217387513828625073222737008947
.2675781250 -7671.7133789062 2 4 7 11 13 15 17 18 20 21 22 29 12_26 .0008327241284447710724030758911856811368
.2690429687 -7671.7119140625 1 3 4 5 9 11 14 18 19 20 22 24 12_27 .0008017194044625140985602735224684778163
.2714843750 -7671.7094726562 2 4 6 7 11 13 15 18 20 21 22 33 12_28 .0007525888930795916812316684010786218734
.2792968750 -7671.7016601562 1 2 6 7 8 15 16 17 20 21 22 23 12_29 .0006147111864649071109951572019033263824
.2807617187 -7671.7001953125 7 8 9 10 11 14 15 16 17 18 20 22 12_30 .0005918237138745002454541576380307929917
.2890625000 -7671.6918945312 2 4 6 7 11 12 15 17 20 21 22 34 12_31 .0004773234338592614889038593548498788923
.2958984374 -7671.6850585938 2 4 6 7 11 12 13 15 17 21 22 34 12_32 .0003998636309550199966632634700796842090
.2973632812 -7671.6835937500 1 2 7 8 15 16 17 20 21 22 23 24 12_33 .0003849755522802136816030416107782988616
.3012695312 -7671.6796875000 1 2 4 6 7 11 12 15 17 21 22 37 12_34 .0003479283412795768425360421905614895817
.3022460937 -7671.6787109375 1 2 3 4 5 6 11 17 18 20 22 24 12_35 .0003392375910537258345173518869513985274
.3110351562 -7671.6699218750 1 7 8 9 10 11 15 16 17 18 22 24 12_36 .0002701664688283748643474017424090248525
.3125000000 -7671.6684570312 2 4 6 7 8 11 12 15 17 20 21 22 12_37 .0002601073903530335791582598007284996581
.3149414062 -7671.6660156250 1 2 3 4 5 6 9 11 17 18 20 22 12_38 .0002441676382099137967117486066102365965
.3208007812 -7671.6601562500 2 4 6 7 11 12 15 17 20 21 22 37 12_39 .0002097843498772133687594324472645284057
.3261718750 -7671.6547851562 1 2 3 4 5 6 9 11 17 18 22 24 12_40 .0001825370332002106078261008018816259476
.3315429687 -7671.6494140625 1 2 3 5 7 8 9 10 11 18 20 24 12_41 .0001588286666538507905625125696693346350
.3334960937 -7671.6474609375 2 4 6 7 11 12 13 15 17 21 22 37 12_42 .0001509931404825038247799226211970375281
.3339843750 -7671.6469726562 1 2 3 4 5 7 9 10 18 20 22 24 12_43 .0001490954188722246368434248651673617223
.3408203124 -7671.6401367188 1 2 3 4 5 6 9 11 14 17 20 22 12_44 .0001249002904948212469644221161748206256
.3452148437 -7671.6357421875 1 2 3 7 8 9 16 17 18 20 22 23 12_45 .0001114620909417040566181100363015685053
.3476562500 -7671.6333007812 1 2 3 5 6 7 9 16 20 21 22 23 12_46 .0001046315346432107545559636308731541751
.3535156250 -7671.6274414062 1 2 3 6 7 8 9 16 17 20 22 23 12_47 .0000898974926927473180993810275156881066
.3540039062 -7671.6269531250 1 2 3 4 5 7 9 10 19 20 22 24 12_48 .0000887676375262853990059880569658387813
.3613281250 -7671.6196289062 1 2 7 8 9 10 14 15 16 17 18 22 12_49 .0000734278633415000107211042903132305111
.3623046874 -7671.6186523438 1 3 4 5 9 10 11 14 16 18 22 24 12_50 .0000715937409671940368589590462210449601
.3647460937 -7671.6162109375 1 2 3 5 6 7 10 15 16 20 22 23 12_51 .0000672063741578639403419002573074790166
.3769531250 -7671.6040039062 2 7 8 9 11 12 13 15 17 18 21 38 12_52 .0000489877524648954775324513722040019745
.3930664062 -7671.5878906250 1 7 8 9 10 11 14 15 17 18 22 24 12_53 .0000322716537284262316179793268996981990
.3964843750 -7671.5844726562 1 4 7 8 9 10 11 12 14 15 17 22 12_54 .0000295373000227538503322794886084876109
.3969726562 -7671.5839843750 1 4 7 8 9 10 11 12 14 17 22 40 12_55 .0000291660675218863747543753400000719176
.3979492187 -7671.5830078125 1 2 3 5 6 7 16 20 21 22 23 39 12_56 .0000284375410472369852995811999199714160
.3994140624 -7671.5815429688 2 4 7 8 9 11 12 13 15 17 18 21 12_57 .0000273787292741827081820293566018657753
.3999023437 -7671.5810546875 7 8 12 14 15 16 17 18 21 22 23 40 12_58 .0000270346261842041244245017353163318052
.4008789062 -7671.5800781250 7 8 9 12 14 15 16 17 18 21 22 40 12_59 .0000263593400527205865398869466272567545
.4018554687 -7671.5791015625 7 8 9 12 14 15 16 17 18 21 22 31 12_60 .0000257009215988689458461769747501521920
.4111328124 -7671.5698242188 1 2 3 4 5 9 11 14 18 22 24 29 12_61 .0000202107884005555842688627314706884944
.4121093750 -7671.5688476562 1 2 4 7 8 9 10 11 12 15 17 22 12_62 .0000197059518845922888476603394910621286
.4135742187 -7671.5673828125 4 7 8 11 15 17 18 19 20 21 22 24 12_63 .0000189722423905122904955591394117574870
.4140625000 -7671.5668945312 1 2 3 5 6 7 9 11 17 20 22 23 12_64 .0000187337942446900504157988867097639460
.4155273437 -7671.5654296875 1 2 3 5 7 9 10 11 18 20 22 24 12_65 .0000180362809868698380084495266086286055
.4160156250 -7671.5649414062 1 3 4 5 6 7 9 10 11 12 16 37 12_66 .0000178095962508051778672919472171276456
.4262695312 -7671.5546875000 1 3 4 5 9 11 14 16 17 18 22 24 12_67 .0000136553487532098116013530563541225310
.4272460937 -7671.5537109375 1 2 3 4 5 7 9 11 18 20 24 46 12_68 .0000133142577549180935184797908732994488
.4321289062 -7671.5488281250 1 3 4 7 8 9 10 11 12 14 17 22 12_69 .0000117324248272243950218854928186480415
.4335937500 -7671.5473632812 2 3 7 8 9 14 16 17 18 20 22 23 12_70 .0000112955927416036440073031938789565138
.4414062500 -7671.5395507812 1 2 7 8 9 10 11 12 15 17 22 48 12_71 .0000092261887995751234933638381061421970
.4418945312 -7671.5390625000 1 2 3 5 6 7 10 15 16 20 23 46 12_72 .0000091102316491618056258691060554138961
.4433593750 -7671.5375976562 1 2 7 8 9 10 14 16 17 18 22 23 12_73 .0000087710313942786885516605528452175829
.4443359374 -7671.5366210938 1 4 7 8 9 10 11 12 15 16 17 22 12_74 .0000085519436502819962103493271095088627
.4541015624 -7671.5268554688 1 3 4 5 7 9 11 17 18 19 22 24 12_75 .0000066405869930537648763845677352287508
.4570312500 -7671.5239257812 1 7 8 9 10 11 14 15 17 18 24 25 12_76 .0000061552962668400626302832490771297996
.4609375000 -7671.5200195312 1 2 7 8 9 10 12 14 16 17 18 23 12_77 .0000055629559007612468983482518717566813
.4672851562 -7671.5136718750 1 3 4 5 6 7 8 10 11 12 16 27 12_78 .0000047195184000441001179594881063122768
.4702148437 -7671.5107421875 2 7 9 11 12 13 15 17 18 21 24 37 12_79 .0000043746184026667581089870243273479781
.4707031250 -7671.5102539062 1 4 7 8 9 10 11 12 13 14 15 17 12_80 .0000043196370448849607786211383084027557
.4711914062 -7671.5097656250 1 3 4 5 9 11 17 18 19 22 24 36 12_81 .0000042653467183562285695237642596982618
.4716796874 -7671.5092773438 2 4 6 7 11 13 15 20 21 22 33 42 12_82 .0000042117387268301759338358220574289553
.4731445312 -7671.5078125000 2 7 8 10 12 15 16 17 18 21 22 23 12_83 .0000040549235211736510202733443949054180
.4736328124 -7671.5073242188 1 2 7 8 9 10 12 15 16 17 22 38 12_84 .0000040039601833454801188742569995827121
.4746093750 -7671.5063476562 1 7 8 9 10 11 13 14 15 17 18 24 12_85 .0000039039469988543533905609013267923940
.4824218750 -7671.4985351562 2 7 8 9 14 16 17 18 20 21 22 23 12_86 .0000031887261606292093638146778964318176
.4848632812 -7671.4960937500 1 3 4 5 6 7 9 10 11 12 37 40 12_87 .0000029933164701020568167185475894626273
.4926757812 -7671.4882812500 1 2 3 4 7 9 11 17 18 19 20 22 12_88 .0000024449272846321253457307712110716704
.4931640624 -7671.4877929688 1 2 3 4 5 7 8 9 10 18 23 24 12_89 .0000024141987999834296680302128329569892
.4985351562 -7671.4824218750 1 2 7 8 9 10 12 15 16 17 21 22 12_90 .0000021006366145158778683020490433603957
.5004882812 -7671.4804687500 1 3 4 5 6 7 9 10 11 12 37 43 12_91 .0000019970054910147237596923223288818970
.5014648437 -7671.4794921875 1 2 4 6 7 8 11 12 15 16 17 22 12_92 .0000019471231622046198144894005534217463
.5029296874 -7671.4780273438 2 7 8 11 13 15 17 18 20 21 24 25 12_93 .0000018746261441148917416730697383124501
.5043945312 -7671.4765625000 1 2 7 8 9 10 11 14 17 18 22 23 12_94 .0000018048283946852347778479458476619089
.5058593750 -7671.4750976562 3 4 5 6 8 9 10 11 18 19 20 24 12_95 .0000017376294171977803877133180291569559
.5078125000 -7671.4731445312 1 2 3 4 5 6 9 10 18 20 24 28 12_96 .0000016519065998915791771791813352507106
.5112304687 -7671.4697265625 1 2 3 4 5 6 9 10 20 23 24 28 12_97 .0000015119417612607108950940572120752825
.5136718750 -7671.4672851562 1 2 3 4 7 9 11 17 20 22 25 34 12_98 .0000014192878083958238116152727929515898
.5151367187 -7671.4658203125 1 2 3 4 5 6 11 17 20 22 24 40 12_99 .0000013664436247729957540828622151560466
.5219726562 -7671.4589843750 1 2 3 4 5 6 10 13 20 23 24 28 12_100 .0000011446978487187776313950589900657000
.5249023437 -7671.4560546875 1 2 3 6 7 8 10 15 16 20 23 46 12_101 .0000010610439138136258056459038663234283
.5258789062 -7671.4550781250 1 2 3 5 6 7 9 17 20 22 23 28 12_102 .0000010345405608539314925567862438459535
.5288085937 -7671.4521484375 1 2 3 4 5 8 9 10 11 18 23 24 12_103 .0000009589368643577083247684148189376752
.5292968750 -7671.4516601562 1 2 3 4 5 7 8 9 10 12 26 40 12_104 .0000009468846929506512448138333496916579
.5317382812 -7671.4492187500 1 2 7 8 9 10 11 12 15 17 22 47 12_105 .0000008888582474380413316825527403499740
.5322265624 -7671.4487304688 1 3 4 5 6 10 13 19 20 23 24 28 12_106 .0000008776868448433927660419980966573084
.5341796874 -7671.4467773438 2 3 7 8 9 11 12 14 17 18 21 22 12_107 .0000008343877453300454886034460030812257
.5351562500 -7671.4458007812 1 2 3 4 5 6 9 11 17 20 22 28 12_108 .0000008135459357990867555768896406575946
.5356445312 -7671.4453125000 1 3 4 5 6 7 8 10 11 12 19 27 12_109 .0000008033210780062414101691733880711699
.5361328124 -7671.4448242188 1 2 3 4 5 6 7 9 10 18 20 24 12_110 .0000007932247288965366431748303018714979
.5366210937 -7671.4443359375 1 2 3 4 6 9 11 17 20 22 24 40 12_111 .0000007832552713104204368301773850273791
.5395507812 -7671.4414062500 1 2 7 8 9 10 11 15 17 18 22 29 12_112 .0000007260153756002503003617602284491233
.5473632812 -7671.4335937500 1 2 4 6 7 11 13 15 20 21 22 46 12_113 .0000005930060581957016547256560218864618
.5507812500 -7671.4301757812 3 7 8 14 15 16 17 18 19 21 22 23 12_114 .0000005427610869785832267024080460217542
.5522460937 -7671.4287109375 1 2 4 7 8 9 10 11 18 20 22 29 12_115 .0000005225525243643238274288244771115019
.5541992187 -7671.4267578125 1 2 4 7 12 13 15 17 20 21 22 25 12_116 .0000004967733368484862254382103144482502
.5585937500 -7671.4223632812 1 3 4 5 6 9 10 19 20 23 24 46 12_117 .0000004433247883560016551517466261849524
.5590820312 -7671.4218750000 1 2 4 7 12 13 15 16 17 20 21 25 12_118 .0000004377529666339362526307830392791757
.5605468750 -7671.4204101562 1 3 4 5 6 9 10 18 19 20 24 46 12_119 .0000004214541584832419296901587231997767
.5620117187 -7671.4189453125 1 2 4 6 7 8 10 11 12 16 17 22 12_120 .0000004057622031182017867901168084487795
.5634765624 -7671.4174804688 7 8 14 15 16 17 18 19 21 22 23 28 12_121 .0000003906545045654910995054864595899061
.5649414062 -7671.4160156250 1 2 3 4 5 6 7 11 12 17 22 28 12_122 .0000003761093082825794454005949761131306
.5654296874 -7671.4155273438 1 3 4 5 6 7 9 10 11 20 37 43 12_123 .0000003713822682685727503902578129375506
.5673828124 -7671.4135742188 1 2 3 4 5 6 9 11 12 17 22 28 12_124 .0000003530607930342904797348888808349556
.5688476562 -7671.4121093750 2 7 8 11 13 15 17 18 20 21 24 37 12_125 .0000003399153192858281957775652760692206
.5712890624 -7671.4096679688 1 2 4 7 8 9 10 11 18 22 26 29 12_126 .0000003190848233444723559303871414674153
.5756835937 -7671.4052734375 1 3 4 5 6 7 9 10 11 12 16 27 12_127 .0000002847540342527371632275498277484597
.5771484374 -7671.4038085938 2 7 8 11 12 13 15 17 18 21 24 37 12_128 .0000002741518192654890632390588435552484
.5791015624 -7671.4018554688 1 2 5 7 8 9 11 12 15 17 18 22 12_129 .0000002606270330916007128788159976968396
.5810546874 -7671.3999023438 1 3 4 5 6 7 9 10 11 12 22 27 12_130 .0000002477694678814086187693572913627171
.5815429687 -7671.3994140625 1 3 4 5 6 7 9 10 11 12 37 44 12_131 .0000002446554358660243970647566675488081
.5820312500 -7671.3989257812 4 7 11 12 13 15 17 20 21 24 37 40 12_132 .0000002415805418262582177905907368668963
.5825195312 -7671.3984375000 2 4 7 8 9 10 11 14 17 18 22 32 12_133 .0000002385442944836102673563708390978474
.5844726562 -7671.3964843750 2 7 8 9 10 11 12 15 17 18 22 47 12_134 .0000002267761414050141800836092213976304
.5893554687 -7671.3916015625 1 2 3 4 5 6 7 9 10 12 16 42 12_135 .0000001998334477683924123872749108323545
.5898437500 -7671.3911132812 1 2 3 4 5 9 11 14 18 22 24 39 12_136 .0000001973218882957247230329860521954405
.5942382812 -7671.3867187500 1 3 4 5 7 9 10 11 20 24 28 30 12_137 .0000001760917466872459215997977094101547
.5981445312 -7671.3828125000 7 9 11 12 13 15 17 20 21 24 25 37 12_138 .0000001591459742703921482632251597933196
.5996093750 -7671.3813476562 3 4 7 9 10 11 13 14 17 18 22 30 12_139 .0000001532205096812336827237704643317599
.6025390624 -7671.3784179688 1 2 3 4 5 7 8 9 10 12 18 23 12_140 .0000001420232333552224571279858433480953
.6059570312 -7671.3750000000 8 11 12 14 15 16 17 18 20 21 23 24 12_141 .0000001299897082782488497924891156500785
.6171875000 -7671.3637695312 1 2 3 6 7 10 15 16 20 23 34 46 12_142 .0000000971788721455101923461278785069715
.6235351562 -7671.3574218750 1 2 4 6 9 11 13 15 20 21 22 24 12_143 .0000000824449237721815280584455932743132
.6240234374 -7671.3569335938 1 2 3 4 7 8 9 12 14 17 21 22 12_144 .0000000814087344382817457496349189490065
.6264648437 -7671.3544921875 3 4 7 9 10 11 13 14 18 22 30 31 12_145 .0000000764198907958221465140018506734026
.6308593750 -7671.3500976562 1 2 3 4 5 7 8 9 10 12 26 30 12_146 .0000000681977662653410744192129107277893
.6318359374 -7671.3491210938 1 3 4 5 6 7 9 10 11 15 20 28 12_147 .0000000664942841906521777465983841432911
.6323242187 -7671.3486328125 1 3 4 5 6 7 9 10 11 12 27 37 12_148 .0000000656585664907261452589981258206201
.6362304687 -7671.3447265625 1 2 7 8 9 12 16 17 21 23 24 37 12_149 .0000000593400697644437818610676522667601
.6440429687 -7671.3369140625 4 7 8 11 15 17 18 19 20 21 22 48 12_150 .0000000484686992131225791570330171454424
.6455078124 -7671.3354492188 1 3 4 5 7 9 10 11 13 24 28 30 12_151 .0000000466640695770286742516472030954056
.6547851562 -7671.3261718750 1 2 4 7 8 9 10 11 13 14 18 22 12_152 .0000000366958682807967719549833949700020
.6567382812 -7671.3242187500 1 2 3 4 5 11 12 20 21 22 24 39 12_153 .0000000348855437194181480961813036396688
.6591796874 -7671.3217773438 1 2 3 4 5 11 12 14 21 22 24 39 12_154 .0000000327477078066793119228740941791960
.6606445312 -7671.3203125000 1 2 4 6 7 8 10 11 12 17 22 40 12_155 .0000000315284159969166623703325535486925
.6621093750 -7671.3188476562 1 2 3 7 8 9 12 14 15 17 22 43 12_156 .0000000303545219452545370749340389691521
.6660156250 -7671.3149414062 1 2 3 4 5 8 19 20 21 22 24 39 12_157 .0000000274334263778384137625185125674514
.6708984374 -7671.3100585938 1 3 4 5 6 7 9 10 11 20 28 43 12_158 .0000000241741311824916721176610985927825
.6723632812 -7671.3085937500 1 2 4 7 9 10 11 13 18 22 24 32 12_159 .0000000232740584099806109449368761408015
.6811523437 -7671.2998046875 3 7 8 14 15 16 19 20 21 22 23 30 12_160 .0000000185352989814562684471178523623741
.6875000000 -7671.2934570312 1 2 3 4 5 6 7 10 12 16 22 42 12_161 .0000000157250364603354356528441644541924
.6909179687 -7671.2900390625 1 3 4 7 9 10 11 13 22 24 28 30 12_162 .0000000143926656163786246821320302895089
.6914062500 -7671.2895507812 1 2 4 7 9 11 12 13 16 17 21 25 12_163 .0000000142117747992034640525768096681588
.7031250000 -7671.2778320312 1 2 4 7 9 10 11 13 14 18 22 24 12_164 .0000000104910337651754940727805310979300
.7099609374 -7671.2709960938 1 2 6 7 8 10 11 12 15 17 22 33 12_165 .0000000087885541673440564969147873647146
.7143554687 -7671.2666015625 1 2 4 7 9 12 13 15 16 17 21 25 12_166 .0000000078429811489286508893515296296982
.7148437500 -7671.2661132812 1 3 4 7 9 10 11 13 18 22 28 30 12_167 .0000000077444084934572002553681592003028
.7226562500 -7671.2583007812 1 2 8 9 10 12 14 15 16 17 23 37 12_168 .0000000063255976500021432504952573708289
.7231445312 -7671.2578125000 1 2 4 7 9 12 13 16 17 21 22 44 12_169 .0000000062460958866966701402969938318825
.7246093750 -7671.2563476562 4 8 11 12 14 15 16 17 18 21 23 24 12_170 .0000000060135356842360850342555023110490
.7270507812 -7671.2539062500 1 2 4 6 9 11 13 20 21 22 23 24 12_171 .0000000056450176341321253676481031863938
.7563476562 -7671.2246093750 12 14 15 16 17 18 19 21 23 25 34 36 12_172 .0000000026429577609065313501949349716117
.7587890624 -7671.2221679688 1 4 7 8 12 14 15 16 17 18 21 23 12_173 .0000000024809935369127181218723273498924
.7641601562 -7671.2167968750 1 5 8 9 10 12 14 15 16 21 22 23 12_174 .0000000021587558837540127879259795767851
.7675781250 -7671.2133789062 1 5 8 10 11 14 18 19 21 23 24 36 12_175 .0000000019758460707007881705317636159929
.7739257812 -7671.2070312500 1 2 3 4 5 6 10 12 17 22 23 38 12_176 .0000000016762746375629450597460353799672
.7758789062 -7671.2050781250 1 2 3 4 5 7 8 10 12 16 24 30 12_177 .0000000015935786477916857120874360762832
.7817382812 -7671.1992187500 1 2 3 4 5 6 7 10 12 22 42 47 12_178 .0000000013691735033197935931883246475221
.7832031250 -7671.1977539062 1 5 8 10 11 15 18 19 20 21 23 36 12_179 .0000000013181952165768857944032695853504
.7856445312 -7671.1953125000 4 7 8 10 11 15 17 20 21 22 24 30 12_180 .0000000012374143321892361533427631395292
.7880859374 -7671.1928710938 7 11 12 13 15 17 20 21 24 25 37 40 12_181 .0000000011615838156988365813551666891981
.7885742187 -7671.1923828125 1 5 8 10 11 18 19 20 21 23 24 36 12_182 .0000000011469847239642178958930066199915
.7900390624 -7671.1909179688 3 4 7 9 11 13 14 18 22 30 31 33 12_183 .0000000011042791705118486294025765237369
.7924804687 -7671.1884765625 1 2 8 9 10 12 14 15 16 17 21 37 12_184 .0000000010366073640733738790242187841517
.7939453124 -7671.1870117188 1 2 7 8 12 16 17 20 21 23 24 37 12_185 .0000000009980114784694640234639145353026
.7988281250 -7671.1821289062 1 2 4 6 7 8 10 11 12 15 33 38 12_186 .0000000008794402837210296941469234842371
.8022460937 -7671.1787109375 1 2 3 4 5 7 8 10 12 16 26 30 12_187 .0000000008049259513704126286618641616604
.8032226562 -7671.1777343750 1 2 3 4 5 6 12 17 22 23 37 38 12_188 .0000000007848200572430796424321785200611
.8046875000 -7671.1762695312 5 10 11 13 15 18 19 20 21 23 36 38 12_189 .0000000007555989382083371916440416261939
.8056640624 -7671.1752929688 1 2 4 6 7 8 10 11 12 15 33 44 12_190 .0000000007367251639283427687786871578611
.8066406250 -7671.1743164062 2 5 9 10 11 13 15 18 19 20 21 36 12_191 .0000000007183228256519275745769720647971
.8071289062 -7671.1738281250 1 2 5 7 9 12 16 17 20 23 24 37 12_192 .0000000007092947567765891589582685434217
.8090820312 -7671.1718750000 1 5 8 9 10 12 14 15 16 21 23 37 12_193 .0000000006743029776034092841746334210034
.8095703124 -7671.1713867188 8 12 14 15 16 17 18 21 23 28 34 36 12_194 .0000000006658281616748963764601380433524
.8100585937 -7671.1708984375 7 9 11 12 13 15 17 20 21 25 37 48 12_195 .0000000006574598577433059930511567880499
.8144531250 -7671.1665039062 1 2 4 6 9 19 20 21 22 24 34 45 12_196 .0000000005867228183696072121795315142528
.8164062500 -7671.1645507812 1 2 8 9 10 12 14 15 16 21 23 37 12_197 .0000000005577779049889467267029755798412
.8208007812 -7671.1601562500 1 2 7 9 12 16 17 20 21 23 24 37 12_198 .0000000004977657897022284718523359932225
.8251953124 -7671.1557617188 1 2 3 4 6 7 15 20 21 22 38 40 12_199 .0000000004442104629490354585508059703351
.8256835937 -7671.1552734375 1 2 3 6 7 9 10 11 12 17 22 42 12_200 .0000000004386275087012020116623008121388
.8305664062 -7671.1503906250 1 2 3 7 8 9 10 11 17 22 38 42 12_201 .0000000003865152956865844410496121118791
.8315429687 -7671.1494140625 1 2 8 9 10 12 13 15 16 17 23 36 12_202 .0000000003768606987631798853031587928953
.8427734374 -7671.1381835938 2 3 4 6 7 12 15 20 21 22 35 40 12_203 .0000000002817369024188109286459335294425
.8505859374 -7671.1303710938 4 6 7 11 15 17 20 21 22 24 30 40 12_204 .0000000002301214210697888591236383083746
.8510742187 -7671.1298828125 1 2 4 6 9 19 20 21 22 24 34 36 12_205 .0000000002272291943609676218697360110597
.8515625000 -7671.1293945312 1 2 3 4 5 6 7 15 20 21 38 40 12_206 .0000000002243733179201758962281783027097
.8588867187 -7671.1220703125 1 10 12 14 15 16 18 19 21 23 25 36 12_207 .0000000001855997729298446997776211489266
.8603515624 -7671.1206054688 1 2 4 6 9 19 20 21 22 24 34 37 12_208 .0000000001786893574221222530257440723755
.8671875000 -7671.1137695312 1 4 5 6 8 10 11 18 19 24 32 35 12_209 .0000000001496917390457235953042659407700
.8750000000 -7671.1059570312 1 2 4 6 7 12 13 20 21 22 37 40 12_210 .0000000001222675319273686583773588975704
.8774414062 -7671.1035156250 1 2 4 7 9 10 11 13 14 18 22 43 12_211 .0000000001147748030532368772513881738682
.8862304687 -7671.0947265625 1 2 4 6 9 11 19 20 21 22 24 45 12_212 .0000000000914058585165885374286342729011
.8955078124 -7671.0854492188 1 5 6 10 12 13 14 15 16 17 23 30 12_213 .0000000000718800863985824052008933048746
.8979492187 -7671.0830078125 1 2 3 7 8 9 10 11 17 38 42 46 12_214 .0000000000674751719318076124570374270453
.9018554687 -7671.0791015625 1 2 3 4 7 11 12 17 22 25 34 38 12_215 .0000000000609818584809773379470834290007
.9038085937 -7671.0771484375 1 5 6 10 12 13 14 15 16 17 23 32 12_216 .0000000000579734283394183171782288440321
.9272460937 -7671.0537109375 1 2 3 7 8 9 11 17 22 25 38 42 12_217 .0000000000315914034080941992495045378538
.9418945312 -7671.0390625000 1 3 4 5 6 7 8 12 16 19 27 29 12_218 .0000000000216163009960917208286951963823
.9433593750 -7671.0375976562 1 2 3 4 5 12 14 21 22 24 39 47 12_219 .0000000000208114636341154093534354701230
.9462890624 -7671.0346679688 1 2 4 5 7 8 11 12 16 17 23 48 12_220 .0000000000192905725370636316627799263612
.9829101562 -7670.9980468750 2 4 5 6 8 10 11 12 13 15 45 48 12_221 .0000000000074709575079850025712539705037
.9887695312 -7670.9921875000 1 2 4 6 7 12 13 21 22 35 37 40 12_222 .0000000000064189094642652938847654937832
1.0029296874 -7670.9780273438 1 2 3 4 5 6 7 20 21 39 40 45 12_223 .0000000000044480189469231137075126106005
1.0424804687 -7670.9384765625 1 2 3 7 10 11 15 20 21 23 34 46 12_224 .0000000000015967622962674611647241659870
1.0473632812 -7670.9335937500 1 12 14 15 16 18 19 21 23 25 29 34 12_225 .0000000000014070550497630382731099786776
1.0517578124 -7670.9291992188 1 12 14 15 16 18 19 21 23 25 34 36 12_226 .0000000000012556680028652019983921644992
1.1162109374 -7670.8647460938 4 5 6 7 8 10 11 13 15 20 33 43 12_227 .0000000000002364882951574804217323355624
1.1582031250 -7670.8227539062 1 2 3 7 11 12 13 20 21 23 34 46 12_228 .0000000000000796927292776152408954211261
1.1591796874 -7670.8217773438 1 2 3 4 5 6 7 21 34 36 40 47 12_229 .0000000000000777021195664516513306838433
1.1791992187 -7670.8017578125 1 2 3 4 5 6 7 8 16 30 36 41 12_230 .0000000000000462618745700270509816318179
1.1977539062 -7670.7832031250 1 2 3 7 11 12 20 21 23 26 34 46 12_231 .0000000000000286083191742665948170082356
1.2221679687 -7670.7587890625 5 9 10 11 15 18 19 20 21 25 38 40 12_232 .0000000000000152000998899954555949101126
1.3530273437 -7670.6279296875 2 3 5 10 11 14 15 19 20 24 27 33 12_233 .0000000000000005125596514207897479980737
1.3564453124 -7670.6245117188 1 2 3 4 5 6 9 20 23 31 33 51 12_234 .0000000000000004691308468476295460868146
1.4360351562 -7670.5449218750 3 4 7 8 10 11 20 22 24 26 46 47 12_235 .0000000000000000596964291963420857913158
1.4638671874 -7670.5170898438 1 4 7 10 11 15 18 24 31 34 38 43 12_236 .0000000000000000290303337115284124312261
