0 -7474.1953125000 1 2 3 4 5 6 7 8 9 10 11 12 13 14 15 16 17 18 19 20 21 22 23 24 25 26 27 28 29 30 31 32 33 34 35 36 37 39 40 41 42 44 46 43_1 .0355055112151033192094768178994882919596
.0043945312 -7474.1909179688 1 2 3 4 5 6 7 8 9 10 11 12 13 14 15 16 17 18 19 20 21 22 23 24 25 26 27 28 29 30 31 32 33 34 35 36 37 39 40 42 44 45 46 43_2 .0316854229446708917684384097292967961946
.0131835938 -7474.1821289062 1 2 3 4 5 6 7 8 9 10 11 12 13 14 15 16 17 18 19 20 21 22 23 24 25 26 27 28 29 30 31 32 33 34 35 36 37 39 41 42 43 44 46 43_3 .0252340513960488619848439480812564295110
.0136718750 -7474.1816406250 1 2 3 4 5 6 7 8 9 10 11 12 13 14 15 16 17 18 19 20 21 22 23 24 25 26 27 28 30 31 32 33 34 35 36 37 39 40 41 42 44 45 46 43_4 .0249169032477903112379644294369445265273
.0180664062 -7474.1772460938 1 2 3 4 5 6 7 8 9 10 11 12 13 14 15 16 17 18 19 20 21 22 23 24 25 26 27 28 29 31 32 33 34 35 36 37 39 40 41 42 44 45 46 43_5 .0222360583148523011152832660269885262397
.0185546875 -7474.1767578125 1 2 3 4 5 6 7 8 9 10 11 12 13 14 15 16 17 18 19 20 21 22 23 24 25 26 27 28 29 30 31 32 33 34 35 36 37 39 40 41 42 44 45 43_6 .0219565896697424719876161934230008704815
.0224609375 -7474.1728515625 1 2 3 4 5 6 7 8 9 10 11 12 13 14 15 16 17 18 19 20 21 22 23 24 25 26 27 28 29 30 31 32 34 35 36 37 39 41 42 43 44 45 46 43_7 .0198436492361710495831940051854489524206
.0239257812 -7474.1713867188 1 2 3 4 5 6 7 8 9 10 11 12 13 14 15 16 17 18 19 20 21 22 23 24 25 26 27 28 29 30 31 32 33 34 35 36 37 38 39 40 41 44 46 43_8 .0191048128720593629098504136511840811676
.0249023438 -7474.1704101562 1 2 3 4 5 6 7 8 9 10 11 12 13 14 15 16 17 18 19 20 21 22 23 24 25 26 27 28 29 30 31 32 33 34 36 37 39 40 42 44 45 46 47 43_9 .0186276020390472258090849619284923405743
.0327148438 -7474.1625976562 1 2 3 4 5 6 7 8 9 10 11 12 13 14 15 16 17 18 19 20 21 22 23 24 25 26 27 28 29 31 32 33 34 35 36 37 38 39 40 41 42 44 46 43_10 .0152149406611131855075029668399865803221
.0332031250 -7474.1621093750 1 2 3 4 5 6 7 8 9 10 11 12 13 14 15 16 17 18 19 20 21 22 23 24 25 26 27 28 29 30 31 32 33 34 36 37 39 41 42 43 44 45 46 43_11 .0150237153132369687532167907430541127221
.0341796875 -7474.1611328125 1 2 3 4 5 6 7 8 9 10 11 12 13 14 15 16 17 18 19 20 21 22 23 24 26 27 28 29 30 31 32 33 34 35 36 37 39 40 41 42 44 45 46 43_12 .0146484444836993473834922351334086008055
.0361328125 -7474.1591796875 1 2 3 4 5 6 7 8 9 10 11 12 13 14 15 16 17 18 19 20 21 22 23 24 25 26 27 28 30 31 32 33 34 35 36 37 39 41 42 43 44 45 46 43_13 .0139257898613338794761708277308328703748
.0371093750 -7474.1582031250 1 2 3 4 5 6 7 8 9 10 11 12 13 14 15 16 17 18 19 20 21 22 23 24 25 26 27 28 29 30 31 32 33 34 35 36 37 39 42 43 44 45 46 43_14 .0135779436326034313854827593938031913202
.0405273438 -7474.1547851562 1 2 3 4 5 6 7 8 9 10 11 12 13 14 15 16 17 18 19 20 21 22 23 24 25 26 27 28 29 31 32 33 34 35 36 37 38 39 40 42 44 45 46 43_15 .0124274943621801754128372954117859893301
.0410156250 -7474.1542968750 1 2 3 4 5 6 7 8 9 10 11 12 13 14 15 16 17 18 19 20 21 22 23 24 25 26 27 28 29 30 31 32 33 34 35 36 37 39 41 42 44 45 46 43_16 .0122713023673792074655341391665679747495
.0419921875 -7474.1533203125 1 2 3 4 5 6 7 8 9 10 11 12 13 14 15 16 17 18 19 20 21 22 23 24 25 26 27 28 29 30 31 32 33 35 36 37 39 40 41 42 44 45 46 43_17 .0119647828598605856911496644304427885981
.0429687500 -7474.1523437500 1 2 3 4 5 6 7 8 9 10 11 12 13 14 15 16 17 18 19 20 21 22 23 24 25 26 27 28 29 30 31 32 33 34 36 39 40 41 42 44 45 46 47 43_18 .0116659197693771448623621741858983885043
.0434570312 -7474.1518554688 1 2 3 4 5 6 7 8 9 10 11 12 13 14 15 16 17 18 19 20 21 22 23 24 25 26 27 28 29 30 31 32 33 34 35 36 39 41 42 43 44 45 46 43_19 .0115192994429570243888995573825228704612
.0444335938 -7474.1508789062 1 2 3 4 5 6 7 8 9 10 11 12 13 14 15 16 17 18 19 20 21 22 23 24 25 27 29 30 31 32 33 34 35 36 37 38 39 40 41 42 43 44 46 43_20 .0112315638592743763368208117537664553746
.0458984375 -7474.1494140625 1 2 3 4 5 6 7 8 9 10 11 12 13 14 15 16 17 18 19 20 21 22 23 24 25 26 27 28 29 30 31 32 33 34 36 39 40 41 42 43 44 45 46 43_21 .0108133803030992164902304632910877740507
.0463867188 -7474.1489257812 1 2 3 4 5 6 7 8 9 10 11 12 13 14 15 16 17 18 19 20 21 22 23 24 25 26 27 28 31 32 33 34 35 36 37 38 39 40 41 42 44 45 46 43_22 .0106774748876890606666131649633809531939
.0468750000 -7474.1484375000 1 2 3 4 5 6 7 8 9 10 11 12 13 14 15 16 17 18 19 20 21 22 23 24 25 26 27 28 29 31 32 34 35 36 37 38 39 40 41 42 44 45 46 43_23 .0105432775946916312200214654506101724569
.0478515625 -7474.1474609375 1 2 3 4 5 6 7 8 9 10 11 12 13 14 15 16 17 18 19 20 21 22 23 24 25 26 27 28 29 30 31 32 33 34 36 37 38 39 40 42 44 45 46 43_24 .0102799216639839113018071170523218209421
.0493164062 -7474.1459960938 1 2 3 4 5 6 7 8 9 10 11 12 13 14 15 16 17 18 19 20 21 22 23 24 25 26 27 28 29 30 32 33 34 35 36 37 40 41 42 43 44 45 46 43_25 .0098971704948226301441130684678796157705
.0502929688 -7474.1450195312 1 2 3 4 5 6 7 8 9 10 11 12 13 14 15 16 17 18 19 20 21 22 23 24 25 26 27 28 30 31 32 33 34 35 36 37 39 40 41 42 43 45 46 43_26 .0096499533664515453615870365869351001630
.0512695312 -7474.1440429688 1 2 3 4 5 6 7 8 9 10 11 12 13 14 15 16 17 18 19 20 21 22 23 24 26 27 29 30 31 32 33 34 35 36 37 38 39 40 41 42 43 44 46 43_27 .0094089114162302485052314509677471356023
.0522460938 -7474.1430664062 1 2 3 4 5 6 7 8 9 10 11 12 13 14 15 16 17 18 19 20 21 22 23 24 25 26 27 28 30 31 32 33 34 36 37 39 40 41 42 43 44 45 46 43_28 .0091738902995752257677980892330966736206
.0527343750 -7474.1425781250 1 2 3 4 5 6 7 8 9 10 11 12 13 14 15 16 17 18 19 20 21 22 23 24 25 26 27 28 29 30 31 32 33 34 35 36 37 38 40 42 44 45 46 43_29 .0090585904503685728145181749922838678013
.0532226562 -7474.1420898438 1 2 3 4 5 6 7 8 9 10 11 12 13 14 15 16 17 18 19 20 21 22 23 24 25 26 27 28 29 30 31 32 33 34 36 37 39 40 41 43 44 45 46 43_30 .0089447397197793173744729607892152450446
.0541992188 -7474.1411132812 1 2 3 4 5 6 7 8 9 10 11 12 13 14 15 16 17 18 19 20 21 22 23 24 25 26 27 28 31 32 33 34 35 36 37 39 40 41 42 43 44 45 46 43_31 .0087213129465710163282910528451334818633
.0551757812 -7474.1401367188 1 2 3 4 5 6 7 8 9 10 11 12 13 14 15 16 17 18 19 20 21 22 23 24 25 26 27 28 30 31 32 33 34 35 36 37 39 40 41 43 44 45 46 43_32 .0085034670978604811767685063639740917553
.0556640625 -7474.1396484375 1 2 3 4 5 6 7 8 9 10 11 12 13 14 15 16 17 18 19 20 21 22 23 24 25 26 27 28 29 30 31 32 34 36 37 38 39 40 41 42 44 45 46 43_33 .0083965932807960710994373611866995861662
.0561523438 -7474.1391601562 1 2 3 4 5 6 7 8 9 10 11 12 13 14 15 16 17 18 19 20 21 22 23 24 25 26 27 28 29 30 31 32 33 34 36 38 39 40 41 42 44 45 46 43_34 .0082910626820498445347483594651424923059
.0571289062 -7474.1381835938 1 2 3 4 5 6 7 8 9 10 11 12 13 14 15 16 17 18 19 20 21 22 23 24 25 26 27 30 31 32 33 34 35 36 37 39 40 41 42 43 44 45 46 43_35 .0080839638658797938201835306091984470857
.0581054688 -7474.1372070312 1 2 3 4 5 6 7 8 9 10 11 12 13 14 15 16 17 18 19 20 21 22 23 24 25 26 27 29 30 31 32 33 34 36 37 39 40 41 42 43 44 45 46 43_36 .0078820380393191762697294671842467377053
.0590820312 -7474.1362304688 1 2 3 4 5 6 7 8 9 10 11 12 13 14 15 16 17 18 19 20 21 22 23 24 25 26 27 28 29 30 31 32 33 34 35 36 37 40 41 42 44 46 47 43_37 .0076851560701978510858779064184654688974
.0595703125 -7474.1357421875 1 2 3 4 5 6 7 8 9 10 11 12 13 14 15 16 17 18 19 20 21 22 23 24 25 26 27 28 29 32 33 34 35 36 37 39 40 41 42 43 44 45 46 43_38 .0075885670019383384551783240217000604623
.0600585938 -7474.1352539062 1 2 3 4 5 6 7 8 9 10 11 12 13 14 15 16 17 18 19 20 21 22 23 24 25 26 27 28 29 30 31 32 33 34 35 36 37 39 40 41 43 44 45 43_39 .0074931918905616820249055036088569329644
.0605468750 -7474.1347656250 1 2 3 4 5 6 7 8 9 10 11 12 13 14 15 16 17 18 19 20 21 22 23 24 25 26 27 28 30 31 32 33 34 35 36 37 38 39 40 41 42 44 45 43_40 .0073990154979032391393154797030245982414
.0610351562 -7474.1342773438 1 2 3 4 5 6 7 8 9 10 11 12 13 14 15 16 17 18 19 20 21 22 23 24 25 26 27 28 29 30 32 33 34 35 36 38 39 40 41 42 43 44 46 43_41 .0073060227387435364533947723049360806006
.0629882812 -7474.1323242188 1 2 3 4 5 6 7 8 9 10 11 12 13 14 15 16 17 18 19 20 21 22 23 24 25 26 27 28 29 30 31 32 33 34 36 37 39 41 42 43 44 46 47 43_42 .0069455932672637853071767998778331658806
.0634765625 -7474.1318359375 1 2 3 4 5 6 7 8 9 10 11 12 13 14 15 16 17 18 19 20 21 22 23 24 25 26 27 28 29 30 32 33 34 35 36 40 41 42 43 44 45 46 47 43_43 .0068582992193528907804298128183080296325
.0639648438 -7474.1313476562 1 2 3 4 5 6 7 8 9 10 11 12 13 14 15 16 17 18 19 20 21 22 23 24 25 26 27 28 29 30 31 32 33 34 35 36 38 39 40 41 42 43 46 43_44 .0067721023060577799885897834939742564179
.0654296875 -7474.1298828125 1 2 3 4 5 6 7 8 9 10 11 12 13 14 15 16 17 18 19 20 21 22 23 24 25 26 27 28 29 30 31 32 34 36 37 38 39 41 42 43 44 45 46 43_45 .0065199573812180608738082397098297472800
.0659179688 -7474.1293945312 1 2 3 4 5 6 7 8 9 10 11 12 13 14 15 16 17 18 19 20 21 22 23 24 25 26 27 28 29 30 32 33 34 35 36 38 40 41 42 43 44 46 47 43_46 .0064380128373738951066404007139766761459
.0664062500 -7474.1289062500 1 2 3 4 5 6 7 8 9 10 11 12 13 14 15 16 17 18 19 20 21 22 23 24 25 26 27 28 29 30 31 32 33 34 36 39 40 41 42 44 45 46 48 43_47 .0063570982106343453131485394448123777374
.0668945312 -7474.1284179688 1 2 3 4 5 6 7 8 9 10 11 12 13 14 15 16 17 18 19 20 21 22 23 24 26 27 28 29 30 31 32 33 34 35 36 37 39 41 42 43 44 46 48 43_48 .0062772005400559254033298445769382274472
.0673828125 -7474.1279296875 1 2 3 4 5 6 7 8 9 10 11 12 13 14 15 16 17 18 19 20 21 22 23 24 25 26 27 28 30 31 32 33 34 35 36 38 39 41 42 43 44 45 46 43_49 .0061983070282125800851420541512446321308
.0683593750 -7474.1269531250 1 2 3 4 5 6 7 8 9 10 11 12 13 14 15 16 17 18 19 20 21 22 23 24 25 26 27 28 29 30 31 32 33 34 35 36 40 42 43 44 45 46 47 43_50 .0060434822214514460731083478373971747531
.0693359375 -7474.1259765625 1 2 3 4 5 6 7 8 9 10 11 12 13 14 15 16 17 18 19 20 21 22 23 24 25 26 27 28 29 30 31 33 34 35 36 37 39 40 42 43 44 45 46 43_51 .0058925247159839582035818132741489632212
.0703125000 -7474.1250000000 1 2 3 4 5 6 7 8 9 10 11 12 13 14 15 16 17 18 19 20 21 22 23 24 25 26 27 28 29 30 31 32 33 34 35 36 39 40 41 42 44 46 47 43_52 .0057453379121785153760114522643353023357
.0708007812 -7474.1245117188 1 2 3 4 5 6 7 8 9 10 11 12 13 14 15 16 17 18 19 20 21 22 23 24 25 27 28 29 30 31 32 33 34 35 36 38 39 41 42 43 44 46 48 43_53 .0056731290048029691898716820998151076601
.0712890625 -7474.1240234375 1 2 3 4 5 6 7 8 9 10 11 12 13 14 15 16 17 18 19 20 21 22 23 24 25 27 28 29 30 31 32 33 34 35 36 37 38 39 40 41 44 46 48 43_54 .0056018276233235651035124250883775279890
.0722656250 -7474.1230468750 1 2 3 4 5 6 7 8 9 10 11 12 13 14 15 16 17 18 19 20 21 22 23 24 25 26 27 28 29 30 31 32 33 34 35 38 39 40 41 42 44 45 46 43_55 .0054619020153563264437778756030548303653
.0727539062 -7474.1225585938 1 2 3 4 5 6 7 8 9 10 11 12 13 14 15 16 17 18 19 20 21 22 23 24 25 26 27 28 29 30 31 32 33 34 36 39 40 41 42 43 44 46 47 43_56 .0053932554043562736511646908698290419192
.0732421875 -7474.1220703125 1 2 3 4 5 6 7 8 9 10 11 12 13 14 15 16 17 18 19 20 21 22 23 24 25 26 27 28 29 30 31 32 33 34 35 36 37 38 40 41 42 43 46 43_57 .0053254715480970028618374023570623341275
.0737304688 -7474.1215820312 1 2 3 4 5 6 7 8 9 10 11 12 13 14 15 16 17 18 19 20 21 22 23 24 25 27 28 29 30 31 32 34 35 36 38 39 40 41 42 43 44 45 46 43_58 .0052585396172195091460882280903818915815
.0742187500 -7474.1210937500 1 2 3 4 5 6 7 8 9 10 11 12 13 14 15 16 17 18 19 20 21 22 23 24 25 26 27 28 29 30 31 32 33 34 36 37 38 39 40 41 42 44 45 43_59 .0051924489179508800485423971478793763684
.0751953125 -7474.1201171875 1 2 3 4 5 6 7 8 9 10 11 12 13 14 15 16 17 18 19 20 21 22 23 24 25 26 27 28 29 30 31 32 33 34 36 37 39 40 42 43 45 46 47 43_60 .0050627490020416430369488541865451509118
.0756835938 -7474.1196289062 1 2 3 4 5 6 7 8 9 10 11 12 13 14 15 16 17 18 19 20 21 22 23 24 25 26 27 28 29 30 31 32 33 34 36 38 39 41 42 43 44 45 46 43_61 .0049991190374095271855108163480701190014
.0761718750 -7474.1191406250 1 2 3 4 5 6 7 8 9 10 11 12 13 14 15 16 17 18 19 20 21 22 23 24 25 26 27 28 29 30 31 32 33 34 35 36 37 40 42 44 45 46 48 43_62 .0049362888037401628142369104589285112820
.0766601562 -7474.1186523438 1 2 3 4 5 6 7 8 9 10 11 12 13 14 15 16 17 18 19 20 21 22 23 24 25 26 27 28 29 30 31 32 33 34 35 37 38 39 41 43 44 46 48 43_63 .0048742482368567673041101242176388803730
.0771484375 -7474.1181640625 1 2 3 4 5 6 7 8 9 10 11 12 13 14 15 16 17 18 19 20 21 22 23 24 25 26 27 28 29 30 31 32 33 34 36 37 39 40 42 44 45 47 48 43_64 .0048129873995538956055208973333430889852
.0776367188 -7474.1176757812 1 2 3 4 5 6 7 8 9 10 11 12 13 14 15 16 17 18 19 20 21 22 23 24 25 26 27 28 29 30 31 32 33 34 35 36 37 39 40 42 45 46 47 43_65 .0047524965046102725250545027870269926224
.0781250000 -7474.1171875000 1 2 3 4 5 6 7 8 9 10 11 12 13 14 15 16 17 18 19 20 21 22 23 24 25 26 27 28 29 30 31 32 33 34 35 36 37 39 42 43 44 46 48 43_66 .0046927658873429086792925248024424983216
.0795898438 -7474.1157226562 1 2 3 4 5 6 7 8 9 10 11 12 13 14 15 16 17 18 19 20 21 22 23 24 25 26 27 28 29 30 31 32 34 35 36 37 39 40 41 42 45 46 48 43_67 .0045180406502255884627137040267601603564
.0800781250 -7474.1152343750 1 2 3 4 5 6 7 8 9 10 11 12 13 14 15 16 17 18 19 20 21 22 23 24 25 26 27 28 29 30 31 32 33 34 35 37 38 39 40 41 43 44 46 43_68 .0044612567353683703692152732046489736580
.0805664062 -7474.1147460938 1 2 3 4 5 6 7 8 9 10 11 12 13 14 15 16 17 18 19 20 21 22 23 24 25 26 27 28 29 30 31 32 34 36 38 39 40 41 42 43 44 45 46 43_69 .0044051864955831883798792435891266050423
.0810546875 -7474.1142578125 1 2 3 4 5 6 7 8 9 10 11 12 13 14 15 16 17 18 19 20 21 22 23 24 25 26 27 28 31 32 33 34 35 36 37 38 39 41 42 43 44 45 46 43_70 .0043498209499480411570398384607156135282
.0815429688 -7474.1137695312 1 2 3 4 5 6 7 8 9 10 11 12 13 14 15 16 17 18 19 20 21 22 23 24 25 26 27 28 29 30 31 32 33 34 36 38 39 41 42 43 44 46 47 43_71 .0042951512530917256596384103674747100288
.0820312500 -7474.1132812500 1 2 3 4 5 6 7 8 9 10 11 12 13 14 15 16 17 18 19 20 21 22 23 24 25 26 27 28 29 30 31 32 34 35 36 39 40 41 42 44 45 46 47 43_72 .0042411686703891427812426626669767909687
.0825195312 -7474.1127929688 1 2 3 4 5 6 7 8 9 10 11 12 13 14 15 16 17 18 19 20 21 22 23 24 25 26 27 28 29 30 31 32 34 35 37 38 39 40 41 42 44 45 46 43_73 .0041878645548844597592811305720081354699
.0834960938 -7474.1118164062 1 2 3 4 5 6 7 8 9 10 11 12 13 14 15 16 17 18 19 20 21 22 23 24 25 26 27 28 29 30 31 32 33 35 36 37 39 40 41 43 44 45 46 43_74 .0040832577028748701817920387286929612469
.0839843750 -7474.1113281250 1 2 3 4 5 6 7 8 9 10 11 12 13 14 15 16 17 18 19 20 21 22 23 24 25 27 28 29 30 32 33 34 35 36 37 38 40 41 42 43 44 45 46 43_75 .0040319382536511122041325149552522972117
.0844726562 -7474.1108398438 1 2 3 4 5 6 7 8 9 10 11 12 13 14 15 16 17 18 19 20 21 22 23 24 25 26 27 28 29 30 31 33 34 36 37 39 40 41 42 44 45 46 47 43_76 .0039812638006681684157992404415188328172
.0849609375 -7474.1103515625 1 2 3 4 5 6 7 8 9 10 11 12 13 14 15 16 17 18 19 20 21 22 23 24 25 27 29 31 32 33 34 35 36 37 38 39 40 41 42 43 44 45 46 43_77 .0039312262272618075975814842751949065524
.0854492188 -7474.1098632812 1 2 3 4 5 6 7 8 9 10 11 12 13 14 15 16 17 18 19 20 21 22 23 24 25 26 27 28 29 30 31 32 33 34 35 36 39 41 42 43 45 46 48 43_78 .0038818175392741866141877836977843253586
.0859375000 -7474.1093750000 1 2 3 4 5 6 7 8 9 10 11 12 13 14 15 16 17 18 19 20 21 22 23 24 25 26 27 28 29 30 31 32 33 34 35 36 37 40 41 42 43 44 48 43_79 .0038330298426361770991646137452321102588
.0864257812 -7474.1088867188 1 2 3 4 5 6 7 8 9 10 11 12 13 14 15 16 17 18 19 20 21 22 23 24 25 26 27 28 29 30 31 32 33 34 35 37 38 39 40 41 42 43 46 43_80 .0037848553225112727046505981706058257835
.0869140625 -7474.1083984375 1 2 3 4 5 6 7 8 9 10 11 12 13 14 15 16 17 18 19 20 21 22 23 24 25 26 27 28 29 30 31 32 33 34 35 38 40 42 43 44 45 46 47 43_81 .0037372862626562515142414162505153439583
.0878906250 -7474.1074218750 1 2 3 4 5 6 7 8 9 10 11 12 13 14 15 16 17 18 19 20 21 22 23 24 25 26 27 28 30 31 32 33 34 35 37 38 39 41 42 43 44 45 46 43_82 .0036439342197850137896535193537421490443
.0883789062 -7474.1069335938 1 2 3 4 5 6 7 8 9 10 11 12 13 14 15 16 17 18 19 20 21 22 23 24 25 27 28 29 30 32 33 34 35 36 37 39 40 41 42 43 44 45 46 43_83 .0035981363028337255836570172949664270981
.0888671875 -7474.1064453125 1 2 3 4 5 6 7 8 9 10 11 12 13 14 15 16 17 18 19 20 21 22 23 24 25 26 27 28 29 30 31 32 33 34 36 39 41 42 43 44 46 47 48 43_84 .0035529139768605212627254433440335041186
.0893554688 -7474.1059570312 1 2 3 4 5 6 7 8 9 10 11 12 13 14 15 16 17 18 19 20 21 22 23 24 25 26 27 28 29 30 31 32 33 34 35 36 37 38 40 41 42 46 47 43_85 .0035082600170064148082420356437276418999
.0898437500 -7474.1054687500 1 2 3 4 5 6 7 8 9 10 11 12 13 14 15 16 17 18 19 20 21 22 23 24 25 26 27 28 29 30 32 34 35 36 37 38 39 40 41 42 44 45 46 43_86 .0034641672888693344239747412820349525106
.0903320312 -7474.1049804688 1 2 3 4 5 6 7 8 9 10 11 12 13 14 15 16 17 18 19 20 21 22 23 24 25 26 27 28 29 30 31 32 33 34 35 36 37 38 41 42 43 44 47 43_87 .0034206287296550665033329684586213445479
.0908203125 -7474.1044921875 1 2 3 4 5 6 7 8 9 10 11 12 13 14 15 16 17 18 19 20 21 22 23 24 25 26 27 28 29 30 31 33 34 36 37 39 42 43 44 45 46 47 48 43_88 .0033776373656747905234246726798302163106
.0913085938 -7474.1040039062 1 2 3 4 5 6 7 8 9 10 11 12 13 14 15 16 17 18 19 20 21 22 23 24 26 27 28 29 30 31 32 34 36 37 39 40 41 42 43 44 45 46 47 43_89 .0033351863284949244049392463103748142474
.0917968750 -7474.1035156250 1 2 3 4 5 6 7 8 9 10 11 12 13 14 15 16 17 18 19 20 21 22 23 24 25 26 27 28 30 31 32 33 34 36 37 38 39 41 42 43 44 45 46 43_90 .0032932688356762713677968626992572173212
.0927734375 -7474.1025390625 1 2 3 4 5 6 7 8 9 10 11 12 13 14 15 16 17 18 19 20 21 22 23 24 25 26 27 28 29 30 31 33 34 35 36 37 39 40 42 44 45 46 47 43_91 .0032110077103762104109090412197406139457
.0932617188 -7474.1020507812 1 2 3 4 5 6 7 8 9 10 11 12 13 14 15 16 17 18 19 20 21 22 23 24 25 26 27 28 29 30 31 32 34 36 37 38 39 40 42 44 45 46 47 43_92 .0031706509186485748111791696007461067114
.0937500000 -7474.1015625000 1 2 3 4 5 6 7 8 9 10 11 12 13 14 15 16 17 18 19 20 21 22 23 24 25 26 27 28 29 30 32 34 35 37 38 39 40 41 42 43 44 45 46 43_93 .0031308013498321651135452083028909038152
.0942382812 -7474.1010742188 1 2 3 4 5 6 7 8 9 10 11 12 13 14 15 16 17 18 19 20 21 22 23 24 25 26 27 28 29 30 31 32 33 34 37 38 39 40 41 42 44 45 46 43_94 .0030914526208040505650017809168136098535
.0947265625 -7474.1005859375 1 2 3 4 5 6 7 8 9 10 11 12 13 14 15 16 17 18 19 20 21 22 23 24 25 26 27 28 29 30 31 32 33 34 35 37 39 41 42 43 45 46 48 43_95 .0030525984289718469136110729629726388960
.0952148438 -7474.1000976562 1 2 3 4 5 6 7 8 9 10 11 12 13 14 15 16 17 18 19 20 21 22 23 24 25 26 27 29 30 31 32 33 34 35 36 37 39 41 42 43 44 45 46 43_96 .0030142325668694196283680994771165534367
.0957031250 -7474.0996093750 1 2 3 4 5 6 7 8 9 10 11 12 13 14 15 16 17 18 19 20 21 22 23 24 25 26 29 30 31 32 33 34 35 36 37 39 40 41 42 43 44 45 46 43_97 .0029763489047495533649602513429864839365
.0961914062 -7474.0991210938 1 2 3 4 5 6 7 8 9 10 11 12 13 14 15 16 17 18 19 20 21 22 23 24 25 26 27 28 29 30 31 32 33 34 35 36 37 40 41 42 43 46 47 43_98 .0029389413743891892420163912469133533103
.0966796875 -7474.0986328125 1 2 3 4 5 6 7 8 9 10 11 12 13 14 15 16 17 18 19 20 21 22 23 24 25 26 27 28 29 30 32 33 34 35 39 40 41 42 43 44 45 46 48 43_99 .0029020039841229854272475507710302014595
.0971679688 -7474.0981445312 1 2 3 4 5 6 7 8 9 10 11 12 13 14 15 16 17 18 19 20 21 22 23 24 25 27 28 30 31 32 33 34 35 36 38 39 41 42 43 44 45 46 48 43_100 .0028655308327189676301951646090998137405
.0976562500 -7474.0976562500 1 2 3 4 5 6 7 8 9 10 11 12 13 14 15 16 17 18 19 20 21 22 23 24 25 26 27 28 29 30 31 32 33 34 35 37 39 40 42 43 44 45 46 43_101 .0028295160928299578640790685249979479819
.0986328125 -7474.0966796875 1 2 3 4 5 6 7 8 9 10 11 12 13 14 15 16 17 18 19 20 21 22 23 24 25 27 28 29 30 31 32 33 34 35 36 39 40 42 43 44 45 46 48 43_102 .0027588388449450225685229360059082692680
.0991210938 -7474.0961914062 1 2 3 4 5 6 7 8 9 10 11 12 13 14 15 16 17 18 19 20 21 22 23 24 25 26 27 28 29 30 31 32 33 34 35 38 39 40 41 44 45 46 48 43_103 .0027241650307664473355447829973099274352
.0996093750 -7474.0957031250 1 2 3 4 5 6 7 8 9 10 11 12 13 14 15 16 17 18 19 20 21 22 23 24 25 27 28 29 30 31 32 33 34 35 36 37 39 40 41 42 43 46 48 43_104 .0026899270131965237112662257932675953882
.1000976562 -7474.0952148438 1 2 3 4 5 6 7 8 9 10 11 12 13 14 15 16 17 18 19 20 21 22 23 24 25 26 27 28 29 30 33 34 35 36 37 38 39 40 41 42 43 44 46 43_105 .0026561193079732748356341387195697053879
.1005859375 -7474.0947265625 1 2 3 4 5 6 7 8 9 10 11 12 13 14 15 16 17 18 19 20 21 22 23 24 25 26 27 28 29 30 31 32 33 34 35 36 37 38 39 41 43 44 45 43_106 .0026227365000250902167180453799345047251
.1015625000 -7474.0937500000 1 2 3 4 5 6 7 8 9 10 11 12 13 14 15 16 17 18 19 20 21 22 23 24 25 26 27 28 29 30 31 33 34 35 37 39 41 42 43 44 45 46 48 43_107 .0025572243093650455275541170607640456994
.1020507812 -7474.0932617188 1 2 3 4 5 6 7 8 9 10 11 12 13 14 15 16 17 18 19 20 21 22 23 24 25 26 27 28 29 30 32 35 36 37 38 39 40 41 42 43 44 45 46 43_108 .0025250844463811782388252952662446763253
.1025390625 -7474.0927734375 1 2 3 4 5 6 7 8 9 10 11 12 13 14 15 16 17 18 19 20 21 22 23 24 25 26 27 28 29 30 31 32 34 36 38 39 40 41 43 44 45 46 47 43_109 .0024933485191306772221841145499606833987
.1030273438 -7474.0922851562 1 2 3 4 5 6 7 8 9 10 11 12 13 14 15 16 17 18 19 20 21 22 23 24 25 26 27 28 29 30 32 33 34 35 36 37 39 40 42 43 45 46 48 43_110 .0024620114573834240340188434190792793980
.1040039062 -7474.0913085938 1 2 3 4 5 6 7 8 9 10 11 12 13 14 15 16 17 18 19 20 21 22 23 24 25 26 27 28 29 30 32 33 34 35 36 37 38 40 42 43 44 46 47 43_111 .0024005139536526781387118552421321138463
.1044921875 -7474.0908203125 1 2 3 4 5 6 7 8 9 10 11 12 13 14 15 16 17 18 19 20 21 22 23 24 25 26 27 28 29 30 31 32 33 34 35 36 39 40 42 43 45 46 48 43_112 .0023703436612071661189222537299804665021
.1049804688 -7474.0903320312 1 2 3 4 5 6 7 8 9 10 11 12 13 14 15 16 17 18 19 20 21 22 23 24 25 26 27 28 29 30 31 32 34 35 36 38 39 40 41 42 45 46 47 43_113 .0023405525569537754851515860442669405183
.1054687500 -7474.0898437500 1 2 3 4 5 6 7 8 9 10 11 12 13 14 15 16 17 18 19 20 21 22 23 24 25 26 27 28 29 30 32 33 35 36 37 38 39 40 42 43 44 45 46 43_114 .0023111358811418234109588974249261140766
.1059570312 -7474.0893554688 1 2 3 4 5 6 7 8 9 10 11 12 13 14 15 16 17 18 19 20 21 22 23 24 25 27 28 29 30 31 32 33 34 35 36 37 38 39 42 43 44 46 48 43_115 .0022820889217941543373498455781719359605
.1064453125 -7474.0888671875 1 2 3 4 5 6 7 8 9 10 11 12 13 14 15 16 17 18 19 20 21 22 23 24 25 26 27 28 29 30 31 32 34 35 36 37 38 41 42 44 45 46 47 43_116 .0022534070263807045997278786961990418135
.1069335938 -7474.0883789062 1 2 3 4 5 6 7 8 9 10 11 12 13 14 15 16 17 18 19 20 21 22 23 24 25 26 27 28 29 30 31 32 33 34 36 37 38 40 41 42 44 46 47 43_117 .0022250856125929494951718167762854449220
.1074218750 -7474.0878906250 1 2 3 4 5 6 7 8 9 10 11 12 13 14 15 16 17 18 19 20 21 22 23 24 25 26 27 28 30 31 32 33 34 36 39 41 42 43 44 45 46 47 48 43_118 .0021971201554939323972707957322343310971
.1079101562 -7474.0874023438 1 2 3 4 5 6 7 8 9 10 11 12 13 14 15 16 17 18 19 20 21 22 23 24 25 26 27 28 29 30 31 32 33 34 35 38 39 40 41 42 43 46 48 43_119 .0021695061755634030337587635611695933401
.1083984375 -7474.0869140625 1 2 3 4 5 6 7 8 9 10 11 12 13 14 15 16 17 18 19 20 21 22 23 24 25 26 27 28 30 31 32 33 34 35 36 37 40 41 42 44 45 46 48 43_120 .0021422392497954878301828333195882431152
.1088867188 -7474.0864257812 1 2 3 4 5 6 7 8 9 10 11 12 13 14 15 16 17 18 19 20 21 22 23 24 25 26 27 28 29 30 32 34 35 36 37 39 40 41 42 44 45 46 47 43_121 .0021153150219415990391243957846334628164
.1093750000 -7474.0859375000 1 2 3 4 5 6 7 8 9 10 11 12 13 14 15 16 17 18 19 20 21 22 23 24 25 26 27 28 30 31 32 33 34 35 36 37 38 39 40 41 42 43 44 43_122 .0020887291902943940220056956916796597107
.1098632812 -7474.0854492188 1 2 3 4 5 6 7 8 9 10 11 12 13 14 15 16 17 18 19 20 21 22 23 24 25 26 27 28 29 30 32 33 34 35 36 40 41 42 43 44 45 46 48 43_123 .0020624774963226850955090607702231721651
.1103515625 -7474.0849609375 1 2 3 4 5 6 7 8 9 10 11 12 13 14 15 16 17 18 19 20 21 22 23 24 25 26 27 28 30 31 32 33 34 35 36 37 38 39 42 43 44 45 46 43_124 .0020365557352216262990700201645939474557
.1113281250 -7474.0839843750 1 2 3 4 5 6 7 8 9 10 11 12 13 14 15 16 17 18 19 20 21 22 23 24 25 26 27 28 29 30 31 32 33 34 37 38 39 40 41 42 43 45 46 43_125 .0019856854981183678031594981922768487663
.1118164062 -7474.0834960938 1 2 3 4 5 6 7 8 9 10 11 12 13 14 15 16 17 18 19 20 21 22 23 24 26 27 28 29 30 31 32 33 34 36 37 39 40 41 43 44 45 46 47 43_126 .0019607288841815861206027135195774009017
.1123046875 -7474.0830078125 1 2 3 4 5 6 7 8 9 10 11 12 13 14 15 16 17 18 19 20 21 22 23 24 25 26 27 28 29 31 32 33 34 36 37 38 39 41 42 43 44 46 47 43_127 .0019360859264715890065127187713060293102
.1127929688 -7474.0825195312 1 2 3 4 5 6 7 8 9 10 11 12 13 14 15 16 17 18 19 20 21 22 23 24 26 27 28 29 30 31 32 33 34 35 36 37 38 39 41 43 44 46 48 43_128 .0019117526879530599085091992837064765902
.1132812500 -7474.0820312500 1 2 3 4 5 6 7 8 9 10 11 12 13 14 15 16 17 18 19 20 21 22 23 24 25 27 28 29 30 31 33 34 35 36 37 39 40 42 43 44 45 46 48 43_129 .0018877252808832797642191321489752445666
.1137695312 -7474.0815429688 1 2 3 4 5 6 7 8 9 10 11 12 13 14 15 16 17 18 19 20 21 22 23 24 25 26 27 28 29 30 31 32 33 34 36 39 40 41 42 43 45 46 48 43_130 .0018639998565407293963971321086883532735
.1142578125 -7474.0810546875 1 2 3 4 5 6 7 8 9 10 11 12 13 14 15 16 17 18 19 20 21 22 23 24 25 26 27 29 30 32 33 34 35 36 37 38 39 40 41 43 44 45 46 43_131 .0018405726147600040301252549974786388965
.1152343750 -7474.0800781250 1 2 3 4 5 6 7 8 9 10 11 12 13 14 15 16 17 18 19 20 21 22 23 24 25 27 28 30 32 33 34 35 36 38 39 40 41 42 43 44 45 46 48 43_132 .0017945977545097803234707828036075672288
.1157226562 -7474.0795898438 1 2 3 4 5 6 7 8 9 10 11 12 13 14 15 16 17 18 19 20 21 22 23 24 25 26 27 28 29 30 32 34 36 37 38 39 40 42 43 44 45 46 47 43_133 .0017720427812405712467401547995667728371
.1162109375 -7474.0791015625 1 2 3 4 5 6 7 8 9 10 11 12 13 14 15 16 17 18 19 20 21 22 23 24 25 26 27 28 29 30 31 32 33 34 38 39 40 41 42 44 45 46 48 43_134 .0017497712802336156776876947123490217771
.1166992188 -7474.0786132812 1 2 3 4 5 6 7 8 9 10 11 12 13 14 15 16 17 18 19 20 21 22 23 24 25 26 27 30 31 32 33 34 36 37 39 40 41 42 43 44 45 46 48 43_135 .0017277796933248714224413635561764230927
.1171875000 -7474.0781250000 1 2 3 4 5 6 7 8 9 10 11 12 13 14 15 16 17 18 19 20 21 22 23 24 25 26 27 29 31 32 33 34 35 36 37 39 40 41 42 44 45 46 48 43_136 .0017060645068993373378626999946299949822
.1176757812 -7474.0776367188 1 2 3 4 5 6 7 8 9 10 11 12 13 14 15 16 17 18 19 20 21 22 23 24 25 26 27 28 29 30 31 32 33 34 35 36 37 38 40 41 44 46 48 43_137 .0016846222426080993618163327258189056950
.1181640625 -7474.0771484375 1 2 3 4 5 6 7 8 9 10 11 12 13 14 15 16 17 18 19 20 21 22 23 24 25 26 27 28 29 30 31 32 33 34 35 37 38 39 42 43 44 46 48 43_138 .0016634494659856751018393072541268547122
.1186523438 -7474.0766601562 1 2 3 4 5 6 7 8 9 10 11 12 13 14 15 16 17 18 19 20 21 22 23 24 25 26 27 28 29 31 32 34 35 37 38 39 40 41 42 43 44 45 46 43_139 .0016425427944036360660703664374378677549
.1191406250 -7474.0761718750 1 2 3 4 5 6 7 8 9 10 11 12 13 14 15 16 17 18 19 20 21 22 23 24 25 26 27 28 29 30 31 32 33 34 37 38 39 40 42 44 45 46 48 43_140 .0016218988875848481193156924579363608937
.1196289062 -7474.0756835938 1 2 3 4 5 6 7 8 9 10 11 12 13 14 15 16 17 18 19 20 21 22 23 24 25 26 27 28 29 30 31 32 34 35 36 39 40 41 43 44 45 46 47 43_141 .0016015144387784753260333882231559848556
.1201171875 -7474.0751953125 1 2 3 4 5 6 7 8 9 10 11 12 13 14 15 16 17 18 19 20 21 22 23 24 25 26 27 28 29 30 31 32 34 35 38 39 40 41 42 44 45 46 47 43_142 .0015813861829522033661405460820348841154
.1206054688 -7474.0747070312 1 2 3 4 5 6 7 8 9 10 11 12 13 14 15 16 17 18 19 20 21 22 23 24 25 26 27 28 29 30 31 32 33 34 37 38 40 42 43 44 45 46 47 43_143 .0015615109043534841400365285242167583742
.1210937500 -7474.0742187500 1 2 3 4 5 6 7 8 9 10 11 12 13 14 15 16 17 18 19 20 21 22 23 24 25 26 27 28 29 31 32 33 34 35 36 38 40 42 43 44 45 46 47 43_144 .0015418854274917390850734134859867529429
.1215820312 -7474.0737304688 1 2 3 4 5 6 7 8 9 10 11 12 13 14 15 16 17 18 19 20 21 22 23 24 25 26 27 29 30 31 32 33 34 36 37 38 39 40 42 43 44 46 47 43_145 .0015225066087487283074843969611964321761
.1220703125 -7474.0732421875 1 2 3 4 5 6 7 8 9 10 11 12 13 14 15 16 17 18 19 20 21 22 23 24 25 26 28 29 30 31 32 33 35 36 37 38 39 40 41 42 44 46 47 43_146 .0015033713441666254126211456621543905856
.1230468750 -7474.0722656250 1 2 3 4 5 6 7 8 9 10 11 12 13 14 15 16 17 18 19 20 21 22 23 24 25 26 27 28 29 30 31 33 34 36 38 39 40 42 44 45 46 47 48 43_147 .0014658192873241063726777525293677295848
.1240234375 -7474.0712890625 1 2 3 4 5 6 7 8 9 10 11 12 13 14 15 16 17 18 19 20 21 22 23 24 25 26 27 28 29 30 32 33 34 35 37 39 41 42 43 44 45 46 48 43_148 .0014292052269244325856125818426231886702
.1250000000 -7474.0703125000 1 2 3 4 5 6 7 8 9 10 11 12 13 14 15 16 17 18 19 20 21 22 23 24 25 26 27 28 29 30 31 33 34 35 38 39 40 41 42 44 45 46 48 43_149 .0013935057331637325858556634486976123672
.1264648438 -7474.0688476562 1 2 3 4 5 6 7 8 9 10 11 12 13 14 15 16 17 18 19 20 21 22 23 24 25 26 27 28 29 30 31 32 33 34 35 37 38 42 43 44 45 46 48 43_150 .0013416214871782079361322057133710072677
.1269531250 -7474.0683593750 1 2 3 4 5 6 7 8 9 10 11 12 13 14 15 16 17 18 19 20 21 22 23 24 25 26 27 29 30 31 32 34 35 36 37 38 40 41 42 44 45 46 47 43_151 .0013247596379394814459430112068136990921
.1274414062 -7474.0678710938 1 2 3 4 5 6 7 8 9 10 11 12 13 14 15 16 17 18 19 20 21 22 23 24 25 26 27 28 29 30 31 32 34 35 37 38 39 40 42 43 44 45 46 43_152 .0013081097128257535400645031869192225739
.1279296875 -7474.0673828125 1 2 3 4 5 6 7 8 9 10 11 12 13 14 15 16 17 18 19 20 21 22 23 24 25 26 27 28 30 31 32 33 34 35 36 37 39 40 41 44 45 47 48 43_153 .0012916690449734732974767315178656846229
.1284179688 -7474.0668945312 1 2 3 4 5 6 7 8 9 10 11 12 13 14 15 16 17 18 19 20 21 22 23 24 25 26 28 29 30 32 33 34 35 36 37 38 39 40 41 42 43 46 47 43_154 .0012754350077705788114976494422663334672
.1289062500 -7474.0664062500 1 2 3 4 5 6 7 8 9 10 11 12 13 14 15 16 17 18 19 20 21 22 23 24 25 26 27 28 29 30 31 32 33 34 37 38 39 40 42 45 46 47 48 43_155 .0012594050074908018551782897486179973194
.1293945312 -7474.0659179688 1 2 3 4 5 6 7 8 9 10 11 12 13 14 15 16 17 18 19 20 21 22 23 24 25 26 27 28 29 30 31 32 33 34 35 36 38 39 43 44 45 46 48 43_156 .0012435764764410555290108617931422481814
.1298828125 -7474.0654296875 1 2 3 4 5 6 7 8 9 10 11 12 13 14 15 16 17 18 19 20 21 22 23 24 25 26 27 28 29 30 32 33 34 35 36 37 40 41 42 43 45 46 48 43_157 .0012279468793226983762980164292841006135
.1303710938 -7474.0649414062 1 2 3 4 5 6 7 8 9 10 11 12 13 14 15 16 17 18 19 20 21 22 23 24 25 26 27 28 29 30 32 33 34 36 37 40 41 42 43 44 46 47 48 43_158 .0012125137191028432491507952347824336163
.1308593750 -7474.0644531250 1 2 3 4 5 6 7 8 9 10 11 12 13 14 15 16 17 18 19 20 21 22 23 24 25 26 27 29 30 31 32 33 34 37 39 40 41 42 43 44 45 46 48 43_159 .0011972745300120352853921487332526935539
.1313476562 -7474.0639648438 1 2 3 4 5 6 7 8 9 10 11 12 13 14 15 16 17 18 19 20 21 22 23 24 25 27 28 29 30 31 32 33 34 35 37 38 39 40 41 44 45 46 48 43_160 .0011822268710297008430571611040912564012
.1318359375 -7474.0634765625 1 2 3 4 5 6 7 8 9 10 11 12 13 14 15 16 17 18 19 20 21 22 23 24 25 26 27 28 29 30 31 33 34 36 39 40 41 42 43 44 46 47 48 43_161 .0011673683319315901091733613302464388943
.1323242188 -7474.0629882812 1 2 3 4 5 6 7 8 9 10 11 12 13 14 15 16 17 18 19 20 21 22 23 24 25 26 27 28 29 30 31 32 33 34 36 37 40 41 43 44 46 47 48 43_162 .0011526965388714355188412360427859852491
.1328125000 -7474.0625000000 1 2 3 4 5 6 7 8 9 10 11 12 13 14 15 16 17 18 19 20 21 22 23 24 25 26 27 28 29 30 31 32 33 34 38 39 40 41 42 43 45 46 48 43_163 .0011382091477240766758670425431972970875
.1333007812 -7474.0620117188 1 2 3 4 5 6 7 8 9 10 11 12 13 14 15 16 17 18 19 20 21 22 23 24 25 26 27 28 29 30 33 34 35 37 38 39 40 41 42 43 44 45 46 43_164 .0011239038378922929294209472635087448729
.1337890625 -7474.0615234375 1 2 3 4 5 6 7 8 9 10 11 12 13 14 15 16 17 18 19 20 21 22 23 24 25 26 28 30 31 32 33 34 35 36 37 39 40 41 42 43 45 46 48 43_165 .0011097783180559062949693809456478559487
.1347656250 -7474.0605468750 1 2 3 4 5 6 7 8 9 10 11 12 13 14 15 16 17 18 19 20 21 22 23 24 25 26 27 28 29 32 34 35 36 37 38 39 40 41 42 44 45 46 47 43_166 .0010820576496768423931160654497652130359
.1352539062 -7474.0600585938 1 2 3 4 5 6 7 8 9 10 11 12 13 14 15 16 17 18 19 20 21 22 23 24 25 26 27 28 29 30 31 32 33 34 35 36 40 41 42 43 44 45 48 43_167 .0010684580665374601848794768308311661030
.1357421875 -7474.0595703125 1 2 3 4 5 6 7 8 9 10 11 12 13 14 15 16 17 18 19 20 21 22 23 24 25 26 27 28 29 30 31 32 33 37 38 39 40 42 43 44 45 46 47 43_168 .0010550294037779078268913746499502419454
.1362304688 -7474.0590820312 1 2 3 4 5 6 7 8 9 10 11 12 13 14 15 16 17 18 19 20 21 22 23 24 26 27 29 30 31 32 33 34 35 36 37 39 40 42 43 44 45 46 48 43_169 .0010417695159933941977709741319980152614
.1367187500 -7474.0585937500 1 2 3 4 5 6 7 8 9 10 11 12 13 14 15 16 17 18 19 20 21 22 23 24 25 26 27 28 29 30 33 34 35 37 38 39 40 42 43 44 45 46 48 43_170 .0010286762846400949490964362546438876095
.1372070312 -7474.0581054688 1 2 3 4 5 6 7 8 9 10 11 12 13 14 15 16 17 18 19 20 21 22 23 24 25 27 28 29 30 31 32 33 34 37 38 39 40 42 44 45 46 47 48 43_171 .0010157476124379698892432118324515512600
.1376953125 -7474.0576171875 1 2 3 4 5 6 7 8 9 10 11 12 13 14 15 16 17 18 19 20 21 22 23 24 25 26 27 28 29 30 31 32 33 34 35 36 37 40 41 42 46 47 48 43_172 .0010029814285666145933834625817387862672
.1386718750 -7474.0566406250 1 2 3 4 5 6 7 8 9 10 11 12 13 14 15 16 17 18 19 20 21 22 23 24 25 26 27 28 29 30 31 33 34 35 36 37 38 39 40 42 44 45 48 43_173 .0009779283930916015823301443803475236005
.1391601562 -7474.0561523438 1 2 3 4 5 6 7 8 9 10 11 12 13 14 15 16 17 18 19 20 21 22 23 24 25 26 27 28 30 31 33 34 35 36 38 39 40 41 42 44 45 46 48 43_174 .0009656375336441557221453569644907746886
.1396484375 -7474.0556640625 1 2 3 4 5 6 7 8 9 10 11 12 13 14 15 16 17 18 19 20 21 22 23 24 25 26 27 28 29 30 31 32 34 36 37 38 40 42 43 44 45 46 47 43_175 .0009535011464583712720809881112404549329
.1401367188 -7474.0551757812 1 2 3 4 5 6 7 8 9 10 11 12 13 14 15 16 17 18 19 20 21 22 23 24 25 26 27 28 31 32 33 34 36 38 39 40 41 42 43 44 45 46 47 43_176 .0009415172925874088110207295498642800225
.1406250000 -7474.0546875000 1 2 3 4 5 6 7 8 9 10 11 12 13 14 15 16 17 18 19 20 21 22 23 24 25 27 28 29 30 31 32 33 34 35 37 39 40 42 43 44 45 46 48 43_177 .0009296840573604941358259287054464445654
.1411132812 -7474.0541992188 1 2 3 4 5 6 7 8 9 10 11 12 13 14 15 16 17 18 19 20 21 22 23 24 25 26 27 29 30 32 33 34 35 36 37 39 40 42 43 44 45 46 48 43_178 .0009179995453243672651867938389265570410
.1416015625 -7474.0537109375 1 2 3 4 5 6 7 8 9 10 11 12 13 14 15 16 17 18 19 20 21 22 23 24 25 26 28 29 30 31 32 33 34 35 36 37 38 39 40 42 43 46 47 43_179 .0009064618849391235689990419397454478502
.1420898438 -7474.0532226562 1 2 3 4 5 6 7 8 9 10 11 12 13 14 15 16 17 18 19 20 21 22 23 24 25 26 27 28 30 31 32 33 34 36 37 39 42 43 44 45 46 47 48 43_180 .0008950692329123733247347919344762991396
.1425781250 -7474.0527343750 1 2 3 4 5 6 7 8 9 10 11 12 13 14 15 16 17 18 19 20 21 22 23 24 25 27 28 29 30 31 34 35 36 38 39 40 41 42 43 44 45 46 48 43_181 .0008838197690301760787825352022158789331
.1430664062 -7474.0522460938 1 2 3 4 5 6 7 8 9 10 11 12 13 14 15 16 17 18 19 20 21 22 23 24 25 26 27 28 30 32 33 34 35 36 37 38 40 42 43 44 45 46 47 43_182 .0008727116913480441517272310031861940217
.1435546875 -7474.0517578125 1 2 3 4 5 6 7 8 9 10 11 12 13 14 15 16 17 18 19 20 21 22 23 24 25 26 27 30 32 33 34 35 36 37 38 40 41 42 43 44 45 46 47 43_183 .0008617432206551229042261139190086107742
.1440429688 -7474.0512695312 1 2 3 4 5 6 7 8 9 10 11 12 13 14 15 16 17 18 19 20 21 22 23 24 25 26 27 28 29 30 31 32 35 36 38 40 41 42 43 44 45 46 47 43_184 .0008509126045945323387860966775914848531
.1445312500 -7474.0507812500 1 2 3 4 5 6 7 8 9 10 11 12 13 14 15 16 17 18 19 20 21 22 23 24 25 26 27 28 29 30 31 33 34 35 36 37 38 39 41 42 43 45 46 43_185 .0008402181127493080033509364616027172386
.1450195312 -7474.0502929688 1 2 3 4 5 6 7 8 9 10 11 12 13 14 15 16 17 18 19 20 21 22 23 24 25 26 27 28 29 30 31 32 33 34 35 37 38 39 42 43 44 46 47 43_186 .0008296580320706476762046610037395901029
.1455078125 -7474.0498046875 1 2 3 4 5 6 7 8 9 10 11 12 13 14 15 16 17 18 19 20 21 22 23 24 25 27 29 30 31 32 33 34 35 36 38 39 40 41 42 44 45 46 47 43_187 .0008192306711218593397567184945475940341
.1459960938 -7474.0493164062 1 2 3 4 5 6 7 8 9 10 11 12 13 14 15 16 17 18 19 20 21 22 23 24 25 26 28 29 30 31 32 33 35 36 37 39 40 41 42 44 46 47 48 43_188 .0008089343639954331513655542975886347274
.1464843750 -7474.0488281250 1 2 3 4 5 6 7 8 9 10 11 12 13 14 15 16 17 18 19 20 21 22 23 24 25 27 28 29 30 32 34 35 36 37 38 39 40 41 42 44 45 46 47 43_189 .0007987674656414086007544015142638857017
.1469726562 -7474.0483398438 1 2 3 4 5 6 7 8 9 10 11 12 13 14 15 16 17 18 19 20 21 22 23 24 25 26 27 28 29 30 32 34 35 36 37 38 39 40 42 43 45 46 47 43_190 .0007887283475211604096173758174431173082
.1474609375 -7474.0478515625 1 2 3 4 5 6 7 8 9 10 11 12 13 14 15 16 17 18 19 20 21 22 23 24 25 26 27 28 29 30 32 33 34 35 36 38 39 40 41 44 46 47 48 43_191 .0007788154016419789767399109894711813476
.1479492188 -7474.0473632812 1 2 3 4 5 6 7 8 9 10 11 12 13 14 15 16 17 18 19 20 21 22 23 24 25 26 27 28 29 30 31 32 33 36 39 40 41 42 44 45 46 47 48 43_192 .0007690270442809006589621025857497025131
.1484375000 -7474.0468750000 1 2 3 4 5 6 7 8 9 10 11 12 13 14 15 16 17 18 19 20 21 22 23 24 25 26 27 28 30 33 34 35 37 38 39 40 41 42 43 44 45 46 48 43_193 .0007593617115435415198728123912115980614
.1489257812 -7474.0463867188 1 2 3 4 5 6 7 8 9 10 11 12 13 14 15 16 17 18 19 20 21 22 23 24 25 26 27 28 29 30 31 33 34 36 37 39 40 41 42 43 44 47 48 43_194 .0007498178552322958732247830706597539755
.1494140625 -7474.0458984375 1 2 3 4 5 6 7 8 9 10 11 12 13 14 15 16 17 18 19 20 21 22 23 24 25 26 27 28 29 30 32 33 34 35 37 38 40 42 43 44 45 46 48 43_195 .0007403939466818779692833780892388437857
.1499023438 -7474.0454101562 1 2 3 4 5 6 7 8 9 10 11 12 13 14 15 16 17 18 19 20 21 22 23 24 25 26 27 28 29 30 31 32 34 35 38 39 40 42 43 44 45 46 47 43_196 .0007310884802994438166127596949219139881
.1503906250 -7474.0449218750 1 2 3 4 5 6 7 8 9 10 11 12 13 14 15 16 17 18 19 20 21 22 23 24 25 26 27 28 29 30 31 33 34 38 39 40 41 42 43 44 46 47 48 43_197 .0007218999693425218679069805648479627866
.1513671875 -7474.0439453125 1 2 3 4 5 6 7 8 9 10 11 12 13 14 15 16 17 18 19 20 21 22 23 24 25 26 27 28 29 30 31 32 33 34 36 38 39 40 41 43 44 46 48 43_198 .0007038679449936803883443810667260670833
.1518554688 -7474.0434570312 1 2 3 4 5 6 7 8 9 10 11 12 13 14 15 16 17 18 19 20 21 22 23 24 25 26 27 29 31 33 34 35 36 37 38 39 40 41 42 43 44 45 46 43_199 .0006950215470332903390076329169436769787
.1523437500 -7474.0429687500 1 2 3 4 5 6 7 8 9 10 11 12 13 14 15 16 17 18 19 20 21 22 23 24 25 26 27 28 29 30 31 33 34 37 39 40 41 42 43 44 46 47 48 43_200 .0006862863347131666154380645760226434600
.1528320312 -7474.0424804688 1 2 3 4 5 6 7 8 9 10 11 12 13 14 15 16 17 18 19 20 21 22 23 24 25 26 27 29 30 31 32 33 35 36 37 39 41 42 43 44 45 46 48 43_201 .0006776609088228353864287146983295520435
.1533203125 -7474.0419921875 1 2 3 4 5 6 7 8 9 10 11 12 13 14 15 16 17 18 19 20 21 22 23 24 25 26 28 31 32 33 34 35 36 38 39 40 41 42 43 44 45 46 47 43_202 .0006691438878044961830185580721393570195
.1538085938 -7474.0415039062 1 2 3 4 5 6 7 8 9 10 11 12 13 14 15 16 17 18 19 20 21 22 23 24 25 26 27 28 29 31 32 34 35 37 38 40 41 42 43 44 45 46 47 43_203 .0006607339109524684765577276381320175113
.1542968750 -7474.0410156250 1 2 3 4 5 6 7 8 9 10 11 12 13 14 15 16 17 18 19 20 21 22 23 24 25 26 27 28 29 30 31 32 33 34 36 37 38 39 40 42 45 47 48 43_204 .0006524296345974232109556756541801141177
.1547851562 -7474.0405273438 1 2 3 4 5 6 7 8 9 10 11 12 13 14 15 16 17 18 19 20 21 22 23 24 25 26 27 29 30 31 32 33 34 35 36 37 38 39 42 43 44 46 47 43_205 .0006442297285564148841390933271543392724
.1552734375 -7474.0400390625 1 2 3 4 5 6 7 8 9 10 11 12 13 14 15 16 17 18 19 20 21 22 23 24 25 26 27 28 29 30 31 32 33 35 37 38 40 42 43 44 45 46 48 43_206 .0006361328794283085137084547351711398407
.1557617188 -7474.0395507812 1 2 3 4 5 6 7 8 9 10 11 12 13 14 15 16 17 18 19 20 21 22 23 24 25 26 28 30 31 32 33 34 35 36 37 38 39 40 41 42 45 46 48 43_207 .0006281377936353872812363744405691266300
.1562500000 -7474.0390625000 1 2 3 4 5 6 7 8 9 10 11 12 13 14 15 16 17 18 19 20 21 22 23 24 25 26 27 28 29 30 32 33 34 35 36 37 39 41 43 44 45 47 48 43_208 .0006202431937958281285299215768456577688
.1567382812 -7474.0385742188 1 2 3 4 5 6 7 8 9 10 11 12 13 14 15 16 17 18 19 20 21 22 23 24 25 26 28 30 31 32 33 34 35 36 37 38 39 41 42 43 44 45 47 43_209 .0006124478153488651117938637395995575640
.1572265625 -7474.0380859375 1 2 3 4 5 6 7 8 9 10 11 12 13 14 15 16 17 18 19 20 21 22 23 24 25 26 28 29 30 33 34 35 36 37 38 39 40 41 42 43 44 46 47 43_210 .0006047504096876424139879666740717472468
.1577148438 -7474.0375976562 1 2 3 4 5 6 7 8 9 10 11 12 13 14 15 16 17 18 19 20 21 22 23 24 25 26 27 28 29 32 34 35 37 38 39 40 41 42 43 44 45 46 48 43_211 .0005971497470507697548406604724504276009
.1582031250 -7474.0371093750 1 2 3 4 5 6 7 8 9 10 11 12 13 14 15 16 17 18 19 20 21 22 23 24 25 26 27 28 30 31 32 33 34 36 37 38 39 41 43 44 45 46 48 43_212 .0005896446130737553693113339162984350784
.1586914062 -7474.0366210938 1 2 3 4 5 6 7 8 9 10 11 12 13 14 15 16 17 18 19 20 21 22 23 24 25 26 27 29 30 32 33 34 35 36 37 40 41 42 43 44 45 46 48 43_213 .0005822338055806608485838847004741303384
.1591796875 -7474.0361328125 1 2 3 4 5 6 7 8 9 10 11 12 13 14 15 16 17 18 19 20 21 22 23 24 25 27 28 29 30 31 32 33 34 35 36 39 41 42 44 45 46 47 48 43_214 .0005749161375624004922663888348180251606
.1596679688 -7474.0356445312 1 2 3 4 5 6 7 8 9 10 11 12 13 14 15 16 17 18 19 20 21 22 23 24 26 27 28 29 30 33 34 35 37 38 39 40 41 42 43 44 45 46 48 43_215 .0005676904399256470408094744194136288709
.1601562500 -7474.0351562500 1 2 3 4 5 6 7 8 9 10 11 12 13 14 15 16 17 18 19 20 21 22 23 24 26 27 28 29 31 32 33 34 35 36 37 38 39 40 41 44 45 46 47 43_216 .0005605555582143934960736291348983182003
.1606445312 -7474.0346679688 1 2 3 4 5 6 7 8 9 10 11 12 13 14 15 16 17 18 19 20 21 22 23 24 25 27 28 29 31 32 33 34 35 36 37 38 39 40 41 42 43 46 48 43_217 .0005535103495598858915513396582903509741
.1611328125 -7474.0341796875 1 2 3 4 5 6 7 8 9 10 11 12 13 14 15 16 17 18 19 20 21 22 23 24 25 26 27 28 30 31 32 33 37 38 39 40 41 42 43 44 45 46 47 43_218 .0005465536855119936108355543874233463017
.1616210938 -7474.0336914062 1 2 3 4 5 6 7 8 9 10 11 12 13 14 15 16 17 18 19 20 21 22 23 24 25 26 27 28 29 30 31 32 33 37 38 39 40 41 43 44 45 46 48 43_219 .0005396844546525028073321150206513237253
.1625976562 -7474.0327148438 1 2 3 4 5 6 7 8 9 10 11 12 13 14 15 16 17 18 19 20 21 22 23 24 25 26 27 28 29 31 32 34 35 37 38 39 40 41 42 44 45 46 47 43_220 .0005262039135023447510687840863969131219
.1630859375 -7474.0322265625 1 2 3 4 5 6 7 8 9 10 11 12 13 14 15 16 17 18 19 20 21 22 23 24 25 26 27 29 30 31 32 33 34 35 36 39 40 42 43 44 46 47 48 43_221 .0005195904439442187603933157160954981896
.1640625000 -7474.0312500000 1 2 3 4 5 6 7 8 9 10 11 12 13 14 15 16 17 18 19 20 21 22 23 24 25 26 27 28 29 30 31 32 33 34 35 37 38 40 42 44 45 47 48 43_222 .0005066118209569360938216993758813186849
.1650390625 -7474.0302734375 1 2 3 4 5 6 7 8 9 10 11 12 13 14 15 16 17 18 19 20 21 22 23 24 25 26 28 29 30 31 32 33 34 35 37 38 39 40 41 42 45 46 48 43_223 .0004939573853303126344866571215894240111
.1655273438 -7474.0297851562 1 2 3 4 5 6 7 8 9 10 11 12 13 14 15 16 17 18 19 20 21 22 23 24 25 26 27 28 29 30 31 33 34 35 36 38 40 41 42 44 45 46 48 43_224 .0004877491986424746016076805865315686829
.1660156250 -7474.0292968750 1 2 3 4 5 6 7 8 9 10 11 12 13 14 15 16 17 18 19 20 21 22 23 24 25 26 27 28 29 30 31 32 33 34 36 37 40 42 43 44 46 47 48 43_225 .0004816190393297185865693896912914699059
.1665039062 -7474.0288085938 1 2 3 4 5 6 7 8 9 10 11 12 13 14 15 16 17 18 19 20 21 22 23 24 26 27 29 31 32 33 34 35 36 37 38 39 40 41 42 44 45 46 48 43_226 .0004755659254602034019509710882939216785
.1669921875 -7474.0283203125 1 2 3 4 5 6 7 8 9 10 11 12 13 14 15 16 17 18 19 20 21 22 23 24 25 26 27 28 29 30 31 33 34 35 38 39 40 41 43 44 45 46 48 43_227 .0004695888874903042013717622212878554653
.1674804688 -7474.0278320312 1 2 3 4 5 6 7 8 9 10 11 12 13 14 15 16 17 18 19 20 21 22 23 24 25 26 28 30 31 32 33 34 35 37 38 39 41 42 43 44 45 46 47 43_228 .0004636869705099061847178793685809295633
.1684570312 -7474.0268554688 1 2 3 4 5 6 7 8 9 10 11 12 13 14 15 16 17 18 19 20 21 22 23 24 25 26 27 28 29 30 31 32 33 34 35 36 38 39 40 43 45 46 48 43_229 .0004521047371643566839303391238905950183
.1694335938 -7474.0258789062 1 2 3 4 5 6 7 8 9 10 11 12 13 14 15 16 17 18 19 20 21 22 23 24 25 27 29 31 32 33 34 35 36 38 39 40 41 42 43 44 45 46 47 43_230 .0004408118090589750521805387671831852563
.1699218750 -7474.0253906250 1 2 3 4 5 6 7 8 9 10 11 12 13 14 15 16 17 18 19 20 21 22 23 24 25 26 28 29 30 31 32 33 35 36 37 38 39 40 42 43 44 46 47 43_231 .0004352715711170230900874351873282958890
.1704101562 -7474.0249023438 1 2 3 4 5 6 7 8 9 10 11 12 13 14 15 16 17 18 19 20 21 22 23 24 25 26 27 28 29 30 31 33 34 35 37 38 39 40 43 44 45 46 48 43_232 .0004298009643324554294011820491868958506
.1708984375 -7474.0244140625 1 2 3 4 5 6 7 8 9 10 11 12 13 14 15 16 17 18 19 20 21 22 23 24 25 26 27 28 29 30 32 34 35 36 37 38 39 40 41 42 44 45 47 43_233 .0004243991124633829606164999343953586239
.1713867188 -7474.0239257812 1 2 3 4 5 6 7 8 9 10 11 12 13 14 15 16 17 18 19 20 21 22 23 24 25 26 28 30 31 32 33 34 36 37 39 40 41 42 43 44 45 46 48 43_234 .0004190651524932054200759550028931290691
.1723632812 -7474.0229492188 1 2 3 4 5 6 7 8 9 10 11 12 13 14 15 16 17 18 19 20 21 22 23 24 25 26 27 28 29 30 33 35 37 38 39 40 41 42 43 44 45 46 48 43_235 .0004085975079574379525418813138055498073
.1728515625 -7474.0224609375 1 2 3 4 5 6 7 8 9 10 11 12 13 14 15 16 17 18 19 20 21 22 23 24 25 26 27 30 31 32 33 34 35 36 37 38 39 41 43 44 45 46 48 43_236 .0004034621467199723231816738069056079403
.1738281250 -7474.0214843750 1 2 3 4 5 6 7 8 9 10 11 12 13 14 15 16 17 18 19 20 21 22 23 24 25 27 28 29 30 31 33 34 37 38 39 40 42 43 44 45 46 47 48 43_237 .0003933842417989949798482190678891190409
.1743164062 -7474.0209960938 1 2 3 4 5 6 7 8 9 10 11 12 13 14 15 16 17 18 19 20 21 22 23 24 25 27 28 29 31 32 33 34 35 37 38 39 40 41 42 43 44 45 48 43_238 .0003884400859089035346854291829706689914
.1748046875 -7474.0205078125 1 2 3 4 5 6 7 8 9 10 11 12 13 14 15 16 17 18 19 20 21 22 23 24 25 27 28 29 30 31 32 33 34 35 36 39 40 42 43 44 46 47 48 43_239 .0003835580684677639012741121026641926591
.1752929688 -7474.0200195312 1 2 3 4 5 6 7 8 9 10 11 12 13 14 15 16 17 18 19 20 21 22 23 24 25 26 27 28 29 30 31 33 34 35 36 37 39 42 43 45 46 47 48 43_240 .0003787374095093355015197453266914964775
.1757812500 -7474.0195312500 1 2 3 4 5 6 7 8 9 10 11 12 13 14 15 16 17 18 19 20 21 22 23 24 25 27 28 29 30 31 32 33 34 37 38 39 40 42 43 44 45 47 48 43_241 .0003739773388327364247927069004414622974
.1762695312 -7474.0190429688 1 2 3 4 5 6 7 8 9 10 11 12 13 14 15 16 17 18 19 20 21 22 23 24 25 26 27 28 29 31 32 33 34 35 37 38 39 40 41 43 44 45 46 43_242 .0003692770939675763944325546294299503068
.1767578125 -7474.0185546875 1 2 3 4 5 6 7 8 9 10 11 12 13 14 15 16 17 18 19 20 21 22 23 24 28 29 30 31 32 33 34 35 37 38 39 40 41 42 43 44 45 46 48 43_243 .0003646359220629191041911371895109310264
.1772460938 -7474.0180664062 1 2 3 4 5 6 7 8 9 10 11 12 13 14 15 16 17 18 19 20 21 22 23 24 25 26 27 28 29 30 31 32 33 35 36 38 40 41 42 43 45 46 47 43_244 .0003600530816307535019824336086638661713
.1777343750 -7474.0175781250 1 2 3 4 5 6 7 8 9 10 11 12 13 14 15 16 17 18 19 20 21 22 23 24 25 26 28 29 31 32 34 35 36 37 38 39 40 42 43 44 45 46 47 43_245 .0003555278404666708236630376651447137147
.1782226562 -7474.0170898438 1 2 3 4 5 6 7 8 9 10 11 12 13 14 15 16 17 18 19 20 21 22 23 24 25 26 27 29 30 31 32 33 34 35 36 38 39 40 41 43 45 46 48 43_246 .0003510594737153840592286846643523043682
.1787109375 -7474.0166015625 1 2 3 4 5 6 7 8 9 10 11 12 13 14 15 16 17 18 19 20 21 22 23 24 25 26 27 28 29 30 31 33 34 35 36 37 38 40 41 42 44 45 48 43_247 .0003466472656665017349761265688549938384
.1791992188 -7474.0161132812 1 2 3 4 5 6 7 8 9 10 11 12 13 14 15 16 17 18 19 20 21 22 23 24 25 26 27 28 29 30 32 33 34 35 36 37 39 41 42 43 45 47 48 43_248 .0003422905114119881819833765770522156462
.1796875000 -7474.0156250000 1 2 3 4 5 6 7 8 9 10 11 12 13 14 15 16 17 18 19 20 21 22 23 24 25 26 27 28 29 31 32 33 37 38 39 40 41 42 43 44 45 46 47 43_249 .0003379885148694202229449136944710893928
.1801757812 -7474.0151367188 1 2 3 4 5 6 7 8 9 10 11 12 13 14 15 16 17 18 19 20 21 22 23 24 25 26 27 28 29 30 31 32 33 34 35 36 38 39 41 43 44 45 47 43_250 .0003337405869429407509243062370350810776
.1806640625 -7474.0146484375 1 2 3 4 5 6 7 8 9 10 11 12 13 14 15 16 17 18 19 20 21 22 23 24 25 26 27 28 29 30 31 33 35 36 38 40 41 42 43 44 45 46 47 43_251 .0003295460472304412466998060697156563188
.1811523438 -7474.0141601562 1 2 3 4 5 6 7 8 9 10 11 12 13 14 15 16 17 18 19 20 21 22 23 24 26 27 28 29 31 32 33 34 35 36 37 38 40 41 43 44 45 46 47 43_252 .0003254042255992542304817125276255811416
.1816406250 -7474.0136718750 1 2 3 4 5 6 7 8 9 10 11 12 13 14 15 16 17 18 19 20 21 22 23 24 25 27 28 29 30 31 33 34 35 36 40 41 42 43 44 45 46 47 48 43_253 .0003213144603069290193955351101269963297
.1821289062 -7474.0131835938 1 2 3 4 5 6 7 8 9 10 11 12 13 14 15 16 17 18 19 20 21 22 23 24 25 26 27 28 29 30 31 32 33 36 37 38 39 40 41 43 44 46 48 43_254 .0003172760962529113487531916887482792736
.1835937500 -7474.0117187500 1 2 3 4 5 6 7 8 9 10 11 12 13 14 15 16 17 18 19 20 21 22 23 24 25 27 28 29 30 31 33 34 35 36 39 41 42 43 44 45 46 47 48 43_255 .0003054629901913097653711057243931259126
.1840820312 -7474.0112304688 1 2 3 4 5 6 7 8 9 10 11 12 13 14 15 16 17 18 19 20 21 22 23 24 26 27 28 29 30 31 32 33 34 36 37 38 39 40 41 43 44 46 48 43_256 .0003016238515535933220790582655530316806
.1850585938 -7474.0102539062 1 2 3 4 5 6 7 8 9 10 11 12 13 14 15 16 17 18 19 20 21 22 23 24 25 26 27 28 29 30 32 33 34 36 37 38 39 40 41 43 45 46 48 43_257 .0002940897202108714113039640679017453928
.1855468750 -7474.0097656250 1 2 3 4 5 6 7 8 9 10 11 12 13 14 15 16 17 18 19 20 21 22 23 24 25 26 30 31 32 33 34 35 36 37 38 39 40 41 43 44 45 46 48 43_258 .0002903935238005971048753330281325219138
.1865234375 -7474.0087890625 1 2 3 4 5 6 7 8 9 10 11 12 13 14 15 16 17 18 19 20 21 22 23 24 25 26 28 30 31 33 34 35 36 37 38 39 41 42 43 44 45 46 47 43_259 .0002831399106764861055145688503986498160
.1875000000 -7474.0078125000 1 2 3 4 5 6 7 8 9 10 11 12 13 14 15 16 17 18 19 20 21 22 23 24 25 27 28 29 30 31 33 34 35 36 37 39 40 41 42 43 45 46 48 43_260 .0002760674823896458027046012743731658603
.1884765625 -7474.0068359375 1 2 3 4 5 6 7 8 9 10 11 12 13 14 15 16 17 18 19 20 21 22 23 24 25 26 28 29 30 31 32 35 36 37 38 39 40 42 43 44 45 46 47 43_261 .0002691717132030820784729448085982768013
.1889648438 -7474.0063476562 1 2 3 4 5 6 7 8 9 10 11 12 13 14 15 16 17 18 19 20 21 22 23 24 25 26 27 29 31 32 33 34 35 36 37 38 40 41 42 44 45 46 48 43_262 .0002657886921241837916751801307671027325
.1894531250 -7474.0058593750 1 2 3 4 5 6 7 8 9 10 11 12 13 14 15 16 17 18 19 20 21 22 23 24 25 27 28 29 30 31 32 33 34 35 36 37 39 40 43 44 46 47 48 43_263 .0002624481904262104839228310558736616308
.1904296875 -7474.0048828125 1 2 3 4 5 6 7 8 9 10 11 12 13 14 15 16 17 18 19 20 21 22 23 24 25 26 27 28 29 30 32 34 35 36 37 38 39 40 42 44 45 46 48 43_264 .0002558926115911192974538268874556598752
.1909179688 -7474.0043945312 1 2 3 4 5 6 7 8 9 10 11 12 13 14 15 16 17 18 19 20 21 22 23 24 25 26 27 29 30 31 32 33 34 36 37 38 39 40 42 43 45 47 48 43_265 .0002526764857633137912422755543061692264
.1914062500 -7474.0039062500 1 2 3 4 5 6 7 8 9 10 11 12 13 14 15 16 17 18 19 20 21 22 23 24 25 26 27 28 29 31 32 34 36 38 39 40 41 42 43 44 45 46 48 43_266 .0002495007816993654759749025590256586055
.1928710938 -7474.0024414062 1 2 3 4 5 6 7 8 9 10 11 12 13 14 15 16 17 18 19 20 21 22 23 24 25 26 27 28 29 31 32 33 34 35 36 39 40 41 42 44 45 47 48 43_267 .0002402111464842446572401066190775155999
.1938476562 -7474.0014648438 1 2 3 4 5 6 7 8 9 10 11 12 13 14 15 16 17 18 19 20 21 22 23 24 26 27 28 29 30 31 32 33 36 37 38 39 40 41 43 44 45 46 47 43_268 .0002342110176738038734267382857826442861
.1943359375 -7474.0009765625 1 2 3 4 5 6 7 8 9 10 11 12 13 14 15 16 17 18 19 20 21 22 23 24 25 26 27 29 30 31 32 33 35 36 37 38 39 40 42 43 45 46 48 43_269 .0002312673918363337227501402350274858251
.1953125000 -7474.0000000000 1 2 3 4 5 6 7 8 9 10 11 12 13 14 15 16 17 18 19 20 21 22 23 24 25 26 27 28 29 31 32 33 34 35 36 38 39 40 41 42 44 45 48 43_270 .0002254906645641551344064771139102051193
.1958007812 -7473.9995117188 1 2 3 4 5 6 7 8 9 10 11 12 13 14 15 16 17 18 19 20 21 22 23 24 25 26 27 29 30 32 33 34 35 37 38 40 41 42 43 44 45 46 48 43_271 .0002226566390010896080385123228644310519
.1962890625 -7473.9990234375 1 2 3 4 5 6 7 8 9 10 11 12 13 14 15 16 17 18 19 20 21 22 23 24 25 26 28 29 30 31 33 34 35 36 37 38 39 41 42 43 44 45 47 43_272 .0002198582316419588729849960349097742067
.1967773438 -7473.9985351562 1 2 3 4 5 6 7 8 9 10 11 12 13 14 15 16 17 18 19 20 21 22 23 24 25 26 29 30 31 32 34 36 38 39 40 41 42 43 44 45 46 47 48 43_273 .0002170949954045282132300014661861854200
.1972656250 -7473.9980468750 1 2 3 4 5 6 7 8 9 10 11 12 13 14 15 16 17 18 19 20 21 22 23 24 25 26 27 28 29 30 32 33 34 37 38 40 41 42 43 44 45 46 48 43_274 .0002143664888041364341675754198784048556
.1977539062 -7473.9975585938 1 2 3 4 5 6 7 8 9 10 11 12 13 14 15 16 17 18 19 20 21 22 23 24 25 26 27 28 29 30 31 32 33 35 36 38 39 41 42 43 45 46 47 43_275 .0002116722747872955065928330466010506691
.1987304688 -7473.9965820312 1 2 3 4 5 6 7 8 9 10 11 12 13 14 15 16 17 18 19 20 21 22 23 24 25 27 29 30 31 32 33 35 36 38 39 40 41 42 43 44 45 46 47 43_276 .0002063850048593838354714628912589454719
.1992187500 -7473.9960937500 1 2 3 4 5 6 7 8 9 10 11 12 13 14 15 16 17 18 19 20 21 22 23 24 25 26 27 28 29 31 32 33 34 35 36 38 39 40 42 43 44 46 48 43_277 .0002037911042172644158198625275304865576
.1997070312 -7473.9956054688 1 2 3 4 5 6 7 8 9 10 11 12 13 14 15 16 17 18 19 20 21 22 23 24 25 26 27 29 30 31 32 33 34 35 36 38 39 42 43 44 46 47 48 43_278 .0002012298043958575849532613849694597585
.2011718750 -7473.9941406250 1 2 3 4 5 6 7 8 9 10 11 12 13 14 15 16 17 18 19 20 21 22 23 24 25 26 27 30 32 33 34 35 36 37 38 39 40 41 42 44 45 46 47 43_279 .0001937374371795492328472823391970870732
.2021484375 -7473.9931640625 1 2 3 4 5 6 7 8 9 10 11 12 13 14 15 16 17 18 19 20 21 22 23 24 25 27 28 29 30 31 33 34 35 36 37 38 39 42 43 44 45 47 48 43_280 .0001888981542693622425406844252784777304
.2026367188 -7473.9926757812 1 2 3 4 5 6 7 8 9 10 11 12 13 14 15 16 17 18 19 20 21 22 23 24 25 27 29 31 32 33 34 35 36 37 39 40 41 42 43 44 45 46 47 43_281 .0001865240324493027503292234280875799206
.2041015625 -7473.9912109375 1 2 3 4 5 6 7 8 9 10 11 12 13 14 15 16 17 18 19 20 21 22 23 24 25 26 29 30 31 32 33 34 35 37 38 39 40 41 42 44 45 46 48 43_282 .0001795792040906613681703335848276061081
.2050781250 -7473.9902343750 1 2 3 4 5 6 7 8 9 10 11 12 13 14 15 16 17 18 19 20 21 22 23 24 25 26 28 29 30 34 35 36 38 39 40 41 42 43 44 45 46 47 48 43_283 .0001750935735071643453935109641937528166
.2055664062 -7473.9897460938 1 2 3 4 5 6 7 8 9 10 11 12 13 14 15 16 17 18 19 20 21 22 23 24 25 26 27 28 31 33 34 35 37 38 39 40 41 42 43 44 45 46 48 43_284 .0001728929517465831423540149915086635608
.2070312500 -7473.9882812500 1 2 3 4 5 6 7 8 9 10 11 12 13 14 15 16 17 18 19 20 21 22 23 24 25 26 27 29 32 33 34 35 36 37 38 39 40 41 42 44 45 46 47 43_285 .0001664556474541800863396507449131341727
.2080078125 -7473.9873046875 1 2 3 4 5 6 7 8 9 10 11 12 13 14 15 16 17 18 19 20 21 22 23 24 26 27 28 29 30 31 32 33 34 35 37 38 39 40 41 43 44 47 48 43_286 .0001622978244657269544622704685094966976
.2089843750 -7473.9863281250 1 2 3 4 5 6 7 8 9 10 11 12 13 14 15 16 17 18 19 20 21 22 23 24 28 29 31 32 33 34 35 36 37 38 39 41 42 43 44 45 46 47 48 43_287 .0001582438579235266781740483580696292839
.2094726562 -7473.9858398438 1 2 3 4 5 6 7 8 9 10 11 12 13 14 15 16 17 18 19 20 21 22 23 24 25 26 27 28 29 30 31 33 35 36 39 40 41 42 43 44 45 46 47 43_288 .0001562550077889979872861594535569151646
.2109375000 -7473.9843750000 1 2 3 4 5 6 7 8 9 10 11 12 13 14 15 16 17 18 19 20 21 22 23 24 25 26 28 29 31 32 33 34 35 36 37 38 39 40 42 43 44 45 48 43_289 .0001504371822374744945054933758011830936
.2114257812 -7473.9838867188 1 2 3 4 5 6 7 8 9 10 11 12 13 14 15 16 17 18 19 20 21 22 23 24 26 28 29 31 32 33 34 35 36 37 38 39 41 42 43 44 45 46 48 43_290 .0001485464484418177365053823671777272803
.2119140625 -7473.9833984375 1 2 3 4 5 6 7 8 9 10 11 12 13 14 15 16 17 18 19 20 21 22 23 24 25 26 27 28 30 31 33 37 38 39 40 41 42 43 44 45 46 47 48 43_291 .0001466794775023602213916435906801265094
.2133789062 -7473.9819335938 1 2 3 4 5 6 7 8 9 10 11 12 13 14 15 16 17 18 19 20 21 22 23 24 25 26 29 30 31 32 34 36 37 38 39 40 41 43 44 45 46 47 48 43_292 .0001412181769846054125400126378114262955
.2148437500 -7473.9804687500 1 2 3 4 5 6 7 8 9 10 11 12 13 14 15 16 17 18 19 20 21 22 23 24 25 26 27 28 29 30 32 33 35 37 38 39 40 41 42 43 44 45 48 43_293 .0001359602161036969137383564500712966856
.2153320312 -7473.9799804688 1 2 3 4 5 6 7 8 9 10 11 12 13 14 15 16 17 18 19 20 21 22 23 24 28 29 30 31 33 34 35 36 37 38 39 40 42 43 44 45 46 47 48 43_294 .0001342514325993218886867408843163904610
.2167968750 -7473.9785156250 1 2 3 4 5 6 7 8 9 10 11 12 13 14 15 16 17 18 19 20 21 22 23 24 25 27 28 29 30 31 32 33 34 35 36 38 39 40 41 43 44 47 48 43_295 .0001292528637473099456615397091108848609
.2172851562 -7473.9780273438 1 2 3 4 5 6 7 8 9 10 11 12 13 14 15 16 17 18 19 20 21 22 23 24 25 27 28 29 32 33 34 35 37 38 39 40 41 42 43 44 45 46 47 43_296 .0001276283799990921436957678493980988423
.2177734375 -7473.9775390625 1 2 3 4 5 6 7 8 9 10 11 12 13 14 15 16 17 18 19 20 21 22 23 24 25 27 28 29 30 31 32 33 34 35 37 39 40 42 43 44 45 47 48 43_297 .0001260243128604444361514259236643088369
.2187500000 -7473.9765625000 1 2 3 4 5 6 7 8 9 10 11 12 13 14 15 16 17 18 19 20 21 22 23 24 25 26 29 30 31 32 33 34 35 37 38 39 41 42 43 44 45 46 48 43_298 .0001228764065374739142774925909875151953
.2202148438 -7473.9750976562 1 2 3 4 5 6 7 8 9 10 11 12 13 14 15 16 17 18 19 20 21 22 23 24 25 26 27 28 29 30 33 34 36 37 38 41 42 43 44 45 46 47 48 43_299 .0001183013627820862627671050341437983897
.2207031250 -7473.9746093750 1 2 3 4 5 6 7 8 9 10 11 12 13 14 15 16 17 18 19 20 21 22 23 24 25 26 27 28 29 30 31 33 36 38 39 40 41 42 44 45 46 47 48 43_300 .0001168145203581750389379951189655004126
.2216796875 -7473.9736328125 1 2 3 4 5 6 7 8 9 10 11 12 13 14 15 16 17 18 19 20 21 22 23 24 25 26 28 29 30 33 34 35 36 37 38 39 40 42 43 44 46 47 48 43_301 .0001138966614236258666247307743049000531
.2236328125 -7473.9716796875 1 2 3 4 5 6 7 8 9 10 11 12 13 14 15 16 17 18 19 20 21 22 23 24 25 26 27 29 31 32 33 34 35 36 37 39 40 41 44 45 46 47 48 43_302 .0001082777747943070044033821760643162666
.2246093750 -7473.9707031250 1 2 3 4 5 6 7 8 9 10 11 12 13 14 15 16 17 18 19 20 21 22 23 24 25 27 28 29 31 32 33 34 35 37 38 40 41 42 43 44 45 47 48 43_303 .0001055731515023742608686274863627606418
.2250976562 -7473.9702148438 1 2 3 4 5 6 7 8 9 10 11 12 13 14 15 16 17 18 19 20 21 22 23 24 25 26 28 29 32 33 34 35 36 37 38 39 40 42 43 44 45 47 48 43_304 .0001042462805620210173216022521005722702
.2290039062 -7473.9663085938 1 2 3 4 5 6 7 8 9 10 11 12 13 14 15 16 17 18 19 20 21 22 23 24 25 26 27 29 30 31 32 33 35 36 37 38 39 40 41 43 45 46 48 43_305 .0000942143865128069379968522771190442615
.2309570312 -7473.9643554688 1 2 3 4 5 6 7 8 9 10 11 12 13 14 15 16 17 18 19 20 21 22 23 24 25 27 28 29 31 32 33 34 35 36 37 38 39 40 43 44 45 46 47 43_306 .0000895664894625385299191744766160862835
.2343750000 -7473.9609375000 1 2 3 4 5 6 7 8 9 10 11 12 13 14 15 16 17 18 19 20 21 22 23 24 25 26 27 29 30 31 32 33 34 35 38 39 40 41 42 43 45 47 48 43_307 .0000819775860729909842397151116882178156
.2363281250 -7473.9589843750 1 2 3 4 5 6 7 8 9 10 11 12 13 14 15 16 17 18 19 20 21 22 23 24 25 27 29 31 32 33 35 36 37 39 40 41 42 43 44 45 46 47 48 43_308 .0000779333695302766154940618233556754828
.2397460938 -7473.9555664062 1 2 3 4 5 6 7 8 9 10 11 12 13 14 15 16 17 18 19 20 21 22 23 24 25 26 27 28 29 30 31 32 33 35 38 39 40 41 42 43 46 47 48 43_309 .0000713301319161179784792468768598117323
.2436523438 -7473.9516601562 1 2 3 4 5 6 7 8 9 10 11 12 13 14 15 16 17 18 19 20 21 22 23 24 25 26 27 28 29 30 31 33 35 36 37 38 39 40 42 43 45 46 48 43_310 .0000644658455162475370944725531208387082
.2465820312 -7473.9487304688 1 2 3 4 5 6 7 8 9 10 11 12 13 14 15 16 17 18 19 20 21 22 23 24 25 26 28 30 33 34 35 36 37 38 39 40 41 42 43 44 46 47 48 43_311 .0000597547145629755154364843469781664406
.2480468750 -7473.9472656250 1 2 3 4 5 6 7 8 9 10 11 12 13 14 15 16 17 18 19 20 21 22 23 24 25 28 29 30 31 33 34 35 36 37 38 39 40 41 43 44 46 47 48 43_312 .0000575298738354519676123183063976244187
.2504882812 -7473.9448242188 1 2 3 4 5 6 7 8 9 10 11 12 13 14 15 16 17 18 19 20 21 22 23 24 25 27 29 30 31 32 33 35 36 39 40 41 42 43 44 45 46 47 48 43_313 .0000540043610519919059706848119650278505
.2617187500 -7473.9335937500 1 2 3 4 5 6 7 8 9 10 11 12 13 14 15 16 17 18 19 20 21 22 23 24 25 26 27 28 29 30 31 33 35 36 37 38 39 42 43 45 46 47 48 43_314 .0000403730646639942674093252311536008359
.2641601562 -7473.9311523438 1 2 3 4 5 6 7 8 9 10 11 12 13 14 15 16 17 18 19 20 21 22 23 24 25 26 28 29 30 31 35 36 37 38 40 41 42 43 44 45 46 47 48 43_315 .0000378989456352009329049205455726654583
.2675781250 -7473.9277343750 1 2 3 4 5 6 7 8 9 10 11 12 13 14 15 16 17 18 19 20 21 22 23 24 26 27 28 30 31 32 33 35 36 37 39 40 42 43 44 45 46 47 48 43_316 .0000346877955865932008487513378898946150
.2690429688 -7473.9262695312 1 2 3 4 5 6 7 8 9 10 11 12 13 15 16 17 18 19 20 21 22 23 24 25 26 27 29 30 31 32 33 34 35 36 37 38 39 40 41 42 44 45 46 43_317 .0000333962687015014888459211253118771934
.2709960938 -7473.9243164062 1 2 3 4 5 6 7 9 10 11 12 13 14 15 16 17 18 19 20 21 22 23 24 25 26 27 28 29 30 31 32 33 34 35 36 37 38 41 42 43 44 45 46 43_318 .0000317487239417998489559579483400168628
.2719726562 -7473.9233398438 1 2 3 4 5 6 7 8 9 10 11 12 13 14 15 16 17 18 19 20 21 22 23 24 25 26 28 29 30 31 35 36 38 39 40 41 42 43 44 45 46 47 48 43_319 .0000309556864995077239429012443152706743
.2734375000 -7473.9218750000 1 2 3 4 5 6 7 8 9 10 11 12 13 14 15 16 17 18 19 20 21 22 23 24 25 26 28 29 30 31 32 35 36 37 38 40 42 43 44 45 46 47 48 43_320 .0000298031168223490796237806990834684623
.2739257812 -7473.9213867188 1 2 3 4 5 6 7 8 9 10 11 12 13 14 15 16 17 18 19 20 21 22 23 24 26 27 29 30 31 32 33 35 36 37 38 39 40 43 44 45 46 47 48 43_321 .0000294285434665215938815737604079665818
.2778320312 -7473.9174804688 1 2 3 4 5 6 7 8 9 10 11 12 13 14 15 16 17 18 19 20 21 22 23 24 26 27 28 29 30 31 32 33 35 37 38 39 40 41 42 43 44 45 48 43_322 .0000265965572461288846695196407651026401
.2812500000 -7473.9140625000 1 2 3 4 5 6 7 8 9 10 11 12 13 14 15 16 17 18 19 20 21 22 24 25 26 27 28 29 30 31 32 33 34 35 36 37 38 39 40 41 43 44 46 43_323 .0000243430503302430888785133579849809610
.2871093750 -7473.9082031250 1 2 3 4 5 6 7 8 9 10 11 12 13 14 15 16 17 18 19 20 21 22 23 24 26 27 28 29 30 31 32 33 34 36 38 39 40 41 42 43 44 47 48 43_324 .0000209151017104402762398435197886294876
.2890625000 -7473.9062500000 1 2 3 4 5 6 7 8 9 10 11 12 13 15 16 17 18 19 20 21 22 23 24 25 26 27 28 29 30 31 32 33 34 35 36 37 38 39 40 41 44 46 47 43_325 .0000198832928419209786676286883256221700
.2924804688 -7473.9028320312 1 2 3 4 5 6 7 8 9 10 11 12 14 15 16 17 18 19 20 21 22 23 24 25 26 27 28 29 30 32 34 35 37 38 39 40 41 42 43 44 45 46 48 43_326 .0000181985959273843004110899182870059110
.3046875000 -7473.8906250000 1 2 3 4 5 6 7 8 9 10 11 12 13 15 16 17 18 19 20 21 22 23 24 25 26 27 28 29 30 31 32 33 34 35 36 38 39 40 41 44 46 47 48 43_327 .0000132652345254413204776684896514808324
.3105468750 -7473.8847656250 1 2 3 4 5 6 7 8 9 10 11 12 13 14 15 16 17 18 19 20 21 22 24 25 26 27 28 29 30 31 32 33 34 35 37 38 39 40 41 43 44 46 47 43_328 .0000113972458483463450282087326485669156
.3110351562 -7473.8842773438 1 2 3 4 5 6 7 8 9 10 11 12 13 14 15 16 17 18 19 20 21 22 24 25 26 27 28 29 30 31 32 33 34 35 36 37 38 39 40 41 43 44 47 43_329 .0000112540022859346241065498278499635775
.3198242188 -7473.8754882812 1 2 3 4 5 6 7 8 9 10 11 12 13 15 16 17 18 19 20 21 22 23 24 25 26 27 28 29 30 31 33 34 36 37 38 39 40 41 42 44 45 46 47 43_330 .0000089626094810354551840188084904005170
.3208007812 -7473.8745117188 1 2 3 4 5 6 7 8 9 10 11 12 13 14 15 16 17 18 19 20 21 22 23 24 25 26 27 28 29 31 32 33 35 36 37 38 40 41 43 44 45 47 48 43_331 .0000087387363920844486839227927623214787
.3251953125 -7473.8701171875 1 2 3 4 5 6 7 8 9 10 11 12 13 15 16 17 18 19 20 21 22 23 24 25 26 27 28 29 30 31 33 34 36 37 38 39 42 43 44 45 46 47 48 43_332 .0000077985233388266798575940046415634051
.3452148438 -7473.8500976562 1 2 3 4 5 6 7 8 9 10 11 12 13 14 15 16 17 18 19 20 21 22 23 25 26 27 28 29 30 32 33 34 35 36 37 39 40 41 42 43 44 46 47 43_333 .0000046430433371085911665814771537706374
.3466796875 -7473.8486328125 1 2 3 4 5 6 7 9 10 11 12 13 14 15 16 17 18 19 20 21 22 23 24 25 26 27 28 29 30 31 32 33 34 35 36 37 38 41 42 43 44 45 47 43_334 .0000044701694258247093179494527935431597
.3559570312 -7473.8393554688 1 2 3 4 5 6 7 8 9 10 11 12 13 15 16 17 18 19 20 21 22 23 24 26 27 28 29 30 31 33 34 36 37 38 39 40 41 42 44 45 46 47 48 43_335 .0000035152688214866275741283569505753576
.3608398438 -7473.8344726562 1 2 3 4 5 6 7 8 9 10 11 12 13 15 16 17 18 19 20 21 22 23 24 26 27 28 29 30 31 33 34 36 37 38 39 41 42 43 44 45 46 47 48 43_336 .0000030976287111095371588431189072703313
.3662109375 -7473.8291015625 1 2 3 4 5 6 7 8 9 10 11 12 13 14 15 16 17 18 19 20 21 22 23 24 25 26 27 28 29 30 32 33 34 36 39 40 41 42 43 44 46 47 50 43_337 .0000026953009444093807972112966027013115
.3706054688 -7473.8247070312 1 2 3 4 5 6 7 8 9 10 11 12 13 14 15 16 17 18 19 20 21 22 23 24 25 26 27 28 29 30 31 32 33 34 35 36 37 38 40 41 42 45 60 43_338 .0000024053096897598948120727007433619642
.3720703125 -7473.8232421875 1 2 3 4 5 6 7 8 9 10 11 12 13 14 15 16 17 19 20 21 22 23 24 25 26 27 28 29 30 31 32 33 34 35 36 37 39 40 43 44 45 46 47 43_339 .0000023157530641315072366928307738407770
.3754882812 -7473.8198242188 1 2 3 4 5 6 7 8 9 10 11 12 13 14 15 16 17 18 19 20 21 22 23 24 25 26 27 28 29 31 32 33 34 35 36 37 39 40 42 44 46 48 55 43_340 .0000021195409998711073739911321085913334
.3803710938 -7473.8149414062 1 2 3 4 5 6 7 8 9 10 11 12 13 15 16 17 18 19 20 21 22 23 24 25 26 28 29 30 31 33 34 36 37 38 39 40 42 43 44 45 46 47 48 43_341 .0000018677237471693411990095959830994051
.3823242188 -7473.8129882812 1 2 3 4 5 6 7 8 9 10 11 12 13 14 15 16 17 18 19 20 21 22 23 24 25 26 27 28 29 30 31 32 33 34 35 36 37 40 41 43 44 46 55 43_342 .0000017755829604328633511469895139900362
.3920898438 -7473.8032226562 1 2 4 5 6 7 8 9 10 11 12 13 14 15 16 17 18 19 20 21 22 23 24 25 26 27 28 29 30 31 32 33 34 35 36 38 39 41 44 45 46 47 48 43_343 .0000013787407394516181539820743094873559
.3950195312 -7473.8002929688 1 2 3 4 5 7 8 9 10 11 12 13 14 15 16 17 18 19 20 21 22 23 24 25 26 27 28 29 30 31 32 33 34 35 37 38 40 42 44 45 46 47 48 43_344 .0000012779830727809683453751383871194529
.3984375000 -7473.7968750000 1 2 3 4 5 6 7 8 9 10 11 12 13 14 15 16 17 18 19 20 21 22 23 24 25 26 27 28 29 30 32 33 34 36 37 39 41 42 43 44 46 47 50 43_345 .0000011697004982264715671153342814673377
.3999023438 -7473.7954101562 1 2 3 4 5 6 7 8 9 10 11 12 13 14 15 16 17 18 19 20 21 23 24 25 27 28 29 30 31 32 33 34 35 36 37 38 39 41 44 45 46 47 48 43_346 .0000011261491679843000997434532628283792
.4008789062 -7473.7944335938 1 2 3 4 5 6 7 8 9 10 11 12 13 14 15 16 17 18 19 20 21 22 23 24 25 26 27 28 29 31 32 33 34 35 36 37 41 42 43 44 46 48 55 43_347 .0000010980195821321310446008059415493485
.4013671875 -7473.7939453125 1 2 3 4 5 6 7 8 9 10 11 12 13 14 15 16 17 18 19 20 21 22 23 24 26 27 28 29 30 31 32 33 34 35 36 37 38 39 40 44 46 47 60 43_348 .0000010842193824484684646321626760266515
.4042968750 -7473.7910156250 1 2 3 4 5 6 7 8 9 10 11 12 13 14 15 16 17 18 19 20 21 23 24 25 26 27 30 31 32 33 34 35 37 38 40 41 42 43 44 45 46 47 48 43_349 .0000010049851830099312807312477983936021
.4067382812 -7473.7885742188 1 2 4 5 6 7 8 9 10 11 12 13 14 15 16 17 18 19 20 21 22 23 24 25 26 27 28 29 30 31 32 33 34 35 36 38 39 41 43 44 46 47 48 43_350 .0000009433982565372004374275557302795173
.4096679688 -7473.7856445312 1 2 3 4 5 6 7 8 9 10 11 12 13 14 15 16 17 18 19 20 21 22 23 24 25 26 27 28 29 31 32 33 34 35 36 39 41 42 43 44 46 48 55 43_351 .0000008744551908861407770644102559102583
.4179687500 -7473.7773437500 1 2 3 4 5 6 7 8 9 10 11 12 13 14 15 16 17 18 19 20 21 22 23 24 25 26 27 28 29 30 32 33 34 35 36 37 39 40 42 44 46 48 60 43_352 .0000007052741310726239230839056971193571
.4213867188 -7473.7739257812 1 2 3 4 5 6 7 8 9 10 11 12 13 14 15 16 17 18 19 20 21 22 23 24 26 27 28 29 30 32 33 34 36 37 39 40 43 44 45 46 47 48 54 43_353 .0000006455167678447636375360757606672234
.4238281250 -7473.7714843750 1 2 3 4 5 6 7 8 9 10 11 12 13 14 15 16 17 18 19 20 21 22 23 24 25 26 27 28 29 30 31 32 33 34 35 36 39 41 42 43 44 48 55 43_354 .0000006059585789378357826772450539792366
.4248046875 -7473.7705078125 1 2 3 4 5 6 7 8 9 10 11 12 13 14 15 16 17 18 19 20 21 22 23 24 25 27 28 29 30 31 32 33 34 36 37 38 39 40 41 43 44 45 60 43_355 .0000005908226039914065577157801439773216
.4272460938 -7473.7680664062 1 2 3 4 5 6 7 8 9 10 11 12 13 14 15 16 17 18 19 20 21 22 23 24 25 26 27 29 30 32 33 34 36 38 39 40 41 42 43 44 46 47 56 43_356 .0000005546161500760892378827793513280052
.4291992188 -7473.7661132812 1 2 3 4 5 6 7 8 9 10 11 12 13 14 15 16 17 18 19 20 21 22 23 24 25 26 27 28 29 30 31 32 33 34 35 37 38 40 41 43 44 46 55 43_357 .0000005272551613419592819154650813932652
.4301757812 -7473.7651367188 1 2 3 4 5 6 7 8 9 10 11 12 13 14 15 16 17 18 19 20 21 22 23 24 26 27 28 30 32 33 34 36 37 39 40 41 43 44 45 46 47 48 54 43_358 .0000005140850860547619297300379401029127
.4326171875 -7473.7626953125 1 2 3 4 5 6 7 8 9 10 11 12 13 14 15 16 17 18 19 20 21 22 23 24 25 26 27 28 29 32 33 34 35 36 37 39 40 42 43 44 46 48 60 43_359 .0000004825812169559005682078019615369260
.4340820312 -7473.7612304688 1 2 4 5 6 7 8 9 10 11 12 13 14 15 16 17 18 19 20 21 22 23 24 25 26 28 29 30 31 32 33 34 35 36 38 39 40 41 43 44 46 47 48 43_360 .0000004646133246856434880389419015938902
.4472656250 -7473.7480468750 1 2 3 4 5 6 7 8 9 10 11 12 13 14 15 16 17 18 19 20 21 22 23 24 26 27 28 30 32 33 34 36 37 38 39 40 41 43 44 45 46 47 53 43_361 .0000003302044137142146705673267025102569
.4521484375 -7473.7431640625 1 2 3 4 5 6 7 8 9 10 11 12 13 14 15 16 17 18 19 20 21 22 23 24 25 26 27 28 29 30 31 32 33 34 36 37 38 40 42 43 44 45 53 43_362 .0000002909736714454616880786782256032724
.4545898438 -7473.7407226562 1 3 4 5 6 7 8 9 10 11 12 13 14 15 16 17 18 19 20 21 22 23 24 26 27 28 29 30 31 32 33 34 35 36 37 38 39 42 43 44 46 47 48 43_363 .0000002731423888327300603291488731980434
.4575195312 -7473.7377929688 1 2 3 4 5 6 7 8 9 10 11 12 13 14 15 16 17 18 19 20 21 22 23 24 25 26 28 29 30 31 32 33 34 35 36 37 38 41 42 43 44 45 60 43_364 .0000002531812830351458501710053870475619
.4589843750 -7473.7363281250 1 2 3 4 5 6 7 8 9 10 11 12 13 14 15 16 17 18 19 20 21 22 23 24 25 26 27 29 31 32 33 34 36 37 39 40 42 44 45 46 47 48 52 43_365 .0000002437546121178308706168802939040041
.4594726562 -7473.7358398438 1 2 3 4 5 6 7 8 9 10 11 12 13 14 15 16 17 18 19 20 21 22 23 24 25 26 27 28 29 30 31 32 33 34 35 36 37 38 39 40 43 46 55 43_366 .0000002406910404919620277831493790657049
.4609375000 -7473.7343750000 1 2 3 4 5 6 7 8 9 10 11 12 13 14 15 16 17 18 19 20 21 22 23 24 25 27 28 29 32 33 34 35 36 37 38 39 40 42 43 44 46 48 60 43_367 .0000002317294174040938115775597099350757
.4643554688 -7473.7309570312 1 2 3 4 5 6 7 8 9 10 11 12 13 14 15 16 17 18 19 20 21 22 23 24 25 27 29 30 31 32 33 34 36 37 39 40 41 43 44 46 47 48 54 43_368 .0000002120951527170611243179970609824435
.4658203125 -7473.7294921875 1 2 3 4 5 6 7 8 9 10 11 12 13 14 15 16 17 18 19 20 21 22 23 24 26 27 28 29 30 31 32 33 35 36 37 38 39 40 42 44 46 47 60 43_369 .0000002041982377084271952539535517466764
.4672851562 -7473.7280273438 1 2 3 4 5 6 7 8 9 10 11 12 13 14 15 16 17 18 19 20 21 22 23 24 25 27 28 29 30 31 32 33 34 36 37 39 40 41 43 44 46 47 57 43_370 .0000001965953476497023237377448721141733
.4746093750 -7473.7207031250 1 2 3 4 5 6 7 8 9 10 11 12 13 14 15 16 17 18 19 20 21 22 23 24 26 27 28 30 31 32 33 34 37 38 39 40 41 43 44 45 46 47 54 43_371 .0000001626220627593298485777942538986079
.4780273438 -7473.7172851562 1 2 3 4 5 6 7 8 9 10 11 12 13 14 15 16 17 18 19 20 21 22 23 24 25 27 28 29 30 31 32 33 34 36 37 40 41 43 44 46 47 48 54 43_372 .0000001488432138762811507467816253848440
.4785156250 -7473.7167968750 1 2 3 4 5 6 7 8 9 10 11 12 13 14 15 16 17 18 19 20 21 22 23 24 25 27 28 30 31 32 33 34 37 39 40 41 42 43 44 45 46 48 54 43_373 .0000001469725134912805325896650064122123
.4843750000 -7473.7109375000 1 2 3 4 5 6 7 8 9 10 11 12 13 14 15 16 17 18 19 20 21 22 23 24 25 26 27 28 30 31 32 33 37 38 39 40 41 43 44 45 46 47 54 43_374 .0000001262760839996378437103438683055543
.4853515625 -7473.7099609375 1 2 3 4 5 6 7 8 9 10 11 12 13 14 15 16 17 18 19 20 21 22 23 24 26 27 28 29 30 31 32 33 35 37 38 39 40 42 44 45 46 47 60 43_375 .0000001231218887952362755316602832250831
.4887695312 -7473.7065429688 1 2 3 4 5 6 7 8 9 10 11 12 13 14 15 16 17 18 19 20 21 22 23 24 25 26 27 28 29 30 31 33 34 35 36 37 38 39 40 42 43 46 55 43_376 .0000001126898611622671936431959945540280
.5004882812 -7473.6948242188 1 2 3 4 5 6 7 8 9 10 11 12 13 14 15 16 17 18 19 20 21 22 23 24 25 26 29 30 31 32 33 34 36 37 39 40 42 43 44 45 46 48 52 43_377 .0000000831868753304861692371838755256498
.5375976562 -7473.6577148438 1 2 3 4 5 6 7 8 9 10 11 12 13 14 15 16 17 18 19 20 21 22 23 24 25 26 27 28 30 31 32 34 36 37 38 40 41 42 43 44 45 47 59 43_378 .0000000318121515661850566074486245967251
.5561523438 -7473.6391601562 1 2 3 4 5 6 7 8 9 10 11 12 13 14 15 16 17 18 19 20 21 23 24 25 26 27 28 29 30 31 32 33 34 35 36 37 40 42 44 45 46 47 51 43_379 .0000000196726179327330745265660669177132
.5722656250 -7473.6230468750 1 2 3 4 5 6 7 8 9 10 11 12 13 14 15 16 17 18 19 20 21 23 24 25 26 27 28 29 30 31 32 33 34 35 36 37 40 42 44 45 46 47 50 43_380 .0000000129597273177971393634853728463266
.5883789062 -7473.6069335938 1 2 3 4 5 6 7 8 9 10 11 12 14 15 16 17 18 19 20 21 22 23 24 25 26 29 30 31 33 34 35 36 37 38 39 40 42 43 44 45 46 47 49 43_381 .0000000085374774585643505096698616317826
.6010742188 -7473.5942382812 1 2 3 4 5 6 7 8 9 10 11 12 13 14 15 16 17 18 19 20 21 23 24 25 26 28 29 30 31 32 33 34 35 36 37 39 40 42 44 45 46 47 50 43_382 .0000000061448841664432036025797534223792
.6069335938 -7473.5883789062 1 2 3 4 5 6 7 8 9 10 11 12 14 15 16 17 18 19 20 21 22 23 24 25 26 29 30 31 33 34 35 36 37 38 39 40 42 43 44 45 46 47 53 43_383 .0000000052795716065362221859402325090306
.6113281250 -7473.5839843750 1 2 3 4 5 6 7 8 9 10 11 12 13 14 15 16 17 18 20 21 22 23 24 26 27 28 29 30 31 32 33 34 35 36 37 41 42 43 44 46 47 48 49 43_384 .0000000047115350151222708954873443884603
.6254882812 -7473.5698242188 1 2 3 4 5 6 7 8 9 10 11 12 13 14 15 16 17 18 19 20 21 22 23 24 25 26 27 28 29 31 32 33 34 35 36 37 41 42 43 44 45 49 60 43_385 .0000000032648843441436933397740123279200
.6308593750 -7473.5644531250 1 2 3 4 5 6 7 8 9 10 11 12 13 14 15 16 17 18 19 20 21 22 23 24 25 26 27 29 30 31 33 35 36 37 38 39 42 43 45 46 47 48 55 43_386 .0000000028408329900234288195910900423976
.6425781250 -7473.5527343750 1 2 3 4 5 6 7 8 9 10 11 12 13 14 15 16 17 19 20 21 22 23 24 25 26 27 28 29 30 31 32 34 37 38 39 40 42 43 44 45 46 47 60 43_387 .0000000020970832454529642158877229162005
.6440429688 -7473.5512695312 1 2 3 4 5 6 7 8 9 10 11 12 13 14 15 16 17 18 19 20 21 22 23 24 25 26 27 28 29 31 32 33 35 36 37 41 42 43 44 45 46 49 60 43_388 .0000000020190027751902561937396887461337
.6591796875 -7473.5361328125 1 2 4 5 6 7 8 9 10 11 12 13 14 15 16 17 18 19 20 21 22 23 24 25 26 27 28 29 31 32 33 35 36 37 38 39 40 42 44 45 46 47 60 43_389 .0000000013641321928628160061467534840380
.7065429688 -7473.4887695312 1 2 3 4 5 6 7 8 10 11 12 13 14 15 16 17 18 19 20 21 22 23 24 25 27 29 30 31 33 34 35 36 38 39 40 42 43 44 45 46 47 48 52 43_390 .0000000003999847290323214776147649938767
.7265625000 -7473.4687500000 1 2 3 4 5 6 7 8 9 10 11 12 14 15 16 17 18 19 20 21 22 23 24 25 27 29 30 31 33 34 35 36 37 38 39 40 42 43 44 45 47 48 52 43_391 .0000000002381407806581845525265819459094
.7280273438 -7473.4672851562 1 2 3 4 5 6 7 8 10 11 12 13 14 15 16 17 18 19 20 21 22 23 24 25 27 30 31 33 34 35 36 38 39 40 41 42 43 44 45 46 47 48 52 43_392 .0000000002292741111147429574504479394585
.7485351562 -7473.4467773438 1 2 3 4 5 6 7 8 10 11 12 13 14 15 16 17 18 19 20 21 22 23 24 25 27 28 29 30 31 35 36 37 39 40 41 42 43 44 45 46 47 48 52 43_393 .0000000001347883829508864822487204629925
.7495117188 -7473.4458007812 1 2 3 4 5 6 7 8 10 11 12 13 14 15 16 17 18 19 20 21 22 23 24 25 27 30 31 33 34 35 36 37 39 40 41 42 43 44 45 46 47 48 52 43_394 .0000000001314215624047181087549194033758
.7636718750 -7473.4316406250 1 2 3 4 5 6 7 8 9 10 11 12 13 15 16 17 18 19 20 21 22 23 24 25 26 27 30 31 33 35 36 37 38 39 40 42 43 44 45 46 47 48 56 43_395 .0000000000910693012364108310068233134221
.7651367188 -7473.4301757812 1 2 3 4 5 6 7 8 9 10 11 12 13 14 15 16 17 18 19 20 21 22 24 25 26 29 30 31 32 33 36 37 39 40 41 42 43 44 45 46 47 48 52 43_396 .0000000000876785279409524164137993732828
.7714843750 -7473.4238281250 1 2 3 4 5 6 7 8 9 10 11 12 13 15 16 17 18 19 20 21 22 23 24 26 27 29 30 31 33 35 36 37 38 39 40 42 43 44 45 46 47 48 55 43_397 .0000000000743849912327150269795473677360
.7958984375 -7473.3994140625 1 2 3 4 5 6 7 8 9 10 11 12 13 14 15 16 17 18 19 20 21 22 23 24 26 27 28 30 32 33 34 36 37 38 39 41 43 44 45 46 47 52 53 43_398 .0000000000395220456737193223656048219588
.8159179688 -7473.3793945312 1 2 3 4 5 6 7 8 9 10 11 12 13 14 15 16 17 18 19 20 21 22 23 24 25 26 27 29 31 32 34 36 38 39 40 41 42 43 44 46 47 56 58 43_399 .0000000000235304252948318601455872418324
.8217773438 -7473.3735351562 1 2 3 4 5 6 7 8 9 10 11 12 13 14 15 16 17 18 19 20 21 22 23 24 26 27 28 29 32 33 35 36 37 38 39 40 41 44 45 46 47 49 60 43_400 .0000000000202169092063168105719563720645
.8222656250 -7473.3730468750 2 3 4 5 6 7 8 9 10 11 12 13 14 15 16 17 18 19 20 21 22 23 24 25 26 28 29 30 31 33 35 36 37 39 40 41 42 43 44 45 47 48 52 43_401 .0000000000199628178114130745227074753051
.8393554688 -7473.3559570312 2 3 4 5 6 7 8 9 10 11 12 13 14 15 16 17 18 19 20 21 22 23 24 25 26 29 30 31 33 36 37 38 39 40 41 42 43 44 45 46 47 48 52 43_402 .0000000000128224115624298743401367942800
.8876953125 -7473.3076171875 1 2 3 4 6 7 8 9 10 11 12 13 15 16 17 18 19 20 21 22 23 24 25 26 27 28 29 30 31 33 34 35 36 37 39 40 42 43 44 45 46 47 60 43_403 .0000000000036658174149614283032218246372
.9018554688 -7473.2934570312 1 2 3 4 5 6 7 8 9 10 11 12 13 14 15 16 17 18 19 20 21 22 23 24 26 27 28 30 32 33 36 37 38 39 41 43 44 45 46 47 48 52 53 43_404 .0000000000025402485213801259599038418269
1.0200195312 -7473.1752929688 1 2 3 4 5 6 7 9 10 11 12 13 14 15 16 17 18 19 20 21 22 23 24 25 26 27 29 31 32 34 36 37 38 39 40 41 42 43 44 46 47 52 58 43_405 .0000000000001190118072573666277674972656
1.0703125000 -7473.1250000000 1 2 3 4 5 6 7 8 9 10 11 12 13 14 15 16 17 18 19 20 21 22 23 24 25 26 27 28 30 31 33 34 37 39 41 42 43 45 46 48 49 50 54 43_406 .0000000000000323459190076997626093892281
1.0747070312 -7473.1206054688 1 2 3 4 5 6 7 8 9 10 11 12 13 14 15 16 17 18 19 20 21 22 23 24 25 27 28 30 31 33 34 37 39 41 42 43 44 45 46 48 49 50 54 43_407 .0000000000000288657757406705738801252980
1.0834960938 -7473.1118164062 1 2 3 4 5 6 7 8 9 10 11 12 13 14 15 16 17 18 19 20 21 22 23 24 25 26 27 29 31 32 33 35 37 38 41 42 43 44 45 46 49 55 60 43_408 .0000000000000229885038902221721236425843
1.0957031250 -7473.0996093750 1 2 3 4 5 6 7 8 9 10 11 12 13 14 15 16 17 18 19 20 21 22 23 25 26 27 30 31 33 34 35 36 38 39 40 41 43 45 46 47 48 50 60 43_409 .0000000000000167566715976119639083677274
1.1264648438 -7473.0688476562 1 2 3 4 5 6 7 8 9 10 11 12 13 14 15 16 17 18 19 20 21 22 23 24 25 26 27 28 30 31 33 34 37 39 41 42 43 44 45 46 50 53 54 43_410 .0000000000000075532511101337720530898139
1.1269531250 -7473.0683593750 1 2 3 4 5 6 7 8 9 10 11 12 13 14 15 16 17 18 19 20 21 22 23 24 26 27 28 29 32 33 36 37 38 39 40 41 44 45 46 47 49 50 60 43_411 .0000000000000074583198775182335527284289
1.1337890625 -7473.0615234375 1 2 3 4 5 6 7 8 9 10 11 12 13 14 15 16 17 18 19 20 21 22 23 24 25 26 27 29 31 32 33 35 37 38 41 42 43 44 45 46 49 55 57 43_412 .0000000000000062479875232832519677066585
1.1372070312 -7473.0581054688 1 2 3 4 5 6 7 8 9 10 11 12 13 14 15 16 17 18 19 20 21 22 23 24 26 27 28 29 32 33 36 37 38 39 40 41 44 45 46 47 49 53 60 43_413 .0000000000000057186001078437741157208543
1.1381835938 -7473.0571289062 1 2 3 4 5 6 7 8 9 10 11 12 13 14 15 16 17 18 19 20 21 22 23 24 26 27 28 30 32 33 36 37 39 41 43 44 45 46 47 48 49 52 53 43_414 .0000000000000055757576764939997852540084
1.1606445312 -7473.0346679688 1 2 3 4 5 6 7 8 9 10 11 12 13 14 15 16 17 18 19 20 21 22 23 24 26 27 29 31 32 33 34 35 37 38 41 42 43 44 45 46 49 56 57 43_415 .0000000000000031162311443573378136822876
1.1699218750 -7473.0253906250 1 2 3 4 5 6 7 8 9 10 11 12 13 14 15 16 17 18 19 20 21 22 23 24 26 27 28 30 31 32 33 36 37 39 41 43 44 46 47 48 49 52 53 43_416 .0000000000000024505536838592818783892707
1.1728515625 -7473.0224609375 1 2 3 4 5 6 7 8 9 10 11 12 13 14 15 16 17 18 19 20 21 22 23 24 25 26 27 28 30 31 33 34 37 39 41 43 44 45 46 47 50 53 54 43_417 .0000000000000022714684706035809493682989
1.2041015625 -7472.9912109375 1 2 3 4 6 7 8 9 10 11 12 13 15 16 17 19 20 21 22 23 24 25 27 29 30 31 32 33 34 35 36 37 39 40 41 42 43 44 45 46 47 48 55 43_418 .0000000000000010110204969269065697703992
1.2080078125 -7472.9873046875 1 2 3 4 6 7 8 9 10 11 12 13 15 16 17 19 20 21 22 23 24 25 26 27 29 30 31 33 34 35 36 37 39 40 41 42 43 44 45 46 47 48 55 43_419 .0000000000000009137273325849876812626646
1.2246093750 -7472.9707031250 1 2 3 4 5 6 7 8 9 10 11 12 13 14 15 16 17 18 19 20 21 22 23 24 25 26 27 28 29 30 34 36 37 38 39 40 41 45 46 47 51 55 58 43_420 .0000000000000005943707158885922883203621
1.2475585938 -7472.9477539062 1 2 3 4 5 6 7 8 9 10 11 12 13 14 15 16 17 18 19 20 21 22 23 24 25 26 27 28 30 34 36 37 38 39 40 41 43 44 45 47 53 55 57 43_421 .0000000000000003280123963388249431219365
1.2500000000 -7472.9453125000 1 2 3 4 5 6 7 8 9 10 11 12 13 14 15 16 17 18 19 20 21 22 23 24 25 26 27 28 30 31 34 37 38 39 41 43 44 45 46 47 53 55 57 43_422 .0000000000000003079113285052071114780754
1.2646484375 -7472.9306640625 1 2 3 4 5 6 7 8 9 10 11 12 13 14 15 16 17 18 19 20 21 22 23 24 25 26 27 29 33 34 36 37 38 39 40 41 42 45 46 47 51 55 60 43_423 .0000000000000002106871882548177481786888
1.2690429688 -7472.9262695312 1 2 3 4 5 6 7 8 9 10 11 12 13 14 15 16 17 18 19 20 21 22 23 24 25 26 27 28 30 34 36 37 38 39 40 41 43 44 46 47 53 55 57 43_424 .0000000000000001880190545952663167572646
1.2827148438 -7472.9125976562 1 2 3 4 5 6 7 8 9 10 11 12 13 14 15 16 17 19 20 21 22 23 24 25 26 27 29 30 32 35 37 38 40 41 42 43 44 45 46 47 49 50 51 43_425 .0000000000000001319471944428282033627490
1.3159179688 -7472.8793945312 1 2 3 4 5 6 7 8 9 10 11 12 13 14 15 16 17 18 19 21 22 23 24 27 28 29 30 31 32 34 35 36 37 41 42 43 44 46 47 48 49 51 55 43_426 .0000000000000000558318136494293945120109
1.3793945312 -7472.8159179688 1 2 3 4 6 7 8 9 10 11 12 13 14 15 16 17 18 19 20 21 22 23 24 25 26 27 28 29 30 31 34 36 37 38 39 40 41 45 46 47 55 56 58 43_427 .0000000000000000107845591248917763005656
1.4042968750 -7472.7910156250 1 2 3 4 5 6 7 8 9 10 11 12 13 15 16 18 19 20 21 22 23 25 26 27 29 30 31 32 33 34 35 36 38 39 40 43 44 45 46 47 48 50 60 43_428 .0000000000000000056580082547749576589486
1.4047851562 -7472.7905273438 1 2 3 4 5 6 7 9 10 11 12 13 14 15 16 17 18 19 20 21 22 23 24 26 27 28 29 31 32 33 34 35 37 38 41 42 43 44 45 46 50 56 57 43_429 .0000000000000000055868969293413238469930
1.4350585938 -7472.7602539062 1 3 4 5 6 7 8 9 10 11 12 13 14 15 16 17 18 19 20 21 22 23 24 25 26 27 28 29 30 36 37 38 39 40 41 42 43 44 46 47 53 55 57 43_430 .0000000000000000025504084676109223616554
1.4433593750 -7472.7519531250 1 2 3 4 5 6 7 8 9 10 11 12 13 14 15 16 17 18 19 20 21 22 23 24 27 28 29 30 31 32 33 34 35 36 37 42 46 47 48 49 51 52 53 43_431 .0000000000000000020569803171409863168309
1.5317382812 -7472.6635742188 1 2 3 4 5 6 7 8 9 10 11 12 13 14 15 16 17 18 19 20 21 22 23 24 26 29 30 32 33 35 36 37 40 41 42 43 45 46 47 49 50 51 57 43_432 .0000000000000000002084548370105160713761
1.5415039062 -7472.6538085938 1 2 3 4 5 6 7 8 9 10 11 12 13 14 15 16 17 18 19 20 21 22 23 24 25 27 29 30 31 32 34 35 36 37 42 45 46 47 48 49 51 53 58 43_433 .0000000000000000001618652479364185461904
1.5424804688 -7472.6528320312 1 2 3 4 5 6 7 8 9 10 11 12 13 14 15 16 17 18 19 20 21 22 23 24 26 29 30 32 33 35 36 40 41 42 43 44 45 46 47 49 50 51 57 43_434 .0000000000000000001578220861257931766462
1.5522460938 -7472.6430664062 1 2 3 4 5 6 7 8 9 10 11 12 13 14 15 16 17 18 19 20 21 22 23 24 29 30 32 33 35 36 37 40 41 42 43 44 45 46 47 49 50 51 57 43_435 .0000000000000000001225489006009756495582
1.5551757812 -7472.6401367188 1 2 3 4 5 7 8 9 10 11 13 14 15 16 17 18 19 20 21 22 24 25 26 29 30 31 33 34 35 36 37 38 39 40 42 43 44 45 46 47 48 52 58 43_436 .0000000000000000001135930897481543246488
1.5615234375 -7472.6337890625 1 2 3 4 5 6 7 8 9 10 13 14 15 16 17 18 19 20 21 23 24 25 26 27 29 30 31 32 33 34 36 37 38 39 40 41 43 44 45 46 48 54 60 43_437 .0000000000000000000963704701887436654694
1.5620117188 -7472.6333007812 1 2 3 4 5 6 7 8 9 10 11 12 13 14 15 16 17 18 19 20 21 22 23 24 26 29 30 32 33 36 37 40 41 42 43 44 45 46 47 49 51 55 57 43_438 .0000000000000000000951592607040907077492
1.6123046875 -7472.5830078125 1 2 3 4 6 7 8 9 10 11 12 13 14 15 16 17 19 20 21 22 23 24 25 27 29 30 31 32 33 34 36 37 39 40 41 42 44 45 47 48 50 51 55 43_439 .0000000000000000000258630955908749625918
1.7402343750 -7472.4550781250 1 2 3 4 5 6 7 8 9 10 12 13 14 15 16 17 18 19 20 21 22 23 24 25 26 27 28 29 30 32 33 34 36 37 38 40 43 45 47 52 55 56 57 43_440 .0000000000000000000009408837906750837817
1.7929687500 -7472.4023437500 1 2 3 4 5 6 7 8 10 11 12 13 14 15 16 17 18 19 20 21 22 23 26 27 29 30 31 32 33 34 35 36 38 39 40 41 43 46 47 49 51 57 60 43_441 .0000000000000000000002400495199035566247
1.8085937500 -7472.3867187500 1 2 3 4 5 6 7 8 9 10 11 12 13 14 15 16 17 18 19 21 22 23 24 25 26 27 28 30 31 32 33 36 37 38 40 43 44 45 47 49 55 57 58 43_442 .0000000000000000000001601501926545395925
1.8867187500 -7472.3085937500 1 2 3 4 5 6 7 8 9 10 11 12 13 14 15 16 17 18 21 22 23 24 25 26 27 28 30 31 32 33 37 38 39 40 42 43 44 45 47 49 55 57 58 43_443 .0000000000000000000000211670621044578952
1.9497070312 -7472.2456054688 1 2 3 4 5 7 8 9 10 11 13 14 17 18 19 20 21 22 24 25 26 28 29 30 31 32 33 34 35 36 37 38 39 40 42 43 44 45 46 47 48 52 58 43_444 .0000000000000000000000041407037670799342
1.9946289062 -7472.2006835938 1 2 3 4 5 6 7 9 11 12 13 14 15 16 17 18 19 20 21 24 25 26 27 29 30 31 32 34 36 37 38 39 40 41 42 43 44 45 46 47 52 58 60 43_445 .0000000000000000000000012933787004486552
2.0253906250 -7472.1699218750 1 2 3 4 5 6 7 8 9 10 11 12 13 14 15 16 18 19 20 21 22 23 24 26 27 29 30 31 33 34 35 37 38 41 42 43 44 46 49 53 55 57 58 43_446 .0000000000000000000000005830044497846109
2.1000976562 -7472.0952148438 1 2 3 4 5 6 8 9 10 13 14 15 16 17 18 19 20 21 23 24 25 26 27 28 29 31 32 33 34 35 36 37 40 42 43 44 45 46 47 48 54 56 60 43_447 .0000000000000000000000000841890123592963
2.2685546875 -7471.9267578125 1 2 3 4 6 7 8 9 10 11 12 13 14 16 17 18 19 20 21 22 23 24 25 26 27 28 29 30 32 33 36 37 39 40 42 43 44 46 53 55 57 58 59 43_448 .0000000000000000000000000010720096656443
2.2719726562 -7471.9233398438 1 2 3 4 5 6 7 8 9 10 11 12 13 14 15 16 17 18 19 22 23 24 25 26 27 28 30 31 33 34 36 37 39 40 41 42 45 46 49 51 55 57 58 43_449 .0000000000000000000000000009811790703355
2.4169921875 -7471.7783203125 1 2 4 5 6 7 8 9 10 11 12 13 14 15 16 17 18 19 21 22 23 24 25 26 27 28 30 31 36 38 39 40 41 42 44 45 46 48 53 55 58 59 60 43_450 .0000000000000000000000000000229272320447
2.5576171875 -7471.6376953125 1 2 3 4 6 7 8 9 10 11 12 13 14 15 16 17 18 20 21 22 23 25 26 27 28 30 32 33 34 35 36 37 39 41 42 44 46 47 49 50 51 53 58 43_451 .0000000000000000000000000000006003316494
