0 -7570.3774414062 1 2 3 4 5 6 7 8 9 10 11 12 13 14 15 16 17 18 19 20 21 22 23 24 27 29 30 34 28_1 .0399259676203175104670327364846999391129
.0097656250 -7570.3676757812 1 2 3 4 5 6 7 8 9 10 11 12 13 14 15 16 17 18 19 20 21 22 23 24 25 27 32 34 28_2 .0310025266894530627798839549729994149323
.0161132812 -7570.3613281250 1 2 3 4 5 6 7 8 9 10 11 12 13 14 15 16 17 18 19 20 21 22 23 24 26 27 30 34 28_3 .0263020231993407852162341600654612439112
.0166015624 -7570.3608398438 1 2 3 4 5 6 7 8 9 10 11 12 13 14 15 16 17 18 19 20 21 22 23 24 32 34 35 36 28_4 .0259714525025389825916402885726735231785
.0170898437 -7570.3603515625 1 2 3 4 5 6 7 8 9 10 11 12 13 14 15 16 17 18 19 20 21 22 23 24 32 34 36 41 28_5 .0256450364381607550520878381854836188971
.0175781250 -7570.3598632812 1 2 3 4 5 6 7 8 9 10 11 12 13 14 15 16 17 18 19 20 21 22 23 24 32 34 36 39 28_6 .0253227228569637725758323908495879458193
.0180664062 -7570.3593750000 1 2 3 4 5 6 7 8 9 10 11 12 13 14 15 16 17 18 19 20 21 22 23 24 25 27 32 33 28_7 .0250044602626263433622857195576453426513
.0224609374 -7570.3549804688 1 2 3 4 5 6 7 8 9 10 11 12 13 14 15 16 17 18 19 20 21 22 23 24 27 32 34 41 28_8 .0223141949463753639197576123578040772509
.0229492187 -7570.3544921875 1 2 3 4 5 6 7 8 9 10 11 12 13 14 15 16 17 18 19 20 21 22 23 24 31 32 34 36 28_9 .0220337442594739547283748843751039178748
.0278320312 -7570.3496093750 1 2 3 4 5 6 7 8 9 10 11 12 13 14 15 16 17 18 19 20 21 22 23 24 27 30 33 34 28_10 .0194159714304070503437196742229316138181
.0288085937 -7570.3486328125 1 2 3 4 5 6 7 8 9 10 11 12 13 14 15 16 17 18 19 20 21 22 23 24 28 29 32 37 28_11 .0189309883517841543888615214681267090421
.0297851562 -7570.3476562500 1 2 3 4 5 6 7 8 9 10 11 12 13 14 15 16 17 18 19 20 21 22 23 24 31 32 34 39 28_12 .0184581194538703516487067750153347502084
.0312500000 -7570.3461914062 1 2 3 4 5 6 7 8 9 10 11 12 13 14 15 16 17 18 19 20 21 22 23 24 25 30 31 34 28_13 .0177708703185542487515150336004348098705
.0322265624 -7570.3452148438 1 2 3 4 5 6 7 8 9 10 11 12 13 14 15 16 17 18 19 20 21 22 23 24 25 29 32 37 28_14 .0173269795476821402471296980919958291307
.0327148437 -7570.3447265625 1 2 3 4 5 6 7 8 9 10 11 12 13 14 15 16 17 18 19 20 21 22 23 24 25 30 34 39 28_15 .0171092094991658498693544856102925728479
.0332031250 -7570.3442382812 1 2 3 4 5 6 7 8 9 10 11 12 13 14 15 16 17 18 19 20 21 22 23 24 25 29 40 44 28_16 .0168941764420507602523419557048244206749
.0341796874 -7570.3432617188 1 2 3 4 5 6 7 8 9 10 11 12 13 14 15 16 17 18 19 20 21 22 23 24 32 34 35 41 28_17 .0164721842227793394998293167764733120579
.0346679687 -7570.3427734375 1 2 3 4 5 6 7 8 9 10 11 12 13 14 15 16 17 18 19 20 21 22 23 24 27 32 36 46 28_18 .0162651574673374893560370160866631134404
.0356445312 -7570.3417968750 1 2 3 4 5 6 7 8 9 10 11 12 13 14 15 16 17 18 19 20 21 22 23 24 29 32 34 39 28_19 .0158588771959088995829170759890698317284
.0390625000 -7570.3383789062 1 2 3 4 5 6 7 8 9 10 11 12 13 14 15 16 17 18 19 20 21 22 23 24 32 34 36 40 28_20 .0145151660866687778274939347424643058427
.0395507812 -7570.3378906250 1 2 3 4 5 6 7 8 9 10 11 12 13 14 15 16 17 18 19 20 21 22 23 24 30 32 34 41 28_21 .0143327356884025237969615449950576979703
.0410156250 -7570.3364257812 1 2 3 4 5 6 7 8 9 10 11 12 13 14 15 16 17 18 19 20 21 22 23 24 25 29 32 44 28_22 .0137990865139464838928054745308661043394
.0419921874 -7570.3354492188 1 2 3 4 5 6 7 8 9 10 11 12 13 14 15 16 17 18 19 20 21 22 23 24 29 32 34 35 28_23 .0134544051876970138199583971036347774662
.0429687500 -7570.3344726562 1 2 3 4 5 6 7 8 9 10 11 12 13 14 15 16 17 18 19 20 21 22 23 24 25 32 35 36 28_24 .0131183334370705646277424386556216037998
.0439453124 -7570.3334960938 1 2 3 4 5 6 7 8 9 10 11 12 13 14 15 16 17 18 19 20 21 22 23 24 27 29 37 44 28_25 .0127906563431772617589175385489174274313
.0444335937 -7570.3330078125 1 2 3 4 5 6 7 8 9 10 11 12 13 14 15 16 17 18 19 20 21 22 23 24 32 36 37 39 28_26 .0126299000010379002441390775056620745256
.0454101562 -7570.3320312500 1 2 3 4 5 6 7 8 9 10 11 12 13 14 15 16 17 18 19 20 21 22 23 24 25 26 30 34 28_27 .0123144232396944034201005097586456498213
.0483398437 -7570.3291015625 1 2 3 4 5 6 7 8 9 10 11 12 13 14 15 16 17 18 19 20 21 22 23 24 25 28 30 47 28_28 .0114144914705896591462059684064782861142
.0488281250 -7570.3286132812 1 2 3 4 5 6 7 8 9 10 11 12 13 14 15 16 17 18 19 20 21 22 23 24 25 26 30 43 28_29 .0112710311314983249199733000466453816791
.0498046874 -7570.3276367188 1 2 3 4 5 6 7 8 9 10 11 12 13 14 15 16 17 18 19 20 21 22 23 24 27 30 34 40 28_30 .0109894969912001612259716261700232226410
.0502929687 -7570.3271484375 1 2 3 4 5 6 7 8 9 10 11 12 13 14 15 16 17 18 19 20 21 22 23 24 26 30 34 47 28_31 .0108513780948075452104472597303942861808
.0507812500 -7570.3266601562 1 2 3 4 5 6 7 8 9 10 11 12 13 14 15 16 17 18 19 20 21 22 23 24 25 27 32 40 28_32 .0107149951131302241685696848752775033695
.0522460937 -7570.3251953125 1 2 3 4 5 6 7 8 9 10 11 12 13 14 15 16 17 18 19 20 21 22 23 24 25 28 29 37 28_33 .0103160449030837183165376162123053728707
.0527343750 -7570.3247070312 1 2 3 4 5 6 7 8 9 10 11 12 13 14 15 16 17 18 19 20 21 22 23 24 30 31 34 36 28_34 .0101863901301408315116679308460973051225
.0537109374 -7570.3237304688 1 2 3 4 5 6 7 8 9 10 11 12 13 14 15 16 17 18 19 20 21 22 23 24 28 29 32 36 28_35 .0099319487614166850683925311576770897495
.0551757812 -7570.3222656250 1 2 3 4 5 6 7 8 9 10 11 12 13 14 15 16 17 18 19 20 21 22 23 24 26 30 34 43 28_36 .0095621536035000849205406529343050650361
.0566406250 -7570.3208007812 1 2 3 4 5 6 7 8 9 10 11 12 13 14 15 16 17 18 19 20 21 22 23 24 27 30 32 33 28_37 .0092061269881025319161017569478812511403
.0571289062 -7570.3203125000 1 2 3 4 5 6 7 8 9 10 11 12 13 14 15 16 17 18 19 20 21 22 23 24 25 29 42 44 28_38 .0090904219797752938453696879561899211287
.0576171874 -7570.3198242188 1 2 3 4 5 6 7 8 9 10 11 12 13 14 15 16 17 18 19 20 21 22 23 24 28 29 34 36 28_39 .0089761711822110951784424464005713653428
.0581054687 -7570.3193359375 1 2 3 4 5 6 7 8 9 10 11 12 13 14 15 16 17 18 19 20 21 22 23 24 29 32 34 47 28_40 .0088633562955505908184026303534187836175
.0625000000 -7570.3149414062 1 2 3 4 5 6 7 8 9 10 11 12 13 14 15 16 17 18 19 20 21 22 23 24 26 27 30 37 28_41 .0079097352099781360985298492305374327036
.0629882812 -7570.3144531250 1 2 3 4 5 6 7 8 9 10 11 12 13 14 15 16 17 18 19 20 21 22 23 24 25 28 44 45 28_42 .0078103235920937081563377725741692724355
.0644531250 -7570.3129882812 1 2 3 4 5 6 7 8 9 10 11 12 13 14 15 16 17 18 19 20 21 22 23 24 26 29 30 43 28_43 .0075195226711970857292240658289379470342
.0649414062 -7570.3125000000 1 2 3 4 5 6 7 8 9 10 11 12 13 14 15 16 17 18 19 20 21 22 23 24 28 29 32 35 28_44 .0074250153464108740958234291737169316518
.0659179687 -7570.3115234375 1 2 3 4 5 6 7 8 9 10 11 12 13 14 15 16 17 18 19 20 21 22 23 24 32 33 35 37 28_45 .0072395491278169842557375385136888311140
.0664062500 -7570.3110351562 1 2 3 4 5 6 7 8 9 10 11 12 13 14 15 16 17 18 19 20 21 22 23 24 30 34 36 41 28_46 .0071485605651270911359559971018186801253
.0683593750 -7570.3090820312 1 2 3 4 5 6 7 8 9 10 11 12 13 14 15 16 17 18 19 20 21 22 23 24 28 30 32 39 28_47 .0067958992063461499788478209227405832189
.0693359374 -7570.3081054688 1 2 3 4 5 6 7 8 9 10 11 12 13 14 15 16 17 18 19 20 21 22 23 24 26 27 33 34 28_48 .0066261474224774372535328002240454085398
.0698242187 -7570.3076171875 1 2 3 4 5 6 7 8 9 10 11 12 13 14 15 16 17 18 19 20 21 22 23 24 32 35 37 40 28_49 .0065428682541897345432245554438224165479
.0727539062 -7570.3046875000 1 2 3 4 5 6 7 8 9 10 11 12 13 14 15 16 17 18 19 20 21 22 23 24 28 32 35 36 28_50 .0060647187795125625494398662645163973784
.0742187500 -7570.3032226562 1 2 3 4 5 6 7 8 9 10 11 12 13 14 15 16 17 18 19 20 21 22 23 24 25 27 32 38 28_51 .0058389117709724056060520020906074635253
.0747070312 -7570.3027343750 1 2 3 4 5 6 7 8 9 10 11 12 13 14 15 16 17 18 19 20 21 22 23 24 27 29 42 44 28_52 .0057655268029010911546000912785420234001
.0751953124 -7570.3022460938 1 2 3 4 5 6 7 8 9 10 11 12 13 14 15 16 17 18 19 20 21 22 23 24 26 28 32 37 28_53 .0056930641562742624058217384076065101855
.0756835937 -7570.3017578125 1 2 3 4 5 6 7 8 9 10 11 12 13 14 15 16 17 18 19 20 21 22 23 24 28 32 33 39 28_54 .0056215122245537654417679648514667768428
.0761718750 -7570.3012695312 1 2 3 4 5 6 7 8 9 10 11 12 13 14 15 16 17 18 19 20 21 22 23 24 27 32 43 46 28_55 .0055508595763811786692193509798635253332
.0771484374 -7570.3002929688 1 2 3 4 5 6 7 8 9 10 11 12 13 14 15 16 17 18 19 20 21 22 23 24 27 30 34 37 28_56 .0054122070910389118724636541271600604408
.0776367187 -7570.2998046875 1 2 3 4 5 6 7 8 9 10 11 12 13 14 15 16 17 18 19 20 21 22 23 24 32 34 36 42 28_57 .0053441850449833764623797679797512899693
.0786132812 -7570.2988281250 1 2 3 4 5 6 7 8 9 10 11 12 13 14 15 16 17 18 19 20 21 22 23 24 28 30 32 47 28_58 .0052106949785637566615346035195830857481
.0791015624 -7570.2983398438 1 2 3 4 5 6 7 8 9 10 11 12 13 14 15 16 17 18 19 20 21 22 23 24 26 29 30 35 28_59 .0051452056032092156240161680154087715090
.0795898437 -7570.2978515625 1 2 3 4 5 6 7 8 9 10 11 12 13 14 15 16 17 18 19 20 21 22 23 24 27 29 32 43 28_60 .0050805393022677426826796835584948498587
.0810546874 -7570.2963867188 1 2 3 4 5 6 7 8 9 10 11 12 13 14 15 16 17 18 19 20 21 22 23 24 28 30 33 46 28_61 .0048913761528319123599957004483835801994
.0815429687 -7570.2958984375 1 2 3 4 5 6 7 8 9 10 11 12 13 14 15 16 17 18 19 20 21 22 23 24 27 32 37 43 28_62 .0048299000473640020961446884257598473810
.0820312500 -7570.2954101562 1 2 3 4 5 6 7 8 9 10 11 12 13 14 15 16 17 18 19 20 21 22 23 24 27 30 34 44 28_63 .0047691965898024102934255762681258944539
.0825195312 -7570.2949218750 1 2 3 4 5 6 7 8 9 10 11 12 13 14 15 16 17 18 19 20 21 22 23 24 25 29 32 48 28_64 .0047092560815028328949347829236495295351
.0834960937 -7570.2939453125 1 2 3 4 5 6 7 8 9 10 11 12 13 14 15 16 17 18 19 20 21 22 23 24 28 30 34 42 28_65 .0045916256286245368224529549978004330440
.0839843750 -7570.2934570312 1 2 3 4 5 6 7 8 9 10 11 12 13 14 15 16 17 18 19 20 21 22 23 24 32 37 39 40 28_66 .0045339168667966296322100288343694482520
.0869140624 -7570.2905273438 1 2 3 4 5 6 7 8 9 10 11 12 13 14 15 16 17 18 19 20 21 22 23 24 27 30 35 46 28_67 .0042025805456846339129937941722117999840
.0878906250 -7570.2895507812 1 2 3 4 5 6 7 8 9 10 11 12 13 14 15 16 17 18 19 20 21 22 23 24 25 27 32 48 28_68 .0040976061093246830401666590674232023364
.0883789062 -7570.2890625000 1 2 3 4 5 6 7 8 9 10 11 12 13 14 15 16 17 18 19 20 21 22 23 24 26 30 33 35 28_69 .0040461063255813270037998420235273730313
.0893554687 -7570.2880859375 1 2 3 4 5 6 7 8 9 10 11 12 13 14 15 16 17 18 19 20 21 22 23 24 34 36 40 41 28_70 .0039450404011052078888335914403643033579
.0898437500 -7570.2875976562 1 2 3 4 5 6 7 8 9 10 11 12 13 14 15 16 17 18 19 20 21 22 23 24 25 29 31 46 28_71 .0038954580929375773908462768188021036456
.0908203124 -7570.2866210938 1 2 3 4 5 6 7 8 9 10 11 12 13 14 15 16 17 18 19 20 21 22 23 24 28 29 30 42 28_72 .0037981551547709152886369465388462667411
.0913085937 -7570.2861328125 1 2 3 4 5 6 7 8 9 10 11 12 13 14 15 16 17 18 19 20 21 22 23 24 28 30 33 47 28_73 .0037504189391165540838223699966674413648
.0917968750 -7570.2856445312 1 2 3 4 5 6 7 8 9 10 11 12 13 14 15 16 17 18 19 20 21 22 23 24 25 26 29 42 28_74 .0037032826848097795659244064734301062087
.0922851562 -7570.2851562500 1 2 3 4 5 6 7 8 9 10 11 12 13 14 15 16 17 18 19 20 21 22 23 24 32 34 41 42 28_75 .0036567388608501724733470226600904374278
.0927734374 -7570.2846679688 1 2 3 4 5 6 7 8 9 10 11 12 13 14 15 16 17 18 19 20 21 22 23 24 30 34 35 42 28_76 .0036107800118258218205409619820085405799
.0932617187 -7570.2841796875 1 2 3 4 5 6 7 8 9 10 11 12 13 14 15 16 17 18 19 20 21 22 23 24 32 33 34 41 28_77 .0035653987763835402429053152555513701463
.0937500000 -7570.2836914062 1 2 3 4 5 6 7 8 9 10 11 12 13 14 15 16 17 18 19 20 21 22 23 24 25 30 43 48 28_78 .0035205879042764723250445966149504027244
.0942382812 -7570.2832031250 1 2 3 4 5 6 7 8 9 10 11 12 13 14 15 16 17 18 19 20 21 22 23 24 26 28 37 44 28_79 .0034763402360325389012564748382837712652
.0957031250 -7570.2817382812 1 2 3 4 5 6 7 8 9 10 11 12 13 14 15 16 17 18 19 20 21 22 23 24 27 29 33 34 28_80 .0033469060416527325898199349732144841050
.0961914062 -7570.2812500000 1 2 3 4 5 6 7 8 9 10 11 12 13 14 15 16 17 18 19 20 21 22 23 24 25 29 31 39 28_81 .0033048412524183045484849157756773834876
.0976562500 -7570.2797851562 1 2 3 4 5 6 7 8 9 10 11 12 13 14 15 16 17 18 19 20 21 22 23 24 26 27 30 44 28_82 .0031817924608684576728047008528200208536
.0986328124 -7570.2788085938 1 2 3 4 5 6 7 8 9 10 11 12 13 14 15 16 17 18 19 20 21 22 23 24 32 34 38 47 28_83 .0031023158633303317967321160076382899243
.0991210937 -7570.2783203125 1 2 3 4 5 6 7 8 9 10 11 12 13 14 15 16 17 18 19 20 21 22 23 24 30 31 34 46 28_84 .0030633251394011471135299092628837573511
.1000976562 -7570.2773437500 1 2 3 4 5 6 7 8 9 10 11 12 13 14 15 16 17 18 19 20 21 22 23 24 25 28 37 41 28_85 .0029868076773594070890713872375306025135
.1020507812 -7570.2753906250 1 2 3 4 5 6 7 8 9 10 11 12 13 14 15 16 17 18 19 20 21 22 23 24 32 38 41 46 28_86 .0028394589007324878376262342008155375983
.1044921874 -7570.2729492188 1 2 3 4 5 6 7 8 9 10 11 12 13 14 15 16 17 18 19 20 21 22 23 24 26 27 33 44 28_87 .0026654528064157472777312105468427931772
.1054687500 -7570.2719726562 1 2 3 4 5 6 7 8 9 10 11 12 13 14 15 16 17 18 19 20 21 22 23 24 30 33 40 46 28_88 .0025988736170448604086957691109898936840
.1069335937 -7570.2705078125 1 2 3 4 5 6 7 8 9 10 11 12 13 14 15 16 17 18 19 20 21 22 23 24 25 26 34 35 28_89 .0025021100474438027179515786895542976777
.1074218750 -7570.2700195312 1 2 3 4 5 6 7 8 9 10 11 12 13 14 15 16 17 18 19 20 21 22 23 24 25 29 43 46 28_90 .0024706628684980744252647915440346032109
.1079101562 -7570.2695312500 1 2 3 4 5 6 7 8 9 10 11 12 13 14 15 16 17 18 19 20 21 22 23 24 27 29 33 44 28_91 .0024396109323100545315986777684904654557
.1083984374 -7570.2690429688 1 2 3 4 5 6 7 8 9 10 11 12 13 14 15 16 17 18 19 20 21 22 23 24 26 30 32 39 28_92 .0024089492649658008512494461284194883895
.1088867187 -7570.2685546875 1 2 3 4 5 6 7 8 9 10 11 12 13 14 15 16 17 18 19 20 21 22 23 24 30 31 41 46 28_93 .0023786729553031014031267549596928439675
.1098632812 -7570.2675781250 1 2 3 4 5 6 7 8 9 10 11 12 13 14 15 16 17 18 19 20 21 22 23 24 25 34 35 44 28_94 .0023192571214348428182600148573829289707
.1113281250 -7570.2661132812 1 2 3 4 5 6 7 8 9 10 11 12 13 14 15 16 17 18 19 20 21 22 23 24 28 37 42 44 28_95 .0022329044756376787698879558268246862813
.1123046874 -7570.2651367188 1 2 3 4 5 6 7 8 9 10 11 12 13 14 15 16 17 18 19 20 21 22 23 24 31 32 33 38 28_96 .0021771297346594762541281605975933018361
.1127929687 -7570.2646484375 1 2 3 4 5 6 7 8 9 10 11 12 13 14 15 16 17 18 19 20 21 22 23 24 25 29 37 39 28_97 .0021497669939903170101551041139750828074
.1132812500 -7570.2641601562 1 2 3 4 5 6 7 8 9 10 11 12 13 14 15 16 17 18 19 20 21 22 23 24 25 28 39 48 28_98 .0021227481554621318170995482110611335165
.1137695312 -7570.2636718750 1 2 3 4 5 6 7 8 9 10 11 12 13 14 15 16 17 18 19 20 21 22 23 24 29 32 35 44 28_99 .0020960689022515481720756198548087844283
.1142578124 -7570.2631835938 1 2 3 4 5 6 7 8 9 10 11 12 13 14 15 16 17 18 19 20 21 22 23 24 30 33 35 46 28_100 .0020697249608630678323160001899361182485
.1147460937 -7570.2626953125 1 2 3 4 5 6 7 8 9 10 11 12 13 14 15 16 17 18 19 20 21 22 23 24 25 37 42 44 28_101 .0020437121117163265226744008421590673886
.1152343750 -7570.2622070312 1 2 3 4 5 6 7 8 9 10 11 12 13 14 15 16 17 18 19 20 21 22 23 24 31 34 35 37 28_102 .0020180261989179051133907802582208575561
.1157226562 -7570.2617187500 1 2 3 4 5 6 7 8 9 10 11 12 13 14 15 16 17 18 19 20 21 22 23 24 32 35 38 40 28_103 .0019926631186071362916033438163405366948
.1166992187 -7570.2607421875 1 2 3 4 5 6 7 8 9 10 11 12 13 14 15 16 17 18 19 20 21 22 23 24 25 29 44 45 28_104 .0019428892560227016296303445115180492440
.1171875000 -7570.2602539062 1 2 3 4 5 6 7 8 9 10 11 12 13 14 15 16 17 18 19 20 21 22 23 24 29 34 36 41 28_105 .0019184705114641647508718367245940121050
.1176757812 -7570.2597656250 1 2 3 4 5 6 7 8 9 10 11 12 13 14 15 16 17 18 19 20 21 22 23 24 28 30 39 48 28_106 .0018943586730340201644124495002848344682
.1201171874 -7570.2573242188 1 2 3 4 5 6 7 8 9 10 11 12 13 14 15 16 17 18 19 20 21 22 23 24 28 31 32 39 28_107 .0017782696696521929361309982276229625319
.1206054687 -7570.2568359375 1 2 3 4 5 6 7 8 9 10 11 12 13 14 15 16 17 18 19 20 21 22 23 24 28 34 35 46 28_108 .0017559199074694927590082668243966583031
.1215820312 -7570.2558593750 1 2 3 4 5 6 7 8 9 10 11 12 13 14 15 16 17 18 19 20 21 22 23 24 26 27 31 44 28_109 .0017120595502583093357072720674535391067
.1235351562 -7570.2539062500 1 2 3 4 5 6 7 8 9 10 11 12 13 14 15 16 17 18 19 20 21 22 23 24 30 38 41 46 28_110 .0016275981762785747042824988635170555659
.1250000000 -7570.2524414062 1 2 3 4 5 6 7 8 9 10 11 12 13 14 15 16 17 18 19 20 21 22 23 24 25 37 40 45 28_111 .0015669979920569381680305604246648151451
.1254882812 -7570.2519531250 1 2 3 4 5 6 7 8 9 10 11 12 13 14 15 16 17 18 19 20 21 22 23 24 30 36 39 41 28_112 .0015473035520438873662726941508558279067
.1264648437 -7570.2509765625 1 2 3 4 5 6 7 8 9 10 11 12 13 14 15 16 17 18 19 20 21 22 23 24 25 26 30 42 28_113 .0015086541317496664991754095666851763207
.1269531250 -7570.2504882812 1 2 3 4 5 6 7 8 9 10 11 12 13 14 15 16 17 18 19 20 21 22 23 24 32 35 36 39 28_114 .0014896929687517349799624657004406560536
.1284179687 -7570.2490234375 1 2 3 4 5 6 7 8 9 10 11 12 13 14 15 16 17 18 19 20 21 22 23 24 29 32 41 44 28_115 .0014342273976979477348964930294168997540
.1289062500 -7570.2485351562 1 2 3 4 5 6 7 8 9 10 11 12 13 14 15 16 17 18 19 20 21 22 23 24 36 39 41 42 28_116 .0014162016495217830017352628948625380724
.1293945312 -7570.2480468750 1 2 3 4 5 6 7 8 9 10 11 12 13 14 15 16 17 18 19 20 21 22 23 24 30 32 38 47 28_117 .0013984024573248111899158335741207716481
.1303710937 -7570.2470703125 1 2 3 4 5 6 7 8 9 10 11 12 13 14 15 16 17 18 19 20 21 22 23 24 25 26 42 44 28_118 .0013634723725058209351720449629192353045
.1323242187 -7570.2451171875 1 2 3 4 5 6 7 8 9 10 11 12 13 14 15 16 17 18 19 20 21 22 23 24 34 36 41 47 28_119 .0012962079190305459935278039795883404016
.1333007812 -7570.2441406250 1 2 3 4 5 6 7 8 9 10 11 12 13 14 15 16 17 18 19 20 21 22 23 24 28 33 35 46 28_120 .0012638305069932420014358473710967716575
.1337890624 -7570.2436523438 1 2 3 4 5 6 7 8 9 10 11 12 13 14 15 16 17 18 19 20 21 22 23 24 25 26 37 43 28_121 .0012479463551099525607585571096597345192
.1347656250 -7570.2426757812 1 2 3 4 5 6 7 9 10 11 12 13 14 15 16 17 18 19 20 21 22 23 24 25 27 29 32 36 28_122 .0012167744444681349818268357377136134924
.1352539062 -7570.2421875000 1 2 3 4 5 6 7 8 9 10 11 12 13 14 15 16 17 18 19 20 21 22 23 24 27 32 35 40 28_123 .0012014817054681732270402004561640377633
.1362304687 -7570.2412109375 1 2 3 4 5 6 7 8 9 10 11 12 13 14 15 16 17 18 19 20 21 22 23 24 25 44 45 46 28_124 .0011714704181877187732577470902035405878
.1372070312 -7570.2402343750 1 2 3 4 5 6 7 8 9 10 11 12 13 14 15 16 17 18 19 20 21 22 23 24 28 29 33 36 28_125 .0011422087697574697052034319873499864491
.1381835937 -7570.2392578125 1 2 3 4 5 6 7 8 9 10 11 12 13 14 15 16 17 18 19 20 21 22 23 24 26 32 40 45 28_126 .0011136780352756753658444685323286808352
.1391601562 -7570.2382812500 1 2 3 4 5 6 7 8 9 10 11 12 13 14 15 16 17 18 19 20 21 22 23 24 25 26 37 42 28_127 .0010858599575617357238067618456441169594
.1396484374 -7570.2377929688 1 2 3 4 5 6 7 8 9 10 11 12 13 14 15 16 17 18 19 20 21 22 23 24 25 29 39 43 28_128 .0010722125860238170988175406454708780498
.1401367187 -7570.2373046875 1 2 3 4 5 6 7 8 9 10 11 12 13 14 15 16 17 18 19 20 21 22 23 24 30 35 39 46 28_129 .0010587367354731988318574885232642949546
.1406250000 -7570.2368164062 1 2 3 4 5 6 7 8 9 10 11 12 13 14 15 16 17 18 19 20 21 22 23 24 27 32 35 43 28_130 .0010454302529662220194040856735309956325
.1416015624 -7570.2358398438 1 2 3 4 5 6 7 8 9 10 11 12 14 15 16 17 18 19 20 21 22 23 24 31 32 34 35 37 28_131 .0010193169094684820004728258235387781206
.1425781250 -7570.2348632812 1 2 3 4 5 6 7 8 9 10 11 12 13 14 15 16 17 18 19 20 21 22 23 24 31 34 35 48 28_132 .0009938558345692763616457052964748596202
.1430664062 -7570.2343750000 1 2 3 4 5 6 7 8 9 10 11 12 13 14 15 16 17 18 19 20 21 22 23 24 31 33 35 38 28_133 .0009813647948776097129089457834773252910
.1435546874 -7570.2338867188 1 2 3 4 5 6 7 8 9 10 11 12 13 14 15 16 17 18 19 20 21 22 23 24 31 42 44 45 28_134 .0009690307458350409901613315086837443963
.1459960937 -7570.2314453125 1 2 3 4 5 6 7 8 9 10 11 12 13 14 15 16 17 18 19 20 21 22 23 24 25 26 36 42 28_135 .0009096471562354252450489334006852856622
.1469726562 -7570.2304687500 1 2 3 4 5 6 7 8 9 10 11 12 13 14 15 16 17 18 19 20 21 22 23 24 26 34 35 47 28_136 .0008869254768245913522769797148236284180
.1489257812 -7570.2285156250 1 2 3 4 5 6 7 8 9 10 11 12 13 14 15 16 17 18 19 20 21 22 23 24 34 35 39 44 28_137 .0008431706060439961449958255383321805741
.1499023437 -7570.2275390625 1 2 3 4 6 7 8 9 10 11 12 13 14 15 16 17 18 19 20 21 22 23 24 25 27 32 37 46 28_138 .0008221094153747957603782803693514263439
.1508789062 -7570.2265625000 1 2 3 4 5 6 7 8 9 10 11 12 13 14 15 16 17 18 19 20 21 22 23 24 25 44 45 48 28_139 .0008015743029977284247252240136338955696
.1528320312 -7570.2246093750 1 2 3 4 5 6 7 8 9 10 11 12 14 15 16 17 18 19 20 21 22 23 24 27 32 34 36 46 28_140 .0007620300786348424371354628389236744993
.1533203124 -7570.2241210938 1 2 3 4 5 6 7 8 9 10 11 12 14 15 16 17 18 19 20 21 22 23 24 30 31 32 34 35 28_141 .0007524526855891026755475107403456534341
.1552734374 -7570.2221679688 1 2 3 4 5 6 7 8 9 10 11 12 14 15 16 17 18 19 20 21 22 23 24 25 27 32 34 40 28_142 .0007153317877383192691348989919571955152
.1562500000 -7570.2211914062 1 2 3 4 5 6 7 8 9 10 11 12 13 14 15 16 17 18 19 20 21 22 23 24 32 38 40 47 28_143 .0006974638253252507364534662211838424621
.1567382812 -7570.2207031250 1 2 3 4 5 6 7 8 9 10 11 12 13 14 15 16 17 18 19 20 21 22 24 25 27 32 33 35 28_144 .0006886979178137100461595828926348257922
.1572265624 -7570.2202148438 1 2 3 4 5 6 7 8 9 10 11 12 14 15 16 17 18 19 20 21 22 23 24 25 30 32 34 40 28_145 .0006800421825171441639186915307465409061
.1577148437 -7570.2197265625 1 2 3 4 5 6 7 8 9 10 11 12 13 14 15 16 17 18 19 20 21 22 23 24 26 40 45 46 28_146 .0006714952330230130237364079176419386345
.1586914062 -7570.2187500000 1 2 3 4 5 6 7 8 9 10 11 12 13 14 15 16 17 18 19 20 21 22 23 24 32 37 38 45 28_147 .0006547222465896851129552039045445253473
.1606445312 -7570.2167968750 1 2 3 4 5 6 7 8 9 10 11 12 13 14 15 16 17 18 19 20 21 22 23 24 27 34 35 48 28_148 .0006224227039051329559864197980449498680
.1616210937 -7570.2158203125 1 2 3 4 5 6 7 8 9 10 11 12 13 14 15 16 17 18 19 20 21 22 23 24 25 34 43 48 28_149 .0006068754787649087935258192845643180256
.1630859374 -7570.2143554688 1 2 3 4 5 6 7 8 9 10 11 12 13 14 15 16 17 18 19 20 21 22 23 24 25 34 45 47 28_150 .0005842797521995604612647457192506269632
.1640625000 -7570.2133789062 1 2 3 4 6 7 8 9 10 11 12 13 14 15 16 17 18 19 20 21 22 23 24 32 34 35 36 37 28_151 .0005696852817314902874368236955036341421
.1645507812 -7570.2128906250 1 2 3 4 5 6 7 8 9 10 11 12 13 14 15 16 17 18 19 20 21 22 23 24 35 36 39 46 28_152 .0005625253283274331451461474440945268304
.1655273437 -7570.2119140625 1 2 3 4 5 6 7 9 10 11 12 13 14 15 16 17 18 19 20 21 22 23 24 25 29 32 39 46 28_153 .0005484742535968460299747539627724562364
.1665039062 -7570.2109375000 1 2 3 4 5 6 7 8 9 10 11 12 13 14 15 16 17 18 19 20 21 22 23 24 32 38 41 42 28_154 .0005347741545310731090993321752929142446
.1674804687 -7570.2099609375 1 2 3 4 5 6 7 8 9 10 11 12 13 14 15 16 17 18 19 20 21 22 23 24 34 43 44 45 28_155 .0005214162642621235937111766800942005403
.1679687500 -7570.2094726562 1 2 3 4 6 7 8 9 10 11 12 13 14 15 16 17 18 19 20 21 22 23 24 25 27 31 32 37 28_156 .0005148629671422724213075507315237864279
.1689453124 -7570.2084960938 1 2 3 4 6 7 8 9 10 11 12 13 14 15 16 17 18 19 20 21 22 23 24 25 27 30 45 46 28_157 .0005020024310356267726202564236818700070
.1718750000 -7570.2055664062 1 2 3 4 5 6 7 8 9 10 11 12 14 15 16 17 18 19 20 21 22 23 24 25 28 33 34 35 28_158 .0004653163482280145159994701242344222368
.1728515624 -7570.2045898438 1 2 3 4 5 6 7 8 9 10 11 12 14 15 16 17 18 19 20 21 22 23 24 32 34 37 39 40 28_159 .0004536934153715030903235148148265097368
.1733398437 -7570.2041015625 1 2 3 4 5 6 7 9 10 11 12 13 14 15 16 17 18 19 20 21 22 23 24 26 27 30 34 43 28_160 .0004479912768767306146469618609358457738
.1738281250 -7570.2036132812 1 2 3 4 5 6 7 8 9 10 11 12 13 14 16 17 18 19 20 21 22 23 24 25 27 29 30 36 28_161 .0004423608043623580131485009157262837239
.1748046874 -7570.2026367188 1 2 3 4 5 6 7 8 9 10 11 12 13 14 15 16 17 18 19 20 21 22 23 24 30 32 35 44 28_162 .0004313112679619377574224214341910947795
.1752929687 -7570.2021484375 1 2 3 4 5 6 7 8 9 10 11 12 13 14 15 16 17 18 19 20 21 22 23 24 25 29 45 46 28_163 .0004258904341985448389210062977268151416
.1762695312 -7570.2011718750 1 2 3 4 5 6 7 8 9 10 11 12 13 14 15 16 17 18 19 20 21 22 23 24 26 32 41 42 28_164 .0004152523028707361271236558560723660650
.1767578124 -7570.2006835938 1 2 3 4 5 6 7 8 9 10 11 12 13 14 15 16 17 18 19 20 21 22 23 24 34 37 44 45 28_165 .0004100333034778691606219207459703133022
.1772460937 -7570.2001953125 1 2 3 4 6 7 8 9 10 11 12 13 14 15 16 17 18 19 20 21 22 23 24 25 26 31 32 34 28_166 .0004048798967836473014424267617694810845
.1787109374 -7570.1987304688 1 2 3 4 5 6 7 8 9 10 11 12 13 14 15 16 17 18 19 20 21 22 24 28 32 35 36 37 28_167 .0003898050490436322294884027228146524590
.1796875000 -7570.1977539062 1 2 3 4 5 6 7 9 10 11 12 13 14 15 16 17 18 19 20 21 22 23 24 25 27 32 36 41 28_168 .0003800682778220464748395795315001957272
.1801757812 -7570.1972656250 1 2 4 5 6 7 8 9 10 11 12 13 14 15 16 17 18 19 20 21 22 23 24 25 27 29 30 45 28_169 .0003752914804449137550469547703983943058
.1806640624 -7570.1967773438 1 2 3 4 5 6 7 8 9 10 11 12 13 14 15 16 17 18 19 20 21 22 23 24 25 38 44 45 28_170 .0003705747191047608582735529142121724508
.1811523437 -7570.1962890625 1 2 3 4 5 6 7 8 9 10 11 12 13 15 16 17 18 19 20 21 22 23 24 25 32 35 36 41 28_171 .0003659172383051629942505387512990751253
.1816406250 -7570.1958007812 1 2 3 4 5 6 7 8 9 10 11 12 13 14 15 16 17 18 19 20 21 22 23 24 26 29 45 46 28_172 .0003613182939525494978535044747159741966
.1826171874 -7570.1948242188 1 2 3 4 5 6 7 8 9 10 11 12 13 14 15 16 17 18 19 20 21 22 23 24 29 31 33 38 28_173 .0003522930828538372257116678080849256304
.1845703124 -7570.1928710938 1 2 3 4 5 7 8 9 10 11 12 13 14 15 16 17 18 19 20 21 22 23 24 27 32 34 36 37 28_174 .0003349133381966480328542937075904401845
.1860351562 -7570.1914062500 1 2 3 4 5 6 7 8 9 10 11 12 14 15 16 17 18 19 20 21 22 23 24 26 28 34 35 46 28_175 .0003224435466419502210635086830270086935
.1875000000 -7570.1899414062 1 2 3 4 5 6 8 9 10 11 12 13 14 15 16 17 18 19 20 21 22 23 24 26 32 34 35 36 28_176 .0003104380414672899575735055385734615023
.1879882812 -7570.1894531250 1 2 3 4 5 6 7 8 9 10 11 12 13 14 15 16 17 18 19 20 21 22 24 25 27 32 33 43 28_177 .0003065363750858155098172915404227229245
.1884765624 -7570.1889648438 1 2 3 4 6 7 8 9 10 11 12 13 14 15 16 17 18 19 20 21 22 23 24 29 30 31 32 34 28_178 .0003026837458664117160808844323354516615
.1889648437 -7570.1884765625 1 2 3 4 5 6 7 8 9 10 11 12 14 15 16 17 18 19 20 21 22 23 24 26 30 31 34 41 28_179 .0002988795367230334283305869241923132419
.1899414062 -7570.1875000000 1 2 3 4 5 6 7 8 9 10 11 12 13 14 15 16 17 18 19 20 21 22 23 24 31 32 38 40 28_180 .0002914139551848202371891061523855025096
.1904296874 -7570.1870117188 1 2 3 4 6 7 8 9 10 11 12 13 14 15 16 17 18 19 20 21 22 23 24 25 31 32 35 37 28_181 .0002877513884882160867271794254762928031
.1914062500 -7570.1860351562 1 2 3 4 5 6 7 8 9 10 11 12 13 14 15 16 17 18 19 20 21 22 23 24 29 34 43 45 28_182 .0002805637713824925714697999757174043489
.1918945312 -7570.1855468750 1 2 3 4 5 6 7 9 10 11 12 13 14 15 16 17 18 19 20 21 22 23 24 29 30 32 34 35 28_183 .0002770375726296309763140926372396017018
.1923828124 -7570.1850585938 1 2 3 4 5 6 7 8 9 10 11 12 13 14 15 16 17 18 19 20 21 22 23 24 26 30 38 41 28_184 .0002735556920636237034571026283411789080
.1928710937 -7570.1845703125 1 2 3 4 5 6 7 8 9 10 11 12 13 14 15 16 17 18 19 20 21 22 23 24 26 30 38 39 28_185 .0002701175719822404594446716002028750182
.1938476562 -7570.1835937500 1 2 3 4 5 6 7 8 9 10 11 12 13 14 15 16 17 18 19 20 21 22 23 24 25 45 46 47 28_186 .0002633704230116291933065528894496567033
.1943359374 -7570.1831054688 1 2 3 4 5 6 7 8 9 10 11 12 13 14 15 16 17 18 19 20 21 22 23 24 32 38 42 45 28_187 .0002600603147514356638887333057405637091
.1953125000 -7570.1821289062 1 2 3 4 5 7 8 9 10 11 12 13 14 15 16 17 18 19 20 21 22 23 24 27 32 34 35 36 28_188 .0002535643809641211747806782985775235607
.1958007812 -7570.1816406250 1 2 3 4 5 6 7 8 9 10 11 12 13 14 15 16 17 18 19 20 21 22 24 25 27 32 45 46 28_189 .0002503775176013997814933859811355191072
.1962890624 -7570.1811523438 1 2 3 4 5 6 7 8 9 10 11 12 13 14 15 16 17 18 19 20 21 22 23 25 30 31 34 36 28_190 .0002472307075697260678609989833458926770
.1972656250 -7570.1801757812 1 2 3 4 5 6 7 8 9 10 11 12 13 14 15 16 17 18 19 20 21 22 23 24 28 32 38 40 28_191 .0002410552389746855179840884646321193778
.1992187500 -7570.1782226562 1 2 3 4 5 6 7 8 9 10 11 12 13 14 15 16 17 18 19 20 21 22 23 25 32 35 36 41 28_192 .0002291632129725856520856093950320662359
.1997070312 -7570.1777343750 1 2 3 4 5 6 7 8 9 10 11 12 14 15 16 17 18 19 20 21 22 23 24 26 34 35 41 44 28_193 .0002262830298619728459636147224010815326
.2001953124 -7570.1772460938 1 2 3 4 5 6 7 8 9 10 11 12 13 14 15 16 17 18 19 20 21 22 23 25 32 36 40 41 28_194 .0002234390456449043175126032265450290410
.2011718750 -7570.1762695312 1 2 3 4 5 6 7 8 9 10 11 12 13 14 15 16 17 18 19 20 21 22 24 27 32 33 34 43 28_195 .0002178578586521971743783771867451832858
.2026367187 -7570.1748046875 1 2 3 4 5 7 8 9 10 11 12 13 14 15 16 17 18 19 20 21 22 23 24 29 30 34 35 36 28_196 .0002097463814604744706365338134780440697
.2036132812 -7570.1738281250 1 2 3 4 5 6 7 8 9 10 11 12 13 14 15 16 17 18 19 20 21 22 23 24 25 37 38 45 28_197 .0002045072181162492255838570451966850588
.2041015624 -7570.1733398438 1 2 3 4 5 6 7 8 9 10 11 12 13 14 15 16 17 18 19 20 21 22 24 27 31 32 33 37 28_198 .0002019369179883343083965072391303340044
.2050781250 -7570.1723632812 1 2 3 4 5 6 7 8 9 10 11 12 13 14 15 16 17 18 20 21 22 23 24 25 28 30 40 44 28_199 .0001968928233146800143500475415461101281
.2055664062 -7570.1718750000 1 2 3 4 5 6 8 9 10 11 12 13 14 15 16 17 18 19 20 21 22 23 24 32 34 36 40 41 28_200 .0001944182228892633386076757166675893773
.2060546874 -7570.1713867188 1 2 3 4 5 6 7 8 9 10 11 12 13 14 15 16 17 18 19 20 21 22 23 25 26 31 34 36 28_201 .0001919747238882783974637610913830396082
.2065429687 -7570.1708984375 1 2 3 4 5 6 7 8 9 10 11 12 13 14 15 16 17 18 20 21 22 23 24 25 29 30 43 48 28_202 .0001895619349298794512151369064672519598
.2070312500 -7570.1704101562 1 2 3 4 5 7 8 9 10 11 12 13 14 15 16 17 18 19 20 21 22 23 24 27 30 32 36 37 28_203 .0001871794705394228960768025014809942952
.2075195312 -7570.1699218750 1 2 3 4 5 6 7 8 9 10 11 12 14 15 16 17 18 19 20 21 22 23 24 32 34 35 41 44 28_204 .0001848269500684972857147604386618478958
.2080078124 -7570.1694335938 1 2 3 4 5 6 7 9 10 11 12 13 14 15 16 17 18 19 20 21 22 23 24 26 27 30 34 35 28_205 .0001825039966892520550937549014254282322
.2084960937 -7570.1689453125 1 2 3 4 5 6 7 8 9 10 11 12 14 15 16 17 18 19 20 21 22 23 24 32 34 36 46 47 28_206 .0001802102383279598280993221232734251021
.2089843750 -7570.1684570312 1 2 3 4 5 6 7 8 9 10 11 12 13 14 15 17 18 19 20 21 22 23 24 27 28 31 32 46 28_207 .0001779453085266741878007484980072320456
.2104492187 -7570.1669921875 1 2 3 4 5 6 7 8 9 10 11 12 13 14 15 16 17 18 19 20 21 22 23 26 30 34 35 41 28_208 .0001713198908326881460824106507116761511
.2109375000 -7570.1665039062 1 2 3 4 5 6 7 8 9 10 11 12 13 14 15 16 17 18 19 20 21 22 23 25 30 34 36 40 28_209 .0001691666972633316872174052499879704549
.2114257812 -7570.1660156250 1 2 3 4 5 6 7 8 9 10 11 12 13 14 15 16 17 18 19 20 21 22 23 25 29 32 36 41 28_210 .0001670405660312901638823366286020130592
.2119140624 -7570.1655273438 1 2 3 4 6 7 8 9 10 11 12 13 14 15 16 17 18 19 20 21 22 23 24 25 29 30 36 40 28_211 .0001649411565718492234887126981942372933
.2128906250 -7570.1645507812 1 2 3 4 6 7 8 9 10 11 12 13 14 15 16 17 18 19 20 21 22 23 24 25 26 27 30 31 28_212 .0001608211629737568419785450022141866399
.2133789062 -7570.1640625000 1 2 3 4 5 6 7 8 9 10 11 12 13 14 15 16 17 18 19 20 21 22 23 26 30 31 34 41 28_213 .0001587999205962486549883124776945418684
.2143554687 -7570.1630859375 1 2 3 4 5 6 7 8 9 10 11 12 13 14 15 16 17 18 19 20 21 23 24 25 31 32 39 46 28_214 .0001548333266685697300559876826244980158
.2153320312 -7570.1621093750 1 2 3 4 5 6 7 8 9 10 11 12 13 14 15 16 17 18 19 20 21 22 23 24 28 31 35 48 28_215 .0001509658125598732272278528841528483291
.2158203124 -7570.1616210938 1 2 3 4 5 6 7 8 9 10 11 12 13 14 15 16 17 18 19 20 21 22 23 24 27 35 42 48 28_216 .0001490684348002635254692272015083200474
.2177734374 -7570.1596679688 1 2 3 4 5 6 7 9 10 11 12 13 14 15 16 17 18 19 20 21 22 23 24 27 29 30 34 35 28_217 .0001417144120863111203516375806706424334
.2192382812 -7570.1582031250 1 2 3 4 5 6 7 8 9 10 11 12 13 14 15 16 17 18 19 20 21 22 24 30 31 33 34 47 28_218 .0001364379749383368974509459613621749582
.2197265624 -7570.1577148438 1 2 3 4 5 6 7 8 9 10 11 12 13 14 15 16 17 18 20 21 22 23 24 30 32 40 41 43 28_219 .0001347231868361530576412138882142112673
.2202148437 -7570.1572265625 1 2 3 4 5 7 8 9 10 11 12 13 14 15 16 17 18 19 20 21 22 23 24 27 30 34 35 36 28_220 .0001330299502940978677995711815097930671
.2207031250 -7570.1567382812 1 2 3 4 5 6 7 8 9 10 11 12 13 14 15 16 17 18 19 20 21 22 24 27 29 30 34 45 28_221 .0001313579947954523610332710842585032735
.2211914062 -7570.1562500000 1 2 3 4 6 7 8 9 10 11 12 13 14 15 16 17 18 19 20 21 22 23 24 25 26 31 34 36 28_222 .0001297070532104297847202072965658524888
.2216796874 -7570.1557617188 1 2 3 4 5 6 7 8 9 10 11 12 13 14 15 16 17 18 19 20 21 22 23 24 28 35 39 48 28_223 .0001280768610904199859746705777849934405
.2221679687 -7570.1552734375 1 2 3 4 5 6 7 8 9 10 11 12 13 14 15 16 17 18 19 20 21 22 23 24 29 33 36 38 28_224 .0001264671573231407078468955596015005694
.2241210937 -7570.1533203125 1 2 3 4 5 6 7 8 9 10 11 12 14 15 16 17 18 19 20 21 22 23 24 25 26 36 37 39 28_225 .0001202281279218490745715454350290706092
.2250976562 -7570.1523437500 1 2 3 4 5 6 8 9 10 11 12 13 14 15 16 17 18 19 20 21 22 23 24 26 34 35 36 41 28_226 .0001172250019734203742554002656127574228
.2255859374 -7570.1518554688 1 2 3 4 5 6 7 8 10 11 12 13 14 15 16 17 18 19 20 21 22 23 24 25 32 35 36 39 28_227 .0001157516875332628774918590532181747514
.2260742187 -7570.1513671875 1 2 3 4 5 6 7 8 9 10 11 12 13 14 15 16 17 18 19 20 21 22 24 27 32 33 37 43 28_228 .0001142968897977087221207635330506702171
.2265625000 -7570.1508789062 1 2 3 4 5 6 8 9 10 11 12 13 14 15 16 17 18 19 20 21 22 23 24 26 28 34 35 36 28_229 .0001128603763437618246167603946889297004
.2275390624 -7570.1499023438 1 2 3 4 5 6 7 8 9 10 11 12 13 14 15 16 17 18 19 20 21 22 24 27 32 45 46 47 28_230 .0001100412865322829449679554513856424731
.2280273437 -7570.1494140625 1 2 3 4 5 6 7 8 9 10 11 12 13 14 16 17 18 19 20 21 22 23 24 25 27 29 31 36 28_231 .0001086582586224857101348889386944575841
.2290039062 -7570.1484375000 1 2 3 4 5 6 7 8 9 10 11 12 13 14 15 16 17 18 19 20 21 22 24 27 32 43 46 47 28_232 .0001059441313910247415580698872124337077
.2299804687 -7570.1474609375 1 2 3 4 5 6 7 8 9 10 11 12 13 14 15 16 17 18 19 20 21 22 23 25 26 28 36 37 28_233 .0001032977991594279946537637299736680491
.2304687500 -7570.1469726562 1 2 3 4 5 6 7 8 9 10 11 12 14 15 16 17 18 19 20 21 22 23 24 27 32 34 35 42 28_234 .0001019995251773603081474391855334627195
.2309570312 -7570.1464843750 1 2 3 4 5 6 7 8 9 10 11 12 13 14 15 17 18 19 20 21 22 23 24 28 29 32 35 37 28_235 .0001007175685059747360941252705518196140
.2324218750 -7570.1450195312 1 2 3 4 5 6 7 8 9 10 11 12 13 14 15 16 17 18 19 20 21 22 24 29 35 36 40 44 28_236 .0000969675623344436675622905541337078536
.2329101562 -7570.1445312500 1 2 3 4 5 6 7 8 9 10 11 12 13 14 15 16 17 18 19 20 22 23 24 25 32 36 39 45 28_237 .0000957488486862528064123714711972493696
.2348632812 -7570.1425781250 1 2 3 4 5 6 7 8 9 10 11 12 13 14 15 16 17 18 19 20 22 23 24 26 28 30 33 45 28_238 .0000910252517086836137787159446296431838
.2353515624 -7570.1420898438 1 2 3 5 6 7 8 9 10 11 12 13 14 15 16 17 18 19 20 21 22 23 24 29 31 34 35 42 28_239 .0000898812225723754541047225450979603452
.2377929687 -7570.1396484375 1 2 3 4 5 6 7 9 10 11 12 13 14 15 16 17 18 19 20 21 22 23 24 25 29 32 45 46 28_240 .0000843731727433164023390574764133939150
.2392578124 -7570.1381835938 1 2 3 4 5 6 7 8 9 10 11 12 13 14 16 17 18 19 20 21 22 23 24 30 34 35 36 41 28_241 .0000812317158753624292938845644070430180
.2402343750 -7570.1372070312 1 2 3 4 5 6 7 8 9 10 11 12 13 14 15 16 17 18 19 20 21 22 24 30 32 43 46 47 28_242 .0000792026640830478368621864937247795303
.2412109374 -7570.1362304688 1 2 3 4 5 6 7 8 9 10 11 12 13 14 15 16 17 18 19 20 22 23 24 25 32 36 40 45 28_243 .0000772242954953123435549530551197642386
.2421875000 -7570.1352539062 1 2 3 4 5 6 7 8 9 10 11 12 13 14 15 16 17 18 19 20 21 22 24 26 32 35 46 47 28_244 .0000752953433182413195899497444174039856
.2426757812 -7570.1347656250 1 2 3 4 6 7 8 9 10 11 12 13 14 15 16 17 18 19 20 21 22 23 24 25 29 30 45 46 28_245 .0000743490117787243967189264963128467478
.2441406250 -7570.1333007812 1 2 3 4 5 6 7 9 10 11 12 13 14 15 16 17 18 19 20 21 22 23 24 28 34 44 45 46 28_246 .0000715807831851110276726129498788438778
.2446289062 -7570.1328125000 1 2 3 4 5 6 8 9 10 11 12 13 14 15 16 17 18 19 20 21 22 23 24 25 26 27 31 32 28_247 .0000706811372074695065818728819338576741
.2456054687 -7570.1318359375 1 2 3 4 5 6 7 8 9 10 11 12 14 15 16 17 18 19 20 21 22 23 24 27 34 35 40 42 28_248 .0000689156239213425076014996835972251383
.2460937500 -7570.1313476562 1 2 4 5 6 7 8 9 10 11 12 13 14 15 16 17 18 19 20 21 22 23 24 27 28 33 36 37 28_249 .0000680494741851128718236154045579459852
.2480468750 -7570.1293945312 1 2 3 4 5 6 7 8 9 10 11 12 13 14 15 16 17 18 19 20 21 22 24 30 32 41 43 47 28_250 .0000646923759536839790555266461729473534
.2485351562 -7570.1289062500 1 2 3 4 5 6 7 8 9 10 11 12 14 15 16 17 18 19 20 21 22 23 24 32 33 34 46 47 28_251 .0000638793052771548259004367878494624590
.2490234374 -7570.1284179688 1 2 3 4 5 6 7 8 9 10 11 12 13 14 15 16 17 18 19 20 21 23 24 25 29 32 37 41 28_252 .0000630764534852358913107764776764145306
.2509765624 -7570.1264648438 1 2 3 4 5 6 7 8 9 10 11 12 13 14 15 17 18 19 20 21 22 23 24 26 28 32 35 37 28_253 .0000599646902721350111296683069278005093
.2519531250 -7570.1254882812 1 2 3 4 5 6 7 8 9 10 11 12 13 14 15 16 17 18 19 20 22 23 24 26 28 30 32 33 28_254 .0000584668582866707241297296086265720804
.2534179687 -7570.1240234375 1 2 3 4 5 6 7 9 10 11 12 13 14 15 16 17 18 19 20 21 22 23 24 28 34 45 46 47 28_255 .0000562899683163110061536072101261444182
.2543945312 -7570.1230468750 1 2 3 4 5 6 7 8 9 10 11 12 14 15 16 17 18 19 20 21 22 23 24 25 29 32 45 46 28_256 .0000548839257586424170818013094599555591
.2548828124 -7570.1225585938 1 2 3 4 5 6 7 8 9 11 12 13 14 15 16 17 18 19 20 21 22 23 24 26 27 32 33 37 28_257 .0000541941302458125313963921038603449702
.2563476562 -7570.1210937500 1 2 3 4 5 6 7 8 9 11 12 13 14 15 16 17 18 19 20 21 22 23 24 26 27 30 32 33 28_258 .0000521763261437357453605005355335935239
.2568359374 -7570.1206054688 1 2 3 4 5 6 7 9 10 11 12 13 14 15 16 17 18 19 20 21 22 23 24 32 33 35 36 46 28_259 .0000515205604500029101211335603563466118
.2583007812 -7570.1191406250 1 2 3 4 5 6 7 8 9 10 11 12 13 14 15 16 17 18 19 20 22 23 24 25 29 39 44 45 28_260 .0000496023010786322707990010785685897155
.2587890624 -7570.1186523438 1 2 3 4 5 6 7 8 9 10 11 12 13 14 15 16 17 18 19 20 21 22 24 26 34 35 39 46 28_261 .0000489788864041692340601903682749824258
.2597656250 -7570.1176757812 1 2 3 4 5 6 7 8 9 10 11 12 13 14 16 17 18 19 20 21 22 23 24 34 35 36 40 41 28_262 .0000477554640478516991941804346762433288
.2602539062 -7570.1171875000 1 2 3 4 5 6 7 8 9 10 11 12 13 14 15 16 17 18 19 20 21 22 24 30 34 35 40 48 28_263 .0000471552609035252417258564248708672260
.2607421874 -7570.1166992188 1 2 3 4 5 6 7 8 9 10 11 12 13 14 15 16 17 19 20 21 22 23 24 25 28 30 40 44 28_264 .0000465626012690702074850108791353124566
.2612304687 -7570.1162109375 1 2 3 4 5 6 7 8 9 10 11 12 13 14 15 16 17 18 19 20 21 22 24 30 31 33 35 47 28_265 .0000459773902165895378149029440071736262
.2617187500 -7570.1157226562 1 2 3 4 5 6 7 8 9 10 11 12 13 14 15 16 17 18 19 20 21 22 23 30 34 35 40 48 28_266 .0000453995342509513428245937774884222918
.2626953124 -7570.1147460938 1 2 3 4 5 6 7 8 10 11 12 13 14 15 16 17 18 19 20 21 22 23 24 30 34 35 36 43 28_267 .0000442655192086577367803441895751284994
.2631835937 -7570.1142578125 1 2 3 4 5 6 7 8 9 10 11 12 13 14 15 16 17 18 19 20 22 23 24 25 28 33 34 35 28_268 .0000437091784893107402202231231977777281
.2641601562 -7570.1132812500 1 2 3 4 5 6 7 8 9 10 11 12 13 14 15 16 17 18 19 20 21 22 23 27 29 32 36 39 28_269 .0000426173859913765192256430870840152855
.2651367187 -7570.1123046875 1 2 3 4 5 6 7 8 9 10 11 12 13 14 15 16 17 18 19 20 22 23 24 34 35 36 42 45 28_270 .0000415528649018682643499170815696784772
.2656250000 -7570.1118164062 1 2 3 4 5 6 7 8 9 10 11 12 14 15 16 17 18 19 20 21 22 23 24 32 36 39 44 46 28_271 .0000410306175372442778408263736511967866
.2675781250 -7570.1098632812 1 2 3 4 5 6 7 8 9 10 11 12 13 14 15 16 17 18 19 20 22 23 24 25 28 36 39 45 28_272 .0000390064459294811104501513796025727322
.2680664062 -7570.1093750000 1 2 4 5 6 7 8 9 10 11 12 13 14 15 16 17 18 19 20 21 22 23 24 27 33 36 37 45 28_273 .0000385162027298251393502722574165035626
.2700195312 -7570.1074218750 1 2 3 4 5 6 7 8 9 10 11 12 13 14 15 16 18 19 20 21 22 23 24 28 34 36 41 44 28_274 .0000366160752473714966968518974044865000
.2714843750 -7570.1059570312 1 2 3 4 5 6 7 8 9 10 11 12 13 14 15 16 17 18 19 20 21 22 24 26 34 35 46 47 28_275 .0000352527529373542168570165529946688450
.2724609374 -7570.1049804688 1 2 3 4 5 6 7 8 9 10 11 12 13 14 15 16 17 18 19 20 22 23 24 31 34 35 42 45 28_276 .0000343721898925387941172437601607998509
.2734375000 -7570.1040039062 1 2 3 4 5 6 7 8 9 10 11 12 13 14 15 16 17 18 19 20 21 22 24 26 32 45 46 47 28_277 .0000335136218719611764930519171051612389
.2739257812 -7570.1035156250 1 2 3 4 5 6 7 9 10 11 12 13 14 15 17 18 19 20 21 22 23 24 25 27 28 31 32 46 28_278 .0000330924139196070014923963147227358548
.2749023437 -7570.1025390625 1 2 3 4 5 6 7 8 9 10 11 12 13 15 16 17 18 19 20 21 22 23 24 32 38 41 46 47 28_279 .0000322658129514648831099659115374808277
.2753906250 -7570.1020507812 1 2 3 4 5 6 7 8 9 10 11 12 13 14 15 16 17 19 20 21 22 23 24 26 34 35 42 44 28_280 .0000318602877049831321304248366152226024
.2763671874 -7570.1010742188 1 2 3 4 5 6 7 8 9 10 11 12 13 14 15 16 17 19 20 21 22 23 24 25 29 39 40 44 28_281 .0000310644635604106401418244991889442207
.2768554687 -7570.1005859375 2 3 4 5 6 7 8 9 10 11 12 13 14 15 16 17 18 19 20 21 22 23 24 29 31 34 35 42 28_282 .0000306740371899017586212108071961358947
.2773437500 -7570.1000976562 1 2 3 4 5 6 7 8 9 10 11 12 13 14 15 16 17 18 19 20 21 22 24 32 34 38 45 47 28_283 .0000302885178009827025463499454559215794
.2778320312 -7570.0996093750 1 2 3 4 6 7 8 9 10 11 12 13 14 15 16 17 18 19 20 21 22 23 24 25 30 37 42 45 28_284 .0000299078437988848106829372388481522470
.2792968750 -7570.0981445312 1 2 3 4 5 6 7 9 10 11 12 13 14 15 16 17 18 19 20 21 22 23 24 28 29 30 32 35 28_285 .0000287942883339675650124686786381712254
.2797851562 -7570.0976562500 1 2 3 4 5 6 7 8 9 10 11 12 13 14 15 16 17 18 19 20 22 23 24 26 30 32 33 39 28_286 .0000284323941980552280356068954184399074
.2802734374 -7570.0971679688 1 2 3 4 5 6 7 8 9 10 11 12 13 14 15 16 17 18 19 20 21 22 24 31 33 35 36 46 28_287 .0000280750484421580081413266350103400420
.2807617187 -7570.0966796875 1 2 3 4 5 6 7 8 9 10 11 12 13 14 16 17 18 19 20 21 22 23 24 25 28 29 31 44 28_288 .0000277221938292394040140031914627233135
.2812500000 -7570.0961914062 1 2 3 4 5 6 7 8 9 10 11 12 13 14 16 17 18 19 20 21 22 23 24 25 29 31 34 36 28_289 .0000273737739861526117131564575813758335
.2827148437 -7570.0947265625 1 2 3 4 5 6 7 8 9 10 11 12 13 14 15 16 17 18 19 20 22 23 24 28 30 32 39 46 28_290 .0000263545693326517644151995956336829096
.2832031250 -7570.0942382812 1 2 3 4 5 6 7 8 9 10 11 12 13 14 15 16 17 18 19 20 22 23 24 25 32 36 37 40 28_291 .0000260233381549151195608682407198197472
.2836914062 -7570.0937500000 1 2 3 4 5 6 7 8 9 10 11 12 15 16 17 18 19 20 21 22 23 24 26 32 33 34 35 36 28_292 .0000256962700445351227908431477385262300
.2841796874 -7570.0932617188 1 2 3 4 5 6 7 8 9 10 11 12 13 14 16 17 18 19 20 21 22 23 24 25 29 31 34 44 28_293 .0000253733126115859281594688283505296842
.2846679687 -7570.0927734375 1 2 3 4 5 6 7 8 9 10 11 12 13 14 15 16 17 18 19 20 22 23 24 25 27 28 39 45 28_294 .0000250544141271017566497556114244243319
.2856445312 -7570.0917968750 1 2 3 4 5 6 8 9 10 11 12 13 14 15 16 17 18 19 20 21 22 23 24 25 26 27 32 39 28_295 .0000244285908485700759513727548321854693
.2866210937 -7570.0908203125 1 2 3 4 5 6 7 8 9 10 11 12 13 14 15 16 17 18 19 20 22 23 24 25 30 32 36 37 28_296 .0000238183997366484491046954604537826992
.2890625000 -7570.0883789062 1 2 3 4 5 6 7 9 10 11 12 13 14 15 16 17 18 19 20 21 22 23 24 31 34 44 45 46 28_297 .0000223587741458609451994400661748720441
.2924804687 -7570.0849609375 1 2 3 4 5 6 7 8 9 10 11 12 13 14 15 16 17 19 20 21 22 23 24 30 32 33 41 43 28_298 .0000204643315572092296457014285216937053
.2929687500 -7570.0844726562 1 2 3 4 5 6 7 8 9 10 11 12 13 14 15 16 17 18 19 20 21 22 23 26 30 32 38 41 28_299 .0000202071304412384393257187284503677547
.2944335937 -7570.0830078125 1 2 3 4 5 6 7 8 9 10 11 12 13 14 15 16 17 18 19 20 22 23 24 29 39 40 44 46 28_300 .0000194547606222274690392199088000879808
.2958984374 -7570.0815429688 1 2 4 5 7 8 9 10 11 12 13 14 15 16 17 18 19 20 21 22 23 24 25 27 28 29 32 36 28_301 .0000187304037042171965988477448641740787
.2978515624 -7570.0795898438 1 2 3 4 5 6 7 8 9 10 11 12 14 15 16 17 18 19 20 21 22 23 24 27 34 35 42 48 28_302 .0000178063729765391729453489894686228307
.2993164062 -7570.0781250000 1 2 3 4 5 6 7 8 9 10 11 12 13 14 15 16 17 18 19 20 21 22 23 25 28 36 37 40 28_303 .0000171433902462656080679969334826078821
.2998046874 -7570.0776367188 1 2 3 4 5 6 7 8 9 10 11 12 14 15 16 17 18 20 21 22 23 24 26 28 30 34 35 46 28_304 .0000169279276403549234143175640756399050
.3002929687 -7570.0771484375 1 2 3 4 5 6 7 8 9 10 11 12 13 14 15 16 17 18 19 20 21 22 23 25 28 29 31 46 28_305 .0000167151729814499626806117277287082830
.3007812500 -7570.0766601562 1 2 3 4 5 6 7 8 9 10 11 12 13 14 15 16 17 18 19 20 22 23 24 26 29 39 44 45 28_306 .0000165050922792068829246648919221332185
.3012695312 -7570.0761718750 1 2 3 4 5 6 7 8 9 10 11 12 13 14 15 16 17 18 19 20 21 22 24 25 28 29 31 46 28_307 .0000162976519688488485798253625286522497
.3027343750 -7570.0747070312 1 2 3 4 5 6 7 8 9 10 11 12 14 15 16 17 18 19 20 21 22 23 26 28 30 34 35 46 28_308 .0000156908432822290645618874845371807082
.3046875000 -7570.0727539062 1 2 3 4 5 6 8 9 10 11 12 13 14 15 16 17 18 19 20 21 22 23 24 33 34 35 36 41 28_309 .0000149167637928107181646696107666795804
.3051757812 -7570.0722656250 1 2 3 4 5 6 7 8 9 10 11 12 13 14 15 16 17 18 19 20 22 23 24 25 34 35 36 45 28_310 .0000147292860096894209640140221216164504
.3061523437 -7570.0712890625 1 2 3 4 5 6 7 8 9 10 11 12 13 14 15 16 17 18 19 20 21 22 23 30 32 38 43 47 28_311 .0000143613696012572848761398363115800057
.3081054687 -7570.0693359375 1 2 3 4 5 6 7 8 9 10 11 12 13 14 15 16 17 18 19 20 21 22 23 34 36 39 43 44 28_312 .0000136528773011092124656160973284907506
.3090820312 -7570.0683593750 1 2 3 4 5 6 7 8 9 10 11 12 13 14 15 16 17 18 19 20 21 22 24 25 34 36 44 45 28_313 .0000133118480361411508269282426499107042
.3110351562 -7570.0664062500 1 2 3 4 5 6 7 8 10 11 12 13 14 15 16 17 18 19 20 21 22 23 24 25 39 40 44 45 28_314 .0000126551319919052608634168064252143582
.3120117187 -7570.0654296875 1 2 3 4 5 6 7 8 9 10 11 12 13 14 15 16 17 18 19 20 22 23 24 26 28 32 39 46 28_315 .0000123390249716713191845765746065029989
.3129882812 -7570.0644531250 1 2 4 5 6 7 8 9 10 11 12 13 14 15 16 17 18 19 20 21 22 23 24 26 27 40 44 45 28_316 .0000120308138507693715820762741078418161
.3154296874 -7570.0620117188 1 2 3 4 5 6 7 9 10 11 12 13 14 15 16 17 18 20 21 22 23 24 25 26 28 34 39 44 28_317 .0000112935484059044763770597272957228493
.3188476562 -7570.0585937500 1 2 3 4 5 6 7 8 9 10 11 12 13 14 15 16 17 18 19 20 22 23 24 25 27 28 34 39 28_318 .0000103366542785150756487072681667067853
.3198242187 -7570.0576171875 1 2 3 4 5 6 7 8 9 10 11 12 13 14 15 17 18 19 20 21 23 24 25 28 31 32 37 46 28_319 .0000100784595014665356405484838669757412
.3227539062 -7570.0546875000 1 2 3 4 6 7 8 9 10 11 12 13 14 15 16 17 18 19 20 21 22 23 24 31 33 35 36 46 28_320 .0000093419308218472391479222857189650678
.3242187500 -7570.0532226562 1 2 3 4 5 6 7 9 10 11 12 13 14 15 16 17 18 20 21 22 23 24 25 26 28 34 37 44 28_321 .0000089941037371031780472777984445518511
.3251953124 -7570.0522460938 1 2 3 4 5 6 7 8 9 10 11 12 13 14 15 16 17 18 19 21 22 23 24 26 27 40 44 45 28_322 .0000087694439669512317820773009545221176
.3261718750 -7570.0512695312 1 2 3 4 5 6 7 8 9 10 11 12 14 15 16 17 18 19 20 21 22 24 26 28 30 33 34 39 28_323 .0000085503958303090560345525720729178332
.3271484374 -7570.0502929688 1 2 3 4 5 6 7 8 9 10 11 12 13 14 15 16 17 18 19 20 21 22 24 32 34 46 47 48 28_324 .0000083368192452379919542685303516706963
.3276367187 -7570.0498046875 1 2 3 4 5 6 7 8 9 10 11 12 13 14 15 16 17 18 19 20 21 23 24 25 39 40 44 45 28_325 .0000082320399023345783781429513767398005
.3286132812 -7570.0488281250 1 2 3 4 5 6 7 8 9 10 11 12 14 16 17 18 19 20 21 22 23 24 25 26 30 34 39 43 28_326 .0000080264153694858993756169430245725666
.3295898437 -7570.0478515625 1 2 3 4 5 6 7 8 9 10 11 12 13 14 15 16 17 18 19 20 21 22 24 28 34 40 44 45 28_327 .0000078259270421234506567745303016188760
.3334960937 -7570.0439453125 1 2 3 4 5 6 7 8 9 10 11 12 13 14 15 16 17 18 19 20 22 23 24 25 27 28 34 35 28_328 .0000070728174779241489385948328089945888
.3354492187 -7570.0419921875 1 2 3 4 5 6 7 9 10 11 12 13 14 15 16 17 18 20 21 22 23 24 25 26 28 34 35 37 28_329 .0000067238927679143688909180779388697237
.3398437500 -7570.0375976562 1 2 3 4 5 6 7 8 9 10 11 12 13 14 15 17 18 19 20 21 22 23 24 35 37 42 43 46 28_330 .0000060004596002970264652246354481089300
.3403320312 -7570.0371093750 1 2 3 4 5 6 7 8 9 10 11 12 13 14 15 16 17 19 20 21 22 23 24 27 30 31 36 45 28_331 .0000059250442569157245655705013153567642
.3408203124 -7570.0366210938 1 2 3 4 5 6 7 8 9 10 11 12 13 14 15 16 17 18 19 20 21 22 23 28 34 39 40 44 28_332 .0000058505767532660722453516217772789181
.3432617187 -7570.0341796875 1 2 3 4 5 6 7 8 9 10 12 14 15 16 17 18 19 20 21 22 23 24 25 32 34 36 39 40 28_333 .0000054920450448241320380906156789980488
.3447265624 -7570.0327148438 1 2 3 4 5 6 7 8 9 10 11 12 13 14 15 16 17 18 19 20 21 22 23 32 34 46 47 48 28_334 .0000052875603482765312632512431046449952
.3452148437 -7570.0322265625 1 2 3 4 5 6 7 8 9 10 11 12 13 14 15 16 17 19 20 21 22 23 24 25 39 44 46 48 28_335 .0000052211048953565197151407295095001448
.3461914062 -7570.0312500000 1 2 3 4 5 6 7 8 9 10 11 12 13 14 15 16 17 19 20 21 22 23 24 26 27 30 31 36 28_336 .0000050906891942910803021986607195361993
.3471679687 -7570.0302734375 1 2 3 4 5 6 7 8 9 10 11 12 13 14 15 16 17 19 20 21 22 23 24 27 28 30 31 36 28_337 .0000049635310901184971583915054929995442
.3476562500 -7570.0297851562 1 2 4 5 7 8 9 10 11 12 13 14 15 16 17 18 19 20 21 22 23 24 27 29 32 36 37 45 28_338 .0000049011481223696943519787381294002878
.3486328124 -7570.0288085938 1 2 4 5 6 7 8 9 10 11 12 13 14 15 16 17 18 19 20 21 23 24 25 27 29 32 37 41 28_339 .0000047787244943088000939619805341851356
.3491210937 -7570.0283203125 1 2 4 5 6 7 8 9 10 11 12 13 14 15 16 17 18 19 20 21 23 24 25 27 28 29 32 36 28_340 .0000047186642245942886643197231344479353
.3500976562 -7570.0273437500 1 2 3 4 5 6 7 8 9 10 11 12 14 15 17 18 19 20 21 22 23 24 26 28 32 35 37 46 28_341 .0000046007987698147499254951952316943789
.3510742187 -7570.0263671875 1 2 3 4 6 7 8 9 10 11 12 13 14 15 16 17 19 20 21 22 23 24 30 32 34 36 39 46 28_342 .0000044858774248021192039576746622069134
.3530273437 -7570.0244140625 1 2 3 4 5 6 7 8 9 10 11 12 14 15 16 17 18 20 21 22 23 24 32 33 36 37 40 46 28_343 .0000042645747424589167389412929643964030
.3544921874 -7570.0229492188 1 2 3 4 5 6 7 8 9 10 11 12 13 14 16 17 18 19 20 21 22 23 24 25 28 29 31 46 28_344 .0000041057923098679620779003750814758756
.3559570312 -7570.0214843750 1 2 3 4 5 6 7 8 9 10 11 12 13 14 15 16 17 18 19 20 21 22 23 32 34 35 43 44 28_345 .0000039529217955235227748252713519029827
.3579101562 -7570.0195312500 1 2 3 4 5 7 8 9 10 11 12 13 14 15 16 17 18 20 21 22 23 24 26 29 31 36 44 46 28_346 .0000037579115191379943679439416812564769
.3588867187 -7570.0185546875 1 2 4 5 7 8 9 10 11 12 13 14 15 16 17 18 19 20 21 22 23 24 27 28 29 32 36 45 28_347 .0000036640442869844816858238728654832947
.3598632812 -7570.0175781250 1 2 3 4 5 6 7 8 10 11 12 13 14 15 16 17 18 19 20 21 22 23 27 29 32 36 39 46 28_348 .0000035725217234660044988150049206213692
.3623046874 -7570.0151367188 1 2 3 4 5 6 7 8 9 10 11 12 14 15 16 17 18 19 20 21 22 23 28 31 32 35 36 37 28_349 .0000033535924930405642443476916340319047
.3632812500 -7570.0141601562 1 2 3 4 6 7 8 9 10 11 12 13 15 16 17 18 19 20 21 22 23 24 30 31 34 35 36 46 28_350 .0000032698245609543166660705123818215765
.3637695312 -7570.0136718750 1 2 3 4 5 6 7 8 9 10 11 12 13 14 15 17 18 19 20 21 22 23 24 29 31 35 46 48 28_351 .0000032287285519004805377469670247929393
.3642578124 -7570.0131835938 1 2 3 4 5 6 7 8 9 10 11 12 13 14 15 16 17 18 19 21 22 24 27 30 32 33 35 38 28_352 .0000031881490482213731598074786144698857
.3652343750 -7570.0122070312 1 2 4 5 7 8 9 10 11 12 13 14 15 16 17 18 19 20 21 22 23 24 27 29 31 33 36 37 28_353 .0000031085136561734543273235554060766427
.3681640624 -7570.0092773438 1 2 3 4 5 6 7 9 10 11 12 13 14 15 16 17 18 19 20 21 22 24 27 30 31 32 33 37 28_354 .0000028813450712120329612428523195626939
.3706054687 -7570.0068359375 1 2 4 5 6 7 9 10 11 12 13 14 15 16 17 18 19 20 21 22 23 24 25 26 28 32 34 39 28_355 .0000027047721255762520019233088396061122
.3735351562 -7570.0039062500 1 2 3 4 5 6 7 8 9 10 11 12 13 14 15 16 17 18 19 20 21 24 26 27 32 36 37 46 28_356 .0000025071087582697827425603678446465074
.3745117187 -7570.0029296875 1 2 3 5 6 7 8 9 10 11 12 13 14 15 16 17 18 19 20 21 22 23 24 25 34 40 44 45 28_357 .0000024444847825193912525199638556031837
.3769531250 -7570.0004882812 1 2 3 4 5 7 8 9 10 11 12 13 15 16 17 18 19 20 21 22 23 24 26 29 34 36 44 46 28_358 .0000022946832599861231597183585014546308
.3774414062 -7570.0000000000 1 2 4 5 6 7 8 9 10 11 12 13 14 15 16 17 18 19 20 21 22 23 32 33 36 37 40 45 28_359 .0000022658430814780281392654340380997488
.3784179687 -7569.9990234375 1 2 3 4 5 6 7 9 10 11 12 13 14 15 16 17 18 20 21 22 23 24 28 32 33 34 40 41 28_360 .0000022092455757971823093431094202448983
.3798828124 -7569.9975585938 1 2 4 5 6 7 8 9 10 11 12 13 14 15 16 17 18 19 20 21 22 23 24 33 36 37 41 48 28_361 .0000021269889833113348684152658829123293
.3837890624 -7569.9936523438 1 2 3 4 5 7 8 9 10 11 12 13 14 15 16 17 18 19 20 22 23 24 26 29 36 40 44 46 28_362 .0000019223032332837349244723996866366010
.3842773437 -7569.9931640625 1 2 3 4 5 6 7 9 10 11 12 13 14 15 17 18 19 20 21 22 23 24 31 32 33 34 35 43 28_363 .0000018981432192880341943528434079269031
.3862304687 -7569.9912109375 1 2 3 4 5 6 7 8 9 10 11 12 13 14 15 16 17 18 19 21 22 24 26 30 33 34 35 40 28_364 .0000018045017426891649375844776922757186
.3867187500 -7569.9907226562 1 2 3 4 5 6 7 8 9 10 11 12 15 16 17 18 19 20 21 22 23 24 26 34 36 37 39 43 28_365 .0000017818222888944775780594014121050792
.3876953124 -7569.9897460938 1 2 3 4 5 7 8 9 10 11 12 13 14 15 16 17 18 19 20 21 23 24 26 29 31 36 44 46 28_366 .0000017373149318997740660221474282915206
.3891601562 -7569.9882812500 1 2 3 4 5 6 7 8 9 10 11 12 14 15 16 17 18 19 20 21 22 23 32 35 36 37 39 40 28_367 .0000016726296757606650936218130714489401
.3906250000 -7569.9868164062 1 2 3 4 5 6 7 8 9 10 11 12 14 15 16 17 18 19 20 21 22 23 26 30 31 35 46 48 28_368 .0000016103528386623150024962909739041771
.3916015624 -7569.9858398438 1 2 4 5 7 8 9 10 11 12 13 14 15 16 17 18 19 20 21 22 23 24 27 29 30 36 37 45 28_369 .0000015701285418149303489412006112146863
.3920898437 -7569.9853515625 1 2 3 4 5 6 7 9 10 11 12 13 14 15 17 18 19 20 21 22 23 24 31 32 34 35 43 46 28_370 .0000015503947522189479491183189478005757
.3950195312 -7569.9824218750 1 2 4 5 6 7 8 9 10 11 12 14 15 16 17 18 19 20 21 22 23 24 32 33 36 37 40 46 28_371 .0000014370926945409519638948955103367282
.3964843750 -7569.9809570312 1 2 3 4 5 6 7 8 9 10 11 12 14 15 16 17 18 19 20 21 22 23 27 32 33 35 37 38 28_372 .0000013835855800073927895019539604704036
.3969726562 -7569.9804687500 1 2 3 4 5 6 7 8 9 10 11 12 13 14 15 16 17 18 19 21 22 24 26 30 31 33 34 35 28_373 .0000013661963150903337349162462755549246
.3989257812 -7569.9785156250 1 2 3 4 5 6 7 8 9 10 12 13 14 15 16 17 18 19 20 21 22 23 24 35 40 44 46 48 28_374 .0000012987974808142886631260355214575389
.4008789062 -7569.9765625000 1 2 3 4 6 7 8 10 11 12 13 14 15 16 17 18 19 20 21 22 23 24 25 31 32 34 39 40 28_375 .0000012347236466217560610208812406500555
.4013671874 -7569.9760742188 1 2 3 4 5 7 8 9 10 11 12 13 14 15 16 17 18 20 21 22 23 24 26 29 31 36 40 46 28_376 .0000012192053173613801321299388538531257
.4023437500 -7569.9750976562 1 2 3 4 5 6 7 8 9 10 11 12 14 15 16 17 18 19 20 21 22 23 29 30 31 35 46 48 28_377 .0000011887513166335449291506119758325217
.4038085937 -7569.9736328125 1 2 3 4 5 6 7 8 10 11 12 13 15 16 17 18 19 20 21 22 23 24 26 32 34 35 36 44 28_378 .0000011444906723255637753604214592721037
.4042968750 -7569.9731445312 1 2 3 4 5 6 7 8 9 10 11 12 15 16 17 18 19 20 21 22 23 24 26 34 36 39 42 43 28_379 .0000011301064117247529135917359917759407
.4047851562 -7569.9726562500 1 2 3 4 5 6 7 8 9 10 11 12 13 14 15 16 17 18 19 20 21 24 26 27 32 37 44 46 28_380 .0000011159029391951796160844315358536975
.4062500000 -7569.9711914062 1 2 4 5 7 8 9 10 11 12 13 14 15 16 17 18 19 20 21 22 23 24 27 29 30 31 36 46 28_381 .0000010743546475625897944616827637715713
.4082031250 -7569.9692382812 1 2 3 4 5 6 7 8 9 10 11 12 13 14 15 16 17 19 20 21 22 23 24 27 30 31 43 45 28_382 .0000010213532962597340332361931953671312
.4086914062 -7569.9687500000 1 2 3 4 5 6 7 9 10 11 12 13 14 15 16 17 18 19 20 21 22 23 24 35 39 40 45 46 28_383 .0000010085166612880995952714536892460997
.4106445312 -7569.9667968750 1 2 4 5 6 7 8 9 10 11 12 13 14 15 16 17 18 19 20 21 22 24 25 26 29 31 35 44 28_384 .0000009587633084441545442433621606736563
.4111328124 -7569.9663085938 1 2 3 4 5 7 8 9 10 11 14 15 16 17 18 19 20 21 22 23 24 26 30 32 33 34 35 36 28_385 .0000009467133207858542005684518141551597
.4150390624 -7569.9624023438 1 2 3 4 5 6 7 8 9 10 11 12 13 14 16 17 18 19 20 21 22 23 24 26 36 39 41 45 28_386 .0000008556086053187838587115341276851855
.4160156250 -7569.9614257812 1 2 4 5 6 7 9 10 11 12 13 14 15 16 17 18 19 20 21 22 23 24 25 26 28 34 39 44 28_387 .0000008342367291318323748738437546737155
.4165039062 -7569.9609375000 1 2 3 4 5 6 7 8 9 10 11 13 14 15 16 17 19 20 21 22 23 24 25 30 31 32 44 45 28_388 .0000008237518240446192243924099969070274
.4169921874 -7569.9604492188 1 2 3 4 5 6 7 8 9 10 11 12 13 14 15 16 17 18 19 21 22 23 24 25 33 37 42 48 28_389 .0000008133986959828581572182361967015079
.4184570312 -7569.9589843750 1 2 3 4 5 6 7 8 9 10 11 12 13 14 15 16 17 19 20 21 22 24 25 33 34 39 40 44 28_390 .0000007831135116292456544801146271865130
.4189453124 -7569.9584960938 1 2 3 4 5 6 7 8 9 10 11 12 14 15 16 17 18 19 20 21 22 24 26 33 34 35 39 41 28_391 .0000007732711364913256735512708840642814
.4199218750 -7569.9575195312 1 2 3 4 5 6 7 9 10 11 12 13 14 15 17 18 19 20 21 22 23 24 35 37 40 42 43 46 28_392 .0000007539559322200005874773057182787656
.4204101562 -7569.9570312500 1 2 3 4 5 6 7 8 9 10 11 12 14 15 16 17 18 19 20 21 22 23 26 34 36 39 43 44 28_393 .0000007444800171551068371020347852987746
.4208984374 -7569.9565429688 1 2 3 4 5 6 7 8 9 10 11 12 14 15 17 18 19 20 21 22 23 24 26 30 37 39 43 46 28_394 .0000007351231978655493025161579426260801
.4213867187 -7569.9560546875 1 2 3 4 5 6 7 8 9 10 11 12 14 15 16 17 18 19 20 21 22 23 27 29 32 33 37 38 28_395 .0000007258839756442680161290467046758091
.4218750000 -7569.9555664062 1 2 3 4 5 6 7 8 9 10 11 12 13 14 15 16 17 18 19 21 22 24 27 30 32 33 37 38 28_396 .0000007167608744044794542507759701680669
.4248046874 -7569.9526367188 1 3 4 5 6 7 8 9 10 11 12 14 15 16 17 18 19 20 21 22 23 24 26 30 31 39 41 46 28_397 .0000006643803570241527092762539511582372
.4257812500 -7569.9516601562 1 2 3 4 5 6 7 8 9 10 11 12 13 14 15 16 17 18 19 21 22 24 27 32 33 35 38 44 28_398 .0000006477850882960261256446073893488702
.4267578124 -7569.9506835938 1 2 3 4 5 6 7 8 9 10 11 12 13 14 15 16 17 18 19 21 22 24 27 30 33 35 38 44 28_399 .0000006316043488584669845561965640317876
.4277343750 -7569.9497070312 1 2 3 4 5 6 7 8 9 10 11 12 14 15 16 17 18 19 20 22 23 24 26 33 34 35 39 41 28_400 .0000006158277778199908673500406737894446
.4291992187 -7569.9482421875 1 2 3 4 5 6 7 8 9 10 11 12 14 15 16 17 18 19 20 21 22 23 30 31 35 37 46 48 28_401 .0000005928987313090228153367136777679664
.4326171874 -7569.9448242188 1 2 3 4 5 6 7 8 9 10 11 13 14 15 17 18 19 20 21 22 23 24 25 30 31 32 37 45 28_402 .0000005426628552264643187617405277143877
.4335937500 -7569.9438476562 1 2 3 4 5 6 7 8 9 11 12 14 15 16 17 18 19 20 21 22 23 24 26 33 34 35 39 41 28_403 .0000005291079151743636538171967856203945
.4345703124 -7569.9428710938 1 2 3 4 5 6 7 8 9 10 11 12 14 15 17 18 19 20 21 22 23 24 29 30 31 35 46 48 28_404 .0000005158915607622748462271708087226814
.4350585937 -7569.9423828125 1 2 3 4 5 6 7 8 9 10 11 12 13 14 15 16 17 19 20 21 22 23 24 30 31 35 43 45 28_405 .0000005094076995730132683462833315109570
.4389648437 -7569.9384765625 1 2 3 4 5 7 8 9 10 11 12 13 14 15 16 17 18 19 20 21 24 26 27 32 35 36 37 46 28_406 .0000004603860554201557180672558822947232
.4409179687 -7569.9365234375 1 2 3 4 5 6 7 8 9 10 11 12 14 15 16 17 18 19 20 22 23 24 26 34 35 36 39 41 28_407 .0000004376737386692402474636599458714288
.4414062500 -7569.9360351562 1 2 4 5 6 8 9 10 11 12 13 14 15 16 17 18 19 20 21 22 23 24 25 26 28 32 39 41 28_408 .0000004321729396960541375255257404358502
.4423828124 -7569.9350585938 1 2 3 4 5 6 7 9 10 11 12 13 14 15 16 17 18 20 21 22 23 24 28 32 33 34 41 44 28_409 .0000004213778814961497390327899754427432
.4453125000 -7569.9321289062 1 2 3 4 5 6 7 8 9 10 11 13 14 15 17 18 19 20 21 22 23 24 27 30 31 32 37 45 28_410 .0000003905837998380733062707633757815929
.4458007812 -7569.9316406250 1 2 3 4 5 6 7 8 9 10 11 12 13 14 15 17 19 20 21 22 23 24 30 31 33 35 42 43 28_411 .0000003856748406339310274187229771565036
.4467773437 -7569.9306640625 1 2 3 5 6 7 8 9 10 11 12 14 15 16 17 18 19 20 21 22 24 26 27 30 34 35 39 46 28_412 .0000003760412370705724014116724086737114
.4477539062 -7569.9296875000 1 2 3 4 5 6 7 8 9 10 11 13 14 15 17 18 19 20 21 22 23 24 25 30 31 32 38 45 28_413 .0000003666482670872093253449024086973728
.4482421874 -7569.9291992188 1 2 3 4 5 6 7 9 10 11 13 14 15 17 18 19 20 21 22 23 24 25 27 28 30 32 37 45 28_414 .0000003620401359098621024731685858856988
.4487304687 -7569.9287109375 1 2 3 4 6 7 8 9 10 11 12 13 14 16 17 18 19 20 21 22 23 24 26 30 32 34 36 39 28_415 .0000003574899200026423242524532640083079
.4492187500 -7569.9282226562 1 2 3 4 5 6 7 9 10 11 12 13 14 15 16 17 18 19 20 21 22 24 26 32 35 37 43 47 28_416 .0000003529968924089510514560797202483212
.4501953124 -7569.9272460938 1 3 4 5 6 7 8 9 10 11 13 14 15 16 17 18 19 20 21 22 23 24 25 30 31 32 38 45 28_417 .0000003441795379475171260164874668323689
.4511718750 -7569.9262695312 1 2 3 4 5 6 7 8 9 10 11 12 15 16 17 18 19 20 21 22 23 24 26 34 35 39 43 46 28_418 .0000003355824265751322193524198945441693
.4531250000 -7569.9243164062 1 2 3 4 5 6 7 8 9 10 11 12 13 14 15 16 17 19 20 21 22 23 30 31 32 35 46 48 28_419 .0000003190270720445537255815293734330668
.4550781250 -7569.9223632812 1 2 4 5 6 7 8 9 10 11 12 13 15 16 17 18 19 20 21 22 23 24 26 30 36 39 45 46 28_420 .0000003032884461085870930724488208220885
.4575195312 -7569.9199218750 1 2 3 4 5 7 8 9 10 11 12 13 14 15 16 17 18 19 20 22 23 24 26 27 28 32 33 48 28_421 .0000002847024972346187075277409833688257
.4594726562 -7569.9179687500 1 2 3 4 5 6 7 8 9 10 11 12 13 14 15 16 17 18 19 21 22 24 26 30 31 34 35 46 28_422 .0000002706572123680558200630795760328882
.4604492187 -7569.9169921875 1 2 3 4 5 6 7 8 9 10 11 12 13 14 15 17 19 20 21 22 23 24 30 31 33 40 42 43 28_423 .0000002638965839557076284738707366538292
.4609375000 -7569.9165039062 1 2 3 4 5 7 8 9 10 11 12 13 14 15 16 18 19 20 21 22 23 24 25 31 35 36 42 45 28_424 .0000002605798620923748213852119707852721
.4628906250 -7569.9145507812 1 2 3 4 5 6 7 9 10 11 12 13 14 15 17 18 19 20 21 22 23 24 31 35 37 40 42 43 28_425 .0000002477246239784604325013371017619161
.4633789062 -7569.9140625000 1 2 3 4 5 6 7 8 9 10 11 12 13 14 15 16 17 18 19 20 21 24 26 27 32 36 44 46 28_426 .0000002446111562066892992507658098831935
.4638671874 -7569.9135742188 1 2 3 4 5 6 7 8 9 10 11 12 15 16 17 18 19 20 21 22 23 24 26 27 34 39 43 44 28_427 .0000002415368193110102430140405946172916
.4653320312 -7569.9121093750 1 2 3 4 5 7 8 9 10 11 13 14 15 16 17 18 19 20 21 22 23 24 26 27 32 33 34 48 28_428 .0000002325437054332209723022662051569807
.4663085937 -7569.9111328125 1 2 3 4 5 6 7 8 9 10 11 12 13 14 15 17 19 20 21 22 23 24 30 31 32 40 42 43 28_429 .0000002267350976805974421871342413238644
.4687500000 -7569.9086914062 1 2 3 4 5 6 7 8 9 10 11 12 13 14 15 16 17 19 20 21 22 23 26 30 31 32 35 48 28_430 .0000002128404467148112294702615439416067
.4721679687 -7569.9052734375 1 2 3 4 5 6 7 8 9 10 11 12 14 15 16 17 18 19 20 21 22 23 27 32 33 37 38 44 28_431 .0000001948066312554409999298667881344158
.4726562500 -7569.9047851562 1 2 3 4 5 7 8 9 10 11 13 14 15 16 17 18 19 20 21 22 23 24 26 32 33 34 35 48 28_432 .0000001923582501384062377972626815059065
.4741210937 -7569.9033203125 1 2 3 4 5 6 7 8 9 10 11 12 13 14 15 16 17 18 19 21 22 24 25 26 31 35 44 47 28_433 .0000001851961970075694239906452109982362
.4755859374 -7569.9018554688 1 2 3 4 5 6 7 8 9 10 11 12 14 15 16 17 18 20 21 22 23 24 32 33 36 37 38 46 28_434 .0000001783008077968505227604144248571813
.4785156250 -7569.8989257812 1 2 3 4 5 7 8 9 10 11 12 13 15 16 17 18 19 20 21 22 23 24 31 35 36 38 45 46 28_435 .0000001652706752813464418777597047300088
.4790039062 -7569.8984375000 1 2 3 4 5 6 7 8 9 10 11 12 14 15 16 17 18 19 20 22 23 24 25 26 35 39 41 44 28_436 .0000001631935102710886588110668472900068
.4794921874 -7569.8979492188 1 2 3 4 5 7 8 9 10 11 12 13 14 15 16 17 18 19 20 22 23 24 26 27 28 44 46 48 28_437 .0000001611424516131676970630519975274728
.4799804687 -7569.8974609375 1 2 3 5 6 7 8 9 10 11 12 13 14 15 16 17 18 19 20 21 22 24 26 32 35 37 43 47 28_438 .0000001591171707839692912184098297624914
.4804687500 -7569.8969726562 1 2 3 4 5 6 7 8 9 10 11 12 13 14 15 17 18 19 20 21 22 23 26 28 32 35 37 46 28_439 .0000001571173442183498280210340477587292
.4814453124 -7569.8959960938 1 2 3 4 5 6 7 9 10 11 12 13 14 15 16 17 18 19 20 21 22 23 24 26 40 44 45 48 28_440 .0000001531927790286728561172954856546157
.4843750000 -7569.8930664062 1 2 3 4 6 7 8 9 10 11 12 13 14 15 16 17 18 19 20 21 22 24 26 33 35 39 40 46 28_441 .0000001419975285089093610370199986374449
.4863281250 -7569.8911132812 1 2 3 4 5 6 7 8 9 10 11 12 13 14 16 17 18 19 20 21 22 23 24 26 40 44 45 48 28_442 .0000001349923362200199254703659553978866
.4873046874 -7569.8901367188 1 2 3 4 5 6 7 8 9 10 11 12 13 14 15 16 17 18 19 21 22 24 25 26 35 44 46 47 28_443 .0000001316204218954880446974504059538764
.4877929687 -7569.8896484375 1 2 3 4 5 6 7 8 9 10 11 12 13 14 15 17 18 19 20 21 22 23 26 31 35 42 43 46 28_444 .0000001299661817214844148183207529003563
.4887695312 -7569.8886718750 1 2 3 4 5 6 7 8 9 10 11 12 13 14 15 16 17 18 19 21 22 24 25 26 35 37 44 47 28_445 .0000001267198131761827995049073831959346
.4892578124 -7569.8881835938 1 2 3 4 5 6 7 8 9 10 11 12 13 14 15 17 18 19 20 21 22 23 26 28 32 35 37 45 28_446 .0000001251271654690932971900391382432857
.4897460937 -7569.8876953125 1 2 3 4 5 6 7 8 9 10 11 13 14 15 16 17 19 20 21 22 23 24 30 31 32 41 44 45 28_447 .0000001235545342542918992179137264623801
.4902343750 -7569.8872070312 1 2 3 4 5 6 7 8 9 10 11 12 14 16 17 18 19 20 21 22 24 26 27 34 35 39 40 46 28_448 .0000001220016682833405954864820747986485
.4946289062 -7569.8828125000 1 2 3 4 5 8 9 10 11 12 13 14 15 16 17 18 19 20 21 22 24 26 27 32 35 36 37 46 28_449 .0000001088753358906351462469797633444520
.4951171874 -7569.8823242188 1 2 3 4 5 6 7 8 9 10 11 12 13 14 15 16 19 20 21 22 23 24 27 28 29 30 31 36 28_450 .0000001075069622344671438405550687864897
.4956054687 -7569.8818359375 1 2 3 4 5 6 7 8 9 10 11 12 13 14 15 16 17 18 19 21 22 23 27 32 33 35 38 44 28_451 .0000001061557863808100219653046798354461
.4965820312 -7569.8808593750 1 2 3 4 5 7 8 9 10 11 12 14 15 16 17 18 19 20 21 22 23 24 31 33 35 36 42 45 28_452 .0000001035041673115744842586122544533620
.4970703124 -7569.8803710938 1 2 3 4 5 6 7 9 10 11 12 13 14 15 17 18 19 20 21 22 23 24 31 35 40 42 43 46 28_453 .0000001022032999048825499989601463695145
.4975585937 -7569.8798828125 2 3 4 5 6 7 8 9 10 11 12 13 14 15 16 17 18 19 20 21 22 23 24 26 36 39 41 45 28_454 .0000001009187818780930175266641925000359
.5043945312 -7569.8730468750 1 2 3 4 5 6 7 9 10 11 13 14 15 17 18 19 20 21 22 23 24 27 28 30 32 37 45 46 28_455 .0000000845417333118034568950349467169780
.5141601562 -7569.8632812500 1 2 3 4 5 6 7 8 9 10 11 12 13 14 15 16 19 20 21 22 23 24 27 29 30 31 35 36 28_456 .0000000656466830884777999230031687893559
.5185546874 -7569.8588867188 1 2 3 4 5 7 8 9 10 11 12 14 15 16 17 18 19 20 21 22 23 24 28 31 33 36 42 47 28_457 .0000000585836634197900328762108227384694
.5205078124 -7569.8569335938 1 2 3 4 5 6 7 9 10 11 12 13 14 15 17 18 19 20 21 23 24 25 26 28 32 33 37 46 28_458 .0000000556935439117067769016781333133395
.5214843750 -7569.8559570312 1 2 3 4 5 6 7 8 9 10 11 12 13 14 15 17 18 19 20 21 22 23 26 30 31 40 42 43 28_459 .0000000543023990383448869426373332638056
.5219726562 -7569.8554687500 1 2 3 4 5 6 7 9 10 11 12 13 14 15 17 18 19 20 21 22 23 24 25 26 32 37 41 45 28_460 .0000000536199123052115547745034714873718
.5239257812 -7569.8535156250 1 3 4 5 6 7 8 9 10 11 12 14 16 17 18 19 20 21 22 23 24 25 26 30 31 34 39 41 28_461 .0000000509746705171629104723596525717177
.5244140624 -7569.8530273438 2 3 4 5 6 7 8 9 10 12 13 14 15 16 17 18 19 20 21 22 23 24 28 31 33 36 42 47 28_462 .0000000503340075451781856481778241493943
.5258789062 -7569.8515625000 1 2 3 4 6 7 8 9 10 11 12 13 15 16 17 18 19 20 21 22 23 24 31 35 36 44 45 46 28_463 .0000000484599269678545538917679067926616
.5341796874 -7569.8432617188 1 2 3 4 5 6 7 8 9 10 11 12 14 15 16 17 18 19 20 22 23 24 26 35 36 39 41 44 28_464 .0000000390843730362697930190557128852035
.5375976562 -7569.8398437500 1 2 3 4 5 6 7 8 9 10 11 13 14 15 16 17 19 20 21 22 23 24 26 30 31 32 41 43 28_465 .0000000357727825877310504320872937730926
.5439453124 -7569.8334960938 1 2 3 4 5 6 7 8 9 10 11 12 13 14 15 17 18 19 20 21 22 23 26 28 35 37 45 48 28_466 .0000000303490282244500243285545118591051
.5458984374 -7569.8315429688 1 2 3 4 5 6 7 9 10 11 12 13 14 15 17 18 19 20 21 22 23 24 26 35 36 42 43 46 28_467 .0000000288518135846905307482948629144393
.5507812500 -7569.8266601562 1 2 3 4 5 6 7 8 9 10 11 12 13 14 16 19 20 21 22 23 24 25 29 30 31 32 35 36 28_468 .0000000254240033027464282030901769314656
.5546875000 -7569.8227539062 1 2 3 4 5 6 7 8 10 11 12 13 14 15 17 18 19 20 21 22 23 24 26 35 36 42 43 46 28_469 .0000000229773845258944406027499925125311
.5727539062 -7569.8046875000 1 2 3 5 6 7 8 9 10 11 12 13 14 15 16 17 18 20 21 23 24 25 27 29 32 35 43 44 28_470 .0000000143900607188901984948105270536418
.5732421874 -7569.8041992188 2 3 4 5 6 7 8 9 10 12 13 14 15 16 17 18 19 20 21 22 23 24 28 33 36 37 42 47 28_471 .0000000142092026775596362888169195890979
.5751953124 -7569.8022460938 1 2 3 4 5 6 7 8 9 10 11 12 14 15 16 17 18 20 22 23 24 25 26 27 35 41 43 44 28_472 .0000000135082172584939618264224577478208
.5756835937 -7569.8017578125 1 2 3 4 5 6 7 9 10 11 12 13 14 15 17 18 19 20 21 23 24 25 26 28 30 32 35 46 28_473 .0000000133384424215320093130225151726802
.5776367187 -7569.7998046875 1 2 3 4 6 7 8 9 10 11 12 14 15 16 17 18 19 20 21 22 24 26 27 34 35 39 40 46 28_474 .0000000126804143911973182934990574616699
.5839843750 -7569.7934570312 1 2 3 4 5 6 9 10 11 12 13 14 15 17 18 19 20 21 22 23 24 25 26 28 32 33 37 41 28_475 .0000000107578506736379430014632006203190
.5878906250 -7569.7895507812 1 2 3 4 5 6 7 8 9 10 11 12 14 15 16 17 19 20 21 22 23 28 31 32 35 36 37 44 28_476 .0000000097225943788966212101643343782424
.5883789062 -7569.7890625000 1 2 3 4 5 6 7 8 9 10 11 12 13 14 15 17 18 19 20 21 22 23 26 28 35 37 39 45 28_477 .0000000096003982735174084446787536122861
.5888671874 -7569.7885742188 1 3 4 6 7 9 10 11 12 13 14 15 16 17 18 19 20 21 22 23 24 25 26 27 30 36 37 43 28_478 .0000000094797379607042476049245437474994
.5991210937 -7569.7783203125 1 2 3 4 6 7 10 11 12 13 14 15 16 17 18 19 20 21 22 23 24 25 26 27 30 36 37 43 28_479 .0000000072685043380079413632201172282410
.6015625000 -7569.7758789062 1 2 3 4 5 6 7 8 9 10 11 12 15 16 17 18 19 20 22 23 24 25 26 27 35 41 43 44 28_480 .0000000068230799998572021596197775344542
.6103515624 -7569.7670898438 1 2 3 4 6 7 8 9 10 11 12 13 14 15 16 17 18 19 21 22 23 25 26 29 31 35 36 44 28_481 .0000000054338536868629359415058792875223
.6166992187 -7569.7607421875 1 3 4 5 6 7 8 9 10 11 12 14 16 17 18 19 20 21 22 23 24 25 27 30 31 38 39 41 28_482 .0000000046099902370894702254186231173146
.6230468750 -7569.7543945312 1 2 3 4 5 6 7 8 9 10 11 12 14 15 16 17 19 20 21 22 23 28 31 34 35 36 37 44 28_483 .0000000039110383184294768231992062210042
.6406250000 -7569.7368164062 1 2 3 4 5 7 8 9 10 11 12 13 15 16 18 19 20 21 22 23 24 26 35 36 39 41 42 45 28_484 .0000000024805445008214849473028113896911
.6469726562 -7569.7304687500 1 2 3 4 5 6 7 8 9 10 12 13 14 15 16 18 19 20 21 23 24 25 31 33 41 43 44 46 28_485 .0000000021044523132303094175239208516120
.6718750000 -7569.7055664062 1 2 3 4 5 6 7 8 9 10 11 12 13 14 15 17 18 19 20 21 22 26 28 32 35 37 38 39 28_486 .0000000011040793065480859953445469617063
.6860351562 -7569.6914062500 1 2 3 4 5 6 7 8 9 10 12 13 14 15 16 18 19 20 21 23 24 25 31 33 35 37 41 46 28_487 .0000000007650778846113116988541260100779
.6933593750 -7569.6840820312 1 2 3 4 5 6 7 9 10 11 12 13 14 15 16 18 19 20 21 23 24 25 26 28 30 35 36 46 28_488 .0000000006328661652193702890968574973597
.6958007812 -7569.6816406250 1 2 3 4 5 6 7 8 10 11 12 14 15 16 17 18 19 20 21 22 24 28 32 34 37 38 39 46 28_489 .0000000005940832232980670339622698471411
.6982421874 -7569.6791992188 1 2 3 4 5 6 7 8 9 10 11 12 13 16 19 20 21 22 23 24 25 26 28 29 30 32 35 36 28_490 .0000000005576769554142355241406834622361
.7104492187 -7569.6669921875 1 2 3 4 5 6 7 8 9 10 12 13 14 15 16 18 19 20 21 23 24 25 26 28 35 37 44 46 28_491 .0000000004064992493574723786280029810730
.7314453124 -7569.6459960938 1 2 3 4 5 6 7 8 9 10 11 12 14 15 17 18 19 20 21 22 26 28 32 34 35 37 38 39 28_492 .0000000002359740651004126053724814308668
.7387695312 -7569.6386718750 1 2 3 5 6 7 8 9 10 11 12 13 14 15 16 17 18 19 20 22 23 29 35 37 40 41 43 44 28_493 .0000000001951958155831343815538083731039
.7431640624 -7569.6342773438 1 2 3 4 5 8 9 10 11 12 13 14 16 17 18 19 20 21 22 24 26 27 29 35 36 37 38 46 28_494 .0000000001741944211508967146338848843533
.7563476562 -7569.6210937500 2 3 4 6 7 10 11 12 13 14 15 16 17 18 19 20 21 22 23 24 25 26 27 29 30 37 42 43 28_495 .0000000001238013712743529524170789985465
.7880859374 -7569.5893554688 1 3 4 5 6 7 8 9 10 11 12 14 16 17 18 19 20 22 23 24 25 27 29 30 31 38 39 41 28_496 .0000000000544108844116699272116187617839
.7929687500 -7569.5844726562 1 2 3 5 6 7 8 9 10 11 12 13 14 15 16 17 18 20 22 23 27 29 35 37 40 41 43 44 28_497 .0000000000479464662048726574863793866515
.7944335937 -7569.5830078125 1 2 3 4 5 6 7 8 9 10 11 12 14 15 16 19 20 21 22 23 29 31 34 35 36 37 38 44 28_498 .0000000000461612808117424490930990499705
.8032226562 -7569.5742187500 1 2 3 4 5 6 7 8 9 10 11 12 14 16 17 18 19 20 22 23 25 27 29 30 38 41 42 45 28_499 .0000000000367625244441981013329172972326
.8066406250 -7569.5708007812 1 2 3 4 5 6 7 8 9 10 11 12 14 16 17 18 19 20 22 23 25 27 29 38 39 41 42 45 28_500 .0000000000336476625350508551384172427385
.8149414062 -7569.5625000000 1 2 3 4 5 6 7 8 9 10 11 12 13 14 16 18 19 20 22 23 25 27 30 35 38 41 42 45 28_501 .0000000000271378410287494852851023169746
.8393554687 -7569.5380859375 1 2 3 4 5 8 9 10 11 12 14 16 17 18 19 20 21 22 24 26 27 29 31 35 36 37 38 46 28_502 .0000000000144188091555848646652976874439
.8701171874 -7569.5073242188 2 3 5 6 7 8 10 11 12 13 14 15 16 17 18 20 21 22 23 24 26 27 30 31 34 36 39 42 28_503 .0000000000064994343243472706084930587318
.8735351562 -7569.5039062500 1 3 4 5 6 8 9 10 11 12 14 15 16 17 18 19 20 21 22 24 30 32 34 37 38 39 41 46 28_504 .0000000000059487419898574789914045202732
.8774414062 -7569.5000000000 1 2 4 5 6 7 8 9 10 12 13 14 15 16 18 19 20 21 23 24 25 28 31 33 34 41 46 48 28_505 .0000000000053762788856908375694036981077
.8823242187 -7569.4951171875 1 2 3 4 5 6 7 8 9 10 11 12 13 15 16 17 18 20 21 22 23 24 27 36 39 42 45 60 28_506 .0000000000047375369350395697627332375774
.8852539062 -7569.4921875000 1 2 4 5 6 7 8 9 10 12 13 14 15 16 18 19 20 21 23 24 25 31 33 37 41 43 44 46 28_507 .0000000000043913201523155231079433379734
.9414062500 -7569.4360351562 1 2 3 5 6 7 8 10 11 12 14 15 16 17 18 19 21 22 23 26 27 34 35 40 41 42 43 44 28_508 .0000000000010254382881356500802660951837
.9433593750 -7569.4340820312 1 2 3 4 5 6 7 8 9 10 11 12 13 14 16 18 19 20 21 22 25 26 34 35 36 38 41 45 28_509 .0000000000009748501373121015491017580486
.9765625000 -7569.4008789062 1 2 4 5 6 7 9 10 12 13 14 15 16 18 19 20 21 22 23 24 25 31 33 34 38 41 46 48 28_510 .0000000000004124957065768687593517604345
.9887695312 -7569.3886718750 1 2 3 4 5 8 9 10 11 12 13 14 15 16 17 18 19 20 23 24 26 29 36 38 39 41 42 45 28_511 .0000000000003006744207252842606466122575
1.0136718750 -7569.3637695312 1 3 4 5 6 9 10 11 12 14 15 16 17 18 19 20 21 22 24 29 30 32 34 36 37 39 41 46 28_512 .0000000000001577457487841821060004877143
1.0429687500 -7569.3344726562 1 2 4 5 6 7 9 11 12 13 14 15 16 17 18 20 21 22 23 26 27 28 30 31 32 34 40 45 28_513 .0000000000000738554559118331975922394359
1.0434570312 -7569.3339843750 1 2 3 5 6 7 9 12 13 14 15 16 17 18 19 20 21 22 23 26 27 28 30 31 32 34 42 45 28_514 .0000000000000729272212532917429118872682
1.0590820312 -7569.3183593750 2 3 4 5 6 7 9 10 12 13 14 15 16 17 18 19 20 21 22 23 25 26 32 37 38 39 41 42 28_515 .0000000000000486537466859639564915638297
1.0668945312 -7569.3105468750 1 3 4 5 6 10 11 12 14 15 16 17 18 19 20 21 22 24 27 29 30 32 34 35 36 37 39 46 28_516 .0000000000000397401591045391098849223199
1.0712890624 -7569.3061523438 1 2 3 4 5 7 8 9 10 11 12 14 15 16 19 20 21 22 23 24 29 31 34 36 39 42 44 55 28_517 .0000000000000354644590662929057234099744
1.0761718750 -7569.3012695312 1 2 3 4 5 6 7 8 9 10 11 12 13 14 18 19 20 22 23 25 26 28 34 35 36 38 41 45 28_518 .0000000000000312510172639540008796042622
1.0815429687 -7569.2958984375 1 2 3 5 6 7 8 10 11 12 14 15 16 17 18 21 22 23 26 27 28 34 35 37 40 41 42 44 28_519 .0000000000000271920569573744958236037649
1.0854492187 -7569.2919921875 1 2 3 4 5 8 9 10 11 12 14 16 17 18 19 20 21 23 24 26 27 29 31 35 36 39 41 46 28_520 .0000000000000245752937222173317214757361
1.0942382812 -7569.2832031250 1 2 3 4 5 6 8 9 10 11 12 13 14 15 16 17 19 20 23 24 26 29 36 38 39 41 42 45 28_521 .0000000000000195715937751134573839495731
1.0947265624 -7569.2827148438 1 2 3 4 5 6 7 9 12 13 14 15 17 18 19 20 21 22 23 24 25 27 28 31 34 36 42 55 28_522 .0000000000000193256128730844745872994980
1.0961914062 -7569.2812500000 1 3 4 5 7 8 9 10 11 12 14 15 16 18 19 20 21 22 23 24 29 31 34 36 39 42 44 55 28_523 .0000000000000186060644505231422768373687
1.1049804687 -7569.2724609375 2 3 4 6 7 10 11 12 14 15 16 17 18 19 20 21 22 23 24 25 26 27 29 30 37 39 42 43 28_524 .0000000000000148177409106613385907122713
1.1098632812 -7569.2675781250 2 3 4 6 7 9 10 12 13 14 15 16 17 18 19 20 21 22 23 24 25 26 27 29 37 39 41 42 28_525 .0000000000000130572829926929096976020200
1.1137695312 -7569.2636718750 1 2 3 4 5 6 7 9 12 14 15 16 17 18 19 20 21 22 23 24 25 27 28 30 31 34 42 55 28_526 .0000000000000118007462716981637999968897
1.1303710937 -7569.2470703125 1 2 3 5 6 7 8 10 11 12 13 14 15 16 17 18 21 22 23 26 27 28 34 37 40 41 42 44 28_527 .0000000000000076762703263847977313983657
1.1621093750 -7569.2153320312 1 2 3 4 5 7 8 9 10 11 12 14 16 18 19 20 23 24 25 26 27 29 36 39 40 41 46 48 28_528 .0000000000000033737320682350717835021677
1.1669921874 -7569.2104492188 1 2 4 5 6 7 9 11 12 13 14 15 16 17 18 20 21 22 23 26 27 30 31 32 34 40 42 45 28_529 .0000000000000029729075934159620143377276
1.1674804687 -7569.2099609375 2 3 4 7 10 11 12 13 14 15 16 17 18 19 20 21 22 23 24 25 26 27 29 37 39 41 42 43 28_530 .0000000000000029355433067512820590492250
1.2177734374 -7569.1596679688 1 2 3 4 5 7 8 10 11 12 13 14 16 19 20 21 22 23 24 25 26 28 30 32 35 37 45 46 28_531 .0000000000000007978439154729356208697051
1.2211914062 -7569.1562500000 1 2 3 4 5 7 8 9 10 11 12 14 16 18 19 20 23 25 26 27 29 36 37 39 40 41 46 48 28_532 .0000000000000007302431818638008169502378
1.2221679687 -7569.1552734375 1 2 3 5 6 7 8 10 11 12 13 14 15 16 17 18 21 23 26 27 28 34 37 39 40 41 42 44 28_533 .0000000000000007120027560497698035438715
1.2294921874 -7569.1479492188 1 2 3 4 5 7 8 10 11 12 13 16 17 19 20 21 22 23 24 25 26 28 30 32 35 37 45 46 28_534 .0000000000000005889628547333525511449087
1.2319335937 -7569.1455078125 1 2 3 4 5 6 7 8 10 11 12 13 15 16 17 18 20 21 23 24 26 27 28 32 36 42 45 60 28_535 .0000000000000005528703689115896839865851
1.2524414062 -7569.1250000000 1 2 3 4 5 6 7 9 10 11 12 13 14 16 18 19 20 22 23 25 26 28 35 36 38 44 45 48 28_536 .0000000000000003250279870313342312051516
1.2617187500 -7569.1157226562 1 3 5 6 9 10 11 12 14 15 16 17 18 19 20 21 22 23 24 25 26 27 29 32 34 35 36 51 28_537 .0000000000000002555967430141531935655846
1.2958984374 -7569.0815429688 1 2 3 5 6 9 10 11 12 14 15 16 17 18 19 20 21 23 24 25 26 27 28 29 34 35 36 51 28_538 .0000000000000001054510858123577712828691
1.3378906250 -7569.0395507812 1 2 3 5 6 7 8 10 11 12 13 14 15 16 17 18 22 23 26 28 33 34 36 37 39 40 42 44 28_539 .0000000000000000355353098049892310056706
1.3388671874 -7569.0385742188 3 4 5 6 7 8 11 12 13 14 15 16 17 18 20 21 22 23 29 30 31 35 36 39 40 42 43 45 28_540 .0000000000000000346476888961783256477833
1.3447265624 -7569.0327148438 1 2 3 4 5 6 7 9 10 11 12 13 14 18 19 20 21 22 23 25 26 27 28 35 37 45 48 55 28_541 .0000000000000000297686578906245656086555
1.3505859374 -7569.0268554688 1 2 4 5 6 7 10 12 13 14 15 16 17 18 19 20 21 22 23 26 27 29 32 38 39 41 42 48 28_542 .0000000000000000255766840687255757912452
1.3593750000 -7569.0180664062 1 2 4 5 6 7 9 11 12 13 14 15 16 17 18 20 21 22 23 26 30 31 32 35 39 40 42 45 28_543 .0000000000000000203690940612574152214875
1.3623046874 -7569.0151367188 1 2 3 5 7 8 10 11 12 13 14 15 16 17 20 21 23 24 26 28 30 35 37 38 39 40 45 46 28_544 .0000000000000000188805311058872938468419
1.3833007812 -7568.9941406250 1 4 5 6 7 9 10 11 12 13 15 16 18 19 20 21 22 23 24 25 31 32 33 34 41 46 48 51 28_545 .0000000000000000109602063763037186187692
1.4218750000 -7568.9555664062 1 2 3 4 5 7 8 9 10 11 12 14 16 17 20 23 25 26 27 29 30 36 37 39 40 41 44 46 28_546 .0000000000000000040353221247841874889776
1.4257812500 -7568.9516601562 1 2 3 5 6 7 9 10 11 12 14 15 17 18 19 20 22 23 24 26 27 28 31 34 36 39 46 51 28_547 .0000000000000000036469924520895362533500
1.5468750000 -7568.8305664062 1 2 3 6 7 8 10 11 12 14 15 17 18 19 20 21 22 23 24 30 31 34 35 39 43 44 47 55 28_548 .0000000000000000001583766667090602832173
1.5537109374 -7568.8237304688 1 3 4 5 6 7 10 11 12 13 15 16 18 20 21 22 23 26 30 31 32 34 36 39 40 43 44 47 28_549 .0000000000000000001326753821759993836688
1.6005859374 -7568.7768554688 1 2 4 5 6 7 8 10 11 12 13 14 15 16 17 18 20 23 24 26 29 34 38 39 40 42 46 57 28_550 .0000000000000000000393976409968807477628
1.6225585937 -7568.7548828125 1 3 5 6 7 8 10 11 12 15 16 18 20 21 22 23 24 26 30 31 32 34 36 39 40 43 44 47 28_551 .0000000000000000000222991807350962214494
1.6347656250 -7568.7426757812 1 3 4 5 6 7 8 11 12 13 15 16 17 18 20 22 23 29 30 31 35 36 39 40 42 43 45 48 28_552 .0000000000000000000162542133794467991635
1.6972656250 -7568.6801757812 1 3 4 5 6 7 10 11 12 13 15 16 18 19 20 21 22 23 26 30 32 34 36 39 40 44 47 53 28_553 .0000000000000000000032201229310340665554
1.8066406250 -7568.5708007812 1 3 4 5 6 8 11 12 13 14 15 16 17 18 19 20 21 23 30 31 33 36 37 39 42 43 48 54 28_554 .0000000000000000000001894343872881939697
1.8940429687 -7568.4833984375 1 2 3 5 6 8 10 11 12 14 15 17 18 19 22 23 27 28 29 30 31 34 35 39 40 41 44 47 28_555 .0000000000000000000000196891285550139506
1.9072265624 -7568.4702148438 1 2 4 5 7 9 10 11 12 13 15 16 17 18 19 20 21 23 25 31 32 33 34 39 41 46 47 51 28_556 .0000000000000000000000139932215079962816
