0 -7487.1362304688 1 2 3 4 5 6 7 8 9 10 11 12 13 14 15 16 17 18 19 20 21 22 23 24 25 26 27 28 29 30 31 32 33 34 35 36 39 40 41 44 46 41_1 .0305217150979346328456511439106730187475
.0043945313 -7487.1318359375 1 2 3 4 5 6 7 8 9 10 11 12 13 14 15 16 17 18 19 20 21 22 23 24 25 26 27 28 29 30 31 32 33 34 35 36 37 39 40 44 46 41_2 .0272378404442848740364587835703382293766
.0087890626 -7487.1274414062 1 2 3 4 5 6 7 8 9 10 11 12 13 14 15 16 17 18 19 20 21 22 23 24 25 26 27 28 29 30 31 32 33 34 35 36 37 39 41 42 44 41_3 .0243072825261554285060633973357057606989
.0141601563 -7487.1220703125 1 2 3 4 5 6 7 8 9 10 11 12 13 14 15 16 17 18 19 20 21 22 23 24 25 26 27 28 29 31 32 33 34 35 36 37 39 41 42 44 46 41_4 .0211501918592772347003413420314902025190
.0151367188 -7487.1210937500 1 2 3 4 5 6 7 8 9 10 11 12 13 14 15 16 17 18 19 20 21 22 23 24 25 26 27 28 29 30 31 32 33 34 35 36 39 41 42 44 46 41_5 .0206218904452509914704526069845832912675
.0180664063 -7487.1181640625 1 2 3 4 5 6 7 8 9 10 11 12 13 14 15 16 17 18 19 20 21 22 23 24 25 26 27 28 29 30 31 32 33 34 35 36 37 41 42 44 46 41_6 .0191148532101770820919043436226291503406
.0185546876 -7487.1176757812 1 2 3 4 5 6 7 8 9 10 11 12 13 14 15 16 17 18 19 20 21 22 23 24 25 26 27 28 29 30 31 32 33 34 35 36 37 39 42 45 46 41_7 .0188746126939632290049596612563789185603
.0195312500 -7487.1166992188 1 2 3 4 5 6 7 8 9 10 11 12 13 14 15 16 17 18 19 20 21 22 23 24 25 26 27 28 29 30 31 32 33 34 35 36 40 42 44 45 46 41_8 .0184031520266773829186987220034119860701
.0205078126 -7487.1157226562 1 2 3 4 5 6 7 8 9 10 11 12 13 14 15 16 17 18 19 20 21 22 23 24 25 26 27 28 29 30 31 32 33 34 35 36 39 40 41 42 46 41_9 .0179434676755396867904837653664835439916
.0234375000 -7487.1127929688 1 2 3 4 5 6 7 8 9 10 11 12 13 14 15 16 17 18 19 20 21 22 23 24 25 26 27 28 29 30 31 32 33 34 35 36 37 39 44 45 46 41_10 .0166321682533679011859339131424029988820
.0258789063 -7487.1103515625 1 2 3 4 5 6 7 8 9 10 11 12 13 14 15 16 17 18 19 20 21 22 23 24 25 26 27 28 29 30 31 32 33 34 35 36 39 41 42 43 46 41_11 .0156129252025618635059468358179211894833
.0273437500 -7487.1088867188 1 2 3 4 5 6 7 8 9 10 11 12 13 14 15 16 17 18 19 20 21 22 23 24 25 26 27 28 29 30 31 32 34 36 37 39 40 41 44 45 46 41_12 .0150316109113990375502368017616781518989
.0278320313 -7487.1083984375 1 2 3 4 5 6 7 8 9 10 11 12 13 14 15 16 17 18 19 20 21 22 23 24 25 26 27 28 29 30 31 32 33 34 36 37 39 41 42 44 46 41_13 .0148426896612500892765218209208817858089
.0288085938 -7487.1074218750 1 2 3 4 5 6 7 8 9 10 11 12 13 14 15 16 17 18 19 20 21 22 23 24 25 26 27 28 29 30 31 32 33 34 35 36 39 42 44 45 46 41_14 .0144719405924868384522267976521652649666
.0292968750 -7487.1069335938 1 2 3 4 5 6 7 8 9 10 11 12 13 14 15 16 17 18 19 20 21 22 23 24 25 26 27 28 29 30 31 32 34 35 36 41 42 43 44 45 46 41_15 .0142900534635205553872644791754136725976
.0297851563 -7487.1064453125 1 2 3 4 5 6 7 8 9 10 11 12 13 14 15 16 17 18 19 20 21 22 23 24 25 26 27 28 29 30 31 32 33 34 35 36 37 42 44 45 46 41_16 .0141104523029439247650825753605823833296
.0302734376 -7487.1059570312 1 2 3 4 5 6 7 8 9 10 11 12 13 14 15 16 17 18 19 20 21 22 23 24 25 26 27 28 29 31 32 33 34 35 36 37 39 42 44 45 46 41_17 .0139331084171187719303614075375478281042
.0307617188 -7487.1054687500 1 2 3 4 5 6 7 8 9 10 11 12 13 14 15 16 17 18 19 20 21 22 23 24 25 26 27 28 29 30 32 33 34 35 36 37 39 40 41 44 46 41_18 .0137579934716579431979851181410850603689
.0327148438 -7487.1035156250 1 2 3 4 5 6 7 8 9 10 11 12 13 14 15 16 17 18 19 20 21 22 23 24 25 26 27 28 29 30 32 33 34 35 36 39 40 41 43 44 46 41_19 .0130792676460024466267328952032829757115
.0346679688 -7487.1015625000 1 2 3 4 5 6 7 8 9 10 11 12 13 14 15 16 17 18 19 20 21 22 23 24 25 26 27 28 29 30 31 32 34 35 36 37 39 41 42 45 46 41_20 .0124340255363670755853430233263734236894
.0351562500 -7487.1010742188 1 2 3 4 5 6 7 8 9 10 11 12 13 14 15 16 17 18 19 20 21 22 23 24 25 26 27 28 29 30 31 32 33 34 35 36 38 39 41 42 46 41_21 .0122777514560631965293351372221852357805
.0356445313 -7487.1005859375 1 2 3 4 5 6 7 8 9 10 11 12 13 14 15 16 17 18 19 20 21 22 23 24 25 26 27 28 29 30 31 32 33 34 36 37 39 41 42 43 44 41_22 .0121234414378110248103768165490253783099
.0361328126 -7487.1000976562 1 2 3 4 5 6 7 8 9 10 11 12 13 14 15 16 17 18 19 20 21 22 23 24 25 26 27 28 29 30 31 32 33 34 35 36 37 39 42 43 45 41_23 .0119710708285636856946310024323752528456
.0380859376 -7487.0981445312 1 2 3 4 5 6 7 8 9 10 11 12 13 14 15 16 17 18 19 20 21 22 23 24 25 26 27 28 29 30 31 32 33 34 36 39 41 42 43 44 46 41_24 .0113804996127221227541130630564341748434
.0390625000 -7487.0971679688 1 2 3 4 5 6 7 8 9 10 11 12 13 14 15 16 17 18 19 20 21 22 23 24 25 26 27 28 29 30 31 32 34 35 36 37 39 41 42 44 46 41_25 .0110962311072721354904377281482352890822
.0395507813 -7487.0966796875 1 2 3 4 5 6 7 8 9 10 11 12 13 14 15 16 17 18 19 20 21 22 23 24 25 26 27 28 29 30 31 32 33 34 35 36 37 41 42 43 45 41_26 .0109567707483602515667268338506920160225
.0415039063 -7487.0947265625 1 2 3 4 5 6 7 8 9 10 11 12 13 14 15 16 17 18 19 20 21 22 23 24 25 26 27 28 29 30 31 32 33 34 35 36 39 42 43 45 46 41_27 .0104162381999171512708375226719351879648
.0419921876 -7487.0942382812 1 2 3 4 5 6 7 8 9 10 11 12 13 14 15 16 17 18 19 20 21 22 23 24 25 26 27 28 29 30 31 32 33 34 36 39 42 43 44 45 46 41_28 .0102853241711961653594895835796611397413
.0429687500 -7487.0932617188 1 2 3 4 5 6 7 8 9 10 11 12 13 14 15 16 17 18 19 20 21 22 23 24 25 26 27 28 29 30 31 32 33 34 35 36 37 38 40 41 44 41_29 .0100284115724780836638217053317597240221
.0434570313 -7487.0927734375 1 2 3 4 5 6 7 8 9 10 11 12 13 14 15 16 17 18 19 20 21 22 23 24 25 26 27 28 29 30 31 32 33 34 35 36 39 42 43 44 46 41_30 .0099023718510904040347356318789777865947
.0439453126 -7487.0922851562 1 2 3 4 5 6 7 8 9 10 11 12 13 14 15 16 17 18 19 20 21 22 23 24 25 26 27 28 29 30 31 32 33 34 35 36 38 41 43 44 46 41_31 .0097779162301609745821785256772817270318
.0454101563 -7487.0908203125 1 2 3 4 5 6 7 8 9 10 11 12 13 14 15 16 17 18 19 20 21 22 23 24 25 26 27 28 30 31 32 33 34 36 37 39 40 41 42 45 46 41_32 .0094138561729557529664617111083298620004
.0458984376 -7487.0903320312 1 2 3 4 5 6 7 8 9 10 11 12 13 14 15 16 17 18 19 20 21 22 23 24 25 26 27 28 29 30 31 32 34 35 36 39 41 42 43 45 46 41_33 .0092955403459030111930755663572302392952
.0463867188 -7487.0898437500 1 2 3 4 5 6 7 8 9 10 11 12 13 14 15 16 17 18 19 20 21 22 23 24 25 26 27 28 29 30 31 32 33 34 35 36 37 41 43 44 48 41_34 .0091787115671430775061840615380998472463
.0468750000 -7487.0893554688 1 2 3 4 5 6 7 8 9 10 11 12 13 14 15 16 17 18 19 20 21 22 23 24 25 26 27 28 29 30 31 32 33 34 36 39 40 42 44 46 47 41_35 .0090633511229864736066796126450760030863
.0473632813 -7487.0888671875 1 2 3 4 5 6 7 8 9 10 11 12 13 14 15 16 17 18 19 20 21 22 23 24 25 26 27 28 29 30 31 32 33 34 35 36 38 39 40 41 46 41_36 .0089494405358387576043686991362613376893
.0502929688 -7487.0859375000 1 2 3 4 5 6 7 8 9 10 11 12 13 14 15 16 17 18 19 20 21 22 23 24 25 26 27 28 29 30 31 32 33 34 35 36 37 38 41 43 44 41_37 .0082954199863456942066663154109014107096
.0507812500 -7487.0854492188 1 2 3 4 5 6 7 8 9 10 11 12 13 14 15 16 17 18 19 20 21 22 23 24 25 26 27 28 29 30 31 32 33 34 36 37 39 41 42 43 45 41_38 .0081911609814635669174994386912155809225
.0512695313 -7487.0849609375 1 2 3 4 5 6 7 8 9 10 11 12 13 14 15 16 17 18 19 20 21 22 23 24 25 26 27 28 29 30 31 32 33 34 35 36 37 41 44 46 48 41_39 .0080882123100330240068896784278917500507
.0517578126 -7487.0844726562 1 2 3 4 5 6 7 8 9 10 11 12 13 14 15 16 17 18 19 20 21 22 23 24 25 26 27 28 29 30 31 32 33 34 35 36 41 42 44 45 46 41_40 .0079865575246551783774503242135598077893
.0527343750 -7487.0834960938 1 2 3 4 5 6 7 8 9 10 11 12 13 14 15 16 17 18 19 20 21 22 23 24 25 26 27 28 29 30 31 32 33 34 35 36 40 41 42 45 46 41_41 .0077870648091784249184260155786130426835
.0541992188 -7487.0820312500 1 2 3 4 5 6 7 8 9 10 11 12 13 14 15 16 17 18 19 20 21 22 23 24 25 26 27 28 29 30 31 32 33 34 35 36 37 38 39 44 46 41_42 .0074971298799927663977547516172416878492
.0546875000 -7487.0815429688 1 2 3 4 5 6 7 8 9 10 11 12 13 14 15 16 17 18 19 20 21 22 23 24 25 26 27 28 30 31 32 33 34 35 36 37 41 42 43 45 46 41_43 .0074029039936546789621441691996982989667
.0551757813 -7487.0810546875 1 2 3 4 5 6 7 8 9 10 11 12 13 14 15 16 17 18 19 20 21 22 23 24 25 26 27 28 29 30 31 32 34 35 36 37 39 41 42 43 45 41_44 .0073098623439301442132262318779467289721
.0561523438 -7487.0800781250 1 2 3 4 5 6 7 8 9 10 11 12 13 14 15 16 17 18 19 20 21 22 23 24 25 26 27 28 29 30 31 32 33 34 36 37 39 40 44 45 48 41_45 .0071272724819407100654012707967199396994
.0566406250 -7487.0795898438 1 2 3 4 5 6 7 8 9 10 11 12 13 14 15 16 17 18 19 20 21 22 23 24 25 26 27 28 29 30 31 32 33 34 35 36 39 41 42 46 48 41_46 .0070376950599760566200297994522871119644
.0571289063 -7487.0791015625 1 2 3 4 5 6 7 8 9 10 11 12 13 14 15 16 17 18 19 20 21 22 23 24 25 26 27 28 29 30 31 32 33 34 35 36 38 39 42 44 46 41_47 .0069492434524447912304224231421211380048
.0581054688 -7487.0781250000 1 2 3 4 5 6 7 8 9 10 11 12 13 14 15 16 17 18 19 20 21 22 23 24 25 26 27 28 29 30 31 32 33 34 35 36 37 38 39 40 46 41_48 .0067756613323975523449755660567875150514
.0585937500 -7487.0776367188 1 2 3 4 5 6 7 8 9 10 11 12 13 14 15 16 17 18 19 20 21 22 23 24 25 26 27 28 29 30 31 32 33 34 35 36 40 43 44 45 46 41_49 .0066905030511897467467741757955360501373
.0600585938 -7487.0761718750 1 2 3 4 5 6 7 8 9 10 11 12 13 14 15 16 17 18 19 20 21 22 23 24 25 26 27 28 29 30 32 33 35 36 37 40 41 42 43 44 46 41_50 .0064413962855600676740405750534715214703
.0605468750 -7487.0756835938 1 2 3 4 5 6 7 8 9 10 11 12 13 14 15 16 17 18 19 20 21 22 23 24 25 26 27 28 29 30 32 33 35 36 37 39 40 41 43 44 46 41_51 .0063604391347600675083010477675705825828
.0620117188 -7487.0742187500 1 2 3 4 5 6 7 8 9 10 11 12 13 14 15 16 17 18 19 20 21 22 23 24 25 26 27 28 29 30 32 33 34 35 36 37 41 42 43 44 46 41_52 .0061236216026968003080301580387395338253
.0625000000 -7487.0737304688 1 2 3 4 5 6 7 8 9 10 11 12 13 14 15 16 17 18 19 20 21 22 23 24 25 26 27 28 29 30 31 32 33 34 35 36 37 39 41 45 46 41_53 .0060466583271034312033698457644271432314
.0634765626 -7487.0727539062 1 2 3 4 5 6 7 8 9 10 11 12 13 14 15 16 17 18 19 20 21 22 23 24 25 26 27 28 30 31 32 33 34 35 36 39 40 41 42 44 45 41_54 .0058956214718073047626761954745524397165
.0639648438 -7487.0722656250 1 2 3 4 5 6 7 8 9 10 11 12 13 14 15 16 17 18 19 20 21 22 23 24 25 26 27 28 29 30 31 34 35 36 37 41 42 43 44 45 46 41_55 .0058215237614051689988719359975831367662
.0644531250 -7487.0717773438 1 2 3 4 5 6 7 8 9 10 11 12 13 14 15 16 17 18 19 20 21 22 23 24 25 26 27 28 29 30 31 32 33 34 35 36 37 42 45 46 47 41_56 .0057483573303792778013463927290167067920
.0654296876 -7487.0708007812 1 2 3 4 5 6 7 8 9 10 11 12 13 14 15 16 17 18 19 20 21 22 23 24 25 26 28 29 31 32 33 34 35 36 37 39 40 42 44 45 46 41_57 .0056047716062765520234794887169430697670
.0664062500 -7487.0698242188 1 2 3 4 5 6 7 8 9 10 11 12 13 14 15 16 17 18 19 20 21 22 23 24 25 26 27 28 29 30 31 32 33 34 35 36 37 41 43 45 46 41_58 .0054647724759990311861655320052900422875
.0668945313 -7487.0693359375 1 2 3 4 5 6 7 8 9 10 11 12 13 14 15 16 17 18 19 20 21 22 23 24 25 26 27 28 29 30 31 32 34 36 37 39 42 43 44 45 46 41_59 .0053960897743225007151990377022185428245
.0688476563 -7487.0673828125 1 2 3 4 5 6 7 8 9 10 11 12 13 14 15 16 17 18 19 20 21 22 23 24 25 26 27 28 29 31 32 33 34 35 36 39 41 42 44 45 46 41_60 .0051298834052808917413570632115448614113
.0693359376 -7487.0668945312 1 2 3 4 5 6 7 8 9 10 11 12 13 14 15 16 17 18 19 20 21 22 23 24 25 26 27 28 29 30 31 32 33 34 35 36 37 42 43 46 47 41_61 .0050654096777638315768009899326867472006
.0698242188 -7487.0664062500 1 2 3 4 5 6 7 8 9 10 11 12 13 14 15 16 17 18 19 20 21 22 23 24 25 26 27 28 29 30 31 32 33 34 35 36 39 40 41 46 48 41_62 .0050017462860135364074441859092970418953
.0703125000 -7487.0659179688 1 2 3 4 5 6 7 8 9 10 11 12 13 14 15 16 17 18 19 20 21 22 23 24 25 26 27 29 30 31 32 33 34 35 36 40 42 43 44 45 46 41_63 .0049388830323975650139793768455163683716
.0712890626 -7487.0649414062 1 2 3 4 5 6 7 8 9 10 11 12 13 14 15 16 17 18 19 20 21 22 23 24 25 26 27 28 29 30 31 32 34 35 36 38 39 40 41 44 46 41_64 .0048155168156320042059822984690288707370
.0722656250 -7487.0639648438 1 2 3 4 5 6 7 8 9 10 11 12 13 14 15 16 17 18 19 20 21 22 23 24 25 26 27 29 30 31 32 33 34 35 36 39 41 42 43 44 46 41_65 .0046952321344024810995629849026652125053
.0747070313 -7487.0615234375 1 2 3 4 5 6 7 8 9 10 11 12 13 14 15 16 17 18 19 20 21 22 23 24 25 26 27 28 29 30 31 32 33 34 35 36 37 39 44 46 47 41_66 .0044075015960860543908038799230076902902
.0756835938 -7487.0605468750 1 2 3 4 5 6 7 8 9 10 11 12 13 14 15 16 17 18 19 20 21 22 23 24 25 26 27 28 29 30 31 32 33 34 36 37 38 39 40 42 45 41_67 .0042974085368349711752909782412769065750
.0761718750 -7487.0600585938 1 2 3 4 5 6 7 8 9 10 11 12 13 14 15 16 17 18 19 20 21 22 23 24 25 26 27 28 29 30 31 32 33 34 35 36 39 42 43 44 45 41_68 .0042433975840007741344741391842812628198
.0766601563 -7487.0595703125 1 2 3 4 5 6 7 8 9 10 11 12 13 14 15 16 17 18 19 20 21 22 23 24 25 26 27 28 29 30 31 32 34 35 36 41 42 43 44 46 47 41_69 .0041900654440742065881030226109125941058
.0771484376 -7487.0590820312 1 2 3 4 5 6 7 8 9 10 11 12 13 14 15 16 17 18 19 20 21 22 23 24 25 26 27 28 29 30 31 32 33 34 35 36 41 42 44 46 48 41_70 .0041374035965472650253324047325037369057
.0776367188 -7487.0585937500 1 2 3 4 5 6 7 8 9 10 11 12 13 14 15 16 17 18 19 20 21 22 23 24 25 26 27 28 29 30 31 32 34 35 36 40 41 42 43 44 46 41_71 .0040854036275906870839317655577902135860
.0781250000 -7487.0581054688 1 2 3 4 5 6 7 8 9 10 11 12 13 14 15 16 17 18 19 20 21 22 23 24 25 26 27 29 30 31 32 34 35 36 37 40 41 42 43 44 46 41_72 .0040340572078246550205662262297761024291
.0786132813 -7487.0576171875 1 2 3 4 5 6 7 8 9 10 11 12 13 14 15 16 17 18 19 20 21 22 23 24 26 27 28 29 30 32 33 34 35 36 37 39 40 41 42 44 46 41_73 .0039833561129541999996602054415424727714
.0791015626 -7487.0571289062 1 2 3 4 5 6 7 8 9 10 11 12 13 14 15 16 17 18 19 20 21 22 23 24 25 26 27 28 29 30 32 33 34 36 39 40 42 43 44 46 47 41_74 .0039332922428152328755392581164999645420
.0800781250 -7487.0561523438 1 2 3 4 5 6 7 8 9 10 11 12 13 14 15 16 17 18 19 20 21 22 23 24 25 26 27 29 31 32 33 34 36 37 39 40 41 42 43 44 46 41_75 .0038350442620224395800369600605557637561
.0820312500 -7487.0541992188 1 2 3 4 5 6 7 8 9 10 11 12 13 14 15 16 17 18 19 20 21 22 23 24 25 26 27 28 29 30 31 32 33 35 36 39 40 41 42 44 46 41_76 .0036458492614194279351646713861735408612
.0825195313 -7487.0537109375 1 2 3 4 5 6 7 8 9 10 11 12 13 14 15 16 17 18 19 20 21 22 23 24 25 26 27 28 29 30 31 34 35 36 37 39 41 42 43 44 46 41_77 .0036000272663996093067000392891006846144
.0830078126 -7487.0532226562 1 2 3 4 5 6 7 8 9 10 11 12 13 14 15 16 17 18 19 20 21 22 23 24 25 26 27 28 29 30 31 32 33 34 36 40 41 43 44 46 47 41_78 .0035547811742976142282139155317609692312
.0834960938 -7487.0527343750 1 2 3 4 5 6 7 8 9 10 11 12 13 14 15 16 17 18 19 20 21 22 23 24 25 26 27 28 29 30 32 33 34 35 36 42 43 44 45 46 47 41_79 .0035101037561058857479295028545109613342
.0839843750 -7487.0522460938 1 2 3 4 5 6 7 8 9 10 11 12 13 14 15 16 17 18 19 20 21 22 23 24 25 26 27 28 29 30 31 32 34 36 39 40 41 42 43 45 46 41_80 .0034659878553742785626847775065402814248
.0844726563 -7487.0517578125 1 2 3 4 5 6 7 8 9 10 11 12 13 14 15 16 17 18 19 20 21 22 23 24 25 26 27 28 29 30 31 32 33 34 35 37 38 39 41 42 46 41_81 .0034224264059396193516858234989915656970
.0849609376 -7487.0512695312 1 2 3 4 5 6 7 8 9 10 11 12 13 14 15 16 17 18 19 20 21 22 23 24 25 26 27 28 29 30 31 32 34 35 36 42 43 44 45 46 47 41_82 .0033794124482897065869075456900694306237
.0854492188 -7487.0507812500 1 2 3 4 5 6 7 8 9 10 11 12 13 14 15 16 17 18 19 20 21 22 23 24 25 27 28 29 30 31 32 33 34 36 37 39 42 43 44 45 46 41_83 .0033369391100470495300474047490081857345
.0859375000 -7487.0502929688 1 2 3 4 5 6 7 8 9 10 11 12 13 14 15 16 17 18 19 20 21 22 23 24 25 26 27 28 29 31 32 33 34 36 38 39 40 42 44 45 46 41_84 .0032949995878120798853730257172674901901
.0864257813 -7487.0498046875 1 2 3 4 5 6 7 8 9 10 11 12 13 14 15 16 17 18 19 20 21 22 23 24 25 26 27 29 30 31 32 33 34 35 36 37 39 42 43 44 46 41_85 .0032535871640180562106605359474967872917
.0874023438 -7487.0488281250 1 2 3 4 5 6 7 8 9 10 11 12 13 14 15 16 17 18 19 20 21 22 23 24 25 27 28 29 30 31 32 34 35 36 37 39 41 44 45 46 48 41_86 .0031723172298801106297814290664355688071
.0878906250 -7487.0483398438 1 2 3 4 5 6 7 8 9 10 11 12 13 14 15 16 17 18 19 20 21 22 23 24 25 26 27 28 30 31 32 33 34 36 39 40 41 43 44 45 46 41_87 .0031324467184289567246707764426413168570
.0883789063 -7487.0478515625 1 2 3 4 5 6 7 8 9 10 11 12 13 14 15 16 17 18 19 20 21 22 23 24 25 26 27 28 29 30 31 32 33 35 36 37 40 42 43 45 46 41_88 .0030930773019666269543299375422633584718
.0888671876 -7487.0473632812 1 2 3 4 5 6 7 8 9 10 11 12 13 14 15 16 17 18 19 20 21 22 23 24 25 26 27 28 29 30 31 32 33 34 36 39 41 42 45 46 48 41_89 .0030542026907131026900968310907692887443
.0893554688 -7487.0468750000 1 2 3 4 5 6 7 8 9 10 11 12 13 14 15 16 17 18 19 20 21 22 23 24 26 27 28 30 31 32 33 34 35 36 37 38 39 41 42 43 46 41_90 .0030158166736378734561728761107850213017
.0898437500 -7487.0463867188 1 2 3 4 5 6 7 8 9 10 11 12 13 14 15 16 17 18 19 20 21 22 23 24 25 28 29 31 32 33 34 35 36 37 38 39 40 41 42 44 46 41_91 .0029779131020504241302468092252973708056
.0903320313 -7487.0458984375 1 2 3 4 5 6 7 8 9 10 11 12 13 14 15 16 17 18 19 20 21 22 23 24 25 26 27 28 29 30 31 32 34 35 41 42 43 44 45 46 48 41_92 .0029404859048331475255776336878705163632
.0908203126 -7487.0454101562 1 2 3 4 5 6 7 8 9 10 11 12 13 14 15 16 17 18 19 20 21 22 23 24 25 26 27 28 29 30 32 34 36 39 40 42 43 44 45 46 47 41_93 .0029035291025009924540374470255598709257
.0913085938 -7487.0449218750 1 2 3 4 5 6 7 8 9 10 11 12 13 14 15 16 17 18 19 20 21 22 23 24 25 26 27 28 29 30 31 32 33 35 36 37 38 39 41 42 46 41_94 .0028670367904334507471013581392275437014
.0917968750 -7487.0444335938 1 2 3 4 5 6 7 8 9 10 11 12 13 14 15 16 17 18 19 20 21 22 23 24 25 26 27 28 29 30 31 32 33 34 36 37 38 39 42 44 45 41_95 .0028310031232745782119789584040731055705
.0922851563 -7487.0439453125 1 2 3 4 5 6 7 8 9 10 11 12 13 14 15 16 17 18 19 20 21 22 23 24 25 26 27 28 29 31 32 33 34 35 36 38 39 40 41 44 46 41_96 .0027954223294144189105002255826265800035
.0927734376 -7487.0434570312 1 2 3 4 5 6 7 8 9 10 11 12 13 14 15 16 17 18 19 20 21 22 23 24 25 26 27 28 29 31 32 34 35 36 38 40 41 42 44 45 46 41_97 .0027602887243550458106071898133783073690
.0932617188 -7487.0429687500 1 2 3 4 5 6 7 8 9 10 11 12 13 14 15 16 17 18 19 20 21 22 23 24 25 26 27 28 29 30 31 32 33 35 36 37 39 41 42 45 46 41_98 .0027255966947697675234474968856195535015
.0942382813 -7487.0419921875 1 2 3 4 5 6 7 8 9 10 11 12 13 14 15 16 17 18 19 20 21 22 23 24 25 26 27 28 29 30 31 32 33 34 36 39 40 41 42 46 48 41_99 .0026575152041860064555383762566648217704
.0947265626 -7487.0415039062 1 2 3 4 5 6 7 8 9 10 11 12 13 14 15 16 17 18 19 20 21 22 23 24 25 26 27 29 30 32 33 34 35 36 38 40 41 42 43 44 46 41_100 .0026241148522460872278414342030255619123
.0952148438 -7487.0410156250 1 2 3 4 5 6 7 8 9 10 11 12 13 14 15 16 17 18 19 20 21 22 23 24 26 27 29 30 31 32 33 34 35 36 38 40 41 42 43 44 46 41_101 .0025911342914496580897512199227925214155
.0961914063 -7487.0400390625 1 2 3 4 5 6 7 8 9 10 11 12 13 14 15 16 17 18 19 20 21 22 23 24 25 26 27 28 29 30 31 32 34 35 36 37 41 42 45 46 48 41_102 .0025264114785686820958643315496298949707
.0966796876 -7487.0395507812 1 2 3 4 5 6 7 8 9 10 11 12 13 14 15 16 17 18 19 20 21 22 23 24 25 26 27 28 30 31 32 33 34 36 39 41 43 44 45 46 47 41_103 .0024946588728276767112937236293882750927
.0971679688 -7487.0390625000 1 2 3 4 5 6 7 8 9 10 11 12 13 14 15 16 17 18 19 20 21 22 23 24 25 26 27 28 29 30 31 32 33 34 35 36 38 40 41 43 44 41_104 .0024633053485902669702470562140764547622
.0986328126 -7487.0375976562 1 2 3 4 5 6 7 8 9 10 11 12 13 14 15 16 17 18 19 20 21 22 23 24 25 26 27 28 29 30 31 32 33 34 35 36 40 41 43 45 46 41_105 .0023715893709648637866706587210005162129
.0996093750 -7487.0366210938 1 2 3 4 5 6 7 8 9 10 11 12 13 14 15 16 17 18 19 20 21 22 23 24 25 26 27 28 29 30 31 32 33 34 39 42 43 44 45 46 47 41_106 .0023123504808486853356040590094354266771
.1000976563 -7487.0361328125 1 2 3 4 5 6 7 8 9 10 11 12 13 14 15 16 17 18 19 20 21 22 23 24 25 26 27 28 29 30 31 32 34 36 38 39 40 42 44 45 46 41_107 .0022832882501803027573853220352827586901
.1005859376 -7487.0356445312 1 2 3 4 5 6 7 8 9 10 11 12 13 14 15 16 17 18 19 20 21 22 23 24 25 26 27 28 29 31 32 33 34 35 36 42 43 44 45 46 47 41_108 .0022545912812914027965954116715334688241
.1010742188 -7487.0351562500 1 2 3 4 5 6 7 8 9 10 11 12 13 14 15 16 17 18 19 20 21 22 23 24 25 26 27 28 29 30 31 32 33 34 35 36 38 39 41 46 48 41_109 .0022262549892422631049138722324419656266
.1025390626 -7487.0336914062 1 2 3 4 5 6 7 8 9 10 11 12 13 14 15 16 17 18 19 20 21 22 23 24 25 26 27 28 29 30 31 32 33 34 35 36 38 39 42 43 45 41_110 .0021433650816233646810190390218725812417
.1030273438 -7487.0332031250 1 2 3 4 5 6 7 8 9 10 11 12 13 14 15 16 17 18 19 20 21 22 23 24 25 26 27 28 29 30 31 32 34 36 39 40 41 42 43 44 46 41_111 .0021164267095003165044997189395147976581
.1035156250 -7487.0327148438 1 2 3 4 5 6 7 8 9 10 11 12 13 14 15 16 17 18 19 20 21 22 23 24 25 26 27 28 29 30 31 32 34 36 37 39 41 42 43 46 47 41_112 .0020898269058735369146563518511114755654
.1040039063 -7487.0322265625 1 2 3 4 5 6 7 8 9 10 11 12 13 14 15 16 17 18 19 20 21 22 23 24 25 26 28 29 30 32 33 34 36 39 40 42 43 44 45 46 47 41_113 .0020635614101805147067604129498570023079
.1044921876 -7487.0317382812 1 2 3 4 5 6 7 8 9 10 11 12 13 14 15 16 17 18 19 20 21 22 23 24 25 26 27 28 29 30 33 34 35 36 37 39 41 42 43 44 46 41_114 .0020376260261642353166709302785508902500
.1049804688 -7487.0312500000 1 2 3 4 5 6 7 8 9 10 11 12 13 14 15 16 17 18 19 20 21 22 23 24 25 26 27 28 29 30 31 32 33 34 35 36 42 45 46 47 48 41_115 .0020120166101057975961716081268745403010
.1054687500 -7487.0307617188 1 2 3 4 5 6 7 8 9 10 11 12 13 14 15 16 17 18 19 20 21 22 23 24 25 26 27 29 30 31 32 33 34 35 36 41 42 43 44 45 46 41_116 .0019867290598767283635558034285423009605
.1059570313 -7487.0302734375 1 2 3 4 5 6 7 8 9 10 11 12 13 14 15 16 17 18 19 20 21 22 23 24 25 26 27 28 29 30 31 32 33 34 39 40 41 42 44 46 48 41_117 .0019617593251016933546439266197534934652
.1064453126 -7487.0297851562 1 2 3 4 5 6 7 8 9 10 11 12 13 14 15 16 17 18 19 20 21 22 23 24 25 26 27 28 29 30 32 33 34 35 36 37 38 40 41 44 47 41_118 .0019371034165384591025487852615840252371
.1074218750 -7487.0288085938 1 2 3 4 5 6 7 8 9 10 11 12 13 14 15 16 17 18 19 20 21 22 23 24 25 26 28 29 30 32 33 34 35 36 39 40 43 44 45 46 47 41_119 .0018887173604020590306051263714828911438
.1079101563 -7487.0283203125 1 2 3 4 5 6 7 8 9 10 11 12 13 14 15 16 17 18 19 20 21 22 23 24 25 26 27 28 29 30 31 32 34 35 36 39 40 41 43 45 46 41_120 .0018649794625141760030039099750781772405
.1083984376 -7487.0278320312 1 2 3 4 5 6 7 8 9 10 11 12 13 14 15 16 17 18 19 20 21 22 23 24 25 26 27 28 29 30 31 32 34 35 36 38 40 41 43 44 46 41_121 .0018415399087872295855997296567346962907
.1088867188 -7487.0273437500 1 2 3 4 5 6 7 8 9 10 11 12 13 14 15 16 17 18 19 20 21 22 23 24 25 26 27 28 29 30 31 32 33 35 36 40 42 43 44 45 46 41_122 .0018183949542632985129370298145053589912
.1093750000 -7487.0268554688 1 2 3 4 5 6 7 8 9 10 11 12 13 14 15 16 17 18 19 20 21 22 23 24 25 27 28 29 30 31 32 33 34 36 39 40 41 42 44 46 47 41_123 .0017955408915725330991361329890959089706
.1098632813 -7487.0263671875 1 2 3 4 5 6 7 8 9 10 11 12 13 14 15 16 17 18 19 20 21 22 23 24 25 26 27 28 29 30 31 32 33 34 35 36 39 41 42 44 47 41_124 .0017729740601178817566244582810134744972
.1103515626 -7487.0258789062 1 2 3 4 5 6 7 8 9 10 11 12 13 14 15 16 17 18 19 20 21 22 23 24 26 27 28 29 30 31 32 33 34 35 36 39 41 42 44 46 48 41_125 .0017506908545523944476475440325284684848
.1108398438 -7487.0253906250 1 2 3 4 5 6 7 8 9 10 11 12 13 14 15 16 17 18 19 20 21 22 23 24 25 26 27 28 29 30 31 32 33 34 39 40 41 42 43 44 46 41_126 .0017286877146689031610092428757054856270
.1113281250 -7487.0249023438 1 2 3 4 5 6 7 8 9 10 11 12 13 14 15 16 17 18 19 20 21 22 23 24 25 26 27 28 29 30 31 32 33 34 38 39 40 42 43 45 46 41_127 .0017069611159939716610908793396108998629
.1118164063 -7487.0244140625 1 2 3 4 5 6 7 8 9 10 11 12 13 14 15 16 17 18 19 20 21 22 23 24 25 26 27 28 29 30 31 32 34 36 40 41 42 43 45 46 47 41_128 .0016855075785195100682254756428510777242
.1123046876 -7487.0239257812 1 2 3 4 5 6 7 8 9 10 11 12 13 14 15 16 17 18 19 20 21 22 23 24 25 26 27 28 29 31 32 33 34 36 38 39 41 42 44 45 46 41_129 .0016643236747618658145921706884910626843
.1127929688 -7487.0234375000 1 2 3 4 5 6 7 8 9 10 11 12 13 14 15 16 17 18 19 20 21 22 23 24 25 26 27 28 29 30 31 32 34 35 38 41 42 43 44 46 47 41_130 .0016434060201502785229214756435510726210
.1132812500 -7487.0229492188 1 2 3 4 5 6 7 8 9 10 11 12 13 14 15 16 17 18 19 20 21 22 23 24 25 26 27 28 30 31 32 33 35 36 37 40 41 42 43 45 46 41_131 .0016227512640848603015315991727197789465
.1137695313 -7487.0224609375 1 2 3 4 5 6 7 8 9 10 11 12 13 14 15 16 17 18 19 20 21 22 23 24 25 27 28 29 30 31 32 34 36 38 39 41 42 44 45 46 47 41_132 .0016023560982374518476341494048176255808
.1142578126 -7487.0219726562 1 2 3 4 5 6 7 8 9 10 11 12 13 14 15 16 17 18 19 20 21 22 23 24 25 26 27 28 29 31 32 33 35 36 37 39 40 42 43 44 46 41_133 .0015822172642131326677571747487436232750
.1147460938 -7487.0214843750 1 2 3 4 5 6 7 8 9 10 11 12 13 14 15 16 17 18 19 20 21 22 23 24 25 26 27 28 29 31 32 33 34 35 36 37 39 42 45 46 48 41_134 .0015623315444128442217366866350308615715
.1152343750 -7487.0209960938 1 2 3 4 5 6 7 8 9 10 11 12 13 14 15 16 17 18 19 20 21 22 23 24 25 26 27 28 29 30 31 32 34 35 38 39 41 42 45 46 48 41_135 .0015426957535325086526404529393496513070
.1157226563 -7487.0205078125 1 2 3 4 5 6 7 8 9 10 11 12 13 14 15 16 17 18 19 20 21 22 23 24 25 26 27 28 29 30 32 33 34 36 37 39 40 45 46 47 48 41_136 .0015233067464543771065462601831235326224
.1162109376 -7487.0200195312 1 2 3 4 5 6 7 8 9 10 11 12 13 14 15 16 17 18 19 20 21 22 23 24 25 26 27 29 30 31 32 33 34 35 37 40 41 42 43 44 46 41_137 .0015041614255305731469160191909278122692
.1166992188 -7487.0195312500 1 2 3 4 5 6 7 8 9 10 11 12 13 14 15 16 17 18 19 20 21 22 23 24 25 26 27 28 29 30 31 33 34 36 39 42 43 44 46 47 48 41_138 .0014852567318964919266247846461851487327
.1171875000 -7487.0190429688 1 2 3 4 5 6 7 8 9 10 11 12 13 14 15 16 17 18 19 20 21 22 23 24 25 26 27 28 32 33 35 36 37 39 40 41 42 43 44 45 46 41_139 .0014665896373892945827093493521242227215
.1176757813 -7487.0185546875 1 2 3 4 5 6 7 8 9 10 11 12 13 14 15 16 17 18 19 20 21 22 23 24 25 26 27 29 30 31 32 33 34 35 36 41 42 43 44 46 48 41_140 .0014481571520499511014731680633205567826
.1181640626 -7487.0180664062 1 2 3 4 5 6 7 8 9 10 11 12 13 14 15 16 17 18 19 20 21 22 23 24 25 26 27 29 30 31 33 34 35 36 40 41 42 43 44 45 46 41_141 .0014299563310474632383564788723506360581
.1186523438 -7487.0175781250 1 2 3 4 5 6 7 8 9 10 11 12 13 14 15 16 17 18 19 20 21 22 23 24 25 26 27 28 29 30 32 33 34 35 36 41 42 43 44 46 48 41_142 .0014119842664208014946422886790603124180
.1191406250 -7487.0170898438 1 2 3 4 5 6 7 8 9 10 11 12 13 14 15 16 17 18 19 20 21 22 23 24 25 26 27 28 29 30 31 32 34 36 38 40 42 44 45 46 47 41_143 .0013942380793960860340268726555863102203
.1201171876 -7487.0161132812 1 2 3 4 5 6 7 8 9 10 11 12 13 14 15 16 17 18 19 20 21 22 23 24 25 27 28 29 30 31 33 34 35 36 38 39 40 42 44 46 48 41_144 .0013594120112350672525730051130502947373
.1206054688 -7487.0156250000 1 2 3 4 5 6 7 8 9 10 11 12 13 14 15 16 17 18 19 20 21 22 23 24 25 26 27 28 29 30 31 32 34 36 39 40 41 43 44 46 47 41_145 .0013423265660436882449740781013221687706
.1215820313 -7487.0146484375 1 2 3 4 5 6 7 8 9 10 11 12 13 14 15 16 17 18 19 20 21 22 23 24 25 26 27 28 29 30 31 32 33 35 36 39 41 42 44 45 46 41_146 .0013087971764455124793205876157145910621
.1220703126 -7487.0141601562 1 2 3 4 5 6 7 8 9 10 11 12 13 14 15 16 17 18 19 20 21 22 23 24 25 26 27 29 30 31 32 34 35 36 37 38 40 41 42 43 44 41_147 .0012923478683691576307447332194325933306
.1230468750 -7487.0131835938 1 2 3 4 5 6 7 8 9 10 11 12 13 14 15 16 17 18 19 20 21 22 23 24 25 26 27 28 29 30 31 32 33 34 35 37 40 43 44 45 48 41_148 .0012600668781170166273573976186300243478
.1235351563 -7487.0126953125 1 2 3 4 5 6 7 8 9 10 11 12 13 14 15 16 17 18 19 20 21 22 23 24 25 26 28 29 30 32 33 34 35 36 39 40 42 43 45 46 47 41_149 .0012442300252814616348035368065776576741
.1245117188 -7487.0117187500 1 2 3 4 5 6 7 8 9 10 11 12 13 14 15 16 17 18 19 20 21 22 23 24 25 26 27 29 30 31 32 33 34 35 36 39 40 41 43 45 46 41_150 .0012131509463726915171965752764005002764
.1250000000 -7487.0112304688 1 2 3 4 5 6 7 8 9 10 11 12 13 14 15 16 17 18 19 20 21 22 23 24 25 27 28 29 30 31 32 34 36 38 39 40 41 42 43 45 46 41_151 .0011979037484431330754205335081607273229
.1254882813 -7487.0107421875 1 2 3 4 5 6 7 8 9 10 11 12 13 14 15 16 17 18 19 20 21 22 23 24 25 26 27 28 29 31 32 33 34 35 36 37 38 41 42 45 46 41_152 .0011828481782153028074374235714700686625
.1259765626 -7487.0102539062 1 2 3 4 5 6 7 8 9 10 11 12 13 14 15 16 17 18 19 20 21 22 23 24 25 26 27 29 30 31 32 33 34 35 36 37 39 41 44 46 48 41_153 .0011679818303646290707764410400583381112
.1264648438 -7487.0097656250 1 2 3 4 5 6 7 8 9 10 11 12 13 14 15 16 17 18 19 20 21 22 23 24 25 26 27 28 29 30 31 32 33 34 35 37 42 43 44 45 47 41_154 .0011533023296817630771580808768165578391
.1269531250 -7487.0092773438 1 2 3 4 5 6 7 8 9 10 11 12 13 14 15 16 17 18 19 20 21 22 23 24 25 26 27 28 29 30 31 32 36 39 40 41 42 44 45 46 47 41_155 .0011388073247972871926062446835557935535
.1274414063 -7487.0087890625 1 2 3 4 5 6 7 8 9 10 11 12 13 14 15 16 17 18 19 20 21 22 23 24 26 28 29 30 31 32 33 34 35 36 37 39 41 42 43 46 47 41_156 .0011244944940070536333720420402510094692
.1279296876 -7487.0083007812 1 2 3 4 5 6 7 8 9 10 11 12 13 14 15 16 17 18 19 20 21 22 23 24 25 26 27 29 30 31 32 33 34 35 36 38 39 40 41 45 46 41_157 .0011103615506488457886704167223512065540
.1284179688 -7487.0078125000 1 2 3 4 5 6 7 8 9 10 11 12 13 14 15 16 17 18 19 20 21 22 23 24 25 26 27 28 29 31 32 33 34 35 37 41 42 43 44 46 48 41_158 .0010964062366899896289363022049151888956
.1289062500 -7487.0073242188 1 2 3 4 5 6 7 8 9 10 11 12 13 14 15 16 17 18 19 20 21 22 23 24 25 26 27 28 29 30 31 32 35 36 38 40 41 42 44 45 46 41_159 .0010826263167616422182699906318233214758
.1293945313 -7487.0068359375 1 2 3 4 5 6 7 8 9 10 11 12 13 14 15 16 17 18 19 20 21 22 23 24 25 26 27 28 29 30 31 32 34 35 36 41 42 45 46 47 48 41_160 .0010690195836967478189780548513235649914
.1298828126 -7487.0063476562 1 2 3 4 5 6 7 8 9 10 11 12 13 14 15 16 17 18 19 20 21 22 23 24 25 26 27 28 29 31 32 33 34 35 36 38 39 41 42 45 46 41_161 .0010555838636414513129308918451138133748
.1303710938 -7487.0058593750 1 2 3 4 5 6 7 8 9 10 11 12 13 14 15 16 17 18 19 20 21 22 23 24 26 27 28 30 32 33 34 35 36 37 38 39 40 41 42 43 46 41_162 .0010423170099590532503592707838118430828
.1308593750 -7487.0053710938 1 2 3 4 5 6 7 8 9 10 11 12 13 14 15 16 17 18 19 20 21 22 23 24 25 27 28 30 31 32 33 34 36 38 39 41 42 43 45 46 48 41_163 .0010292168975586059925042286356539621781
.1313476563 -7487.0048828125 1 2 3 4 5 6 7 8 9 10 11 12 13 14 15 16 17 18 19 20 21 22 23 24 25 26 27 28 29 30 31 33 34 36 38 39 42 43 44 46 47 41_164 .0010162814281596647272588275861188031249
.1318359376 -7487.0043945312 1 2 3 4 5 6 7 8 9 10 11 12 13 14 15 16 17 18 19 20 21 22 23 24 25 26 27 28 29 30 31 32 34 35 36 39 41 43 45 46 47 41_165 .0010035085351515385165702022980510623425
.1323242188 -7487.0039062500 1 2 3 4 5 6 7 8 9 10 11 12 13 14 15 16 17 18 19 20 21 22 23 24 25 26 27 28 29 30 32 33 34 35 37 39 40 42 43 45 46 41_166 .0009908961777979827421001274632899869366
.1328125000 -7487.0034179688 1 2 3 4 5 6 7 8 9 10 11 12 13 14 15 16 17 18 19 20 21 22 23 24 25 26 27 29 30 31 32 34 35 36 40 41 42 44 45 46 47 41_167 .0009784423358455837412795293586081172043
.1333007813 -7487.0029296875 1 2 3 4 5 6 7 8 9 10 11 12 13 14 15 16 17 18 19 20 21 22 23 24 25 26 27 28 29 30 31 33 34 36 38 39 40 44 45 46 47 41_168 .0009661450145287828149876894553608319598
.1337890626 -7487.0024414062 1 2 3 4 5 6 7 8 9 10 11 12 13 14 15 16 17 18 19 20 21 22 23 24 25 26 27 28 29 30 31 32 33 34 35 36 41 42 43 47 48 41_169 .0009540022491894048774978953788583351857
.1342773438 -7487.0019531250 1 2 3 4 5 6 7 8 9 10 11 12 13 14 15 16 17 18 19 20 21 22 23 24 25 26 27 29 31 32 33 34 35 36 38 39 40 41 43 44 46 41_170 .0009420120997672519612459075810953861957
.1347656250 -7487.0014648438 1 2 3 4 5 6 7 8 9 10 11 12 13 14 15 16 17 18 19 20 21 22 23 24 25 26 27 28 29 30 31 32 33 34 35 36 41 42 44 47 48 41_171 .0009301726456744734849498837911152561294
.1352539063 -7487.0009765625 1 2 3 4 5 6 7 8 9 10 11 12 13 14 15 16 17 18 19 20 21 22 23 24 25 27 28 29 30 31 32 34 35 36 38 39 42 43 45 46 48 41_172 .0009184819905536764174186943247364906865
.1357421876 -7487.0004882812 1 2 3 4 5 6 7 8 9 10 11 12 13 14 15 16 17 18 19 20 21 22 23 24 25 26 27 28 29 30 31 32 33 34 36 37 39 40 43 45 48 41_173 .0009069382666695578027078187634658410745
.1362304688 -7487.0000000000 1 2 3 4 5 6 7 8 9 10 11 12 13 14 15 16 17 18 19 20 21 22 23 24 25 26 27 28 29 31 32 33 34 35 36 37 38 42 45 46 47 41_174 .0008955396296712949102380996477837484892
.1367187500 -7486.9995117188 1 2 3 4 5 6 7 8 9 10 11 12 13 14 15 16 17 18 19 20 21 22 23 24 25 26 27 28 29 30 31 32 34 35 36 39 41 42 43 45 48 41_175 .0008842842537197792129429571298191660231
.1372070313 -7486.9990234375 1 2 3 4 5 6 7 8 9 10 11 12 13 14 15 16 17 18 19 20 21 22 23 24 25 26 27 28 29 30 32 34 36 37 38 39 40 44 45 46 47 41_176 .0008731703360109937569273670971307609422
.1376953126 -7486.9985351562 1 2 3 4 5 6 7 8 9 10 11 12 13 14 15 16 17 18 19 20 21 22 23 24 25 26 28 30 31 32 33 34 35 36 38 39 40 44 45 46 47 41_177 .0008621961009509924066412975562973413317
.1381835938 -7486.9980468750 1 2 3 4 5 6 7 8 9 10 11 12 13 14 15 16 17 18 19 20 21 22 23 24 25 26 27 29 31 32 33 34 35 36 37 41 42 43 44 46 48 41_178 .0008513597951766780424375935532379087213
.1386718750 -7486.9975585938 1 2 3 4 5 6 7 8 9 10 11 12 13 14 15 16 17 18 19 20 21 22 23 24 26 27 28 30 31 32 33 34 36 37 38 39 41 42 45 46 47 41_179 .0008406596829234256730955966180775274142
.1391601563 -7486.9970703125 1 2 3 4 5 6 7 8 9 10 11 12 13 14 15 16 17 18 19 20 21 22 23 24 25 28 29 31 32 33 34 35 36 37 38 39 40 41 42 44 48 41_180 .0008300940503253071309060446245136049212
.1396484376 -7486.9965820312 1 2 3 4 5 6 7 8 9 10 11 12 13 14 15 16 17 18 19 20 21 22 23 24 25 26 27 28 29 30 31 32 34 35 37 40 41 42 43 45 46 41_181 .0008196612093841052361725063678061587562
.1401367188 -7486.9960937500 1 2 3 4 5 6 7 8 9 10 11 12 13 14 15 16 17 18 19 20 21 22 23 24 25 26 27 28 29 30 31 32 34 35 39 40 41 42 43 44 46 41_182 .0008093594932357329333222861405131564133
.1411132813 -7486.9951171875 1 2 3 4 5 6 7 8 9 10 11 12 13 14 15 16 17 18 19 20 21 22 23 24 25 27 29 30 31 32 33 34 36 37 38 39 41 42 43 45 46 41_183 .0007891428556006257671879276951904710336
.1416015626 -7486.9946289062 1 2 3 4 5 6 7 8 9 10 11 12 13 14 15 16 17 18 19 20 21 22 23 24 25 26 27 28 29 31 32 33 34 35 36 38 39 41 42 44 45 41_184 .0007792247000745853905370690037728878605
.1420898438 -7486.9941406250 1 2 3 4 5 6 7 8 9 10 11 12 13 14 15 16 17 18 19 20 21 22 23 24 25 26 27 28 29 30 31 33 34 35 36 39 41 44 45 46 48 41_185 .0007694312005359154005489930749722290252
.1425781250 -7486.9936523438 1 2 3 4 5 6 7 8 9 10 11 12 13 14 15 16 17 18 19 20 21 22 23 24 25 26 27 28 31 32 33 36 37 39 40 41 42 44 45 46 48 41_186 .0007597607882571907752232137322537553000
.1430664063 -7486.9931640625 1 2 3 4 5 6 7 8 9 10 11 12 13 14 15 16 17 18 19 20 21 22 23 24 25 26 27 28 29 30 31 32 33 37 38 39 41 42 43 44 46 41_187 .0007502119143023140635184980129431474566
.1435546876 -7486.9926757812 1 2 3 4 5 6 7 8 9 10 11 12 13 14 15 16 17 18 19 20 21 22 23 24 25 26 27 28 29 30 31 32 33 34 37 39 40 42 43 44 46 41_188 .0007407830531135808667603318772073053848
.1440429688 -7486.9921875000 1 2 3 4 5 6 7 8 9 10 11 12 13 14 15 16 17 18 19 20 21 22 23 24 25 26 27 28 30 32 33 34 36 39 40 43 44 45 46 47 48 41_189 .0007314726982336239243606555409460862635
.1445312500 -7486.9916992188 1 2 3 4 5 6 7 8 9 10 11 12 13 14 15 16 17 18 19 20 21 22 23 24 25 26 27 29 30 31 32 34 35 36 38 40 41 42 45 46 47 41_190 .0007222793583253599796265353934484601500
.1450195313 -7486.9912109375 1 2 3 4 5 6 7 8 9 10 11 12 13 14 15 16 17 18 19 20 21 22 23 24 25 26 27 28 29 30 31 32 33 34 39 40 41 42 44 45 48 41_191 .0007132015608666638512223319116031427973
.1455078126 -7486.9907226562 1 2 3 4 5 6 7 8 9 10 11 12 13 14 15 16 17 18 19 20 21 22 23 24 25 26 27 28 29 30 31 32 33 34 35 36 38 41 43 44 48 41_192 .0007042378555604725004317041212139889492
.1459960938 -7486.9902343750 1 2 3 4 5 6 7 8 9 10 11 12 13 14 15 16 17 18 19 20 21 22 23 24 25 26 27 29 30 31 32 33 34 35 36 39 41 42 44 46 48 41_193 .0006953868102677792993477647015313707898
.1469726563 -7486.9892578125 1 2 3 4 5 6 7 8 9 10 11 12 13 14 15 16 17 18 19 20 21 22 23 24 25 26 27 28 29 30 32 34 35 38 39 41 42 43 45 46 48 41_194 .0006780170465510249596598719167426290993
.1479492188 -7486.9882812500 1 2 3 4 5 6 7 8 9 10 11 12 13 14 15 16 17 18 19 20 21 22 23 24 25 26 27 30 31 32 33 34 35 36 37 38 39 40 43 45 46 41_195 .0006610811545832324584342205661613571158
.1484375000 -7486.9877929688 1 2 3 4 5 6 7 8 9 10 11 12 13 14 15 16 17 18 19 20 21 22 23 24 25 26 27 29 30 32 33 34 35 36 38 39 40 41 43 45 46 41_196 .0006527725139795470154357625386603891686
.1489257813 -7486.9873046875 1 2 3 4 5 6 7 8 9 10 11 12 13 14 15 16 17 18 19 20 21 22 23 24 25 27 28 29 30 31 32 33 34 35 38 40 41 44 45 46 48 41_197 .0006445682968712949879176423596671250439
.1494140626 -7486.9868164062 1 2 3 4 5 6 7 8 9 10 11 12 13 14 15 16 17 18 19 20 21 22 23 24 25 26 27 28 29 30 31 32 34 37 39 42 43 44 45 46 47 41_198 .0006364671925273182102370051629363944609
.1499023438 -7486.9863281250 1 2 3 4 5 6 7 8 9 10 11 12 13 14 15 16 17 18 19 20 21 22 23 24 25 26 28 29 30 32 34 35 36 39 40 41 42 43 45 46 47 41_199 .0006284679066271173506798285949401095177
.1508789063 -7486.9853515625 1 2 3 4 5 6 7 8 9 10 11 12 13 14 15 16 17 18 19 20 21 22 23 24 25 26 28 29 31 32 34 35 36 37 39 41 42 44 45 46 48 41_200 .0006127696810057935908487109158898406976
.1513671876 -7486.9848632812 1 2 3 4 5 6 7 8 9 10 11 12 13 14 15 16 17 18 19 20 21 22 23 24 25 26 27 28 29 30 31 33 34 36 38 39 40 42 43 44 46 41_201 .0006050682300521105335003145927423663405
.1523437500 -7486.9838867188 1 2 3 4 5 6 7 8 9 10 11 12 13 14 15 16 17 18 19 20 21 22 23 24 25 26 27 28 29 30 33 34 35 36 39 40 43 44 45 46 47 41_202 .0005899544962701679767619394664069284855
.1528320313 -7486.9833984375 1 2 3 4 5 6 7 8 9 10 11 12 13 14 15 16 17 18 19 20 21 22 23 24 25 26 27 28 29 30 32 34 36 37 39 42 43 44 45 46 48 41_203 .0005825397925751812544920970524479084972
.1533203126 -7486.9829101562 1 2 3 4 5 6 7 8 9 10 11 12 13 14 15 16 17 18 19 20 21 22 23 24 25 26 27 28 29 30 31 32 33 35 36 37 39 40 42 43 45 41_204 .0005752182788316772865998204631469958560
.1538085938 -7486.9824218750 1 2 3 4 5 6 7 8 9 10 11 12 13 14 15 16 17 18 19 20 21 22 23 24 25 26 27 28 29 30 32 33 34 38 39 40 42 43 45 46 48 41_205 .0005679887852750262171797316453244304715
.1542968750 -7486.9819335938 1 2 3 4 5 6 7 8 9 10 11 12 13 14 15 16 17 18 19 20 21 22 23 24 25 26 27 28 29 31 32 36 37 38 40 41 42 44 45 46 47 41_206 .0005608501538815035790370043953538827311
.1547851563 -7486.9814453125 1 2 3 4 5 6 7 8 9 10 11 12 13 14 15 16 17 18 19 20 21 22 23 24 25 26 27 28 29 32 33 34 36 38 39 42 43 44 45 46 47 41_207 .0005538012412372058976525103536981257556
.1552734376 -7486.9809570312 1 2 3 4 5 6 7 8 9 10 11 12 13 14 15 16 17 18 19 20 21 22 23 24 25 26 27 28 29 30 33 34 35 40 41 42 43 44 45 46 48 41_208 .0005468409211859975954252360816809609885
.1557617188 -7486.9804687500 1 2 3 4 5 6 7 8 9 10 11 12 13 14 15 16 17 18 19 20 21 22 23 24 25 26 27 28 29 30 31 32 34 35 36 39 40 42 44 46 48 41_209 .0005399680816714797337791125919025799627
.1562500000 -7486.9799804688 1 2 3 4 5 6 7 8 9 10 11 12 13 14 15 16 17 18 19 20 21 22 23 24 26 27 28 30 32 33 34 36 37 38 39 40 41 42 43 45 46 41_210 .0005331816217989423443852892052747540461
.1567382813 -7486.9794921875 1 2 3 4 5 6 7 8 9 10 11 12 13 14 15 16 17 18 19 20 21 22 23 24 25 26 27 28 29 32 33 34 36 39 42 43 44 45 46 47 48 41_211 .0005264804545627472495823162833935721712
.1572265626 -7486.9790039062 1 2 3 4 5 6 7 8 9 10 11 12 13 14 15 16 17 18 19 20 21 22 23 24 25 26 27 28 29 30 31 32 34 35 36 38 41 42 43 44 47 41_212 .0005198635093636432758435796418072182134
.1577148438 -7486.9785156250 1 2 3 4 5 6 7 8 9 10 11 12 13 14 15 16 17 18 19 20 21 22 23 24 25 26 27 28 29 30 32 33 34 36 37 39 40 41 45 47 48 41_213 .0005133297290065307794317078211179127282
.1582031250 -7486.9780273438 1 2 3 4 5 6 7 8 9 10 11 12 13 14 15 16 17 18 19 20 21 22 23 24 25 26 28 29 30 32 33 34 35 36 37 39 42 43 44 45 47 41_214 .0005068780669073572670557740847596362576
.1591796876 -7486.9770507812 1 2 3 4 5 6 7 8 9 10 11 12 13 14 15 16 17 18 19 20 21 22 23 24 25 26 27 28 29 30 34 35 36 39 40 42 43 44 45 46 47 41_215 .0004942169795591424843725427293771043601
.1596679688 -7486.9765625000 1 2 3 4 5 6 7 8 9 10 11 12 13 14 15 16 17 18 19 20 21 22 23 24 25 26 27 28 29 30 32 36 37 38 39 40 41 42 44 45 46 41_216 .0004880055314866518991635099740453821294
.1601562500 -7486.9760742188 1 2 3 4 5 6 7 8 9 10 11 12 13 14 15 16 17 18 19 20 21 22 23 24 25 27 28 29 30 31 32 33 34 35 38 39 40 41 43 44 48 41_217 .0004818721505157644670366534714974020467
.1606445313 -7486.9755859375 1 2 3 4 5 6 7 8 9 10 11 12 13 14 15 16 17 18 19 20 21 22 23 24 25 26 27 28 29 30 31 32 34 36 37 39 40 41 43 46 47 41_218 .0004758158542462565565972396114115653386
.1611328126 -7486.9750976562 1 2 3 4 5 6 7 8 9 10 11 12 13 14 15 16 17 18 19 20 21 22 23 24 25 26 27 28 29 30 31 32 34 37 39 41 42 43 45 47 48 41_219 .0004698356751054617226911689095153568479
.1616210938 -7486.9746093750 1 2 3 4 5 6 7 8 9 10 11 12 13 14 15 16 17 18 19 20 21 22 23 24 25 26 27 28 29 30 31 32 34 35 37 43 44 45 46 47 48 41_220 .0004639306576349482563615623931240506143
.1621093750 -7486.9741210938 1 2 3 4 5 6 7 8 9 10 11 12 13 14 15 16 17 18 19 20 21 22 23 24 25 26 28 29 30 32 33 34 35 36 37 39 41 43 44 45 46 41_221 .0004580998559662025939133620540444962157
.1625976563 -7486.9736328125 1 2 3 4 5 6 7 8 9 10 11 12 13 14 15 16 17 18 19 20 21 22 23 24 25 26 27 28 30 33 34 35 36 38 39 40 42 43 44 45 46 41_222 .0004523423361639465396332147901484309480
.1630859376 -7486.9731445312 1 2 3 4 5 6 7 8 9 10 11 12 13 14 15 16 17 18 19 20 21 22 23 24 25 26 27 28 29 30 32 33 34 39 40 41 42 43 44 45 48 41_223 .0004466571783889682591387067304509536412
.1635742188 -7486.9726562500 1 2 3 4 5 6 7 8 9 10 11 12 13 14 15 16 17 18 19 20 21 22 23 24 25 27 28 29 30 31 32 33 34 39 40 41 42 43 44 46 48 41_224 .0004410434743186567049010770450176189856
.1640625000 -7486.9721679688 1 2 3 4 5 6 7 8 9 10 11 12 13 14 15 16 17 18 19 20 21 22 23 24 25 26 27 28 29 30 34 35 36 37 39 40 41 42 43 45 46 41_225 .0004355003247472176372730387476514700832
.1645507813 -7486.9716796875 1 2 3 4 5 6 7 8 9 10 11 12 13 14 15 16 17 18 19 20 21 22 23 24 25 26 27 29 30 31 32 33 34 35 37 40 41 43 44 45 48 41_226 .0004300268418133875130422571481452271830
.1650390626 -7486.9711914062 1 2 3 4 5 6 7 8 9 10 11 12 13 14 15 16 17 18 19 20 21 22 23 24 25 26 27 28 30 33 34 35 36 39 40 42 43 44 45 46 47 41_227 .0004246221510565651076303989037133182990
.1655273438 -7486.9707031250 1 2 3 4 5 6 7 8 9 10 11 12 13 14 15 16 17 18 19 20 21 22 23 24 25 26 27 28 29 30 32 34 36 37 39 41 42 43 45 47 48 41_228 .0004192853889645992283422607135876539538
.1660156250 -7486.9702148438 1 2 3 4 5 6 7 8 9 10 11 12 13 14 15 16 17 18 19 20 21 22 23 24 25 26 30 31 32 33 34 36 38 39 40 41 42 43 45 46 47 41_229 .0004140157006923937552661546401912729102
.1665039063 -7486.9697265625 1 2 3 4 5 6 7 8 9 10 11 12 13 14 15 16 17 18 19 20 21 22 23 24 25 26 27 28 29 30 31 32 33 35 36 37 41 42 43 45 47 41_230 .0004088122421797212779158359623126011634
.1669921876 -7486.9692382812 1 2 3 4 5 6 7 8 9 10 11 12 13 14 15 16 17 18 19 20 21 22 23 24 25 26 27 28 29 30 32 34 36 37 39 40 43 45 46 47 48 41_231 .0004036741821059191675575220335983658765
.1674804688 -7486.9687500000 1 2 3 4 5 6 7 8 9 10 11 12 13 14 15 16 17 18 19 20 21 22 23 24 25 26 27 28 29 32 34 35 36 37 38 40 41 42 43 45 46 41_232 .0003986006995586527664567551129123829245
.1679687500 -7486.9682617188 1 2 3 4 5 6 7 8 9 10 11 12 13 14 15 16 17 18 19 20 21 22 23 24 26 27 28 29 31 32 33 34 35 36 40 42 43 44 45 46 47 41_233 .0003935909818650689396100386299432097772
.1689453126 -7486.9672851562 1 2 3 4 5 6 7 8 9 10 11 12 13 14 15 16 17 18 19 20 21 22 23 24 25 27 28 29 30 32 33 34 39 40 41 42 43 44 45 46 48 41_234 .0003837596434698843233874264915887791321
.1694335938 -7486.9667968750 1 2 3 4 5 6 7 8 9 10 11 12 13 14 15 16 17 18 19 20 21 22 23 24 25 26 27 28 29 30 31 32 33 34 35 41 42 43 45 47 48 41_235 .0003789364520452250019607348624517042154
.1699218750 -7486.9663085938 1 2 3 4 5 6 7 8 9 10 11 12 13 14 15 16 17 18 19 20 21 22 23 24 25 26 28 30 31 32 33 34 36 37 39 40 41 42 44 45 48 41_236 .0003741738797500514332504523530080244949
.1704101563 -7486.9658203125 1 2 3 4 5 6 7 8 9 10 11 12 13 14 15 16 17 18 19 20 21 22 23 24 25 26 27 29 30 31 32 33 34 35 36 37 38 39 43 46 47 41_237 .0003694711637502742223114428700772350926
.1708984376 -7486.9653320312 1 2 3 4 5 6 7 8 9 10 11 12 13 14 15 16 17 18 19 20 21 22 23 24 25 26 27 28 29 31 32 33 34 35 36 38 39 41 42 46 48 41_238 .0003648275527254068949174928467757769219
.1713867188 -7486.9648437500 1 2 3 4 5 6 7 8 9 10 11 12 13 14 15 16 17 18 19 20 21 22 23 24 25 26 27 28 29 30 31 33 34 35 36 38 39 42 43 46 47 41_239 .0003602423047616701430359724838534885083
.1718750000 -7486.9643554688 1 2 3 4 5 6 7 8 9 10 11 12 13 14 15 16 17 18 19 20 21 22 23 24 25 26 27 28 29 30 31 32 34 39 40 41 42 43 44 46 47 41_240 .0003557146853918591806466868797836326536
.1723632813 -7486.9638671875 1 2 3 4 5 6 7 8 9 10 11 12 13 14 15 16 17 18 19 20 21 22 23 24 25 26 29 30 31 32 34 35 36 38 39 40 41 42 45 46 47 41_241 .0003512439694149303203301603825535294501
.1728515626 -7486.9633789062 1 2 3 4 5 6 7 8 9 10 11 12 13 14 15 16 17 18 19 20 21 22 23 24 25 26 27 28 29 30 31 32 34 36 37 39 41 42 43 47 48 41_242 .0003468294425754399347410185949324320857
.1733398438 -7486.9628906250 1 2 3 4 5 6 7 8 9 10 11 12 13 14 15 16 17 18 19 20 21 22 23 24 25 26 27 28 29 30 32 33 34 40 41 42 43 44 45 46 48 41_243 .0003424703995605886089815838041968122998
.1738281250 -7486.9624023438 1 2 3 4 5 6 7 8 9 10 11 12 13 14 15 16 17 18 19 20 21 22 23 24 25 26 27 30 31 32 33 34 35 36 38 39 40 41 45 46 47 41_244 .0003381661421367881096351681654234465263
.1743164063 -7486.9619140625 1 2 3 4 5 6 7 8 9 10 11 12 13 14 15 16 17 18 19 20 21 22 23 24 26 27 28 29 30 32 33 34 36 38 39 41 42 43 45 46 47 41_245 .0003339159808794819352190283952399761330
.1752929688 -7486.9609375000 1 2 3 4 5 6 7 8 9 10 11 12 13 14 15 16 17 18 19 20 21 22 23 24 25 26 27 28 29 30 31 32 34 35 37 41 42 43 45 47 48 41_246 .0003255752392900759135183980976911462407
.1757812500 -7486.9604492188 1 2 3 4 5 6 7 8 9 10 11 12 13 14 15 16 17 18 19 20 21 22 23 24 25 26 27 28 29 30 31 32 33 38 39 41 42 43 44 45 46 41_247 .0003214833246530212449401714784289171530
.1762695313 -7486.9599609375 1 2 3 4 5 6 7 8 9 10 11 12 13 14 15 16 17 18 19 20 21 22 23 24 25 26 27 28 29 31 32 33 34 35 36 38 39 40 44 46 48 41_248 .0003174428374455303092410287461260353340
.1767578126 -7486.9594726562 1 2 3 4 5 6 7 8 9 10 11 12 13 14 15 16 17 18 19 20 21 22 23 24 25 27 28 29 30 32 33 34 37 39 40 42 43 44 45 46 48 41_249 .0003134531321468413872798259742056828974
.1772460938 -7486.9589843750 1 2 3 4 5 6 7 8 9 10 11 12 13 14 15 16 17 18 19 20 21 22 23 24 25 27 28 29 30 31 32 33 34 39 40 41 43 44 45 46 48 41_250 .0003095135713182627746513895237534145485
.1777343750 -7486.9584960938 1 2 3 4 5 6 7 8 9 10 11 12 13 14 15 16 17 18 19 20 21 22 23 24 25 26 28 29 30 31 32 35 36 39 40 41 42 44 45 46 47 41_251 .0003056235239190628175350522155855118405
.1782226563 -7486.9580078125 1 2 3 4 5 6 7 8 9 10 11 12 13 14 15 16 17 18 19 20 21 22 23 24 25 26 27 28 29 30 31 32 34 37 38 39 41 42 44 46 47 41_252 .0003017823668698252771213988771311599173
.1787109376 -7486.9575195312 1 2 3 4 5 6 7 8 9 10 11 12 13 14 15 16 17 18 19 20 21 22 23 24 25 26 27 28 29 30 33 35 36 39 40 41 42 43 44 45 46 41_253 .0002979894864953924373645810354877403568
.1791992188 -7486.9570312500 1 2 3 4 5 6 7 8 9 10 11 12 13 14 15 16 17 18 19 20 21 22 23 24 25 27 28 30 31 33 34 35 36 37 38 39 41 42 45 46 48 41_254 .0002942442768039622310075649131840185187
.1796875000 -7486.9565429688 1 2 3 4 5 6 7 8 9 10 11 12 13 14 15 16 17 18 19 20 21 22 23 24 25 26 27 28 29 30 31 32 34 36 37 38 39 42 44 46 47 41_255 .0002905461378860608069254005237349396177
.1801757813 -7486.9560546875 1 2 3 4 5 6 7 8 9 10 11 12 13 14 15 16 17 18 19 20 21 22 23 24 25 26 27 28 29 30 31 34 37 38 39 42 43 44 45 46 47 41_256 .0002868944774007725737194357284985767175
.1806640626 -7486.9555664062 1 2 3 4 5 6 7 8 9 10 11 12 13 14 15 16 17 18 19 20 21 22 23 24 25 27 28 30 32 33 34 35 36 37 38 40 41 42 43 46 47 41_257 .0002832887119474983084215773576884832876
.1816406250 -7486.9545898438 1 2 3 4 5 6 7 8 9 10 11 12 13 14 15 16 17 18 19 20 21 22 23 24 25 26 27 28 29 30 31 32 37 38 39 40 41 44 45 46 48 41_258 .0002762125675341068508891331642635589028
.1821289063 -7486.9541015625 1 2 3 4 5 6 7 8 9 10 11 12 13 14 15 16 17 18 19 20 21 22 23 24 25 26 28 29 32 33 34 35 36 38 39 40 42 43 44 46 47 41_259 .0002727410551411255790753170886679752659
.1831054688 -7486.9531250000 1 2 3 4 5 6 7 8 9 10 11 12 13 14 15 16 17 18 19 20 21 22 23 24 25 27 28 29 31 32 33 34 35 36 38 39 40 41 42 46 47 41_260 .0002659283753293883919426405405329812311
.1835937500 -7486.9526367188 1 2 3 4 5 6 7 8 9 10 11 12 13 14 15 16 17 18 19 20 21 22 23 24 25 27 29 30 31 33 34 35 36 40 41 42 43 44 45 46 48 41_261 .0002625861180564113654195484846274650193
.1840820313 -7486.9521484375 1 2 3 4 5 6 7 8 9 10 11 12 13 14 15 16 17 18 19 20 21 22 23 24 25 26 28 29 30 31 32 34 36 37 39 41 42 43 45 47 48 41_262 .0002592858664741037856681769277404056686
.1855468750 -7486.9506835938 1 2 3 4 5 6 7 8 9 10 11 12 13 14 15 16 17 18 19 20 21 22 23 24 25 26 29 30 31 32 34 35 36 37 38 40 41 42 43 44 46 41_263 .0002496319049183793882157739414682119927
.1860351563 -7486.9501953125 1 2 3 4 5 6 7 8 9 10 11 12 13 14 15 16 17 18 19 20 21 22 23 24 25 26 27 28 29 31 32 33 34 35 36 37 39 41 45 46 48 41_264 .0002464944653031429512938966275728299478
.1865234376 -7486.9497070312 1 2 3 4 5 6 7 8 9 10 11 12 13 14 15 16 17 18 19 20 21 22 23 24 25 27 28 29 30 32 33 34 37 39 40 41 42 43 44 45 48 41_265 .0002433964578564126732264846528296681181
.1870117188 -7486.9492187500 1 2 3 4 5 6 7 8 9 10 11 12 13 14 15 16 17 18 19 20 21 22 23 24 26 27 28 29 30 32 33 34 35 36 39 41 42 43 45 46 47 41_266 .0002403373876068395716214750519757547611
.1875000000 -7486.9487304688 1 2 3 4 5 6 7 8 9 10 11 12 13 14 15 16 17 18 19 20 21 22 23 24 25 26 28 29 30 31 33 34 35 36 37 42 43 44 45 47 48 41_267 .0002373167645510926996813353400864276177
.1879882813 -7486.9482421875 1 2 3 4 5 6 7 8 9 10 11 12 13 14 15 16 17 18 19 20 21 22 23 24 25 28 29 30 31 32 33 34 36 37 39 40 41 42 45 46 48 41_268 .0002343341048678050891456069696269097458
.1889648438 -7486.9472656250 1 2 3 4 5 6 7 8 9 10 11 12 13 14 15 16 17 18 19 20 21 22 23 24 25 26 28 29 31 32 33 34 35 36 37 38 40 42 43 44 47 41_269 .0002284807755089069718589810038905734543
.1894531250 -7486.9467773438 1 2 3 4 5 6 7 8 9 10 11 12 13 14 15 16 17 18 19 20 21 22 23 24 25 26 27 28 29 30 31 33 34 35 38 39 44 45 46 47 48 41_270 .0002256091694505681356843642527060051421
.1899414063 -7486.9462890625 1 2 3 4 5 6 7 8 9 10 11 12 13 14 15 16 17 18 19 20 21 22 23 24 25 26 27 30 31 32 33 34 35 36 38 39 40 43 45 46 47 41_271 .0002227736539100916925635925833620813251
.1904296876 -7486.9458007812 1 2 3 4 5 6 7 8 9 10 11 12 13 14 15 16 17 18 19 20 21 22 23 24 25 26 27 29 30 31 32 34 35 36 39 40 41 43 45 46 47 41_272 .0002199737758767248398788690557015072573
.1909179688 -7486.9453125000 1 2 3 4 5 6 7 8 9 10 11 12 13 14 15 16 17 18 19 20 21 22 23 24 25 26 27 28 29 31 32 33 34 35 36 38 41 43 44 46 48 41_273 .0002172090880115147211959734805336741216
.1914062500 -7486.9448242188 1 2 3 4 5 6 7 8 9 10 11 12 13 14 15 16 17 18 19 20 21 22 23 24 25 26 27 29 30 31 33 34 35 37 40 41 42 43 44 45 46 41_274 .0002144791474654410597819706906429054223
.1918945313 -7486.9443359375 1 2 3 4 5 6 7 8 9 10 11 12 13 14 15 16 17 18 19 20 21 22 23 24 25 26 27 28 29 30 31 32 34 35 36 38 39 40 44 46 48 41_275 .0002117835169765408872519834602226344793
.1923828126 -7486.9438476562 1 2 3 4 5 6 7 8 9 10 11 12 13 14 15 16 17 18 19 20 21 22 23 24 25 26 27 29 30 31 32 33 34 37 40 41 42 43 44 45 46 41_276 .0002091217658825308823974343745202858988
.1928710938 -7486.9433593750 1 2 3 4 5 6 7 8 9 10 11 12 13 14 15 16 17 18 19 20 21 22 23 24 25 27 28 30 32 33 34 35 38 39 40 42 43 44 45 46 48 41_277 .0002064934689131196364595821385275224241
.1933593750 -7486.9428710938 1 2 3 4 5 6 7 8 9 10 11 12 13 14 15 16 17 18 19 20 21 22 23 24 25 26 27 28 30 31 33 34 35 36 38 39 41 42 45 46 48 41_278 .0002038982050664455842753667463879331176
.1943359376 -7486.9418945312 1 2 3 4 5 6 7 8 9 10 11 12 13 14 15 16 17 18 19 20 21 22 23 24 25 26 27 28 29 30 31 33 34 35 37 39 40 43 44 45 46 41_279 .0001988051202536787403192620259292160420
.1948242188 -7486.9414062500 1 2 3 4 5 6 7 8 9 10 11 12 13 14 15 16 17 18 19 20 21 22 23 24 25 26 27 28 30 31 32 33 36 39 41 43 44 45 46 47 48 41_280 .0001963064855809030018405063212364737384
.1958007813 -7486.9404296875 1 2 3 4 5 6 7 8 9 10 11 12 13 14 15 16 17 18 19 20 21 22 23 24 25 27 28 29 30 31 32 33 36 38 39 41 42 43 44 46 47 41_281 .0001914030315316470425172982562855837730
.1962890626 -7486.9399414062 1 2 3 4 5 6 7 8 9 10 11 12 13 14 15 16 17 18 19 20 21 22 23 24 25 26 27 29 30 32 33 34 36 38 39 42 43 44 45 46 47 41_282 .0001889974277535559160922407970886660608
.1967773438 -7486.9394531250 1 2 3 4 5 6 7 8 9 10 11 12 13 14 15 16 17 18 19 20 21 22 23 24 25 26 28 29 30 31 32 35 36 39 41 42 43 44 45 46 47 41_283 .0001866220587215718211327851742382600022
.1972656250 -7486.9389648438 1 2 3 4 5 6 7 8 9 10 11 12 13 14 15 16 17 18 19 20 21 22 23 24 25 26 27 28 29 31 32 33 34 38 42 43 44 45 46 47 48 41_284 .0001842765439479507895145698740928942354
.1977539063 -7486.9384765625 1 2 3 4 5 6 7 8 9 10 11 12 13 14 15 16 17 18 19 20 21 22 23 24 25 28 29 30 31 32 33 34 35 36 37 42 43 44 45 47 48 41_285 .0001819605077452458693414134317539274545
.1982421876 -7486.9379882812 1 2 3 4 5 6 7 8 9 10 11 12 13 14 15 16 17 18 19 20 21 22 23 24 25 26 27 29 30 32 33 34 35 36 37 39 40 42 44 45 47 41_286 .0001796735800963336386129259752240639015
.1987304688 -7486.9375000000 1 2 3 4 5 6 7 8 9 10 11 12 13 14 15 16 17 18 19 20 21 22 23 24 25 26 27 28 29 30 31 34 36 37 40 41 42 43 45 46 47 41_287 .0001774153956167910863635883678020525161
.1992187500 -7486.9370117188 1 2 3 4 5 6 7 8 9 10 11 12 13 14 15 16 17 18 19 20 21 22 23 24 26 27 29 30 31 32 33 34 35 36 38 41 42 43 44 46 48 41_288 .0001751855925895517206985488560554130401
.2001953126 -7486.9360351562 1 2 3 4 5 6 7 8 9 10 11 12 13 14 15 16 17 18 19 20 21 22 23 24 25 26 27 28 29 30 31 34 37 38 39 41 42 43 44 46 47 41_289 .0001708097076682369528655822055605588389
.2006835938 -7486.9355468750 1 2 3 4 5 6 7 8 9 10 11 12 13 14 15 16 17 18 19 20 21 22 23 24 26 27 30 31 32 33 34 35 36 38 39 40 42 43 45 46 47 41_290 .0001686629266523257324580435354625398213
.2016601563 -7486.9345703125 1 2 3 4 5 6 7 8 9 10 11 12 13 14 15 16 17 18 19 20 21 22 23 24 25 26 27 29 30 31 32 34 36 37 39 41 42 43 45 47 48 41_291 .0001644499689998804363705907950832717688
.2021484376 -7486.9340820312 1 2 3 4 5 6 7 8 9 10 11 12 13 14 15 16 17 18 19 20 21 22 23 24 25 27 28 29 31 32 33 34 35 36 38 39 41 42 43 46 47 41_292 .0001623831184198901644355546134805849606
.2026367188 -7486.9335937500 1 2 3 4 5 6 7 8 9 10 11 12 13 14 15 16 17 18 19 20 21 22 23 24 25 26 27 28 29 30 32 35 37 38 39 40 41 44 45 46 48 41_293 .0001603422449784030435366480804545038969
.2036132813 -7486.9326171875 1 2 3 4 5 6 7 8 9 10 11 12 13 14 15 16 17 18 19 20 21 22 23 24 25 26 28 29 30 31 32 34 37 39 41 42 44 45 46 47 48 41_294 .0001563371260029420149398783434925537601
.2041015626 -7486.9321289062 1 2 3 4 5 6 7 8 9 10 11 12 13 14 15 16 17 18 19 20 21 22 23 24 25 26 27 28 31 32 33 34 36 39 41 43 44 45 46 47 48 41_295 .0001543722397732983483211522840044764069
.2045898438 -7486.9316406250 1 2 3 4 5 6 7 8 9 10 11 12 13 14 15 16 17 18 19 20 21 22 23 24 25 26 27 28 30 32 33 34 35 38 39 40 42 44 45 46 48 41_296 .0001524320491468223901302578415708932526
.2050781250 -7486.9311523438 1 2 3 4 5 6 7 8 9 10 11 12 13 14 15 16 17 18 19 20 21 22 23 24 28 29 30 31 32 33 34 35 36 37 39 42 43 44 45 46 48 41_297 .0001505162433428546319282695240164826544
.2065429688 -7486.9296875000 1 2 3 4 5 6 7 8 9 10 11 12 13 14 15 16 17 18 19 20 21 22 23 24 25 27 28 31 32 33 34 35 36 37 38 41 42 43 45 46 47 41_298 .0001449120885779598297557425932413870164
.2070312500 -7486.9291992188 1 2 3 4 5 6 7 8 9 10 11 12 13 14 15 16 17 18 19 20 21 22 23 24 25 27 28 30 32 33 34 35 36 37 38 40 41 42 44 46 47 41_299 .0001430907956023905074917941190629044622
.2075195313 -7486.9287109375 1 2 3 4 5 6 7 8 9 10 11 12 13 14 15 16 17 18 19 20 21 22 23 24 25 26 27 28 29 30 31 33 34 35 37 40 41 43 44 45 46 41_300 .0001412923927466120105264761063757978048
.2084960938 -7486.9277343750 1 2 3 4 5 6 7 8 9 10 11 12 13 14 15 16 17 18 19 20 21 22 23 24 26 27 28 29 30 31 33 34 35 36 39 41 43 44 45 46 48 41_301 .0001377631117180598052570209222492341138
.2089843750 -7486.9272460938 1 2 3 4 5 6 7 8 9 10 11 12 13 14 15 16 17 18 19 20 21 22 23 24 25 26 27 28 29 31 32 34 35 36 38 39 40 41 44 46 48 41_302 .0001360316689507458062787729380656268764
.2094726563 -7486.9267578125 1 2 3 4 5 6 7 8 9 10 11 12 13 14 15 16 17 18 19 20 21 22 23 24 25 27 28 29 31 32 33 35 36 38 39 41 42 44 45 46 48 41_303 .0001343219870603947168723705229815888076
.2099609376 -7486.9262695312 1 2 3 4 5 6 7 8 9 10 11 12 13 14 15 16 17 18 19 20 21 22 23 24 25 26 27 28 29 30 32 33 34 35 36 39 40 41 45 47 48 41_304 .0001326337929029277460564561929930927557
.2104492188 -7486.9257812500 1 2 3 4 5 6 7 8 9 10 11 12 13 14 15 16 17 18 19 20 21 22 23 24 25 27 28 29 30 32 33 35 36 37 38 41 42 43 45 46 48 41_305 .0001309668167540934729564120089541866690
.2109375000 -7486.9252929688 1 2 3 4 5 6 7 8 9 10 11 12 13 14 15 16 17 18 19 20 21 22 23 24 25 26 27 28 29 30 32 33 35 36 37 38 39 41 42 45 46 41_306 .0001293207915968576690685006258887826379
.2114257813 -7486.9248046875 1 2 3 4 5 6 7 8 9 10 11 12 13 14 15 16 17 18 19 20 21 22 23 24 25 26 27 28 29 32 34 35 36 39 40 42 44 45 46 47 48 41_307 .0001276954537829176695436730923791527103
.2119140626 -7486.9243164062 1 2 3 4 5 6 7 8 9 10 11 12 13 14 15 16 17 18 19 20 21 22 23 24 25 26 27 28 30 32 33 35 36 37 38 40 41 42 44 46 47 41_308 .0001260905436432657962216429922372667368
.2124023438 -7486.9238281250 1 2 3 4 5 6 7 8 9 10 11 12 13 14 15 16 17 18 19 20 21 22 23 24 25 26 27 29 31 32 33 34 35 36 37 38 39 41 42 44 48 41_309 .0001245058047600107178784731168470931844
.2128906250 -7486.9233398438 1 2 3 4 5 6 7 8 9 10 11 12 13 14 15 16 17 18 19 20 21 22 23 24 25 27 28 32 33 34 35 36 37 38 40 42 43 44 45 46 47 41_310 .0001229409832889226119848553694897870115
.2138671876 -7486.9223632812 1 2 3 4 5 6 7 8 9 10 11 12 13 14 15 16 17 18 19 20 21 22 23 24 25 26 27 28 29 30 32 34 35 37 38 42 43 45 46 47 48 41_311 .0001198700937994767040791687953247355627
.2143554688 -7486.9218750000 1 2 3 4 5 6 7 8 9 10 11 12 13 14 15 16 17 18 19 20 21 22 23 24 25 26 28 29 31 32 33 34 35 36 38 39 40 41 42 44 48 41_312 .0001183635351544374281631856106719155690
.2153320313 -7486.9208984375 1 2 3 4 5 6 7 8 9 10 11 12 13 14 15 16 17 18 19 20 21 22 23 24 25 26 27 29 30 31 32 33 34 35 40 41 43 44 45 47 48 41_313 .0001154069840551713652558086170146073494
.2158203126 -7486.9204101562 1 2 3 4 5 6 7 8 9 10 11 12 13 14 15 16 17 18 19 20 21 22 23 24 25 27 28 29 30 31 32 33 35 36 37 38 39 40 41 46 47 41_314 .0001139565186438368552167759888187715397
.2163085938 -7486.9199218750 1 2 3 4 5 6 7 8 9 10 11 12 13 14 15 16 17 18 19 20 21 22 23 24 25 26 27 28 29 31 32 33 35 36 37 38 39 41 42 44 48 41_315 .0001125242833557870404119064047397961177
.2167968750 -7486.9194335938 1 2 3 4 5 6 7 8 9 10 11 12 13 14 15 16 17 18 19 20 21 22 23 24 25 26 27 28 31 32 35 36 37 38 39 41 42 44 45 46 48 41_316 .0001111100487748906823079641068107014787
.2172851563 -7486.9189453125 1 2 3 4 5 6 7 8 9 10 11 12 13 14 15 16 17 18 19 20 21 22 23 24 25 26 27 29 30 31 33 35 36 40 41 42 43 44 45 46 47 41_317 .0001097135883793688249808556353426071783
.2182617188 -7486.9179687500 1 2 3 4 5 6 7 8 9 10 11 12 13 14 15 16 17 18 19 20 21 22 23 24 25 26 27 28 32 35 36 37 38 40 41 42 43 44 45 46 47 41_318 .0001069731005263808811111616738712896053
.2187500000 -7486.9174804688 1 2 3 4 5 6 7 8 9 10 11 12 13 14 15 16 17 18 19 20 21 22 23 24 25 26 27 28 30 32 33 34 38 39 40 42 43 44 45 46 48 41_319 .0001056286346610727971776152295838810552
.2192382813 -7486.9169921875 1 2 3 4 5 6 7 8 9 10 11 12 13 14 15 16 17 18 19 20 21 22 23 24 25 26 28 29 31 32 33 34 35 38 39 42 44 45 46 47 48 41_320 .0001043010661237203968195381212382740704
.2197265626 -7486.9165039062 1 2 3 4 5 6 7 8 9 10 11 12 13 14 15 16 17 18 19 20 21 22 23 24 25 26 27 28 29 30 31 34 35 38 39 43 44 45 46 47 48 41_321 .0001029901828178587098505182230889120394
.2202148438 -7486.9160156250 1 2 3 4 5 6 7 8 9 10 11 12 13 14 15 16 17 18 19 20 21 22 23 24 25 26 27 28 32 33 34 35 36 37 38 40 42 43 45 46 47 41_322 .0001016957753025198181105839874649497751
.2211914063 -7486.9150390625 1 2 3 4 5 6 7 8 9 10 11 12 13 14 15 16 17 18 19 20 21 22 23 24 25 26 27 28 29 32 33 35 36 40 41 42 43 44 45 46 48 41_323 .0000991555609039799694937318001134341467
.2216796876 -7486.9145507812 1 2 3 4 5 6 7 8 9 10 11 12 13 14 15 16 17 18 19 20 21 22 23 24 25 26 27 28 29 30 32 33 35 37 38 41 42 43 45 46 48 41_324 .0000979093476647193361621657241610663145
.2221679688 -7486.9140625000 1 2 3 4 5 6 7 8 9 10 11 12 13 14 15 16 17 18 19 20 21 22 23 24 25 26 27 28 29 30 31 32 34 35 36 38 40 44 46 47 48 41_325 .0000966787974125338915668602829288350908
.2226562500 -7486.9135742188 1 2 3 4 5 6 7 8 9 10 11 12 13 14 15 16 17 18 19 20 21 22 23 24 25 26 27 28 29 30 32 34 35 37 38 41 42 43 45 47 48 41_326 .0000954637130372975925299682065682681566
.2236328126 -7486.9125976562 1 2 3 4 5 6 7 8 9 10 11 12 13 14 15 16 17 18 19 20 21 22 23 24 25 26 27 29 30 33 34 35 38 40 41 42 43 44 45 46 48 41_327 .0000930791663617535389061508474477001558
.2241210938 -7486.9121093750 1 2 3 4 5 6 7 8 9 10 11 12 13 14 15 16 17 18 19 20 21 22 23 24 25 26 27 28 29 30 31 32 33 34 36 38 42 43 44 46 48 41_328 .0000919093230896699315507980673464251223
.2246093750 -7486.9116210938 1 2 3 4 5 6 7 8 9 10 11 12 13 14 15 16 17 18 19 20 21 22 23 24 26 27 29 30 31 33 34 35 38 40 41 42 43 44 45 46 48 41_329 .0000907541827133548623064535915520465043
.2255859376 -7486.9106445312 1 2 3 4 5 6 7 8 9 10 11 12 13 14 15 16 17 18 19 20 21 22 23 24 25 26 28 32 34 35 36 37 38 39 40 41 42 44 45 46 47 41_330 .0000884872733527656958725427851756610821
.2260742188 -7486.9101562500 1 2 3 4 5 6 7 8 9 10 11 12 13 14 15 16 17 18 19 20 21 22 23 24 27 28 29 30 31 32 34 35 36 37 38 39 40 42 44 46 48 41_331 .0000873751421912720632865120286166444207
.2265625000 -7486.9096679688 1 2 3 4 5 6 7 8 9 10 11 12 13 14 15 16 17 18 19 20 21 22 23 24 25 26 30 31 32 33 34 35 36 37 39 40 41 43 46 47 48 41_332 .0000862769885846685489031956228252338341
.2285156250 -7486.9077148438 1 2 3 4 5 6 7 8 9 10 11 12 13 14 15 16 17 18 19 20 21 22 23 24 25 26 28 30 32 33 34 35 38 39 41 42 43 45 46 47 48 41_333 .0000820206687635527828913352037882178668
.2294921876 -7486.9067382812 1 2 3 4 5 6 7 8 9 10 11 12 13 14 15 16 17 18 19 20 21 22 23 24 25 28 30 31 32 33 34 35 38 39 40 41 42 43 46 47 48 41_334 .0000799719100592939612765128969825022509
.2299804688 -7486.9062500000 1 2 3 4 5 6 7 8 9 10 11 12 13 14 15 16 17 18 19 20 21 22 23 24 25 26 28 29 30 32 34 35 36 37 39 40 43 45 46 47 48 41_335 .0000789668022076084500500529089024188583
.2309570313 -7486.9052734375 1 2 3 4 5 6 7 8 9 10 11 12 13 14 15 16 17 18 19 20 21 22 23 24 27 29 30 31 32 33 34 36 38 39 41 42 43 44 45 46 47 41_336 .0000769943249107128630325144070119284886
.2314453126 -7486.9047851562 1 2 3 4 5 6 7 8 9 10 11 12 13 14 15 16 17 18 19 20 21 22 23 24 26 28 29 32 33 34 35 37 38 39 40 42 43 44 45 46 47 41_337 .0000760266399298918449190596824147276348
.2324218750 -7486.9038085938 1 2 3 4 5 6 7 8 9 10 11 12 13 14 15 16 17 18 19 20 21 22 23 24 25 26 27 28 29 30 31 32 34 35 37 38 39 42 44 46 47 41_338 .0000741276038556675719192570409074994975
.2333984376 -7486.9028320312 1 2 3 4 5 6 7 8 9 10 11 12 13 14 15 16 17 18 19 20 21 22 23 24 25 27 28 29 30 32 35 36 37 38 41 42 43 45 46 47 48 41_339 .0000722760025957101008463888418924136670
.2353515626 -7486.9008789062 1 2 3 4 5 6 7 8 9 10 11 12 13 14 15 16 17 18 19 20 21 22 23 24 25 26 27 30 32 33 34 35 36 37 39 40 41 43 46 47 48 41_340 .0000687103961983885168094710181274388703
.2368164063 -7486.8994140625 1 2 3 4 5 6 7 8 9 10 11 12 13 14 15 16 17 18 19 20 21 22 23 24 25 26 28 29 30 31 34 36 37 39 40 41 42 43 45 46 47 41_341 .0000661521097310307425480933106944272367
.2377929688 -7486.8984375000 1 2 3 4 5 6 7 8 9 10 11 12 13 14 15 16 17 18 19 20 21 22 23 24 25 26 27 28 29 32 33 35 36 37 40 41 42 43 45 46 48 41_342 .0000644997250460949798754948929883967553
.2397460938 -7486.8964843750 1 2 3 4 5 6 7 8 9 10 11 12 13 14 15 16 17 18 19 20 21 22 23 24 25 30 32 33 34 35 36 38 39 40 41 42 43 45 46 47 48 41_343 .0000613177472942776730099600474771151736
.2402343750 -7486.8959960938 1 2 3 4 5 6 7 8 9 10 11 12 13 14 15 16 17 18 19 20 21 22 23 24 25 27 29 31 32 33 35 36 37 38 39 41 42 44 45 46 48 41_344 .0000605470898320831203608240440787333715
.2407226563 -7486.8955078125 1 2 3 4 5 6 7 8 9 10 11 12 13 14 15 16 17 18 19 20 21 22 23 24 26 27 28 30 32 33 34 35 37 40 41 42 43 44 45 47 48 41_345 .0000597861180392805624080636648100795064
.2412109376 -7486.8950195312 1 2 3 4 5 6 7 8 9 10 11 12 13 14 15 16 17 18 19 20 21 22 23 24 25 26 28 29 30 31 32 33 34 37 38 39 40 41 42 44 48 41_346 .0000590347103406573797488609418728596868
.2421875000 -7486.8940429688 1 2 3 4 5 6 7 8 9 10 11 12 13 14 15 16 17 18 19 20 21 22 23 24 25 26 28 29 30 31 32 33 34 36 37 38 39 40 41 42 48 41_347 .0000575601082186686831702794018739147874
.2441406250 -7486.8920898438 1 2 3 4 5 6 7 8 9 10 11 12 13 14 15 16 17 18 19 20 21 22 23 24 25 26 27 29 30 31 32 33 34 37 39 41 42 44 45 46 48 41_348 .0000547204839627031291871632811003350780
.2446289063 -7486.8916015625 1 2 3 4 5 6 7 8 9 10 11 12 13 14 15 16 17 18 19 20 21 22 23 24 25 26 28 29 31 32 33 34 35 36 37 38 39 41 42 43 48 41_349 .0000540327424890896950285217367263518689
.2451171876 -7486.8911132812 1 2 3 4 5 6 7 8 9 10 11 12 13 14 15 16 17 18 19 20 21 22 23 24 25 26 27 28 32 35 36 37 38 39 40 41 42 44 45 46 47 41_350 .0000533536447316913872112352869709580006
.2485351563 -7486.8876953125 1 2 3 4 5 6 7 8 9 10 11 12 13 14 15 16 17 18 19 20 21 22 23 24 25 27 28 30 32 35 36 37 40 41 42 43 44 45 46 47 48 41_351 .0000488330294161947426043062158451708564
.2495117188 -7486.8867187500 1 2 3 4 5 6 7 8 9 10 11 12 13 14 15 16 17 18 19 20 21 22 23 24 25 26 28 29 32 33 35 36 38 39 40 42 43 44 45 46 47 41_352 .0000476132504816389013070109984423503807
.2543945313 -7486.8818359375 1 2 3 4 5 6 7 8 9 10 11 12 13 14 15 16 17 18 19 20 21 22 23 24 25 26 27 29 30 32 33 34 35 36 37 39 40 45 46 47 48 41_353 .0000419564419089970242401333466248639572
.2558593750 -7486.8803710938 1 2 3 4 5 6 7 8 9 10 11 12 13 14 15 16 17 18 19 20 21 22 23 24 25 26 27 29 30 32 34 35 36 38 39 40 41 43 46 47 48 41_354 .0000403942824179593774301217245981440697
.2563476563 -7486.8798828125 1 2 3 4 5 6 7 8 9 10 11 12 13 14 15 16 17 18 19 20 21 22 23 24 25 26 27 29 30 31 32 33 37 38 40 41 43 44 45 46 48 41_355 .0000398865964235405467142919745992618478
.2573242188 -7486.8789062500 1 2 3 4 5 6 7 8 9 10 11 12 13 14 15 16 17 18 19 20 21 22 23 24 25 26 27 28 30 31 32 34 35 36 37 39 42 44 45 47 48 41_356 .0000388902865351265763149724819348660792
.2578125000 -7486.8784179688 1 2 3 4 5 6 7 8 9 10 11 12 13 14 15 16 17 18 19 20 21 22 23 24 25 26 29 30 31 32 33 34 35 36 38 39 40 43 45 47 48 41_357 .0000384015032570759065186444835297262005
.2583007813 -7486.8779296875 1 2 3 4 5 6 7 8 9 10 11 12 13 14 15 16 17 18 19 20 21 22 23 24 25 27 29 30 32 34 35 36 38 39 40 41 43 45 46 47 48 41_358 .0000379188630366971276063168055675939741
.2587890626 -7486.8774414062 1 2 3 4 5 6 7 8 9 10 11 12 13 14 15 16 17 18 19 20 21 22 23 24 25 26 27 28 29 30 31 32 33 35 36 40 41 42 43 45 47 41_359 .0000374422887658924543426570524212400673
.2592773438 -7486.8769531250 1 2 3 4 5 6 7 8 9 10 11 12 13 14 15 16 17 18 19 20 21 22 23 24 25 26 28 29 30 33 34 35 36 39 40 41 42 43 45 46 48 41_360 .0000369717043019754127314961589080948704
.2612304688 -7486.8750000000 1 2 3 4 5 6 7 8 9 10 11 12 13 14 15 16 17 18 19 20 21 22 23 24 25 26 28 30 31 32 34 35 36 37 39 40 42 44 45 47 48 41_361 .0000351477718673552674898053826605061596
.2631835938 -7486.8730468750 1 2 3 4 5 6 7 8 9 10 11 12 13 14 15 16 17 18 19 20 21 22 23 24 25 26 27 28 31 32 33 35 36 38 40 42 43 44 45 46 47 41_362 .0000334138198539482612357851290808639088
.2636718750 -7486.8725585938 1 2 3 4 5 6 7 8 9 10 11 12 13 14 15 16 17 18 19 20 21 22 23 24 25 26 27 28 32 33 34 35 36 37 40 42 43 45 46 47 48 41_363 .0000329938662394215117060190017355795405
.2661132813 -7486.8701171875 1 2 3 4 5 6 7 8 9 10 11 12 13 14 15 16 17 18 19 20 21 22 23 24 25 26 27 29 30 32 34 36 37 38 39 40 41 43 46 47 48 41_364 .0000309719549425017782389449397130030293
.2670898438 -7486.8691406250 1 2 3 4 5 6 7 8 9 10 11 12 13 14 15 16 17 18 19 20 21 22 23 24 25 26 28 29 31 32 33 35 37 38 39 42 44 45 46 47 48 41_365 .0000301983199939325722681468246009801910
.2695312500 -7486.8666992188 1 2 3 4 5 6 7 8 9 10 11 12 13 14 15 16 17 18 19 20 21 22 23 24 25 26 27 28 29 30 32 36 37 39 40 41 42 43 45 47 48 41_366 .0000283477238413642768762304068174333781
.2719726563 -7486.8642578125 1 2 3 4 5 6 7 8 9 10 11 12 13 14 15 16 17 18 19 20 21 22 23 24 25 26 27 30 31 33 34 37 38 39 40 41 42 43 45 46 48 41_367 .0000266105347935305108711281900463609841
.2749023438 -7486.8613281250 1 2 3 4 5 6 7 8 9 10 11 12 13 14 15 16 17 18 19 20 21 22 23 24 25 27 29 30 32 34 35 36 37 38 39 40 41 43 46 47 48 41_368 .0000246658504841288183869449629110230270
.2758789063 -7486.8603515625 1 2 3 4 5 6 7 8 9 10 11 12 13 14 15 16 17 18 19 20 21 22 23 24 25 26 28 29 30 33 34 35 36 38 39 40 42 43 45 46 48 41_369 .0000240497329672936562467983677354344592
.2763671876 -7486.8598632812 1 2 3 4 5 6 7 8 9 10 11 12 13 14 15 16 17 18 19 21 22 23 24 25 26 27 28 29 30 31 32 33 34 35 36 38 40 42 44 46 47 41_370 .0000237474695808402468406411102746572395
.2773437500 -7486.8588867188 1 2 3 4 5 6 7 8 9 10 11 12 13 14 15 16 17 18 19 20 21 22 23 24 25 26 28 31 32 33 34 35 36 37 38 39 40 41 42 47 48 41_371 .0000231542919598491601259704979259710434
.2788085938 -7486.8574218750 1 2 3 4 5 6 7 8 9 10 11 12 13 14 15 16 17 18 19 20 21 22 23 24 25 26 28 29 31 32 33 35 37 38 39 42 43 44 46 47 48 41_372 .0000222921907491580409959644885708209749
.2792968750 -7486.8569335938 1 2 3 4 5 6 7 8 9 10 11 12 13 14 15 16 17 18 19 20 21 22 23 24 27 28 30 32 33 34 35 37 40 41 42 43 44 45 46 47 48 41_373 .0000220120166738278752553632019293176642
.2827148438 -7486.8535156250 1 2 3 4 5 6 7 8 9 10 11 12 13 14 15 16 17 18 19 20 21 22 23 24 25 26 28 29 30 31 34 35 37 38 39 43 44 45 46 47 48 41_374 .0000201469545401081270444515756944101898
.2832031250 -7486.8530273438 1 2 3 4 5 6 7 8 9 10 11 12 13 14 15 16 17 18 19 20 21 22 23 24 25 26 27 29 31 32 34 35 36 39 40 41 42 44 45 47 48 41_375 .0000198937423537191839415168115551680850
.2836914063 -7486.8525390625 1 2 3 4 5 6 7 8 9 10 11 12 13 14 15 16 17 18 19 20 21 22 23 24 25 26 27 28 29 30 31 35 37 38 39 43 44 45 46 47 48 41_376 .0000196437125533366041957033327909510343
.2856445313 -7486.8505859375 1 2 3 4 5 6 7 8 9 10 11 12 13 14 15 16 17 18 19 20 21 22 23 25 26 27 28 30 31 32 33 34 35 36 38 39 41 42 45 46 48 41_377 .0000186746253787301797080334559157606253
.2861328126 -7486.8500976562 1 2 3 4 5 6 7 8 9 10 11 12 13 14 15 16 17 18 19 20 21 22 23 24 25 27 29 30 31 32 33 36 37 39 41 42 43 44 45 47 48 41_378 .0000184399177620011209988846568000320596
.2875976563 -7486.8486328125 1 2 3 4 5 6 7 8 9 10 11 12 13 14 15 16 17 18 19 20 21 22 23 24 25 26 28 29 30 32 34 35 36 37 38 39 43 45 46 47 48 41_379 .0000177533463742665801682516044020005567
.2890625000 -7486.8471679688 1 2 3 4 5 6 7 8 9 10 11 12 13 14 15 16 17 18 19 20 21 22 23 24 25 26 28 29 31 32 33 34 35 36 37 38 39 41 46 47 48 41_380 .0000170923380219283847536625563889532460
.2924804688 -7486.8437500000 1 2 3 4 5 6 7 8 9 10 11 12 13 14 15 16 17 18 19 20 21 22 23 24 25 26 27 29 30 31 32 33 38 39 40 41 43 45 46 47 48 41_381 .0000156441166756607361612528918649536690
.2949218750 -7486.8413085938 1 2 3 4 5 6 7 8 9 10 11 12 13 14 15 16 17 18 19 20 21 22 23 24 25 26 27 28 29 30 31 32 34 36 38 40 43 44 46 47 48 41_382 .0000146854228762664627328077618802094973
.2954101563 -7486.8408203125 1 2 3 4 5 6 7 8 9 10 11 12 13 14 15 16 17 18 19 20 21 22 23 24 25 26 28 29 32 33 34 35 37 38 39 42 43 44 45 47 48 41_383 .0000145008526086415669575025752704737357
.2958984376 -7486.8403320312 1 2 3 4 5 6 7 8 9 10 11 12 13 14 15 16 17 18 19 20 21 22 23 24 25 28 29 32 34 35 36 37 38 39 41 42 43 44 46 47 48 41_384 .0000143186020688160102802737778432625372
.2963867188 -7486.8398437500 1 2 3 4 5 6 7 8 9 10 11 12 13 14 15 16 17 18 19 20 21 22 23 24 25 26 28 29 31 32 33 34 35 36 38 39 41 42 43 47 48 41_385 .0000141386421384622543235776465790758949
.2973632813 -7486.8388671875 1 2 3 4 5 6 7 8 9 10 11 12 13 14 15 16 17 18 19 20 21 22 23 24 25 26 27 28 31 32 35 36 37 38 40 42 43 44 45 46 47 41_386 .0000137854791655748825906455184925146062
.2993164063 -7486.8369140625 1 2 3 4 5 6 7 8 9 10 11 12 13 14 15 16 17 18 19 20 21 22 23 24 26 27 29 30 31 33 34 37 38 39 40 41 42 43 45 46 48 41_387 .0000131053973827199644929296744641615982
.3002929688 -7486.8359375000 1 2 3 4 5 6 7 8 9 10 11 12 13 14 15 16 17 18 19 20 21 22 23 24 26 27 29 30 31 33 34 37 38 40 41 42 43 44 45 46 48 41_388 .0000127780433797523817450542226711982862
.3007812500 -7486.8354492188 1 2 3 4 5 6 7 8 9 10 11 12 13 14 15 16 17 18 19 20 21 22 23 24 25 26 28 30 33 34 35 36 37 38 39 40 42 43 44 45 48 41_389 .0000126174455933465711724584669286814184
.3061523438 -7486.8300781250 1 2 3 4 5 6 7 8 9 10 11 12 13 14 15 16 17 18 19 20 21 22 23 24 25 26 28 29 33 34 35 36 38 39 40 42 43 44 45 46 48 41_390 .0000109786601647004973972518091775070766
.3129882813 -7486.8232421875 1 2 3 4 5 6 7 8 9 10 11 12 13 14 15 16 17 18 20 21 22 23 24 25 26 27 29 30 31 33 34 35 36 37 38 40 41 42 43 44 46 41_391 .0000091970487801390045690593678848827551
.3183593750 -7486.8178710938 1 2 3 4 5 6 7 8 9 10 11 12 13 14 15 16 17 18 19 20 21 22 23 24 25 28 29 32 34 35 36 37 38 39 41 42 43 45 46 47 48 41_392 .0000080025130752383545046319130889254511
.3188476563 -7486.8173828125 1 2 3 4 5 6 7 8 9 10 11 12 13 14 15 16 17 18 19 20 21 22 23 24 25 26 27 29 30 32 34 36 37 38 39 41 42 43 45 47 48 41_393 .0000079019353804444554974919267794151019
.3203125000 -7486.8159179688 1 2 3 4 5 6 7 8 9 10 11 12 13 14 15 16 17 18 19 20 21 22 23 24 26 28 29 32 33 34 35 36 38 39 40 42 43 44 45 46 48 41_394 .0000076077235075954269610190065867521406
.3247070313 -7486.8115234375 1 2 3 4 6 7 8 9 10 11 12 13 14 15 16 17 18 19 20 21 22 23 24 25 26 27 28 29 31 32 33 34 35 36 37 39 40 41 42 46 48 41_395 .0000067891977360781305038994344731362894
.3281250000 -7486.8081054688 1 2 3 4 5 6 7 8 9 10 11 12 13 14 15 16 17 18 19 20 21 22 24 25 26 27 29 30 31 32 33 34 35 36 38 39 42 43 44 45 46 41_396 .0000062139539749444197930628616242007284
.3315429688 -7486.8046875000 1 2 3 4 5 6 7 8 9 10 11 12 13 14 15 16 17 18 19 20 21 22 24 25 26 27 28 29 30 31 32 33 34 35 37 39 40 42 43 45 46 41_397 .0000056874501824443044661610761855744252
.3320312500 -7486.8041992188 1 2 3 4 5 6 7 8 9 10 11 12 14 15 16 17 18 19 20 21 22 23 24 25 27 28 29 30 32 34 36 37 38 39 40 41 43 44 45 46 47 41_398 .0000056159688231744489532612214661290091
.3334960938 -7486.8027343750 1 2 3 4 5 6 7 8 9 10 11 12 13 14 15 16 17 18 19 20 21 22 23 24 25 26 27 28 29 30 32 36 37 38 39 41 42 43 45 47 48 41_399 .0000054068700724954058442222231107746279
.3369140626 -7486.7993164062 1 2 3 4 5 6 7 8 9 10 11 12 13 14 16 17 18 19 20 21 22 23 24 25 26 27 29 31 32 33 34 35 36 39 40 41 42 43 44 46 47 41_400 .0000049487499109681928772540794915416654
.3403320313 -7486.7958984375 1 2 3 4 5 6 7 8 9 10 11 12 13 14 15 16 17 18 19 20 21 22 23 24 26 29 32 33 34 35 36 38 39 40 41 42 43 44 45 46 48 41_401 .0000045294459486505605276856818848707087
.3447265626 -7486.7915039062 1 2 3 4 5 6 7 8 9 10 11 12 13 14 15 16 17 18 19 20 21 22 23 24 25 26 27 28 29 30 32 36 37 38 40 41 42 43 45 47 48 41_402 .0000040421164293845649854023365470768548
.3510742188 -7486.7851562500 1 2 3 4 5 6 7 8 9 10 11 12 13 14 15 16 17 19 20 21 22 23 24 25 26 27 28 29 30 31 32 33 34 35 36 38 39 42 43 46 47 41_403 .0000034292637230847896103450017169696855
.3535156250 -7486.7827148438 1 2 3 4 6 7 8 9 10 11 12 13 14 15 16 17 18 19 20 21 22 23 24 25 26 27 28 29 31 32 34 35 36 37 39 40 41 42 45 46 48 41_404 .0000032191135474009167658315515974199878
.3618164063 -7486.7744140625 1 2 3 4 5 6 7 8 9 10 11 12 13 14 16 17 18 19 20 21 22 23 24 26 27 29 30 31 32 33 34 35 36 39 40 41 42 43 44 45 46 41_405 .0000025963108547456928917511408049914730
.3652343750 -7486.7709960938 1 2 3 4 5 6 7 8 9 10 11 12 13 14 16 17 18 19 20 21 22 23 24 26 27 29 30 31 32 33 34 35 36 38 39 40 42 43 44 45 46 41_406 .0000023763273339801100193220939026272107
.3671875000 -7486.7690429688 1 2 3 4 5 6 7 8 9 10 11 12 13 14 15 16 17 18 19 20 21 22 23 24 25 26 27 28 30 31 32 33 34 35 36 40 41 42 45 46 51 41_407 .0000022590955054357829508684389664968276
.3803710938 -7486.7558593750 1 2 3 4 5 6 7 8 9 10 11 12 13 14 15 16 17 18 19 20 21 22 24 25 26 27 28 29 30 31 32 33 35 37 38 39 40 42 43 45 46 41_408 .0000016055572822874969367170868892019822
.3906250000 -7486.7456054688 1 2 3 4 5 6 7 8 9 10 11 13 14 15 16 17 18 19 20 21 22 23 24 25 26 28 29 30 31 32 33 34 35 36 37 39 40 41 42 46 48 41_409 .0000012310466966313339794562371960045166
.3925781250 -7486.7436523438 1 2 3 4 5 6 7 8 9 10 11 12 13 14 16 17 18 19 20 21 22 23 24 25 26 28 29 30 31 32 33 34 35 36 37 39 40 41 42 46 48 41_410 .0000011703152253370039905778430221847600
.3964843750 -7486.7397460938 1 2 3 4 5 6 7 8 9 10 11 12 13 14 15 16 17 18 19 20 21 22 24 25 26 27 30 31 32 33 34 37 38 39 40 41 42 43 45 46 47 41_411 .0000010576927098720233319797082602529103
.4042968750 -7486.7319335938 1 2 3 4 5 6 7 8 9 10 11 12 13 14 15 16 17 18 19 20 21 22 23 24 25 26 27 29 30 31 32 33 36 38 39 40 41 43 45 47 48 41_412 .0000008639185969649348772788973945008785
.4150390626 -7486.7211914062 1 2 3 4 5 6 7 8 9 10 11 12 13 14 15 16 17 18 19 20 21 22 24 25 26 27 29 30 31 32 33 34 37 38 39 40 41 42 43 45 46 41_413 .0000006540766200066446020672250065786600
.4194335938 -7486.7167968750 1 2 3 4 5 6 7 8 9 10 11 12 13 14 15 16 17 18 19 20 21 22 24 26 27 29 30 31 32 34 35 36 37 38 39 40 41 42 45 46 48 41_414 .0000005837035894955783453475790883214619
.4218750000 -7486.7143554688 1 2 3 4 5 6 7 8 9 10 11 13 14 15 16 17 18 19 20 21 22 23 24 25 28 29 30 31 32 33 34 35 36 38 39 41 42 43 46 47 48 41_415 .0000005479334003864539303322901448372957
.4223632813 -7486.7138671875 1 2 3 4 5 6 7 8 9 10 11 12 13 14 15 16 17 18 19 20 21 22 24 25 26 28 29 30 31 32 33 34 35 37 38 39 40 42 43 45 46 41_416 .0000005410468289065553383063099469733078
.4272460938 -7486.7089843750 1 2 3 4 5 6 7 8 9 10 11 12 13 14 15 16 17 18 19 20 21 22 23 24 25 26 27 28 29 30 32 36 37 39 40 41 44 45 46 47 56 41_417 .0000004767664382800098187429401674332468
.4277343750 -7486.7084960938 1 2 3 4 5 6 7 8 9 10 11 12 13 14 15 16 17 18 19 21 22 23 24 25 27 29 30 32 33 34 35 36 39 40 41 42 43 44 46 47 48 41_418 .0000004707743131678288452404912861673806
.4291992188 -7486.7070312500 1 2 3 4 5 6 7 8 9 10 11 12 14 15 16 17 18 19 20 21 22 23 24 25 26 27 28 29 31 32 33 34 35 38 40 42 43 45 46 47 48 41_419 .0000004532460248466812665562164836863111
.4326171876 -7486.7036132812 1 2 3 4 5 6 7 8 9 10 11 13 14 15 16 17 18 19 20 21 22 23 24 25 28 29 30 31 32 33 34 35 36 37 39 40 41 42 43 46 48 41_420 .0000004148428194190913965419220171077423
.4384765626 -7486.6977539062 1 2 3 4 5 6 7 8 9 10 11 12 13 14 15 16 17 18 19 20 21 22 23 24 25 26 27 28 29 31 32 33 34 35 38 40 42 45 46 47 49 41_421 .0000003564253306093157174698488870638217
.4389648438 -7486.6972656250 1 2 3 4 5 6 7 8 9 10 11 12 13 14 15 16 17 18 19 21 22 23 24 25 27 28 29 30 32 33 35 36 38 40 41 42 43 44 46 47 48 41_422 .0000003519456839675209746359838062095751
.4399414063 -7486.6962890625 1 2 3 4 5 6 7 8 9 10 11 12 13 14 15 16 17 18 19 20 21 22 23 24 25 26 27 28 30 31 32 33 35 36 39 40 41 42 45 46 51 41_423 .0000003431545862915479987192698636845428
.4404296876 -7486.6958007812 1 2 3 4 5 6 7 8 9 10 11 12 13 14 15 16 17 18 19 20 21 22 23 24 25 26 27 28 29 30 31 32 33 35 38 40 42 45 46 47 49 41_424 .0000003388417289525264057080892819639700
.4409179688 -7486.6953125000 1 2 3 4 5 6 7 8 9 10 11 12 13 15 16 17 18 19 20 21 22 23 24 25 26 29 31 32 33 34 35 36 37 38 40 41 42 43 44 45 48 41_425 .0000003345830776086187036414980490453133
.4423828126 -7486.6938476562 1 2 3 4 5 6 7 8 9 10 11 12 13 14 16 17 18 19 20 21 22 23 24 25 26 27 29 31 32 33 34 35 36 39 40 41 42 44 45 47 48 41_426 .0000003221255826101393831222165639795099
.4570312500 -7486.6791992188 1 2 3 4 5 6 7 8 9 10 11 12 13 14 15 16 17 18 19 20 21 22 23 24 27 28 29 30 32 33 34 35 36 37 40 42 43 44 45 46 59 41_427 .0000002204132396503392255497088856773474
.4604492188 -7486.6757812500 1 2 3 4 5 6 7 8 9 10 11 13 14 15 16 17 18 19 20 21 22 23 24 25 28 29 30 31 32 33 34 35 36 39 41 42 43 45 46 47 48 41_428 .0000002017377864588504068233835461882636
.4609375000 -7486.6752929688 1 2 3 4 5 6 7 8 9 10 11 12 13 14 15 16 17 18 19 21 22 23 24 25 27 28 29 30 32 33 35 36 39 40 41 42 43 44 46 47 48 41_429 .0000001992022932712910986253993712621683
.4702148438 -7486.6660156250 1 2 3 4 5 6 7 8 9 10 11 12 13 15 16 17 18 19 20 21 22 23 24 25 26 29 31 32 33 34 35 36 39 40 41 42 43 44 45 47 48 41_430 .0000001566494560241782457819485053070863
.4716796876 -7486.6645507812 1 2 3 4 5 6 7 8 9 10 11 12 13 14 16 17 18 19 20 21 22 23 24 25 26 28 29 30 31 32 33 34 36 37 38 39 40 41 42 44 46 41_431 .0000001508169440248163328347775997529472
.4780273438 -7486.6582031250 1 2 3 4 5 6 7 8 9 10 11 12 13 14 15 16 17 18 19 20 21 22 23 24 25 26 27 29 30 32 36 37 39 40 41 43 44 45 46 47 56 41_432 .0000001279505635243557862522717723095735
.4799804688 -7486.6562500000 1 2 3 4 5 6 7 8 9 10 11 12 13 15 16 17 18 19 20 21 22 23 24 25 26 29 31 32 33 34 35 36 38 40 41 42 43 44 45 47 48 41_433 .0000001216383529501862698226417406675612
.4819335938 -7486.6542968750 1 2 3 4 5 7 8 9 10 11 12 13 14 15 16 17 18 19 20 21 22 23 24 25 27 29 31 32 33 34 36 37 39 40 41 42 43 44 46 47 48 41_434 .0000001156375439145107439018147073645364
.4863281250 -7486.6499023438 1 2 3 4 5 6 7 8 9 10 11 12 13 14 15 16 17 18 19 20 21 22 23 24 27 28 29 30 32 33 34 35 36 37 40 42 43 44 45 46 52 41_435 .0000001031959366819544736724486815577893
.4970703126 -7486.6391601562 1 2 3 4 5 6 7 8 9 10 11 12 13 14 15 16 17 18 19 20 21 22 23 24 26 27 28 30 31 32 33 34 35 39 40 41 42 43 45 46 51 41_436 .0000000781301035774463537076930992812181
.4985351563 -7486.6376953125 2 3 4 5 6 7 8 9 10 11 12 13 14 15 16 17 18 19 20 21 22 23 24 25 26 27 28 29 30 33 34 35 36 37 38 39 40 42 43 44 48 41_437 .0000000752210942028194314877922091315902
.5004882813 -7486.6357421875 2 3 4 5 6 7 8 9 10 11 12 13 14 15 16 17 18 19 20 21 22 23 24 25 26 28 29 30 32 33 34 35 36 37 38 39 40 42 43 44 48 41_438 .0000000715101970160535732140456392756342
.5029296876 -7486.6333007812 1 2 3 4 5 6 7 8 9 10 11 12 13 14 15 16 17 18 19 20 21 22 23 24 27 28 29 30 32 33 34 35 36 37 42 43 44 45 46 48 59 41_439 .0000000671279498994983230611728216399578
.5151367188 -7486.6210937500 1 2 3 4 5 6 7 8 9 10 11 12 13 14 15 16 17 18 19 20 21 22 23 24 26 27 29 30 31 32 34 35 37 38 39 40 41 44 45 46 51 41_440 .0000000489305879520623046745433404337246
.5161132813 -7486.6201171875 1 2 3 4 5 6 7 8 9 10 11 12 13 14 15 16 17 18 19 20 21 22 23 24 27 28 29 30 32 33 34 35 36 37 42 43 44 45 46 47 52 41_441 .0000000477083721454065748093286768923978
.5190429688 -7486.6171875000 1 2 3 4 5 7 8 9 10 11 12 13 14 15 16 17 18 19 20 21 22 23 24 25 27 28 29 31 32 33 34 36 37 39 40 41 43 44 46 47 48 41_442 .0000000442218686437623754795871703254022
.5195312500 -7486.6166992188 2 3 4 5 6 7 8 9 10 11 12 13 14 15 16 17 18 19 20 21 22 23 24 25 26 28 29 30 32 33 34 35 36 37 38 40 42 43 44 47 48 41_443 .0000000436660766493346349868580773943609
.5249023438 -7486.6113281250 1 2 3 4 5 6 7 8 9 10 11 12 13 14 15 16 17 18 19 20 21 22 23 24 27 30 31 32 33 34 36 37 39 40 41 42 43 44 45 46 55 41_444 .0000000379946172711537753029867072446552
.5253906250 -7486.6108398438 1 2 3 4 5 6 7 8 9 10 11 12 13 14 15 16 17 18 19 20 21 22 23 24 25 28 29 30 32 34 35 36 37 38 39 40 41 43 44 47 54 41_445 .0000000375170909983323787933802854959994
.5302734376 -7486.6059570312 2 3 4 5 6 7 8 9 10 11 12 13 14 15 16 17 18 19 20 21 22 23 24 25 26 28 30 31 33 34 35 36 37 38 39 40 42 43 44 45 48 41_446 .0000000330597812387491784605942400435839
.5366210938 -7486.5996093750 1 2 3 4 5 6 7 8 9 10 11 12 13 14 15 16 17 18 19 20 21 22 23 24 25 26 27 29 31 32 35 36 37 39 40 41 44 45 46 48 58 41_447 .0000000280473634235278608929822920738777
.5478515626 -7486.5883789062 1 2 3 4 5 6 7 8 9 10 11 12 13 14 15 16 17 18 19 20 21 22 23 24 27 28 29 30 31 32 34 35 39 40 41 42 44 45 46 48 51 41_448 .0000000209678995380109562189047315644652
.5502929688 -7486.5859375000 1 2 3 4 5 6 7 8 9 10 11 12 13 14 15 16 17 18 19 20 21 22 23 24 27 28 29 30 31 32 34 35 38 39 40 42 44 45 46 48 51 41_449 .0000000196829567259512816525745565771898
.5522460938 -7486.5839843750 1 2 3 4 5 6 7 8 9 10 11 12 13 14 15 16 17 18 19 20 21 22 23 24 25 26 27 28 29 32 33 34 35 37 40 42 43 45 47 48 60 41_450 .0000000187119335107794262278795369464450
.5620117188 -7486.5742187500 1 2 3 4 5 6 7 8 9 10 11 12 14 15 16 17 18 19 21 22 23 24 25 26 27 28 29 30 32 33 34 35 36 38 40 42 43 44 46 47 48 41_451 .0000000145298223851687064195420437724128
.5820312500 -7486.5541992188 1 2 3 4 5 6 8 9 10 11 12 13 14 15 17 18 19 20 21 22 23 24 25 26 27 28 29 30 31 32 33 34 35 36 37 38 39 41 42 43 48 41_452 .0000000086506883750285321331553528125665
.5976562500 -7486.5385742188 1 2 3 4 5 6 7 8 9 10 11 12 13 14 15 16 17 18 19 20 21 22 23 24 26 27 28 31 33 34 35 37 39 40 42 43 44 45 46 48 55 41_453 .0000000057713483884983972856316135692936
.6069335938 -7486.5292968750 1 2 3 4 5 6 7 8 9 10 11 12 13 14 15 16 17 18 19 20 21 22 23 24 27 28 30 31 33 34 37 39 40 41 42 43 44 45 46 48 55 41_454 .0000000045384948673911018324280399303033
.6147460938 -7486.5214843750 1 2 3 4 5 6 7 8 9 10 11 12 13 14 15 16 17 18 19 20 21 22 23 24 26 27 28 30 31 32 34 35 37 40 41 42 43 45 47 48 60 41_455 .0000000037070219748829423117464037838585
.6157226563 -7486.5205078125 1 2 3 4 5 6 7 8 9 10 11 12 13 14 15 16 17 18 19 20 21 22 23 24 28 29 30 32 33 34 37 38 39 40 41 42 43 44 45 47 54 41_456 .0000000036144258904508297240747147465689
.6254882813 -7486.5107421875 1 2 3 4 5 6 7 8 9 10 11 12 13 14 15 16 17 18 19 20 21 22 23 24 25 26 27 28 30 31 32 34 35 36 40 42 43 45 47 48 60 41_457 .0000000028066028656179347674829195524765
.6333007813 -7486.5029296875 1 2 3 4 5 6 7 8 9 10 11 12 13 14 15 16 17 18 19 20 21 22 23 24 26 27 31 33 34 35 36 37 39 42 43 44 45 46 47 48 60 41_458 .0000000022924204613226351922106798660850
.6518554688 -7486.4843750000 1 2 3 4 5 6 7 8 9 10 11 12 13 14 15 16 17 18 19 20 21 22 23 24 27 29 30 31 32 34 35 37 38 39 40 41 44 45 46 47 51 41_459 .0000000014176316210417469223616618091162
.6635742188 -7486.4726562500 1 2 3 4 5 6 7 8 9 10 11 12 13 14 15 16 17 18 20 21 22 23 24 25 26 27 29 30 31 32 34 36 37 39 40 41 43 44 46 47 56 41_460 .0000000010464858480422164429734263633042
.6748046876 -7486.4614257812 1 2 3 4 5 6 7 8 9 10 11 12 13 14 15 16 17 18 20 21 22 23 24 25 26 27 28 29 30 31 32 33 34 35 37 39 40 41 43 47 56 41_461 .0000000007823412774440173275114144785966
.6787109376 -7486.4575195312 1 2 3 4 5 6 7 8 9 10 11 12 13 14 17 18 19 20 21 22 23 24 25 26 27 28 29 30 32 33 34 35 36 37 38 39 41 42 43 44 48 41_462 .0000000007070545164839865574416421152488
.6801757813 -7486.4560546875 1 2 3 4 5 6 7 8 9 10 11 12 13 14 15 16 18 19 20 21 22 23 24 26 27 28 29 30 32 33 34 35 36 37 42 43 44 45 46 47 52 41_463 .0000000006807288350546077448565916093412
.6835937500 -7486.4526367188 1 2 3 4 5 6 7 8 9 10 11 12 13 14 15 16 17 18 19 20 21 22 24 26 27 28 29 30 32 33 34 35 37 39 42 43 44 45 46 47 52 41_464 .0000000006230511784873111532196859398245
.6967773438 -7486.4394531250 1 2 3 4 5 6 7 8 9 10 11 12 13 14 15 16 17 18 20 21 22 23 24 25 26 27 28 29 30 31 32 33 34 35 37 39 40 43 47 48 56 41_465 .0000000004428074662851146381969598725589
.7050781250 -7486.4311523438 1 2 3 4 5 6 7 8 9 10 11 12 13 14 15 17 18 19 20 21 22 23 24 25 26 27 28 30 31 32 33 34 35 37 38 39 40 41 42 48 59 41_466 .0000000003571373974008095591618538364365
.7172851563 -7486.4189453125 1 2 3 4 5 6 7 8 9 10 11 12 13 14 15 16 17 18 19 20 21 22 23 25 26 27 28 29 30 32 33 34 36 37 40 41 42 44 47 48 58 41_467 .0000000002603229029843548019186984585949
.7197265626 -7486.4165039062 1 2 3 4 5 6 7 8 9 10 11 12 13 14 15 17 18 19 20 21 22 23 24 25 26 27 28 29 30 32 33 34 36 37 39 41 42 43 44 48 54 41_468 .0000000002443699432865877974589218442919
.7275390626 -7486.4086914062 1 2 3 4 5 6 7 8 9 11 12 13 14 15 16 17 18 19 20 21 22 23 24 25 27 28 29 30 31 32 33 34 35 37 38 40 41 44 46 47 51 41_469 .0000000001996002587274084671485168242922
.7382812500 -7486.3979492188 1 2 3 4 5 6 7 8 9 10 11 12 13 14 15 16 18 19 20 21 22 23 24 26 27 28 29 30 32 33 34 35 36 37 39 42 44 45 46 47 52 41_470 .0000000001511182462281447806673431460154
.7392578126 -7486.3969726562 1 2 3 4 5 6 7 8 9 10 11 12 14 15 16 17 18 19 20 21 22 23 24 25 26 29 30 31 32 33 34 37 38 39 42 43 44 45 46 48 49 41_471 .0000000001473435291111122334763776400688
.7480468750 -7486.3881835938 1 2 3 4 5 6 7 8 9 11 12 13 14 15 16 17 18 19 20 21 22 23 24 25 26 27 29 31 32 35 36 37 39 40 41 42 44 45 46 48 58 41_472 .0000000001173433667658256857329399742728
.7636718750 -7486.3725585938 2 3 4 5 6 7 8 9 10 11 12 13 14 15 16 17 18 19 20 21 22 23 24 25 26 28 29 30 32 33 34 35 36 37 40 42 43 44 47 48 58 41_473 .0000000000782861919566823823166126432351
.7680664063 -7486.3681640625 1 2 3 4 5 6 7 8 9 11 12 13 14 15 16 17 18 19 20 21 22 23 24 25 26 27 29 31 32 33 35 36 39 40 41 42 44 45 46 48 58 41_474 .0000000000698632694350477668476094763789
.7690429688 -7486.3671875000 1 2 3 4 5 6 7 8 9 10 11 12 13 14 15 16 17 18 19 20 21 22 23 25 26 29 30 31 32 33 34 35 37 38 39 40 41 42 46 48 54 41_475 .0000000000681181853111492595518257266737
.7841796876 -7486.3520507812 1 2 3 4 5 6 7 8 9 10 11 12 13 14 15 16 17 18 19 20 21 22 23 25 26 28 29 30 32 33 34 36 37 40 41 42 44 45 47 48 58 41_476 .0000000000460238145303597773856842392732
.7880859376 -7486.3481445312 1 2 3 4 5 6 7 8 9 11 12 13 14 15 16 17 18 19 20 21 22 23 24 25 27 28 29 30 31 32 33 34 35 37 38 40 41 44 46 47 52 41_477 .0000000000415948216816935068846748076601
.7968750000 -7486.3393554688 1 2 3 4 5 6 7 8 9 10 11 12 13 14 15 16 17 18 19 20 21 22 23 24 26 27 28 29 30 34 35 36 37 42 43 44 45 46 47 51 52 41_478 .0000000000331258280943806821010309112134
.8017578126 -7486.3344726562 1 2 3 4 5 6 7 8 9 10 11 12 13 14 15 17 18 19 20 21 22 23 24 25 26 27 29 31 32 33 34 37 38 39 40 42 44 45 46 47 50 41_479 .0000000000291902330647468156829085031739
.8115234376 -7486.3247070312 1 2 3 4 5 6 7 8 9 11 12 13 14 15 16 17 18 19 20 21 22 23 24 25 28 29 30 31 32 33 34 35 37 38 39 40 41 44 46 47 52 41_480 .0000000000226662253565683691894973310796
.8457031250 -7486.2905273438 1 2 3 4 5 6 7 8 9 10 11 12 13 14 15 16 17 18 19 20 21 22 23 24 25 26 28 29 32 34 35 36 37 42 43 44 45 46 47 51 52 41_481 .0000000000093513635851978718791684060859
.8476562500 -7486.2885742188 1 2 3 4 5 6 7 8 9 10 11 12 13 14 15 16 17 18 19 20 21 22 23 24 25 26 28 29 32 34 35 36 37 41 42 43 44 46 47 51 52 41_482 .0000000000088900309073300354750576736883
.8608398438 -7486.2753906250 1 2 3 4 5 6 7 8 9 10 11 12 13 14 15 16 17 18 19 20 21 22 23 24 25 28 29 30 31 32 34 36 37 41 42 44 45 46 47 51 52 41_483 .0000000000063182162191373539912710681824
.8632812500 -7486.2729492188 1 2 3 4 5 6 7 8 9 10 11 12 13 14 15 16 17 18 19 20 21 22 23 24 25 28 29 31 32 34 35 36 37 41 42 43 44 46 47 51 52 41_484 .0000000000059310269109712231480976851013
.8701171876 -7486.2661132812 1 2 3 4 5 6 7 8 9 10 11 12 13 14 15 16 17 18 19 20 21 22 23 24 25 28 29 31 32 34 36 37 41 42 43 44 45 46 47 51 52 41_485 .0000000000049685428692484238778116826518
.8823242188 -7486.2539062500 1 2 3 4 5 6 7 8 9 10 11 12 13 14 15 16 17 18 19 20 21 22 23 24 25 26 28 29 30 33 34 36 37 41 42 43 44 47 48 49 54 41_486 .0000000000036216467838111186054421759571
.9033203126 -7486.2329101562 1 2 3 4 5 6 7 8 9 10 11 12 13 14 15 17 18 19 20 21 22 23 24 25 26 28 29 30 33 34 36 37 38 39 41 42 43 44 47 48 54 41_487 .0000000000021023770968110725196767035276
.9824218750 -7486.1538085938 1 2 3 4 5 6 7 8 9 11 12 13 14 16 17 18 19 20 21 22 23 24 25 27 28 29 30 31 32 33 34 35 36 37 38 39 40 44 46 47 52 41_488 .0000000000002709305012076005542513810294
1.0219726563 -7486.1142578125 1 2 3 4 5 6 7 8 9 10 11 12 13 15 16 17 18 19 20 21 22 23 24 25 26 28 29 30 32 33 34 35 36 39 40 43 44 47 48 56 60 41_489 .0000000000000972593899440105813407127319
1.0410156250 -7486.0952148438 1 2 3 5 6 7 8 9 10 11 12 13 14 15 16 17 18 19 20 21 22 23 24 25 26 27 28 30 31 32 33 34 35 38 39 40 41 42 45 50 59 41_490 .0000000000000593892361282305348376477928
1.0820312500 -7486.0541992188 1 2 3 4 5 6 7 8 9 11 12 13 14 15 16 17 18 19 20 21 22 23 24 25 27 28 29 30 31 32 33 34 35 36 38 39 43 44 45 52 55 41_491 .0000000000000205259197503735307810214543
1.0996093750 -7486.0366210938 1 2 3 4 5 6 7 8 9 10 11 12 13 14 15 16 17 18 19 20 21 23 24 25 26 28 30 31 32 33 34 36 37 38 39 40 43 46 47 53 60 41_492 .0000000000000130183990070283602320468412
1.1171875000 -7486.0190429688 1 2 3 4 5 6 7 8 9 10 11 12 13 14 15 16 17 18 19 20 21 23 24 25 26 28 30 31 32 33 36 37 38 40 41 43 45 46 47 51 60 41_493 .0000000000000082568145431394284437551893
1.1220703126 -7486.0141601562 1 2 3 5 6 7 8 9 10 11 12 14 15 16 17 18 19 20 21 22 23 24 25 27 28 29 31 32 33 34 35 36 37 38 39 42 44 45 46 52 55 41_494 .0000000000000072758434958948602012225059
1.1694335938 -7485.9667968750 1 2 3 4 5 6 7 8 9 10 11 12 13 14 15 16 17 18 19 20 21 22 23 24 25 26 27 29 31 32 33 34 38 39 40 42 44 46 50 57 58 41_495 .0000000000000021333902329640920196884085
1.1855468750 -7485.9506835938 1 2 3 4 5 6 7 9 10 12 14 15 16 17 18 19 20 21 22 23 24 25 26 28 29 30 31 32 33 34 35 37 38 39 42 43 44 45 46 47 57 41_496 .0000000000000014054131369909265409099149
1.1958007813 -7485.9404296875 1 2 3 4 5 6 7 8 9 10 11 12 13 14 15 16 17 18 19 20 21 22 23 24 25 28 29 31 32 34 36 37 41 42 44 45 46 47 51 52 58 41_497 .0000000000000010775879592090549711850596
1.2055664063 -7485.9306640625 1 2 3 4 5 6 7 8 9 10 11 12 13 14 15 16 17 18 19 20 21 22 23 24 25 26 27 29 32 33 34 38 39 40 42 43 44 46 50 57 58 41_498 .0000000000000008367473966645046588929307
1.2392578126 -7485.8969726562 1 2 3 4 5 6 7 8 9 10 11 12 13 14 15 16 17 18 19 20 21 22 23 24 25 26 28 29 30 31 32 33 34 37 41 42 43 48 57 58 60 41_499 .0000000000000003496093401077507639202657
1.2666015626 -7485.8696289062 1 2 3 4 5 6 7 8 9 10 11 12 13 14 15 16 17 18 20 21 22 23 24 25 27 28 29 30 31 32 34 35 36 37 41 42 43 48 49 57 60 41_500 .0000000000000001721787768029554781970211
1.2690429688 -7485.8671875000 1 2 3 4 5 6 9 10 12 13 14 15 16 17 18 19 20 21 22 23 24 25 26 28 29 30 31 32 33 34 36 37 38 39 41 42 44 45 46 47 57 41_501 .0000000000000001616274156024157032301154
1.3237304688 -7485.8125000000 1 2 3 4 5 6 8 9 10 11 12 13 14 15 16 17 18 19 20 21 22 23 24 25 27 28 29 30 31 32 33 34 35 36 37 42 43 48 49 57 60 41_502 .0000000000000000392019988591065218159112
1.3496093750 -7485.7866210938 1 2 3 4 5 6 8 9 10 11 12 14 15 16 17 18 19 20 21 22 23 24 25 26 28 29 31 34 36 37 38 39 40 41 42 44 46 47 48 50 59 41_503 .0000000000000000200531941144084522859922
1.3837890626 -7485.7524414062 1 2 3 4 5 6 8 9 10 11 12 13 14 15 16 17 18 19 20 21 22 23 24 25 27 28 29 30 32 33 34 36 37 38 40 43 47 48 49 57 60 41_504 .0000000000000000082733099705352463313548
1.4091796876 -7485.7270507812 2 3 4 5 6 7 8 9 10 11 12 13 14 17 18 19 20 21 22 23 24 26 27 28 29 30 31 32 33 34 35 36 39 40 41 43 44 46 47 52 57 41_505 .0000000000000000042859545331980520860284
1.4228515626 -7485.7133789062 1 2 3 4 5 6 8 9 10 11 12 13 14 15 16 17 18 19 20 21 22 23 25 26 30 31 33 34 35 36 37 39 40 41 42 43 45 46 47 49 50 41_506 .0000000000000000030077785327787848343233
1.4321289063 -7485.7041015625 2 3 4 5 6 7 8 9 10 11 12 13 14 15 17 18 19 20 21 22 23 24 27 30 31 32 33 34 35 36 39 40 41 43 44 45 46 47 48 55 60 41_507 .0000000000000000023652683133510980899375
1.4726562500 -7485.6635742188 2 3 4 5 6 7 8 9 10 11 12 13 14 17 18 19 20 21 22 23 24 26 27 28 30 31 32 33 34 35 36 39 40 41 43 44 45 46 47 55 57 41_508 .0000000000000000008278815794898455707622
1.5058593750 -7485.6303710938 1 2 3 4 5 6 7 8 9 10 11 12 13 14 15 16 17 18 20 21 23 24 25 26 28 30 31 32 33 34 37 38 39 40 43 45 46 47 49 53 60 41_509 .0000000000000000003503077899083337609462
1.5278320313 -7485.6083984375 1 2 4 5 6 7 8 9 10 11 12 13 14 15 16 17 18 19 20 21 22 23 24 25 26 28 29 30 32 33 34 36 38 39 42 46 47 48 50 57 58 41_510 .0000000000000000001982752398981584005744
1.5800781250 -7485.5561523438 1 2 3 4 5 6 7 8 9 10 11 12 13 16 17 18 19 20 21 22 23 24 25 26 28 29 31 32 33 34 35 36 39 41 43 44 47 48 49 56 60 41_511 .0000000000000000000512302243344561512263
1.6035156250 -7485.5327148438 1 2 3 4 5 6 8 9 10 11 12 13 14 15 16 17 18 19 20 21 22 23 25 29 30 31 33 34 36 37 39 40 41 42 43 44 45 46 47 50 59 41_512 .0000000000000000000279168358676579032935
1.7260742188 -7485.4101562500 1 2 3 5 6 9 10 12 13 14 15 16 17 18 19 20 21 22 23 24 25 26 27 28 29 30 31 32 33 34 35 36 40 43 44 45 46 47 48 50 55 41_513 .0000000000000000000011671959513065148112
1.8515625000 -7485.2846679688 1 2 3 4 5 6 7 8 9 10 11 12 14 15 16 17 18 19 20 21 22 23 24 25 26 28 29 30 33 34 39 41 42 43 44 45 48 52 54 56 59 41_514 .0000000000000000000000452338803297725144
1.8784179688 -7485.2578125000 2 3 4 5 6 7 8 9 10 11 12 13 14 17 18 19 20 21 22 23 24 26 27 28 29 31 32 33 34 35 36 39 40 41 43 44 45 46 52 57 58 41_515 .0000000000000000000000225607406822367812
2.0825195313 -7485.0537109375 1 2 4 6 8 9 10 11 12 13 14 15 16 17 18 19 20 21 22 23 24 25 26 29 30 32 33 34 36 37 38 39 42 44 45 46 47 48 50 55 59 41_516 .0000000000000000000000001141073516972341
2.1132812500 -7485.0229492188 2 3 4 5 6 7 8 9 10 11 12 13 14 15 17 18 19 20 21 22 23 24 26 28 29 31 32 33 34 35 36 38 40 41 43 44 45 52 56 57 58 41_517 .0000000000000000000000000514351240992818
2.1586914063 -7484.9775390625 1 2 4 5 6 8 9 10 11 12 13 14 15 16 17 18 20 21 22 23 25 26 27 28 30 31 33 34 35 36 39 40 41 42 44 45 46 47 50 51 55 41_518 .0000000000000000000000000158642087757884
2.2226562500 -7484.9135742188 1 2 4 5 6 7 8 9 10 11 12 13 14 15 16 17 18 21 22 23 24 26 28 30 31 32 33 34 36 37 39 40 41 44 45 46 48 53 54 57 58 41_519 .0000000000000000000000000030258413816862
2.3388671876 -7484.7973632812 1 2 3 4 5 7 9 10 11 12 13 15 16 17 18 19 20 21 22 24 25 26 27 28 29 30 31 33 34 35 38 39 40 42 44 47 48 49 50 53 58 41_520 .0000000000000000000000000001491185495802
2.6088867188 -7484.5273437500 1 2 3 5 6 7 8 9 11 12 13 16 17 18 20 21 22 23 24 25 26 27 28 29 30 31 32 33 36 37 39 40 41 42 43 46 47 49 51 54 58 41_521 .0000000000000000000000000000001367565110
