0 -7415.5502929688 1 2 3 4 5 6 7 8 9 10 11 12 13 14 15 16 17 18 19 20 21 22 23 24 25 26 27 28 29 30 31 32 33 34 35 36 37 38 39 40 41 42 43 44 45 46 47 48 49 50 51 60 52_1 .0352531045924576383788271203413048564212
.0004882813 -7415.5498046875 1 2 3 4 5 6 7 8 9 10 11 12 13 14 15 16 17 18 19 20 21 22 23 24 25 26 27 28 29 30 31 32 33 34 35 36 37 38 39 40 41 42 43 44 45 46 47 48 49 50 59 60 52_2 .0348100342768078265864510454370415146496
.0053710938 -7415.5449218750 1 2 3 4 5 6 7 8 9 10 11 12 13 14 15 16 17 18 19 20 21 22 23 24 25 26 27 28 29 30 31 32 33 34 35 36 37 38 39 40 41 42 43 44 45 46 47 48 49 50 53 60 52_3 .0306743430917050592182825928516660738495
.0073242188 -7415.5429687500 1 2 3 4 5 6 7 8 9 10 11 12 13 14 15 16 17 18 19 20 21 22 23 24 25 26 27 28 29 30 31 32 33 34 35 36 37 38 39 40 41 42 43 44 45 46 47 48 49 51 53 60 52_4 .0291610796289590931939353952869321338396
.0087890626 -7415.5415039062 1 2 3 4 5 6 7 8 9 10 11 12 13 14 15 16 17 18 19 20 21 22 23 24 25 26 27 28 29 30 31 32 33 34 35 36 37 38 39 40 41 42 43 44 45 46 47 48 49 51 55 60 52_5 .0280753283524018315461048171010377504507
.0092773438 -7415.5410156250 1 2 3 4 5 6 7 8 9 10 11 12 13 14 15 16 17 18 19 20 21 22 23 24 25 26 27 28 29 30 31 32 33 34 35 36 37 38 39 40 41 42 43 44 45 46 47 48 49 52 53 60 52_6 .0277224702933067620864182505537016537256
.0097656250 -7415.5405273438 1 2 3 4 5 6 7 8 9 10 11 12 13 14 15 16 17 18 19 20 21 22 23 24 25 26 27 28 29 30 31 32 33 34 35 36 37 38 39 40 41 42 43 44 45 46 47 48 49 53 59 60 52_7 .0273740470464534410962236219749668754999
.0102539063 -7415.5400390625 1 2 3 4 5 6 7 8 9 10 11 12 13 14 15 16 17 18 19 20 21 22 23 24 25 26 27 28 29 30 31 32 33 34 35 36 37 38 39 40 41 42 43 44 45 46 47 48 49 55 58 60 52_8 .0270300028039477801778986910279965429646
.0112304688 -7415.5390625000 1 2 3 4 5 6 7 8 9 10 11 12 13 14 15 16 17 18 19 20 21 22 23 24 25 26 27 28 29 30 31 32 33 34 35 36 37 38 39 40 41 42 43 44 45 46 47 48 49 53 55 60 52_9 .0263548321578623540033315508468529599052
.0126953126 -7415.5375976562 1 2 3 4 5 6 7 8 9 10 11 12 13 14 15 16 17 18 19 20 21 22 23 24 25 26 27 28 29 30 31 32 33 34 35 36 37 38 39 40 41 42 43 44 45 46 47 48 49 57 59 60 52_10 .0253735655853300108809592249250497169056
.0131835938 -7415.5371093750 1 2 3 4 5 6 7 8 9 10 11 12 13 14 15 16 17 18 19 20 21 22 23 24 25 26 27 28 29 30 31 32 33 34 35 36 37 38 39 40 41 42 43 44 45 46 47 48 49 52 57 60 52_11 .0250546639863040087589295741180784624902
.0146484376 -7415.5356445312 1 2 3 4 5 6 7 8 9 10 11 12 13 14 15 16 17 18 19 20 21 22 23 24 25 26 27 28 29 30 31 32 33 34 35 36 37 38 39 40 41 42 43 44 45 46 47 48 49 50 57 60 52_12 .0241218064325724206274122307049478164716
.0175781250 -7415.5327148438 1 2 3 4 5 6 7 8 9 10 11 12 13 14 15 16 17 18 19 20 21 22 23 24 25 26 27 28 29 30 31 32 33 34 35 36 37 38 39 40 41 42 43 44 45 46 47 48 49 50 56 60 52_13 .0223589971802732821123641858070593475751
.0180664063 -7415.5322265625 1 2 3 4 5 6 7 8 9 10 11 12 13 14 15 16 17 18 19 20 21 22 23 24 25 26 27 28 29 30 31 32 33 34 35 36 37 38 39 40 41 42 43 44 45 46 47 48 49 56 59 60 52_14 .0220779834070807661141277563182894438715
.0185546876 -7415.5317382812 1 2 3 4 5 6 7 8 9 10 11 12 13 14 15 16 17 18 19 20 21 22 23 24 25 26 27 28 29 30 31 32 33 34 35 36 37 38 39 40 41 42 43 44 45 46 47 48 49 52 56 60 52_15 .0218005014891001451616349996710127123664
.0205078126 -7415.5297851562 1 2 3 4 5 6 7 8 9 10 11 12 13 14 15 16 17 18 19 20 21 22 23 24 25 26 27 28 29 30 31 32 33 34 35 36 37 38 39 40 41 42 43 44 45 46 47 48 49 50 52 53 52_16 .0207250130173709694016816987134482779208
.0209960938 -7415.5292968750 1 2 3 4 5 6 7 8 9 10 11 12 13 14 15 16 17 18 19 20 21 22 23 24 25 26 27 28 29 30 31 32 33 34 35 36 37 38 39 40 41 42 43 44 45 46 47 48 49 50 53 59 52_17 .0204645356410697249478073999422938174095
.0214843750 -7415.5288085938 1 2 3 4 5 6 7 8 9 10 11 12 13 14 15 16 17 18 19 20 21 22 23 24 25 26 27 28 29 30 31 32 33 34 35 36 37 38 39 40 41 42 43 44 45 46 47 48 49 50 51 52 52_18 .0202073320124620482583941616928348937964
.0219726563 -7415.5283203125 1 2 3 4 5 6 7 8 9 10 11 12 13 14 15 16 17 18 19 20 21 22 23 24 25 26 27 28 29 30 31 32 33 34 35 36 37 38 39 40 41 42 43 44 45 46 47 48 49 50 54 60 52_19 .0199533609345468949929281901626213850870
.0244140626 -7415.5258789062 1 2 3 4 5 6 7 8 9 10 11 12 13 14 15 16 17 18 19 20 21 22 23 24 25 26 27 28 29 30 31 32 33 34 35 36 37 38 39 40 41 42 43 44 45 46 47 48 49 54 55 59 52_20 .0187305904476836792962364972590724712106
.0249023438 -7415.5253906250 1 2 3 4 5 6 7 8 9 10 11 12 13 14 15 16 17 18 19 20 21 22 23 24 25 26 27 28 29 30 31 32 33 34 35 36 37 38 39 40 41 42 43 44 45 46 47 48 49 51 52 54 52_21 .0184951794951165334952953733461488297206
.0263671876 -7415.5239257812 1 2 3 4 5 6 7 8 9 10 11 12 13 14 15 16 17 18 19 20 21 22 23 24 25 26 27 28 29 30 31 32 33 34 35 36 37 38 39 40 41 42 43 44 45 46 47 48 49 50 52 58 52_22 .0178065505073531176586300361686720731600
.0268554688 -7415.5234375000 1 2 3 4 5 6 7 8 9 10 11 12 13 14 15 16 17 18 19 20 21 22 23 24 25 26 27 28 29 30 31 32 33 34 35 36 37 38 39 40 41 42 43 44 45 46 47 48 49 52 53 55 52_23 .0175827531300852068503996901034187026078
.0278320313 -7415.5224609375 1 2 3 4 5 6 7 8 9 10 11 12 13 14 15 16 17 18 19 20 21 22 23 24 25 26 27 28 29 30 31 32 33 34 35 36 37 38 39 40 41 42 43 44 45 46 47 48 49 51 54 59 52_24 .0171435612115010790924843317620788776593
.0288085938 -7415.5214843750 1 2 3 4 5 6 7 8 9 10 11 12 13 14 15 16 17 18 19 20 21 22 23 24 25 26 27 28 29 30 31 32 33 34 35 36 37 38 39 40 41 42 43 44 45 46 47 48 49 53 58 60 52_25 .0167153396762194138399527418886174578999
.0302734376 -7415.5200195312 1 2 3 4 5 6 7 8 9 10 11 12 13 14 15 16 17 18 19 20 21 22 23 24 25 26 27 28 29 30 31 32 33 34 35 36 37 38 39 40 41 42 43 44 45 46 47 48 49 51 55 59 52_26 .0160929792690443488902613615206427007342
.0307617188 -7415.5195312500 1 2 3 4 5 6 7 8 9 10 11 12 13 14 15 16 17 18 19 20 21 22 23 24 25 26 27 28 29 30 31 32 33 34 35 36 37 38 39 40 41 42 43 44 45 46 47 48 49 51 53 59 52_27 .0158907185026285437376610795587656368592
.0327148438 -7415.5175781250 1 2 3 4 5 6 7 8 9 10 11 12 13 14 15 16 17 18 19 20 21 22 23 24 25 26 27 28 29 30 31 32 33 34 35 36 37 38 39 40 41 42 43 44 45 46 47 48 49 50 57 59 52_28 .0151067785292469524638280920091351740405
.0346679688 -7415.5156250000 1 2 3 4 5 6 7 8 9 10 11 12 13 14 15 16 17 18 19 20 21 22 23 24 25 26 27 28 29 30 31 32 33 34 35 36 37 38 39 40 41 42 43 44 45 46 47 48 49 50 57 58 52_29 .0143615128223413467178995135675828300294
.0356445313 -7415.5146484375 1 2 3 4 5 6 7 8 9 10 11 12 13 14 15 16 17 18 19 20 21 22 23 24 25 26 27 28 29 30 31 32 33 34 35 36 37 38 39 40 41 42 43 44 45 46 47 48 49 50 56 59 52_30 .0140027828598861392636685159053399300789
.0375976563 -7415.5126953125 1 2 3 4 5 6 7 8 9 10 11 12 13 14 15 16 17 18 19 20 21 22 23 24 25 26 27 28 29 30 31 32 33 34 35 36 37 38 39 40 41 42 43 44 45 46 47 48 49 50 56 58 52_31 .0133119807907014426061053942430720205975
.0380859376 -7415.5122070312 1 2 3 4 5 6 7 8 9 10 11 12 13 14 15 16 17 18 19 20 21 22 23 24 25 26 27 28 29 30 31 32 33 34 35 36 37 38 39 40 41 42 43 44 45 46 47 48 49 50 53 55 52_32 .0131446723054192067702745714348071354159
.0390625000 -7415.5112304688 1 2 3 4 5 6 7 8 9 10 11 12 13 14 15 16 17 18 19 20 21 22 23 24 25 26 27 28 29 30 31 32 33 34 35 36 37 38 39 40 41 42 43 44 45 46 47 48 49 50 52 59 52_33 .0128163373044923372466173749236352973149
.0400390626 -7415.5102539062 1 2 3 4 5 6 7 8 9 10 11 12 13 14 15 16 17 18 19 20 21 22 23 24 25 26 27 28 29 30 31 32 33 34 35 36 37 38 39 40 41 42 43 44 45 46 47 48 49 55 56 59 52_34 .0124962035747248996162477083408530885674
.0415039063 -7415.5087890625 1 2 3 4 5 6 7 8 9 10 11 12 13 14 15 16 17 18 19 20 21 22 23 24 25 26 27 28 29 30 31 32 33 34 35 36 37 38 39 40 41 42 43 44 45 46 47 48 49 54 56 59 52_35 .0120309338300087961117706902740901349317
.0419921876 -7415.5083007812 1 2 3 4 5 6 7 8 9 10 11 12 13 14 15 16 17 18 19 20 21 22 23 24 25 26 27 28 29 30 31 32 33 34 35 36 37 38 39 40 41 42 43 44 45 46 47 48 49 55 56 58 52_36 .0118797258807729021061351681642057967355
.0424804688 -7415.5078125000 1 2 3 4 5 6 7 8 9 10 11 12 13 14 15 16 17 18 19 20 21 22 23 24 25 26 27 28 29 30 31 32 33 34 35 36 37 38 39 40 41 42 43 44 45 46 47 48 56 58 59 60 52_37 .0117304183833055615569304980609776172504
.0434570313 -7415.5068359375 1 2 3 4 5 6 7 8 9 10 11 12 13 14 15 16 17 18 19 20 21 22 23 24 25 26 27 28 29 30 31 32 33 34 35 36 37 38 39 40 41 42 43 44 45 46 47 48 49 51 53 56 52_38 .0114374093808221418641884215133337773037
.0458984376 -7415.5043945312 1 2 3 4 5 6 7 8 9 10 11 12 13 14 15 16 17 18 19 20 21 22 23 24 25 26 27 28 29 30 31 32 33 34 35 36 37 38 39 40 41 42 43 44 45 46 47 48 49 51 55 56 52_39 .0107365085810562310263868157601619595712
.0478515626 -7415.5024414062 1 2 3 4 5 6 7 8 9 10 11 12 13 14 15 16 17 18 19 20 21 22 23 24 25 26 27 28 29 30 31 32 33 34 35 36 37 38 39 40 41 42 43 44 45 46 47 48 49 51 52 59 52_40 .0102068422698789109459275022227774127425
.0483398438 -7415.5019531250 1 2 3 4 5 6 7 8 9 10 11 12 13 14 15 16 17 18 19 20 21 22 23 24 25 26 27 28 29 30 31 32 33 34 35 36 37 38 39 40 41 42 43 44 45 46 47 48 49 53 58 59 52_41 .0100785600105360429832159662336665815432
.0488281250 -7415.5014648438 1 2 3 4 5 6 7 8 9 10 11 12 13 14 15 16 17 18 19 20 21 22 23 24 25 26 27 28 29 30 31 32 33 34 35 36 37 38 39 40 41 42 43 44 45 46 47 48 53 56 59 60 52_42 .0099518900361317475125006637400088328511
.0498046876 -7415.5004882812 1 2 3 4 5 6 7 8 9 10 11 12 13 14 15 16 17 18 19 20 21 22 23 24 25 26 27 28 29 30 31 32 33 34 35 36 37 38 39 40 41 42 43 44 45 46 47 48 49 50 56 57 52_43 .0097033060920757859810654611358132423380
.0502929688 -7415.5000000000 1 2 3 4 5 6 7 8 9 10 11 12 13 14 15 16 17 18 19 20 21 22 23 24 25 26 27 28 29 30 31 32 33 34 35 36 37 38 39 40 41 42 43 44 45 46 47 48 49 52 53 58 52_44 .0095813524069228102730765986594473507889
.0507812500 -7415.4995117188 1 2 3 4 5 6 7 8 9 10 11 12 13 14 15 16 17 18 19 20 21 22 23 24 25 26 27 28 29 30 31 32 33 34 35 36 37 38 39 40 41 42 43 44 45 46 47 48 49 56 57 58 52_45 .0094609314675351708697018917127242084539
.0527343750 -7415.4975585938 1 2 3 4 5 6 7 8 9 10 11 12 13 14 15 16 17 18 19 20 21 22 23 24 25 26 27 28 29 30 31 32 33 34 35 36 37 38 39 40 41 42 43 44 45 46 47 48 50 56 59 60 52_46 .0089941934555568113109460223229663926679
.0532226563 -7415.4970703125 1 2 3 4 5 6 7 8 9 10 11 12 13 14 15 16 17 18 19 20 21 22 23 24 25 26 27 28 29 30 31 32 33 34 35 36 37 38 39 40 41 42 43 44 45 46 47 48 50 51 58 60 52_47 .0088811520602119704783992709786683389261
.0541992188 -7415.4960937500 1 2 3 4 5 6 7 8 9 10 11 12 13 14 15 16 17 18 19 20 21 22 23 24 25 26 27 28 29 30 31 32 33 34 35 36 37 38 39 40 41 42 43 44 45 46 47 48 49 51 57 58 52_48 .0086593136379976575547922943607243693772
.0551757813 -7415.4951171875 1 2 3 4 5 6 7 8 9 10 11 12 13 14 15 16 17 18 19 20 21 22 23 24 25 26 27 28 29 30 31 32 33 34 35 36 37 38 39 40 41 42 43 44 45 46 47 48 49 51 55 57 52_49 .0084430164209374607733778949529405849944
.0595703126 -7415.4907226562 1 2 3 4 5 6 7 8 9 10 11 12 13 14 15 16 17 18 19 20 21 22 23 24 25 26 27 28 29 30 31 32 33 34 35 36 37 38 39 40 41 42 43 44 45 46 47 48 49 53 56 58 52_50 .0075346202991565651204792326330423574679
.0615234376 -7415.4887695312 1 2 3 4 5 6 7 8 9 10 11 12 13 14 15 16 17 18 19 20 21 22 23 24 25 26 27 28 29 30 31 32 33 34 35 36 37 38 39 40 41 42 43 44 45 46 47 48 53 57 59 60 52_51 .0071629133788065414860291647856131455892
.0639648438 -7415.4863281250 1 2 3 4 5 6 7 8 9 10 11 12 13 14 15 16 17 18 19 20 21 22 23 24 25 26 27 28 29 30 31 32 33 34 35 36 37 38 39 40 41 42 43 44 45 46 47 48 50 57 59 60 52_52 .0067239598230238796137893371280062222046
.0649414063 -7415.4853515625 1 2 3 4 5 6 7 8 9 10 11 12 13 14 15 16 17 18 19 20 21 22 23 24 25 26 27 28 29 30 31 32 33 34 35 36 37 38 39 40 41 42 43 44 45 46 47 48 54 56 58 60 52_53 .0065560049644583291959970905776008808961
.0654296876 -7415.4848632812 1 2 3 4 5 6 7 8 9 10 11 12 13 14 15 16 17 18 19 20 21 22 23 24 25 26 27 28 29 30 31 32 33 34 35 36 37 38 39 40 41 42 43 44 45 46 47 48 54 55 58 59 52_54 .0064736073650813438978215933733820415076
.0673828126 -7415.4829101562 1 2 3 4 5 6 7 8 9 10 11 12 13 14 15 16 17 18 19 20 21 22 23 24 25 26 27 28 29 30 31 32 33 34 35 36 37 38 39 40 41 42 43 44 45 46 47 48 51 54 55 58 52_55 .0061542436066317004564951826877562054971
.0688476563 -7415.4814453125 1 2 3 4 5 6 7 8 9 10 11 12 13 14 15 16 17 18 19 20 21 22 23 24 25 26 27 28 29 30 31 32 33 34 35 36 37 38 39 40 41 42 43 44 45 46 47 48 51 54 59 60 52_56 .0059251033453790919848381311607302572425
.0693359376 -7415.4809570312 1 2 3 4 5 6 7 8 9 10 11 12 13 14 15 16 17 18 19 20 21 22 23 24 25 26 27 28 29 30 31 32 33 34 35 36 37 38 39 40 41 42 43 44 45 46 47 48 51 54 56 58 52_57 .0058506350839353456470441187766686475874
.0712890626 -7415.4790039062 1 2 3 4 5 6 7 8 9 10 11 12 13 14 15 16 17 18 19 20 21 22 23 24 25 26 27 28 29 30 31 32 33 34 35 36 37 38 39 40 41 42 43 44 45 46 47 48 51 54 55 59 52_58 .0055620045408162915345389488753700172466
.0722656250 -7415.4780273438 1 2 3 4 5 6 7 8 9 10 11 12 13 14 15 16 17 18 19 20 21 22 23 24 25 26 27 28 29 30 31 32 33 34 35 36 37 38 39 40 41 42 43 44 45 46 47 48 50 51 54 58 52_59 .0054230736702984107299936909146153585873
.0727539063 -7415.4775390625 1 2 3 4 5 6 7 8 9 10 11 12 13 14 15 16 17 18 19 20 21 22 23 24 25 26 27 28 29 30 31 32 33 34 35 36 37 38 39 40 41 42 43 44 45 46 47 48 52 56 57 58 52_60 .0053549150502089512283662332263975118280
.0732421876 -7415.4770507812 1 2 3 4 5 6 7 8 9 10 11 12 13 14 15 16 17 18 19 20 21 22 23 24 25 26 27 28 29 30 31 32 33 34 35 36 37 38 39 40 41 42 43 44 45 46 47 48 50 54 56 58 52_61 .0052876130656319212754107615710745278164
.0742187500 -7415.4760742188 1 2 3 4 5 6 7 8 9 10 11 12 13 14 15 16 17 18 19 20 21 22 23 24 25 26 27 28 29 30 31 32 33 34 35 36 37 38 39 40 41 42 43 44 45 46 47 48 53 55 58 60 52_62 .0051555360993549124613118260348221763218
.0751953126 -7415.4750976562 1 2 3 4 5 6 7 8 9 10 11 12 13 14 15 16 17 18 19 20 21 22 23 24 25 26 27 28 29 30 31 32 33 34 35 36 37 38 39 40 41 42 43 44 45 46 47 48 50 54 59 60 52_63 .0050267581996145052489846706186183665593
.0761718750 -7415.4741210938 1 2 3 4 5 6 7 8 9 10 11 12 13 14 15 16 17 18 19 20 21 22 23 24 25 26 27 28 29 30 31 32 33 34 35 36 37 38 39 40 41 42 43 44 45 46 47 48 50 51 53 54 52_64 .0049011970125585802774686591807885392257
.0776367188 -7415.4726562500 1 2 3 4 5 6 7 8 9 10 11 12 13 14 15 16 17 18 19 20 21 22 23 24 25 26 27 28 29 30 31 32 33 34 35 36 37 38 39 40 41 42 43 44 45 46 47 48 51 55 57 60 52_65 .0047187112822374197943143632175928863164
.0781250000 -7415.4721679688 1 2 3 4 5 6 7 8 9 10 11 12 13 14 15 16 17 18 19 20 21 22 23 24 25 26 27 28 29 30 31 32 33 34 35 36 37 38 39 40 41 42 43 44 45 46 47 48 50 51 53 56 52_66 .0046594052864684385404834328813206344581
.0786132813 -7415.4716796875 1 2 3 4 5 6 7 8 9 10 11 12 13 14 15 16 17 18 19 20 21 22 23 24 25 26 27 28 29 30 31 32 33 34 35 36 37 38 39 40 41 42 43 44 45 46 47 48 50 51 56 59 52_67 .0046008446520255458630529645859284840295
.0815429688 -7415.4687500000 1 2 3 4 5 6 7 8 9 10 11 12 13 14 15 16 17 18 19 20 21 22 23 24 25 26 27 28 29 30 31 32 33 34 35 36 37 38 39 40 41 42 43 44 45 46 47 48 50 53 54 60 52_68 .0042646172716211509762952772078710070185
.0844726563 -7415.4658203125 1 2 3 4 5 6 7 8 9 10 11 12 13 14 15 16 17 18 19 20 21 22 23 24 25 26 27 28 29 30 31 32 33 34 35 36 37 38 39 40 41 42 43 44 45 46 47 48 53 54 55 58 52_69 .0039529612166762739022177351546235468128
.0898437500 -7415.4604492188 1 2 3 4 5 6 7 8 9 10 11 12 13 14 15 16 17 18 19 20 21 22 23 24 25 26 27 28 29 30 31 32 33 34 35 36 37 38 39 40 41 42 43 44 45 46 47 48 50 55 58 59 52_70 .0034395407242674083306612403990758561330
.0932617188 -7415.4570312500 1 2 3 4 5 6 7 8 9 10 11 12 13 14 15 16 17 18 19 20 21 22 23 24 25 26 27 28 29 30 31 32 33 34 35 36 37 38 39 40 41 42 43 44 45 46 47 48 50 51 55 58 52_71 .0031481109449212261489275501221443119169
.0957031250 -7415.4545898438 1 2 3 4 5 6 7 8 9 10 11 12 13 14 15 16 17 18 19 20 21 22 23 24 25 26 27 28 29 30 31 32 33 34 35 36 37 38 39 40 41 42 43 44 45 46 47 48 50 52 58 59 52_72 .0029551902127844750118515996165600230087
.0996093750 -7415.4506835938 1 2 3 4 5 6 7 8 9 10 11 12 13 14 15 16 17 18 19 20 21 22 23 24 25 26 27 28 29 30 31 32 33 34 35 36 37 38 39 40 41 42 43 44 45 46 47 48 52 53 57 58 52_73 .0026708044778681067379257089096184229586
.1049804688 -7415.4453125000 1 2 3 4 5 6 7 8 9 10 11 12 13 14 15 16 17 18 19 20 21 22 23 24 25 26 27 28 29 30 31 32 33 34 35 36 37 38 39 40 41 42 43 44 45 46 47 48 50 53 57 58 52_74 .0023239137043980034364991090769630258102
.3242187500 -7415.2260742188 1 2 3 4 5 6 7 8 9 10 11 12 13 14 15 16 17 18 19 20 21 22 23 24 25 26 27 28 29 30 31 32 33 34 35 36 37 38 39 40 41 42 43 44 45 46 48 49 51 53 54 55 52_75 .0000079414501052232972861812577154458601
.3271484376 -7415.2231445312 1 2 3 4 5 6 7 8 9 10 11 12 13 14 15 16 17 18 19 20 21 22 23 24 25 26 27 28 29 30 31 32 33 34 35 36 37 39 40 41 42 43 44 45 46 47 48 49 53 55 59 60 52_76 .0000073610929631837466830209194623614253
.3291015626 -7415.2211914062 1 2 3 4 5 6 7 8 9 10 11 12 13 14 15 16 17 18 19 20 21 22 23 24 25 26 27 28 29 30 31 32 33 34 35 36 37 38 39 40 41 42 43 44 45 46 47 49 53 54 57 60 52_77 .0000069979467013792134659087259951574790
.3300781250 -7415.2202148438 1 2 3 4 5 6 7 8 9 10 11 12 13 14 15 16 17 18 19 20 21 22 23 24 25 26 27 28 29 30 31 32 33 34 35 36 37 38 39 40 41 42 44 45 46 47 48 49 50 51 53 60 52_78 .0000068231480618013932103227396826490267
.3393554688 -7415.2109375000 1 2 3 4 5 6 7 8 9 10 11 12 13 14 15 16 17 18 19 20 21 22 23 24 25 26 27 28 29 30 31 32 33 34 35 36 37 39 40 41 42 43 44 45 46 47 48 49 53 54 55 59 52_79 .0000053656130895941609839259583730060900
.3403320313 -7415.2099609375 1 2 3 4 5 6 7 8 9 10 11 12 13 14 15 16 17 18 19 20 21 22 23 24 25 26 27 28 29 30 31 32 33 34 35 36 37 38 39 40 41 42 44 45 46 47 48 49 51 53 59 60 52_80 .0000052315877813978700499582190955242476
.3413085938 -7415.2089843750 1 2 3 4 5 6 7 8 9 10 11 12 13 14 15 16 17 18 19 20 21 22 23 24 25 26 27 28 29 30 31 32 33 34 35 36 37 38 39 40 41 42 43 44 45 46 48 49 53 54 55 58 52_81 .0000051009102328959832872953897833969083
.3417968750 -7415.2084960938 1 2 3 4 5 6 7 8 9 10 11 12 13 14 15 16 17 18 19 20 21 22 23 24 25 26 27 28 29 30 31 32 33 34 35 36 37 38 39 40 41 42 43 44 45 46 48 49 53 54 58 59 52_82 .0000050368006608971975634244656360356354
.3471679688 -7415.2031250000 1 2 3 4 5 6 7 8 9 10 11 12 13 14 15 16 17 18 19 20 21 22 23 24 25 26 27 28 29 30 31 32 33 34 35 36 37 39 40 41 42 43 44 45 46 47 48 49 50 56 58 59 52_83 .0000043826083785523572273555935118678904
.3500976563 -7415.2001953125 1 2 3 4 5 6 7 8 9 10 11 12 13 14 15 16 17 18 19 20 21 22 23 24 25 26 27 28 29 30 31 32 33 34 35 36 37 38 39 40 41 42 43 44 45 46 48 51 52 56 58 60 52_84 .0000040623295936969997845350870256701291
.3510742188 -7415.1992187500 1 2 3 4 5 6 7 8 9 10 11 12 13 14 15 16 17 18 19 20 21 22 23 24 25 26 27 28 29 30 31 32 33 34 35 36 37 39 40 41 42 43 44 45 46 47 48 49 50 53 56 57 52_85 .0000039608584352852898041720561945938341
.3535156250 -7415.1967773438 1 2 3 4 5 6 7 8 9 10 11 12 13 14 15 16 17 18 19 20 21 22 23 24 25 26 27 28 29 30 31 32 33 34 35 36 37 38 39 40 41 42 43 44 45 46 47 49 50 53 57 58 52_86 .0000037181313768701407224976198346497334
.3613281250 -7415.1889648438 1 2 3 4 5 6 7 8 9 10 11 12 13 14 15 16 17 18 19 20 21 22 23 24 25 26 27 28 29 30 31 32 33 34 35 36 37 39 40 41 42 43 44 45 46 47 48 49 52 53 55 59 52_87 .0000030369528053432575819798210908601817
.3657226563 -7415.1845703125 1 2 3 4 5 6 7 8 9 10 11 12 13 14 15 16 17 18 19 20 21 22 23 24 25 26 27 28 29 30 31 32 33 34 35 36 37 39 40 41 42 43 44 45 46 47 48 49 50 52 56 59 52_88 .0000027102027419933735440146316560559663
.3686523438 -7415.1816406250 1 2 3 4 5 6 7 8 9 10 11 12 13 14 15 16 17 18 19 20 21 22 23 24 25 26 27 28 29 30 31 32 33 34 35 36 37 38 39 40 42 43 44 45 46 47 48 49 53 54 55 57 52_89 .0000025121425080091506671517726663981172
.3701171876 -7415.1801757812 1 2 3 4 5 6 7 8 9 10 11 12 13 14 15 16 17 18 19 20 21 22 23 24 25 26 27 28 29 30 31 32 33 34 35 36 38 39 40 41 42 43 44 45 46 47 48 49 51 53 54 60 52_90 .0000024186081817883880119764242054861311
.3735351563 -7415.1767578125 1 2 3 4 5 6 7 8 9 10 11 12 13 14 15 16 17 18 19 20 21 22 23 24 25 26 27 28 29 30 31 32 33 34 36 37 38 39 40 41 42 43 44 45 46 47 48 49 51 53 54 55 52_91 .0000022136812785981423827614934777234509
.3769531250 -7415.1733398438 1 2 3 4 5 6 7 8 9 10 11 12 13 14 15 16 17 18 19 20 21 22 23 24 25 26 27 28 29 30 31 32 33 34 35 36 37 38 39 40 42 43 44 45 46 47 48 49 53 54 55 58 52_92 .0000020261176821093947922621882586389100
.3774414063 -7415.1728515625 1 2 3 4 5 6 7 8 9 10 11 12 13 14 15 16 17 18 19 20 21 22 23 24 25 26 27 28 29 30 32 33 34 35 36 37 38 39 40 41 42 43 44 45 46 47 48 49 50 52 56 60 52_93 .0000020006529007423676406360147345156748
.3808593750 -7415.1694335938 1 2 3 4 5 6 7 8 9 10 11 12 13 14 15 16 17 18 19 20 21 22 23 24 25 26 27 28 29 30 31 32 33 34 35 36 37 38 39 40 41 43 44 45 46 47 48 49 53 54 55 59 52_94 .0000018311390429811825609008658188810598
.3828125000 -7415.1674804688 1 2 3 4 5 6 7 8 9 10 11 12 13 14 15 16 17 18 19 20 21 22 23 24 25 26 27 28 29 30 31 32 33 34 35 36 37 38 39 40 41 43 44 45 46 47 48 49 53 54 57 59 52_95 .0000017408030967258128751020793788017057
.3852539063 -7415.1650390625 1 2 3 4 5 6 7 8 9 10 11 12 13 14 15 16 17 18 19 20 21 22 23 24 25 26 27 28 29 30 32 33 34 35 36 37 38 39 40 41 42 43 44 45 46 47 48 49 50 53 54 57 52_96 .0000016341241940036659045797327759913595
.3857421876 -7415.1645507812 1 2 3 4 5 6 7 8 9 10 11 12 13 14 15 16 17 18 19 20 21 22 23 24 25 26 27 28 29 30 31 32 33 34 35 36 37 38 39 40 42 43 44 45 46 47 48 49 51 52 53 58 52_97 .0000016135860901737097667289331631784631
.3891601563 -7415.1611328125 1 2 3 4 5 6 7 8 9 10 11 12 13 14 15 16 17 18 19 20 21 22 23 24 25 26 27 28 29 30 31 32 33 34 35 36 37 38 39 40 41 43 44 45 46 47 48 49 53 54 55 57 52_98 .0000014768681203181501129024365297149933
.3916015626 -7415.1586914062 1 2 3 4 5 6 7 8 9 10 11 12 13 14 15 16 17 18 19 20 21 22 23 24 25 26 27 28 29 30 31 32 33 34 35 36 37 38 39 41 42 43 44 45 46 47 48 49 51 54 57 60 52_99 .0000013863635303175986737486556338451521
.3994140626 -7415.1508789062 1 2 3 4 5 6 7 8 9 10 11 12 13 14 15 16 17 18 19 20 21 22 23 24 25 26 27 28 29 30 31 32 33 34 35 36 37 38 39 41 42 43 44 45 46 47 48 49 52 53 57 58 52_100 .0000011323754289090745814511511222400966
.3999023438 -7415.1503906250 1 2 3 4 5 6 7 8 9 10 11 12 13 14 15 16 17 18 19 20 21 22 23 24 25 26 28 29 30 31 32 33 34 35 36 37 38 39 40 41 42 43 44 45 46 47 48 49 53 54 55 59 52_101 .0000011181434387789352834853839866868289
.4042968750 -7415.1459960938 1 2 3 4 5 6 7 8 9 10 11 12 13 14 15 16 17 18 19 20 21 22 23 24 25 26 28 29 30 31 32 33 34 35 36 37 38 39 40 41 42 43 44 45 46 47 48 49 51 54 55 59 52_102 .0000009978408015555787986546442392967691
.4052734376 -7415.1450195312 1 2 3 4 5 6 7 8 9 10 11 12 13 14 15 16 17 18 19 20 21 22 23 24 25 26 27 28 29 30 31 32 33 34 35 36 37 38 39 40 41 42 43 45 46 47 48 49 52 56 57 58 52_103 .0000009729161690395363902835282807189167
.4077148438 -7415.1425781250 1 2 3 4 5 6 7 8 9 10 11 12 13 14 15 16 17 18 19 20 21 22 23 24 25 26 27 28 29 30 31 32 33 34 36 37 38 39 40 41 42 43 44 45 46 47 48 49 53 57 58 59 52_104 .0000009132944775163721328057463068538537
.4091796876 -7415.1411132812 1 2 3 4 5 6 7 8 9 10 11 12 13 14 15 16 17 18 19 20 21 22 23 24 25 26 27 28 29 30 31 32 34 35 36 37 38 39 40 41 42 43 44 45 46 47 48 49 53 54 57 59 52_105 .0000008792898844953594210108555332227497
.4145507813 -7415.1357421875 1 2 3 4 5 6 7 8 9 10 11 12 13 14 15 16 17 18 19 20 21 22 23 24 25 26 27 28 29 30 31 32 33 34 35 36 37 38 39 40 41 43 44 45 46 47 48 49 51 53 56 58 52_106 .0000007650855144744144616875092665429210
.4174804688 -7415.1328125000 1 2 3 4 5 6 7 8 9 10 11 12 13 14 15 16 17 18 19 20 21 22 23 24 25 26 27 28 29 30 31 32 33 34 35 36 37 38 39 40 41 42 43 44 45 46 48 50 53 54 55 58 52_107 .0000007091734553259212211321850832178689
.4179687500 -7415.1323242188 1 2 3 4 5 6 7 8 9 10 11 12 13 14 15 16 17 18 19 20 21 22 23 24 25 26 27 28 29 30 31 32 33 34 35 36 37 38 39 40 41 43 44 45 46 47 48 51 52 56 59 60 52_108 .0000007002603781263578257602935755837746
.4184570313 -7415.1318359375 1 2 3 4 5 6 7 8 9 10 11 12 13 14 15 16 17 18 19 20 21 22 23 24 25 26 27 28 29 30 31 32 33 34 35 36 37 38 39 40 42 43 44 45 46 47 48 53 54 55 58 59 52_109 .0000006914593210177625538855950658690002
.4199218750 -7415.1303710938 1 2 3 4 5 6 7 8 9 10 11 12 13 14 15 16 17 18 19 20 21 22 23 24 25 26 28 29 30 31 32 33 34 35 36 37 38 39 40 41 42 43 44 45 46 47 48 49 50 53 57 58 52_110 .0000006657142937502640638280450656431342
.4233398438 -7415.1269531250 1 2 3 4 5 6 7 8 9 10 11 12 13 14 15 16 17 18 19 20 21 22 23 24 25 26 27 28 29 30 32 33 34 35 36 37 38 39 40 41 42 43 44 45 46 47 48 51 53 54 55 59 52_111 .0000006093088067134559289736513031772073
.4277343750 -7415.1225585938 1 2 3 4 5 6 7 8 9 10 11 12 13 14 15 16 17 18 19 20 21 22 23 24 25 26 27 28 29 30 31 33 34 35 36 37 38 39 40 41 42 43 44 45 46 47 48 49 51 52 53 58 52_112 .0000005437524086800392776510460877793292
.4287109376 -7415.1215820312 1 2 3 4 5 6 7 8 9 10 11 12 13 14 15 16 17 18 19 20 21 22 23 24 25 26 27 28 29 30 31 32 33 34 35 36 37 38 39 40 42 43 44 45 46 47 48 53 54 57 58 59 52_113 .0000005301702531448729724816178710748357
.4296875000 -7415.1206054688 1 2 3 4 5 6 7 8 9 10 11 12 13 14 15 16 17 18 19 20 21 22 23 24 25 26 27 28 29 30 31 33 34 35 36 37 38 39 40 41 42 43 44 45 46 47 48 49 50 53 56 57 52_114 .0000005169273630588299329912329137531308
.4345703126 -7415.1157226562 1 2 3 4 5 6 7 8 9 10 11 12 13 14 15 16 17 18 19 20 21 22 23 24 25 26 27 28 29 30 31 32 33 34 35 36 37 38 40 41 42 43 44 45 46 47 48 51 56 57 58 59 52_115 .0000004555125433314649403967020174737343
.4350585938 -7415.1152343750 1 2 3 4 5 6 7 8 9 10 11 12 13 14 15 16 17 18 19 20 21 22 23 24 25 26 27 28 29 30 31 32 33 34 35 36 37 38 39 40 41 42 43 45 46 47 48 49 53 56 57 58 52_116 .0000004497875427218229535451324031921632
.4365234376 -7415.1137695312 1 2 3 4 5 6 7 8 9 10 11 12 13 14 15 16 17 18 19 20 21 22 23 24 25 26 27 28 29 30 31 32 33 34 35 36 37 38 40 41 42 43 44 45 46 47 48 50 53 54 55 60 52_117 .0000004330406525207894370065947558740320
.4418945313 -7415.1083984375 1 2 3 4 5 6 7 8 9 10 11 12 13 14 15 16 17 18 19 20 21 22 23 24 25 26 27 28 29 30 31 32 34 35 36 37 38 39 40 41 42 43 44 45 46 47 48 51 53 54 55 59 52_118 .0000003767962491827720814745313480508568
.4467773438 -7415.1035156250 1 2 3 4 5 6 7 8 9 10 11 12 13 14 15 16 17 18 19 20 21 22 23 24 25 26 27 28 29 30 31 32 33 34 35 37 38 39 40 41 42 43 44 45 46 47 48 53 54 57 58 59 52_119 .0000003320300500479668117341781181398597
.4516601563 -7415.0986328125 1 2 3 4 5 6 7 8 9 10 11 12 13 14 15 16 17 18 19 20 21 22 23 24 25 26 27 28 29 31 32 33 34 35 36 37 38 39 40 41 42 43 44 45 46 47 48 50 51 52 53 60 52_120 .0000002925824085934025579371739351551106
.4531250000 -7415.0971679688 1 2 3 4 5 6 7 8 9 10 11 12 13 14 15 16 17 18 19 20 21 22 23 24 25 26 27 28 29 30 31 33 34 35 36 37 38 39 40 41 42 43 44 45 46 47 48 51 52 53 58 60 52_121 .0000002816887206232406318496737375707792
.4555664063 -7415.0947265625 1 2 3 4 5 6 7 8 9 10 11 12 13 14 15 16 17 18 19 20 21 22 23 24 25 26 27 28 29 30 31 32 33 34 35 36 37 38 39 40 41 43 44 45 46 47 48 51 52 53 55 59 52_122 .0000002644264330722748263765813461760767
.6845703126 -7414.8657226562 1 2 3 4 5 6 7 8 9 10 11 12 13 14 15 16 17 18 19 20 21 22 23 24 25 26 27 28 29 30 31 32 33 34 35 36 37 39 40 41 42 43 44 46 47 48 49 50 51 54 57 58 52_123 .0000000007016593551973820379041584141799
.6938476563 -7414.8564453125 1 2 3 4 5 6 7 8 9 10 11 12 13 14 15 16 17 18 19 20 21 22 23 24 25 26 27 28 29 30 31 32 33 34 35 36 37 38 39 40 41 42 44 45 46 47 49 50 53 56 57 58 52_124 .0000000005517735503223606295873663275374
.7177734376 -7414.8325195312 1 2 3 4 5 6 7 8 9 10 11 12 13 14 15 16 17 18 19 20 21 22 23 24 25 26 27 28 29 30 31 32 33 34 35 36 37 38 39 40 41 42 43 44 45 46 50 51 53 54 57 58 52_125 .0000000002968984261482970649369741424662
.7192382813 -7414.8310546875 1 2 3 4 5 6 7 8 9 10 11 12 13 14 15 16 17 18 19 20 21 22 23 24 25 26 27 28 29 30 31 32 33 34 36 37 38 39 40 41 42 43 44 45 46 48 49 53 54 55 58 59 52_126 .0000000002858440403810843896549623352504
.7221679688 -7414.8281250000 1 2 3 4 5 6 7 8 9 10 11 12 13 14 15 16 17 18 19 20 21 22 23 24 25 26 27 28 29 30 31 32 33 34 35 36 37 38 39 40 42 43 44 45 46 48 52 53 55 56 59 60 52_127 .0000000002649547037112996872396237661389
.7329101563 -7414.8173828125 1 2 3 4 5 6 7 8 9 10 11 12 13 14 15 16 17 18 19 20 21 22 23 24 25 26 27 28 29 30 31 32 33 34 35 36 37 38 39 40 42 43 44 45 46 48 51 53 55 57 59 60 52_128 .0000000002005983875287294842170963707473
.7412109376 -7414.8090820312 1 2 3 4 5 6 7 8 9 10 11 12 13 14 15 16 17 18 19 20 21 22 23 24 25 26 27 28 29 30 31 32 33 34 35 36 38 39 40 41 43 44 45 46 47 48 49 50 53 54 57 58 52_129 .0000000001617885679757476535381833111862
.7563476563 -7414.7939453125 1 2 3 4 5 6 7 8 9 10 11 12 13 14 15 16 17 18 19 20 21 22 23 24 25 26 27 28 29 30 31 32 33 34 35 36 37 38 39 40 42 43 44 45 46 48 51 53 55 56 57 59 52_130 .0000000001093118824426054356645870716308
.7602539063 -7414.7900390625 1 2 3 4 5 6 7 8 9 10 11 12 13 14 15 16 17 18 19 20 21 22 23 24 25 26 27 29 30 31 32 33 34 35 36 37 38 39 40 41 43 44 45 46 47 48 49 50 51 52 54 59 52_131 .0000000000987925121871655744481084474213
.7670898438 -7414.7832031250 1 2 3 4 5 6 7 8 9 10 11 12 13 14 15 16 17 18 19 20 21 22 23 24 25 27 28 29 30 31 32 33 34 35 36 37 38 39 40 41 42 43 44 45 46 47 50 51 54 56 57 59 52_132 .0000000000827605135842754158100048777865
.7719726563 -7414.7783203125 1 2 3 4 5 6 7 8 9 10 11 12 13 14 15 16 17 18 19 20 21 22 23 24 25 26 27 29 30 31 32 33 34 35 36 37 38 39 40 41 42 43 45 46 47 48 49 50 51 52 58 59 52_133 .0000000000729279485318156937078747109782
.7758789063 -7414.7744140625 1 2 3 4 5 6 7 8 9 10 11 12 13 14 15 16 17 18 19 20 21 22 23 24 25 26 27 28 29 30 31 32 33 34 36 37 38 39 40 41 42 43 44 45 46 48 51 53 55 56 57 59 52_134 .0000000000659099000321145844362962406591
.7792968750 -7414.7709960938 1 2 3 4 5 6 7 8 9 10 11 12 13 14 15 16 17 18 19 20 21 22 23 24 25 26 27 28 29 30 31 32 34 35 36 37 38 39 40 42 43 44 45 46 47 48 49 50 51 55 58 59 52_135 .0000000000603254023838958208307832383550
.7802734376 -7414.7700195312 1 2 3 4 5 6 7 8 9 10 11 12 13 14 15 16 17 18 19 20 21 22 23 24 25 26 28 29 30 31 32 33 34 35 36 37 38 39 40 41 42 43 44 45 46 48 49 51 53 55 56 57 52_136 .0000000000588185603270697415241767534249
.8085937500 -7414.7416992188 1 2 3 4 5 6 7 8 9 10 11 12 13 14 15 16 17 18 19 20 21 22 23 24 25 26 27 29 30 31 32 33 34 35 36 37 38 39 40 41 42 43 45 46 47 48 52 55 56 57 58 59 52_137 .0000000000282439313291603239940775261192
.8144531250 -7414.7358398438 1 2 3 4 5 6 7 8 9 10 11 12 13 14 15 16 17 18 19 20 21 22 23 24 25 26 27 28 29 30 32 33 34 35 36 37 38 39 40 41 42 43 45 46 47 48 51 52 53 54 55 59 52_138 .0000000000242666670133027589335459145742
.8168945313 -7414.7333984375 1 2 3 4 5 6 7 8 9 10 11 12 13 14 15 16 17 18 19 20 21 22 23 24 25 26 27 29 30 31 32 33 34 35 36 37 38 39 40 41 42 43 45 46 47 48 53 55 56 57 58 59 52_139 .0000000000227795709628810377597325948987
.8198242188 -7414.7304687500 1 2 3 4 5 6 7 8 9 10 11 12 13 14 15 16 17 18 19 20 21 22 23 24 25 26 27 28 29 30 31 32 33 34 35 36 37 38 40 41 42 43 45 46 47 48 50 51 53 55 56 58 52_140 .0000000000211148515361528292666234621524
.8261718750 -7414.7241210938 1 2 3 4 5 6 7 8 9 10 11 12 13 14 15 16 17 18 19 20 21 22 23 24 25 26 27 28 30 31 32 33 34 35 36 37 38 39 40 41 42 43 45 46 47 48 51 52 53 54 55 59 52_141 .0000000000179134855851429857711137232323
.8291015626 -7414.7211914062 1 2 3 4 5 6 7 8 9 10 11 12 13 14 15 16 17 18 19 20 21 22 23 24 25 26 27 28 29 30 31 32 33 35 36 37 38 39 40 42 43 44 45 46 47 48 50 53 54 57 58 59 52_142 .0000000000166043771527519785518098195306
.8471679688 -7414.7031250000 1 2 3 4 5 6 7 8 9 10 11 12 13 14 15 16 17 18 19 20 21 22 23 24 25 26 27 28 29 30 31 32 34 35 36 37 38 39 40 42 43 44 45 46 47 48 50 51 52 55 58 59 52_143 .0000000000103988334772472536153693190593
.9350585938 -7414.6152343750 1 2 3 4 5 6 7 8 9 10 11 12 13 15 16 17 18 19 20 21 22 23 24 25 26 27 28 29 30 31 32 33 34 35 36 37 38 40 41 42 43 44 45 46 47 48 49 50 53 54 55 56 52_144 .0000000000010672333352425717874357018050
.9545898438 -7414.5957031250 1 2 3 4 5 6 7 9 10 11 12 13 14 15 16 17 18 19 20 21 22 23 24 25 26 27 28 29 30 31 32 33 34 35 37 38 39 40 41 42 43 44 45 46 47 48 49 50 53 54 58 60 52_145 .0000000000006434912734552077502113066370
1.1235351563 -7414.4267578125 1 2 3 4 5 6 7 8 9 10 11 12 13 14 15 16 17 18 19 20 21 22 23 24 25 26 27 28 29 30 32 34 35 36 37 38 39 40 41 42 43 45 46 47 48 49 50 52 56 57 59 60 52_146 .0000000000000080908291530945175383839236
1.1396484376 -7414.4106445312 1 2 3 4 5 6 7 8 9 10 11 12 13 14 15 16 17 18 19 20 21 22 23 24 25 26 27 28 30 31 32 33 34 35 36 37 38 39 40 41 42 43 45 46 48 51 52 53 54 55 58 59 52_147 .0000000000000053299941922277910795686266
1.1406250000 -7414.4096679688 1 2 3 4 5 6 7 8 9 10 11 12 13 14 15 16 17 18 19 20 21 22 23 24 26 27 28 30 31 32 33 34 35 36 37 38 39 40 41 42 43 44 45 46 47 50 51 52 53 57 59 60 52_148 .0000000000000051968586063886650867500686
1.1767578126 -7414.3735351562 1 2 3 4 5 6 7 8 9 10 11 12 13 14 15 16 17 18 19 20 21 22 23 24 26 27 28 29 30 32 34 35 36 37 38 39 40 41 42 43 44 45 46 47 48 50 52 53 56 57 59 60 52_149 .0000000000000020382852753683978054770564
1.1777343750 -7414.3725585938 1 2 3 4 5 6 7 8 9 10 11 12 13 14 15 16 17 18 19 20 21 22 23 24 25 26 27 28 29 30 31 32 34 35 36 37 39 40 42 43 44 45 46 47 48 50 52 53 55 57 58 59 52_150 .0000000000000019873718419843341363640080
1.1821289063 -7414.3681640625 1 2 3 4 5 6 7 8 9 10 11 12 13 14 15 16 17 18 19 20 21 22 23 24 25 26 27 28 29 30 31 32 33 34 35 36 37 38 41 42 44 45 46 47 48 50 51 53 55 56 57 58 52_151 .0000000000000017735476843860865252109797
1.2978515626 -7414.2524414062 1 2 3 4 5 6 7 8 9 10 11 12 13 14 15 17 18 19 20 21 22 23 24 25 26 27 28 30 31 32 33 34 35 36 37 38 39 40 41 42 43 44 45 46 47 49 50 51 53 56 57 59 52_152 .0000000000000000885159023375682376011798
1.3676757813 -7414.1826171875 2 3 4 5 6 7 8 9 10 11 12 13 14 15 16 17 18 19 20 21 22 23 24 25 26 27 28 29 30 31 32 33 34 36 37 38 39 40 41 42 43 44 45 46 48 49 51 52 53 55 57 58 52_153 .0000000000000000145055441837486636610479
