0 -7690.7846679688 1 2 3 4 5 6 20 22 23 9_1 .2031768415426415309682830133550265164541
.0161132813 -7690.7685546875 1 2 3 4 5 6 20 22 24 9_2 .1338467745303056314366901798027195596104
.0166015626 -7690.7680664062 7 13 15 16 17 18 20 21 22 9_3 .1321645529692423363483847991518827791640
.0195312500 -7690.7651367188 1 2 3 4 5 6 20 23 24 9_4 .1225060351691177708167075842262022159540
.0585937500 -7690.7260742188 1 2 3 4 5 6 11 20 22 9_5 .0445373162651703266964216827291062041381
.0668945313 -7690.7177734375 7 11 13 15 16 17 18 20 21 9_6 .0359206706932920817522193159321174254399
.0693359376 -7690.7153320312 2 7 11 13 15 17 18 20 21 9_7 .0337194006347706144760253629410114579776
.0737304688 -7690.7109375000 1 2 3 4 5 6 19 20 22 9_8 .0300914825329716642478959715977798083239
.0859375000 -7690.6987304688 1 7 8 9 10 11 12 15 17 9_9 .0219341412167649179206150737432783662810
.0908203126 -7690.6938476562 1 7 8 9 10 11 12 15 16 9_10 .0193282019205143605107408365393275055576
.1000976563 -7690.6845703125 1 2 3 4 5 6 20 21 22 9_11 .0151993848810432981431139846225854406896
.1074218750 -7690.6772460938 1 2 3 4 5 6 20 21 23 9_12 .0125728068236641389133597096529919354099
.1152343750 -7690.6694335938 1 2 3 5 6 20 22 23 24 9_13 .0102694114553605340965324245826743646831
.1201171876 -7690.6645507812 1 2 3 4 5 6 9 20 22 9_14 .0090493289093233517041713672058537883106
.1245117188 -7690.6601562500 1 2 3 4 5 6 22 23 24 9_15 .0080756987871611854797181327430240509186
.1289062500 -7690.6557617188 7 8 9 10 11 12 14 15 16 9_16 .0072068229096817220864264444329244055576
.1303710938 -7690.6542968750 1 3 4 5 6 19 20 22 24 9_17 .0069384920634417759310578639378551339684
.1323242188 -7690.6523437500 13 15 17 18 19 20 21 22 24 9_18 .0065961940557951624156890652912170887562
.1328125000 -7690.6518554688 1 7 8 9 10 11 12 14 16 9_19 .0065132913661907077265130768060771488639
.1347656250 -7690.6499023438 1 2 3 4 6 20 21 22 23 9_20 .0061919698690291109070801690314802001865
.1372070313 -7690.6474609375 1 3 4 5 6 19 20 22 23 9_21 .0058125171023382536795771507669899919627
.1391601563 -7690.6455078125 2 3 4 5 6 19 20 22 24 9_22 .0055257670411793854034725135017165565540
.1396484376 -7690.6450195312 1 7 8 9 10 11 12 14 15 9_23 .0054563177437218647809266793973161091790
.1406250000 -7690.6440429688 7 8 9 10 12 14 15 16 17 9_24 .0053200267773275466682507169461895441618
.1435546876 -7690.6411132812 1 2 3 4 5 6 10 20 24 9_25 .0049312419212679516118559648771328403190
.1450195313 -7690.6396484375 1 2 3 5 6 16 20 22 23 9_26 .0047476375444568770325419108581223936119
.1455078126 -7690.6391601562 1 2 3 4 5 6 10 20 23 9_27 .0046879679837265164140945643435059412911
.1469726563 -7690.6376953125 1 2 3 4 5 19 20 23 24 9_28 .0045134213981189175403939574430829391006
.1484375000 -7690.6362304688 13 15 16 17 18 20 21 22 24 9_29 .0043453736859364423348345106224495367737
.1508789063 -7690.6337890625 8 9 10 11 12 14 15 16 18 9_30 .0040790829735604840342695331076876308726
.1528320313 -7690.6318359375 1 2 3 4 6 19 20 22 24 9_31 .0038778487627105872778131828648974971776
.1547851563 -7690.6298828125 1 3 4 5 19 20 22 23 24 9_32 .0036865420791698577342444812244615687638
.1572265626 -7690.6274414062 1 2 4 5 6 20 21 22 23 9_33 .0034606255096367750943827991744986290047
.1582031250 -7690.6264648438 1 2 3 4 5 6 7 20 22 9_34 .0033741840637404255292853614559436924220
.1616210938 -7690.6230468750 13 14 15 16 17 18 19 21 22 9_35 .0030882919066185706226948720759322089748
.1635742188 -7690.6210937500 7 8 9 10 12 14 15 16 18 9_36 .0029359365883446566143307795337419383642
.1640625000 -7690.6206054688 11 13 14 15 17 18 20 21 22 9_37 .0028990369705312511018364343021860624872
.1650390626 -7690.6196289062 7 11 13 15 17 18 20 21 24 9_38 .0028266231836543595707958815195851044728
.1665039063 -7690.6181640625 2 3 4 5 6 19 20 21 24 9_39 .0027213798400097730097240303450286127466
.1684570313 -7690.6162109375 2 4 5 6 20 21 22 23 24 9_40 .0025871254676234289257279427597930183060
.1704101563 -7690.6142578125 1 7 8 9 10 11 14 15 18 9_41 .0024594942928664118894107437422403221216
.1708984376 -7690.6137695312 1 5 7 8 9 10 11 12 15 9_42 .0024285827199630603353843917004123493878
.1723632813 -7690.6123046875 1 2 3 4 5 6 16 20 23 9_43 .0023381595722140425853254846207403659143
.1738281250 -7690.6108398438 1 2 3 4 5 6 20 23 34 9_44 .0022511031393731194869154868283354122582
.1767578126 -7690.6079101562 1 2 3 5 6 20 21 22 23 9_45 .0020865936647692858757542446824079410835
.1772460938 -7690.6074218750 1 2 3 4 5 6 11 20 23 9_46 .0020603688106401062771373570553914171933
.1791992188 -7690.6054687500 2 3 4 5 6 19 20 21 22 9_47 .0019587242267087825580698863858441219332
.1796875000 -7690.6049804688 7 8 11 13 15 17 18 20 21 9_48 .0019341064690724832084768277458094646148
.1811523438 -7690.6035156250 1 2 3 4 5 9 11 20 24 9_49 .0018620940952333578047313623293911819171
.1835937500 -7690.6010742188 1 7 8 9 10 11 14 16 18 9_50 .0017479823112317524839090949114419794597
.1860351563 -7690.5986328125 13 14 15 17 18 19 20 21 22 9_51 .0016408634559800281907935471235144221557
.1909179688 -7690.5937500000 1 2 3 4 5 6 12 22 23 9_52 .0014459166634290336299272554900333806865
.1972656250 -7690.5874023438 6 13 16 17 19 20 21 22 23 9_53 .0012266914244367605653667683811922763137
.1977539063 -7690.5869140625 2 5 6 15 20 21 22 23 24 9_54 .0012112740431050069864284229225376899297
.1997070313 -7690.5849609375 1 2 5 7 8 9 10 11 12 9_55 .0011515180200559245740754770683832127207
.2006835938 -7690.5839843750 1 2 5 6 15 20 21 22 23 9_56 .0011227547538728142164947885108968671010
.2011718750 -7690.5834960938 7 11 13 15 16 18 20 21 22 9_57 .0011086436788991378633884875030813817136
.2055664063 -7690.5791015625 1 2 3 4 7 9 11 20 22 9_58 .0009893631317416729510053049482727491822
.2060546876 -7690.5786132812 1 2 3 4 5 6 9 11 12 9_59 .0009769285549819609726876635821223313066
.2084960938 -7690.5761718750 1 2 3 4 5 6 20 22 47 9_60 .0009170609787211966787156420709696690500
.2089843750 -7690.5756835938 4 11 13 14 17 18 20 21 22 9_61 .0009055351168341458341160226250535114085
.2104492188 -7690.5742187500 1 2 5 6 15 20 21 23 24 9_62 .0008718194272376012976094635248017684545
.2124023438 -7690.5722656250 1 2 3 4 5 6 16 20 22 9_63 .0008288097862028584954495897912967270720
.2128906250 -7690.5717773438 1 8 9 10 11 12 14 15 16 9_64 .0008183930883517175675106959069107124423
.2148437500 -7690.5698242188 3 4 5 6 19 20 21 23 24 9_65 .0007780191395090646028217045930809437815
.2153320313 -7690.5693359375 1 2 3 4 6 16 20 22 23 9_66 .0007682407897804671373892212635615885464
.2163085938 -7690.5683593750 13 15 16 17 18 19 20 21 24 9_67 .0007490512382977162759581649258176032980
.2221679688 -7690.5625000000 1 2 3 4 5 7 9 20 22 9_68 .0006435710653674488650868873180879563872
.2226562500 -7690.5620117188 1 2 3 4 6 9 20 22 24 9_69 .0006354824961380928457820308791522601785
.2231445313 -7690.5615234375 1 2 5 6 20 21 22 23 24 9_70 .0006274955845338855024073914484795558115
.2241210938 -7690.5605468750 1 2 3 4 5 6 15 20 22 9_71 .0006118216461218769632324564679617174520
.2260742188 -7690.5585937500 2 3 4 5 6 11 20 22 24 9_72 .0005816385272845677544282650786319682553
.2299804688 -7690.5546875000 1 2 3 4 5 7 9 20 24 9_73 .0005256659204039969109679966010118601524
.2304687500 -7690.5541992188 2 6 12 15 16 17 21 22 23 9_74 .0005190592138295283197713349235292457109
.2314453126 -7690.5532226562 1 2 3 4 5 6 20 22 29 9_75 .0005060938588965588123660184355301586741
.2373046876 -7690.5473632812 1 2 3 4 5 9 20 24 36 9_76 .0004348265476286773767280817469863306290
.2382812500 -7690.5463867188 1 2 4 5 6 15 20 21 22 9_77 .0004239652061207700699686584107113611077
.2392578126 -7690.5454101562 5 8 9 10 11 12 14 16 18 9_78 .0004133751631543221944485816701514021274
.2421875000 -7690.5424804688 1 2 3 4 20 21 22 23 24 9_79 .0003831659180749355667926916199998896841
.2431640626 -7690.5415039062 2 6 12 15 17 20 21 22 23 9_80 .0003735949828257440758873287277315928087
.2436523438 -7690.5410156250 2 3 4 6 17 19 20 22 24 9_81 .0003688995435107388710154289189075399037
.2480468750 -7690.5366210938 7 11 13 15 18 20 21 22 24 9_82 .0003292091188159440721709475198630244216
.2509765626 -7690.5336914062 2 6 7 15 17 20 21 22 23 9_83 .0003051506835430565946935802214608019137
.2519531250 -7690.5327148438 1 2 3 4 5 7 9 11 12 9_84 .0002975284585353903372128337206288130083
.2534179688 -7690.5312500000 1 2 3 4 5 10 20 23 24 9_85 .0002864506141010536187771777098547558775
.2548828126 -7690.5297851562 3 4 5 6 19 20 21 22 23 9_86 .0002757852298324283020456421802102651939
.2568359376 -7690.5278320312 1 2 3 4 5 6 7 22 23 9_87 .0002621798622904818777140290097947783466
.2578125000 -7690.5268554688 2 3 4 5 6 20 22 24 32 9_88 .0002556309865689728538834968815497103272
.2617187500 -7690.5229492188 1 3 8 9 10 11 14 16 18 9_89 .0002310309436789027057815791775808517655
.2622070313 -7690.5224609375 1 2 3 4 5 6 22 23 30 9_90 .0002281272858500661002906529749853284509
.2641601563 -7690.5205078125 1 2 3 4 5 6 18 22 23 9_91 .0002168730371282519672598618351060906294
.2661132813 -7690.5185546875 8 14 15 17 18 19 21 22 24 9_92 .0002061739964948543139698112554812976350
.2666015626 -7690.5180664062 1 2 3 4 5 6 7 12 23 9_93 .0002035827473336300163175163254555992226
.2670898438 -7690.5175781250 5 6 15 19 20 21 22 23 24 9_94 .0002010240661959527398307551120281526526
.2709960938 -7690.5136718750 6 13 15 16 18 20 21 22 23 9_95 .0001816789910283049673725066738661126533
.2729492188 -7690.5117187500 9 11 13 14 15 17 18 20 22 9_96 .0001727161852642254747422704894961197997
.2734375000 -7690.5112304688 1 2 3 4 5 6 7 12 22 9_97 .0001705454431399779668531729186659718815
.2758789063 -7690.5087890625 1 2 3 4 5 6 11 22 23 9_98 .0001600941745429410210967669175524481229
.2778320313 -7690.5068359375 13 15 16 17 18 19 20 21 22 9_99 .0001521962168194446993853310761387260052
.2792968750 -7690.5053710938 5 8 10 14 15 16 18 19 23 9_100 .0001465295121660757111674457827347363190
.2797851563 -7690.5048828125 2 3 4 5 6 18 20 22 23 9_101 .0001446878906136486299419474307914472656
.2812500000 -7690.5034179688 1 2 3 4 5 6 7 9 12 9_102 .0001393007426269205237650007147645596378
.2817382813 -7690.5029296875 2 4 7 11 13 15 17 20 22 9_103 .0001375499741564701850986772512049428224
.2846679688 -7690.5000000000 1 3 4 5 6 19 20 21 22 9_104 .0001274978922056133498008924318081042142
.2861328126 -7690.4985351562 1 3 4 6 19 20 21 22 23 9_105 .0001227507771816849254213607242730134604
.2866210938 -7690.4980468750 1 3 8 9 10 14 16 18 19 9_106 .0001212080133555573059960040364408306863
.2880859376 -7690.4965820312 1 2 3 4 5 6 11 12 21 9_107 .0001166950887003577859390737448590523098
.2895507813 -7690.4951171875 1 2 4 5 7 8 10 11 12 9_108 .0001123501935644417720176122994055145325
.2900390626 -7690.4946289062 7 12 15 16 17 18 21 22 23 9_109 .0001109381467021474129147724011297105417
.2915039063 -7690.4931640625 1 2 3 4 5 6 11 15 20 9_110 .0001068075991413037522904449890185950905
.2978515626 -7690.4868164062 1 2 3 4 5 11 20 23 24 9_111 .0000906137738818354519831084096367475708
.3002929688 -7690.4843750000 1 2 4 5 19 20 21 23 24 9_112 .0000850608324814823776755249950324077962
.3007812500 -7690.4838867188 2 3 4 5 20 21 22 24 32 9_113 .0000839917657237338794518117033108914283
.3012695313 -7690.4833984375 6 12 13 16 17 20 21 22 23 9_114 .0000829361350613733859318004695837385542
.3022460938 -7690.4824218750 3 5 8 9 10 14 16 18 19 9_115 .0000808645095310557452257535953514729902
.3046875000 -7690.4799804688 1 2 3 4 5 6 18 20 23 9_116 .0000759090169656560439256597297344569404
.3090820313 -7690.4755859375 2 3 4 6 17 20 22 23 24 9_117 .0000677418580757594670340866671315389724
.3110351563 -7690.4736328125 5 8 9 10 14 16 18 19 23 9_118 .0000643999355309767361034933289102787085
.3129882813 -7690.4716796875 8 12 14 15 16 18 19 21 23 9_119 .0000612228807151369696978240836051004254
.3139648438 -7690.4707031250 1 2 3 5 6 20 22 23 47 9_120 .0000596936210910272442828524053550943098
.3144531250 -7690.4702148438 1 3 7 8 9 11 14 16 18 9_121 .0000589433760711240518102516987677780905
.3168945313 -7690.4677734375 2 4 7 12 13 16 17 21 22 9_122 .0000553312417097863611579753934204563953
.3178710938 -7690.4667968750 1 2 4 5 7 9 10 11 18 9_123 .0000539491467657026287184763996065831705
.3198242188 -7690.4648437500 1 7 8 9 11 14 16 17 18 9_124 .0000512876627885955738877455785488199365
.3212890626 -7690.4633789062 1 2 4 5 6 11 12 15 21 9_125 .0000493780748702848925648513559420457799
.3217773438 -7690.4628906250 1 2 3 5 6 7 9 11 20 9_126 .0000487574783293689540869185639121990607
.3227539063 -7690.4619140625 2 7 9 11 13 15 17 20 22 9_127 .0000475395865524458590829230569381269482
.3232421876 -7690.4614257812 1 2 3 4 5 6 13 20 23 9_128 .0000469420964912680920372019788803550423
.3237304688 -7690.4609375000 1 2 3 4 5 7 8 9 12 9_129 .0000463521159628179129207735598280272409
.3242187500 -7690.4604492188 1 2 4 5 7 9 10 11 20 9_130 .0000457695504637330093830311442121278115
.3247070313 -7690.4599609375 2 3 4 6 11 17 20 22 24 9_131 .0000451943066829212941282692760281939589
.3251953126 -7690.4594726562 2 6 7 12 16 17 21 22 23 9_132 .0000446262927176530974919828907329831454
.3256835938 -7690.4589843750 1 8 9 10 14 15 16 18 19 9_133 .0000440654178158422918662580163320658447
.3286132813 -7690.4560546875 1 2 4 5 6 7 9 10 12 9_134 .0000408451395584308001235894804918141172
.3310546876 -7690.4536132812 1 2 3 5 6 20 22 23 26 9_135 .0000383420910069767007294565927144997325
.3359375000 -7690.4487304688 2 7 12 13 16 17 21 22 23 9_136 .0000337867652785237680021604327917120963
.3398437500 -7690.4448242188 2 7 13 15 16 17 20 22 23 9_137 .0000305353758983706700069135593742481886
.3413085938 -7690.4433593750 5 8 9 10 14 15 16 18 19 9_138 .0000293984555996829762122208657222495773
.3427734376 -7690.4418945312 2 7 9 13 15 16 17 20 22 9_139 .0000283038661296665969161077960754807576
.3432617188 -7690.4414062500 2 4 6 11 13 17 20 22 24 9_140 .0000279481357481002339883314766358439720
.3461914063 -7690.4384765625 1 2 4 7 11 15 17 18 22 9_141 .0000259057002432124264735206646785024418
.3466796876 -7690.4379882812 1 2 3 4 5 6 10 11 44 9_142 .0000255801105705699423568586320197539697
.3481445313 -7690.4365234375 1 4 7 11 15 17 18 21 22 9_143 .0000246276891856421772594136154420437310
.3491210938 -7690.4355468750 2 3 6 16 20 21 22 23 24 9_144 .0000240125248832310595446410053221779186
.3500976563 -7690.4345703125 8 9 11 14 15 17 18 21 24 9_145 .0000234127265015162927588816210027997935
.3510742188 -7690.4335937500 7 11 13 14 15 18 20 21 22 9_146 .0000228279102218693883602535912846410165
.3544921876 -7690.4301757812 1 2 5 15 19 20 21 23 24 9_147 .0000208937180223248326917034582493955919
.3583984376 -7690.4262695312 6 13 15 16 17 19 20 22 23 9_148 .0000188830605258262940426203288781087312
.3623046876 -7690.4223632812 2 6 13 15 16 17 20 22 23 9_149 .0000170658938940894086223555949359518668
.3657226563 -7690.4189453125 1 2 3 4 5 6 7 12 21 9_150 .0000156199131799651846393753333504043901
.3662109376 -7690.4184570312 2 3 6 7 16 20 21 22 23 9_151 .0000154235979917547678476399291154591448
.3691406250 -7690.4155273438 1 2 15 16 20 21 22 23 24 9_152 .0000142964493547068493649949427744153151
.3706054688 -7690.4140625000 6 13 15 16 17 18 20 22 23 9_153 .0000137641512253298310294348683892909131
.3725585938 -7690.4121093750 1 2 3 4 5 6 10 11 30 9_154 .0000130851216179888913714483065579437905
.3745117188 -7690.4101562500 1 8 9 10 11 14 16 18 29 9_155 .0000124395907131903267360464457194476614
.3764648438 -7690.4082031250 1 2 3 4 5 6 20 23 30 9_156 .0000118259059127854100286916087252026966
.3818359376 -7690.4028320312 8 9 11 14 15 16 17 18 24 9_157 .0000102899276399223434628661568625293067
.3876953126 -7690.3969726562 1 3 5 6 10 19 20 22 23 9_158 .0000088409168227643947906790740831047722
.3881835938 -7690.3964843750 8 9 11 14 15 16 17 18 29 9_159 .0000087298018711761362280804917572662401
.3891601563 -7690.3955078125 1 2 3 4 5 6 9 10 32 9_160 .0000085117439592953831282945038694578106
.3896484376 -7690.3950195312 1 2 3 4 5 6 7 10 32 9_161 .0000084047661164536423258319456582578569
.3911132813 -7690.3935546875 1 3 5 6 10 14 19 20 23 9_162 .0000080918324032649124433086614843074930
.3916015626 -7690.3930664062 2 6 15 20 21 22 23 24 25 9_163 .0000079901321196006186545951270905635283
.3940429688 -7690.3906250000 8 9 10 12 14 15 17 18 19 9_164 .0000075004854186577794537555919192792726
.3984375000 -7690.3862304688 4 5 6 7 10 11 12 15 21 9_165 .0000066934975626942848916807650004202862
.3989257813 -7690.3857421875 8 12 14 15 16 19 21 23 41 9_166 .0000066093719200824081288515325190347139
.4042968750 -7690.3803710938 1 2 3 4 5 6 7 12 34 9_167 .0000057509301596607704553270647357465898
.4052734376 -7690.3793945312 1 2 3 5 6 14 19 20 23 9_168 .0000056072801699715225111526256997302900
.4116210938 -7690.3730468750 1 2 4 6 15 20 21 22 23 9_169 .0000047571223659640489039601114011466124
.4121093750 -7690.3725585938 1 2 3 16 20 21 22 23 24 9_170 .0000046973336096630663549157134038552929
.4155273438 -7690.3691406250 1 2 3 4 5 6 7 10 44 9_171 .0000042993319556279667746574409941603736
.4160156250 -7690.3686523438 4 5 7 8 10 11 12 15 18 9_172 .0000042452968287640449720845670038114215
.4287109376 -7690.3559570312 5 15 19 20 21 22 23 24 32 9_173 .0000030555696798654214193579857975189403
.4326171876 -7690.3520507812 1 2 3 6 20 21 22 23 47 9_174 .0000027615241645420820072403678107397709
.4340820313 -7690.3505859375 1 2 3 5 6 9 11 24 32 9_175 .0000026587046453672648513151127448530359
.4355468750 -7690.3491210938 2 3 4 6 12 17 20 22 23 9_176 .0000025597133938060659254596645302621094
.4399414063 -7690.3447265625 1 2 4 5 7 10 11 12 22 9_177 .0000022843101961955767254132196894458308
.4409179688 -7690.3437500000 1 2 3 4 5 6 15 20 29 9_178 .0000022272514085139254822753182407766513
.4423828126 -7690.3422851562 1 2 3 4 5 6 7 8 23 9_179 .0000021443244013256709460224157593371279
.4438476563 -7690.3408203125 1 2 3 5 6 7 9 11 32 9_180 .0000020644850116400503476920106889504402
.4458007813 -7690.3388671875 5 15 19 20 21 22 23 24 41 9_181 .0000019626373623469057853524188449795776
.4506835938 -7690.3339843750 2 4 5 6 20 21 23 24 25 9_182 .0000017294614345535999109553779568854709
.4511718750 -7690.3334960938 2 5 6 15 20 21 23 24 25 9_183 .0000017077251115650870883110821837259054
.4521484376 -7690.3325195312 5 18 19 20 21 22 23 24 26 9_184 .0000016650685868190336761708514112374396
.4531250000 -7690.3315429688 2 4 5 6 20 21 23 24 44 9_185 .0000016234775693106596997178144568857614
.4536132813 -7690.3310546875 8 9 11 14 15 16 17 18 32 9_186 .0000016030732750676284133041449916743116
.4541015626 -7690.3305664062 5 15 19 20 21 22 23 24 26 9_187 .0000015829254273757699765652766781694925
.4545898438 -7690.3300781250 1 2 4 5 7 11 12 21 22 9_188 .0000015630308071959043332015627820320961
.4648437500 -7690.3198242188 1 3 5 7 9 10 11 12 26 9_189 .0000011984399019324292865649700517430999
.4682617188 -7690.3164062500 1 3 5 7 9 10 11 20 23 9_190 .0000010968969622848059569966154358777583
.4721679688 -7690.3125000000 8 10 14 15 16 19 21 23 30 9_191 .0000009913396795767751872574084424248036
.4760742188 -7690.3085937500 1 2 3 4 5 6 12 21 46 9_192 .0000008959404521062153524684727924411885
.4892578126 -7690.2954101562 1 2 6 15 20 21 22 23 31 9_193 .0000006367520602443944663121056215895580
.4902343750 -7690.2944335938 2 6 15 16 17 20 22 23 24 9_194 .0000006208469099726500700803202219296932
.4926757813 -7690.2919921875 1 4 5 7 10 11 15 16 18 9_195 .0000005828005236588338418584779751347426
.4946289063 -7690.2900390625 2 6 15 17 19 20 22 23 24 9_196 .0000005540491096225012928867354253544757
.4985351563 -7690.2861328125 4 5 7 10 11 12 15 16 18 9_197 .0000005007315050439137840618364721733320
.4990234376 -7690.2856445312 1 5 8 9 10 14 16 20 23 9_198 .0000004944381794330091846556864024748727
.5000000000 -7690.2846679688 4 5 6 7 8 10 11 12 15 9_199 .0000004820878251350562697803438359680686
.5078125000 -7690.2768554688 1 5 7 8 10 15 16 18 27 9_200 .0000003937671439136114367356362279470516
.5097656250 -7690.2749023438 2 6 13 17 20 21 22 23 44 9_201 .0000003743413511612497216754722826479040
.5175781250 -7690.2670898438 2 6 7 13 20 21 22 23 40 9_202 .0000003057603138063748601162624798420916
.5219726563 -7690.2626953125 5 6 15 16 19 20 21 22 24 9_203 .0000002728631276102853887815002562258967
.5249023438 -7690.2597656250 1 2 3 4 5 6 7 8 30 9_204 .0000002529224294245803852021786946925169
.5253906250 -7690.2592773438 1 5 7 10 11 15 16 18 27 9_205 .0000002497436342764647910401402391097776
.5297851563 -7690.2548828125 5 14 15 18 19 21 23 24 29 9_206 .0000002228733621479383431395378186190429
.5302734376 -7690.2543945312 2 6 7 17 20 21 22 23 40 9_207 .0000002200722309551426595040585381078204
.5385742188 -7690.2460937500 1 2 3 4 5 6 7 8 21 9_208 .0000001774948025670894190299778417303174
.5488281250 -7690.2358398438 2 5 6 15 19 21 23 24 44 9_209 .0000001360925535201926575820742759254626
.5566406250 -7690.2280273438 5 7 8 10 14 15 16 18 27 9_210 .0000001111597790144228260337835016356586
.5590820313 -7690.2255859375 6 12 15 17 19 20 22 23 24 9_211 .0000001043477488230710134990057171446125
.5610351563 -7690.2236328125 2 5 6 15 18 19 21 23 24 9_212 .0000000991999405964476532388813903700520
.5737304688 -7690.2109375000 5 6 15 16 17 19 20 21 24 9_213 .0000000713995613834033204965918249005668
.5751953126 -7690.2094726562 1 2 3 5 6 16 23 26 35 9_214 .0000000687411493525718722694836483575660
.5795898438 -7690.2050781250 1 2 3 4 5 7 8 21 23 9_215 .0000000613451916730187342427569145595649
.5825195313 -7690.2021484375 1 2 3 5 6 9 11 24 35 9_216 .0000000568621163560671147432610408555548
.5830078126 -7690.2016601562 1 6 12 14 15 16 19 21 22 9_217 .0000000561474582817314662435200784516911
.5859375000 -7690.1987304688 1 2 7 17 20 21 22 23 40 9_218 .0000000520442308046025532425135026027291
.5908203126 -7690.1938476562 1 2 3 5 6 15 22 23 26 9_219 .0000000458609886682208465392591053198908
.6040039063 -7690.1806640625 1 2 4 7 10 11 12 21 22 9_220 .0000000325937723052094213945333488959619
.6064453126 -7690.1782226562 1 2 4 5 7 11 12 22 41 9_221 .0000000305963793366220594903428929360206
.6171875000 -7690.1674804688 2 5 6 13 15 21 23 24 44 9_222 .0000000231646552753013328380867881828468
.6215820313 -7690.1630859375 1 5 6 16 19 20 21 22 35 9_223 .0000000206723371314810409468367051181108
.6254882813 -7690.1591796875 1 2 3 4 5 6 8 19 26 9_224 .0000000186829837009836316734829274646090
.6376953126 -7690.1469726562 8 10 14 15 16 21 23 30 32 9_225 .0000000136183121365783328705330774458474
.6430664063 -7690.1416015625 1 5 8 9 10 14 16 20 26 9_226 .0000000118495316857499739776140594471770
.6499023438 -7690.1347656250 1 2 3 4 6 7 8 22 31 9_227 .0000000099265957139332148964583754637547
.6508789063 -7690.1337890625 2 5 15 18 19 21 23 24 29 9_228 .0000000096786436108492207429989750159674
.6733398438 -7690.1113281250 6 15 16 19 20 21 22 24 41 9_229 .0000000054092900601273898568392397888061
.6850585938 -7690.0996093750 1 6 12 15 16 19 21 22 35 9_230 .0000000039931004725465586184899188298762
.6875000000 -7690.0971679688 2 5 6 20 21 23 24 43 44 9_231 .0000000037483975760676147315985785067736
.7011718750 -7690.0834960938 2 5 6 15 21 23 24 43 44 9_232 .0000000026305341492280410478590120061918
.7016601563 -7690.0830078125 6 7 13 19 20 21 22 23 40 9_233 .0000000025974729023024174491849788413885
.7138671876 -7690.0708007812 2 5 6 20 21 23 24 25 44 9_234 .0000000018933376657603148769783663344042
.7231445313 -7690.0615234375 8 10 14 15 16 23 24 32 34 9_235 .0000000014888900690303484298355330164991
.7299804688 -7690.0546875000 8 10 14 15 16 21 24 32 35 9_236 .0000000012472737463142166642860773153686
.7368164063 -7690.0478515625 1 2 3 5 6 11 27 30 35 9_237 .0000000010448667974915418965340832730012
.7636718750 -7690.0209960938 1 2 3 5 6 11 27 35 38 9_238 .0000000005211352365724693478016649569499
.7939453126 -7689.9907226562 8 10 14 15 16 21 24 32 37 9_239 .0000000002378973045206231027699345121522
.8593750000 -7689.9252929688 1 2 4 7 9 11 22 37 41 9_240 .0000000000436856205562552401146705986663
.8627929688 -7689.9218750000 1 2 3 4 6 7 8 31 39 9_241 .0000000000399841697580466632564914067300
.8774414063 -7689.9072265625 2 3 5 6 7 9 11 12 38 9_242 .0000000000273590203449877502183739649377
.8881835938 -7689.8964843750 5 6 12 15 18 19 21 22 31 9_243 .0000000000207136362883758433634524904132
.9262695313 -7689.8583984375 3 6 7 13 20 22 23 28 40 9_244 .0000000000077234037999553112045854705560
1.0092773438 -7689.7753906250 2 8 12 13 15 16 21 22 38 9_245 .0000000000008995238443384245987240563871
1.0239257813 -7689.7607421875 5 6 12 15 18 19 21 26 31 9_246 .0000000000006154958651630840659971233907
1.0502929688 -7689.7343750000 3 6 7 20 22 23 28 30 40 9_247 .0000000000003108905829765570526599644370
1.3085937500 -7689.4760742188 3 4 11 13 14 16 20 22 58 9_248 .0000000000000003862370586972904295084941
1.3139648438 -7689.4707031250 1 2 3 8 12 15 18 21 35 9_249 .0000000000000003360716223485884375658215
