0 -7697.0869140625 1 2 3 4 5 6 20 24 8_1 .3294215954448848906836219019977710255789
.0561523437 -7697.0307617188 7 11 12 13 15 17 21 22 8_2 .0769248212533082700117409445773778699269
.0595703125 -7697.0273437500 7 12 13 15 16 17 21 22 8_3 .0704070371997785625245579660000017330224
.0737304687 -7697.0131835938 1 2 3 4 6 20 22 24 8_4 .0487889472822126915887948127943237893906
.0771484375 -7697.0097656250 1 2 3 4 6 17 20 22 8_5 .0446550953290522343714931828776351695823
.0839843750 -7697.0029296875 1 2 3 4 5 6 19 20 8_6 .0374084891837304404658690110038594328846
.0883789063 -7696.9985351562 2 4 13 17 20 21 22 24 8_7 .0333836567302587708621101958015724780843
.0961914063 -7696.9907226562 2 4 17 18 20 21 22 24 8_8 .0272676190492546571307873346385386633846
.0981445313 -7696.9887695312 1 2 3 4 5 19 20 24 8_9 .0259224201806121754829907017943345631509
.1000976563 -7696.9868164062 7 9 11 12 13 17 18 22 8_10 .0246435842750479269439398278689121692828
.1113281250 -7696.9755859375 1 2 3 4 5 6 9 20 8_11 .0184232718374062204977513647915507161079
.1123046875 -7696.9746093750 1 2 3 4 6 7 20 22 8_12 .0179630849687739953506696262579295334286
.1142578125 -7696.9726562500 7 8 12 13 15 16 17 21 8_13 .0170769085287380967409502745412686361458
.1225585937 -7696.9643554688 7 11 12 13 15 16 17 21 8_14 .0137730348559170813398820762046222379257
.1250000000 -7696.9619140625 7 8 9 10 11 12 15 16 8_15 .0129290035876210666164773514337214415709
.1279296875 -7696.9589843750 7 11 12 13 15 17 18 22 8_16 .0119841586001705497320586012677719090144
.1284179687 -7696.9584960938 1 3 4 5 6 10 11 20 8_17 .0118335385650113918952309219219494692261
.1318359375 -7696.9550781250 7 8 9 10 12 14 15 16 8_18 .0108308914649046361645221891613873132517
.1323242187 -7696.9545898438 2 3 4 5 19 20 22 24 8_19 .0106947659922973441795552453180480831351
.1352539063 -7696.9516601562 7 8 9 10 11 12 13 15 8_20 .0099131979230112193756453259533946684641
.1367187500 -7696.9501953125 7 9 11 13 15 17 18 20 8_21 .0095441009377245359163794863166624874022
.1386718750 -7696.9482421875 2 3 4 13 20 21 22 24 8_22 .0090732599097475211094896597824869325754
.1455078125 -7696.9414062500 1 2 3 4 5 6 20 46 8_23 .0076008559089144599494585104165159526349
.1464843750 -7696.9404296875 7 9 11 13 15 17 18 22 8_24 .0074109974456340016267310434561194195806
.1484375000 -7696.9384765625 2 3 4 6 20 21 22 23 8_25 .0070453892360807115732236954020403656865
.1489257813 -7696.9379882812 1 2 3 4 6 9 20 22 8_26 .0069568409261150148038003841866201581945
.1494140625 -7696.9375000000 2 3 4 19 20 21 22 24 8_27 .0068694055324551545601477726715679751594
.1518554687 -7696.9350585938 4 6 11 13 17 20 21 22 8_28 .0064484385564330759029448268758696042447
.1528320313 -7696.9340820312 2 3 4 6 20 21 22 24 8_29 .0062873658070818647092633331684499834009
.1650390625 -7696.9218750000 7 9 11 12 13 17 20 22 8_30 .0045829569660745373325133613511446157969
.1669921875 -7696.9199218750 3 4 5 14 19 20 22 24 8_31 .0043568650394320032909511625064086332273
.1684570313 -7696.9184570312 2 3 4 6 19 20 21 22 8_32 .0041946463617101642176922962652687181446
.1704101563 -7696.9165039062 17 18 19 20 21 22 23 24 8_33 .0039877110392701929682370441082368640343
.1733398437 -7696.9135742188 1 2 3 4 5 6 20 41 8_34 .0036962911601176657110737569288620922159
.1738281250 -7696.9130859375 3 4 5 6 19 20 22 24 8_35 .0036498351980122081726409882391836679014
.1752929687 -7696.9116210938 7 9 11 13 17 18 20 21 8_36 .0035139412938612129655545808171407576649
.1767578125 -7696.9101562500 16 17 19 20 21 22 23 24 8_37 .0033831071034230699227913640492916342036
.1831054687 -7696.9038085938 3 4 6 19 20 22 23 24 8_38 .0028701712738258751840011463886692858708
.1835937500 -7696.9033203125 2 3 4 6 13 20 22 24 8_39 .0028340982043199591278079988517649891752
.1884765625 -7696.8984375000 4 7 9 11 12 13 17 22 8_40 .0024973862416681234493162221059559563086
.1889648437 -7696.8979492188 2 3 4 6 7 13 20 22 8_41 .0024659984391468269919280896367569670974
.1904296875 -7696.8964843750 2 7 9 11 13 17 18 22 8_42 .0023741821899763756072976295031213489061
.1948242187 -7696.8920898438 1 3 4 5 6 10 11 12 8_43 .0021187405634398082605767489451994598196
.1953125000 -7696.8916015625 6 11 13 15 17 20 21 22 8_44 .0020921116732732332392134145450594731782
.1967773437 -7696.8901367188 1 2 3 4 6 20 22 46 8_45 .0020142163142291288048460421043240639885
.2065429687 -7696.8803710938 7 12 13 15 16 17 21 34 8_46 .0015640396153715996959308263243320648050
.2075195313 -7696.8793945312 3 4 14 19 20 21 22 24 8_47 .0015249721483038100123572645158226700433
.2114257813 -7696.8754882812 3 4 19 20 21 22 23 24 8_48 .0013782200633631440620485763435071492832
.2138671875 -7696.8730468750 7 9 11 12 13 15 16 17 8_49 .0012937607706884284704033442293423275435
.2148437500 -7696.8720703125 14 15 17 18 19 20 21 22 8_50 .0012614444849018022272096064535790736103
.2153320313 -7696.8715820312 4 7 11 17 18 20 21 22 8_51 .0012455903179408664343655275307041664736
.2192382813 -7696.8676757812 7 9 10 11 12 13 15 16 8_52 .0011257238821223202488369753205225804183
.2207031250 -7696.8662109375 3 4 5 19 20 21 23 24 8_53 .0010838099312072397476852504228355623212
.2216796875 -7696.8652343750 6 13 15 17 19 20 21 22 8_54 .0010567379158325273562003934844335432139
.2280273437 -7696.8588867188 7 9 11 12 13 15 17 21 8_55 .0008965187081769593673968721082039268730
.2285156250 -7696.8583984375 2 7 11 13 15 17 18 22 8_56 .0008852510246180222111116825673545752078
.2294921875 -7696.8574218750 2 3 19 20 21 22 23 24 8_57 .0008631387255341375038532632474614183031
.2319335937 -7696.8549804688 2 4 7 11 12 13 17 22 8_58 .0008102443524389749399837509039738037701
.2329101563 -7696.8540039062 1 2 3 4 5 6 22 30 8_59 .0007900056102455737064698187842098857337
.2343750000 -7696.8525390625 3 4 5 14 19 20 21 24 8_60 .0007605914200553071001093498570459143196
.2353515625 -7696.8515625000 1 2 3 4 5 6 10 11 8_61 .0007415929388412847457207579323117170523
.2373046875 -7696.8496093750 11 14 15 17 18 20 21 22 8_62 .0007050077870346469818354484109255328463
.2377929687 -7696.8491210938 7 11 12 13 15 17 20 25 8_63 .0006961470650421053114351476738264776839
.2397460937 -7696.8471679688 7 9 10 11 12 13 18 37 8_64 .0006618039035577137513566743033232903099
.2407226563 -7696.8461914062 6 15 19 20 21 22 23 24 8_65 .0006452729909430529266144368848947573458
.2446289063 -7696.8422851562 2 3 4 6 13 20 22 23 8_66 .0005831766720810201820425476356019164667
.2509765625 -7696.8359375000 1 2 4 5 20 21 23 24 8_67 .0004947572987206723570943419662360655108
.2543945313 -7696.8325195312 3 4 5 10 14 19 20 24 8_68 .0004528368733049246649968988651751882669
.2563476563 -7696.8305664062 1 3 4 7 8 9 11 12 8_69 .0004304969818553250587740711813713395623
.2573242187 -7696.8295898438 2 4 5 19 20 21 23 24 8_70 .0004197437866708236621485534284320955672
.2592773437 -7696.8276367188 14 15 16 17 19 20 21 22 8_71 .0003990364830397522430337789664880401922
.2690429687 -7696.8178710938 15 16 17 20 21 22 23 24 8_72 .0003098519573313980987795068945506758082
.2729492187 -7696.8139648438 7 9 10 11 13 14 17 18 8_73 .0002800340876661024358345883707209306719
.2753906250 -7696.8115234375 1 3 4 7 8 9 11 18 8_74 .0002628731983885010337863350503582051127
.2763671875 -7696.8105468750 7 8 9 10 11 12 18 26 8_75 .0002563070034649627809703056380877833309
.2788085937 -7696.8081054688 4 11 18 19 20 21 22 24 8_76 .0002406001444547970131325418879542291497
.2827148437 -7696.8041992188 3 7 8 9 10 11 12 18 8_77 .0002174465590761789520096562250105327370
.2836914063 -7696.8032226562 7 9 11 12 13 17 20 34 8_78 .0002120150558059152636030243133682614986
.2841796875 -7696.8027343750 4 11 17 18 19 21 22 24 8_79 .0002093503952131137538902138095808601708
.2861328125 -7696.8007812500 1 2 3 7 8 9 12 16 8_80 .0001990224705680672377236438859364419569
.2871093750 -7696.7998046875 13 14 15 17 19 20 21 22 8_81 .0001940511751148779361476092423945956120
.2875976563 -7696.7993164062 1 3 7 8 9 11 12 14 8_82 .0001916122887698505868957453255579182799
.2880859375 -7696.7988281250 7 8 9 10 11 12 15 26 8_83 .0001892040554816971009938490859469341012
.2890625000 -7696.7978515625 1 3 4 5 7 9 11 20 8_84 .0001844780099348981616094537787954329634
.2915039063 -7696.7954101562 1 2 3 5 7 8 9 11 8_85 .0001731729337242484917302514323403468222
.2939453125 -7696.7929687500 1 3 4 7 9 11 18 22 8_86 .0001625606491685696348355835232802466479
.2954101563 -7696.7915039062 7 11 12 13 15 17 21 30 8_87 .0001565080463637861745326914624595876157
.2973632813 -7696.7895507812 3 5 10 14 19 20 23 24 8_88 .0001487870038143170433177385921256287499
.3007812500 -7696.7861328125 5 10 14 18 19 20 23 24 8_89 .0001361803897475120023961484867832487343
.3095703125 -7696.7773437500 1 2 3 4 6 20 25 46 8_90 .0001084531195598851160468285503990714953
.3242187500 -7696.7626953125 1 2 3 4 18 20 22 24 8_91 .0000742086461334902126509771689150768706
.3261718750 -7696.7607421875 7 8 9 10 11 12 18 39 8_92 .0000705476962485023641396090153576863343
.3271484375 -7696.7597656250 7 9 11 12 13 17 18 28 8_93 .0000687855161258653425191130057113658239
.3295898437 -7696.7573242188 5 10 18 19 20 21 23 24 8_94 .0000645702415171941741746825134336350441
.3305664063 -7696.7563476562 1 3 4 5 9 10 11 24 8_95 .0000629573694650800294771776654457415841
.3310546875 -7696.7558593750 2 3 4 5 6 20 21 47 8_96 .0000621661048032268815992774040960329097
.3339843750 -7696.7529296875 1 2 3 4 6 20 24 46 8_97 .0000576230375734450949386678741473370491
.3344726563 -7696.7524414062 1 3 4 5 7 9 11 18 8_98 .0000568988160405753452522195906400822098
.3369140625 -7696.7500000000 1 2 3 4 6 22 24 44 8_99 .0000534119753795208197529658753716667588
.3417968750 -7696.7451171875 1 2 3 7 8 9 16 20 8_100 .0000470662351254475337543780417185372651
.3447265625 -7696.7421875000 1 2 3 7 8 9 16 23 8_101 .0000436266586696853248380785932312962228
.3471679687 -7696.7397460938 7 9 11 13 17 18 20 28 8_102 .0000409531547562308273008439826566985187
.3476562500 -7696.7392578125 2 3 4 5 6 15 20 21 8_103 .0000404384447068758858616499043290515235
.3496093750 -7696.7373046875 2 3 4 5 6 20 21 46 8_104 .0000384434868790182343275835668042019251
.3530273437 -7696.7338867188 1 2 3 4 6 18 22 24 8_105 .0000351861983387443186018785919666527981
.3535156250 -7696.7333984375 1 2 3 4 6 20 21 46 8_106 .0000347439689185360404701555018679443403
.3544921875 -7696.7324218750 7 8 9 11 12 13 15 29 8_107 .0000338761144786958105750404131364158047
.3554687500 -7696.7314453125 1 2 3 4 5 6 7 30 8_108 .0000330299377962389226682972520371284629
.3579101563 -7696.7290039062 13 14 15 16 17 19 20 22 8_109 .0000310058159827432486905883898800659947
.3588867187 -7696.7280273438 1 2 3 4 5 6 9 30 8_110 .0000302313353123323720682160807062585559
.3598632813 -7696.7270507812 7 8 9 10 11 12 15 33 8_111 .0000294761999019999143415811519150155547
.3666992187 -7696.7202148438 7 8 10 11 12 15 17 26 8_112 .0000246928172461042854945042686389656465
.3715820313 -7696.7153320312 7 11 13 17 18 20 21 39 8_113 .0000217591266967075510761677596972371342
.3725585937 -7696.7143554688 1 7 9 11 13 17 20 22 8_114 .0000212156150200272626659973247744105217
.3808593750 -7696.7060546875 7 9 10 11 13 17 18 28 8_115 .0000171110247450188640548019428985001138
.3857421875 -7696.7011718750 7 9 10 11 12 13 15 29 8_116 .0000150781076371722449605364195676421656
.3891601563 -7696.6977539062 1 4 17 18 19 21 22 24 8_117 .0000138005505637362212015391380885118374
.3901367187 -7696.6967773438 13 15 17 19 20 21 24 25 8_118 .0000134558326676295571838284372248857692
.3911132813 -7696.6958007812 1 2 7 9 11 17 20 22 8_119 .0000131197252606011176119769483198420859
.3920898437 -7696.6948242188 1 2 3 7 8 9 16 42 8_120 .0000127920134009586521907993219392868724
.3964843750 -7696.6904296875 7 9 11 13 17 18 20 39 8_121 .0000114157025205979756536063539757112219
.3979492187 -7696.6889648438 1 3 7 8 9 11 17 42 8_122 .0000109906629503194858532165166515941571
.4077148437 -7696.6791992188 12 15 16 17 21 22 23 24 8_123 .0000085342533133415662173711789150486469
.4082031250 -7696.6787109375 1 2 3 4 5 6 7 47 8_124 .0000084269925670018892510109257858756066
.4101562500 -7696.6767578125 1 3 7 8 9 11 17 32 8_125 .0000080112620682475652863925563589944320
.4106445313 -7696.6762695312 2 7 8 9 11 12 15 29 8_126 .0000079105744138021966502979613949304806
.4155273437 -7696.6713867188 1 2 3 4 6 9 22 30 8_127 .0000069707393081091431733688410509600148
.4208984375 -7696.6660156250 1 3 7 8 9 11 18 40 8_128 .0000060653622315443319989211662881786120
.4213867187 -7696.6655273438 2 3 4 5 6 20 21 37 8_129 .0000059891311749430588702594564296284763
.4218750000 -7696.6650390625 1 2 3 4 18 22 24 36 8_130 .0000059138581948516009025992776202986355
.4331054687 -7696.6538085938 1 2 4 5 19 21 23 24 8_131 .0000044211351691214810604235357253566696
.4365234375 -7696.6503906250 1 3 7 8 9 11 24 32 8_132 .0000040465356077015046808119332429686548
.4418945313 -7696.6450195312 1 2 3 4 5 6 9 29 8_133 .0000035209614301599283283820229090591393
.4482421875 -7696.6386718750 13 15 19 20 21 23 24 25 8_134 .0000029871245704484970281082558244445946
.4555664063 -7696.6313476562 1 7 8 9 11 12 15 33 8_135 .0000024709249998681097222382615488482395
.4619140625 -7696.6250000000 1 2 3 4 6 7 8 9 8_136 .0000020962912901054481213231204107335854
.4638671875 -7696.6230468750 1 2 3 4 6 18 22 36 8_137 .0000019928745353568512490019836090151286
.4663085937 -7696.6206054688 1 4 14 19 21 22 23 24 8_138 .0000018707483393160214892009680745160519
.4667968750 -7696.6201171875 1 2 3 4 5 6 7 28 8_139 .0000018472362808240313311248674531617483
.4687500000 -7696.6181640625 3 4 5 14 19 21 24 30 8_140 .0000017561062063356335032774816184896155
.4697265625 -7696.6171875000 13 14 15 17 19 20 21 25 8_141 .0000017122411956463602124561599422654776
.4702148437 -7696.6166992188 7 9 11 12 13 17 20 39 8_142 .0000016907213011177995661206472551934375
.4750976563 -7696.6118164062 1 2 3 7 8 9 16 46 8_143 .0000014898510215819328226657902489635721
.4770507813 -7696.6098632812 2 12 15 17 21 22 23 24 8_144 .0000014163519051003035406994743722448474
.4931640625 -7696.5937500000 7 8 9 11 12 15 21 29 8_145 .0000009330499142974170659713934687785832
.4941406250 -7696.5927734375 1 2 3 4 5 6 7 33 8_146 .0000009097436676042376386016927885403795
.4970703125 -7696.5898437500 1 4 18 19 21 22 23 24 8_147 .0000008432600644112035512292213371434992
.5029296875 -7696.5839843750 2 5 12 15 21 22 23 24 8_148 .0000007245135583358348879311522304300247
.5073242187 -7696.5795898438 1 2 3 4 5 6 7 13 8_149 .0000006465621178059304028237906569034211
.5083007813 -7696.5786132812 3 4 5 19 21 22 24 30 8_150 .0000006304119231456358601127723963979572
.5087890625 -7696.5781250000 1 2 3 4 11 18 22 36 8_151 .0000006224887414524632843734246770456962
.5185546875 -7696.5683593750 1 2 3 4 5 6 7 45 8_152 .0000004833627078068187683193502914105470
.5239257813 -7696.5629882812 1 4 6 7 11 17 22 25 8_153 .0000004205823489422298014797720654812028
.5249023437 -7696.5620117188 7 11 13 15 17 20 27 34 8_154 .0000004100768070221896739375216949952103
.5312500000 -7696.5556640625 3 4 5 6 19 21 24 30 8_155 .0000003479022781565745168693761826595156
.5429687500 -7696.5439453125 15 17 19 20 21 23 24 25 8_156 .0000002568190531225322827894650419503106
.5620117187 -7696.5249023438 3 4 5 6 19 20 21 39 8_157 .0000001568207182556147231384714548290824
.5654296875 -7696.5214843750 6 15 19 20 21 23 24 25 8_158 .0000001435334130652167313395485888043231
.5781250000 -7696.5087890625 1 3 4 5 6 11 21 47 8_159 .0000001033087588067196352096801170566089
.6108398437 -7696.4760742188 1 15 19 20 21 23 24 25 8_160 .0000000442702156734581095434055450607928
.6313476563 -7696.4555664062 1 2 4 5 6 19 21 39 8_161 .0000000260260991683137572124051578789470
.6787109375 -7696.4082031250 1 2 4 5 6 7 21 46 8_162 .0000000076312561971904455599833921948336
.7299804687 -7696.3569335938 7 11 13 17 20 21 23 30 8_163 .0000000020222723486200641121367204512662
.7651367187 -7696.3217773438 7 9 11 13 17 24 27 30 8_164 .0000000008134849956222308597565328209523
.7705078125 -7696.3164062500 7 11 13 17 20 24 27 30 8_165 .0000000007078275273664603341317152431650
.7978515625 -7696.2890625000 1 3 5 11 14 18 22 27 8_166 .0000000003485973166845485516135983689894
.8203125000 -7696.2666015625 2 4 5 6 21 24 42 46 8_167 .0000000001948272997690589636073456069161
.8457031250 -7696.2412109375 1 4 6 7 8 11 17 47 8_168 .0000000001009294891173903318137298822508
.8466796875 -7696.2402343750 3 4 5 6 8 12 19 30 8_169 .0000000000984084154471165064755166168862
.8798828125 -7696.2070312500 4 7 13 16 17 20 27 34 8_170 .0000000000416402966048640648200347577139
.8979492187 -7696.1889648438 7 13 16 17 20 23 28 45 8_171 .0000000000260780941286556621277023254085
1.0087890625 -7696.0781250000 5 15 17 20 23 24 28 37 8_172 .0000000000014770100827406277101375288500
1.0229492187 -7696.0639648438 1 2 4 6 7 8 11 47 8_173 .0000000000010235023362459531648080720789
1.0698242187 -7696.0170898438 4 7 13 16 17 20 34 37 8_174 .0000000000003039265984506145573410820312
