0 -7640.2011718750 1 2 3 4 5 6 7 9 11 13 15 17 18 20 21 22 24 17_1 .1152298821421071137838232040067845376143
.0024414062 -7640.1987304688 4 7 8 9 10 11 12 13 14 15 16 17 18 19 20 21 22 17_2 .1081684304919515289518890057842000650855
.0053710938 -7640.1958007812 7 8 9 10 11 12 13 14 15 16 17 18 19 20 21 22 23 17_3 .1002635365056601388306105249877916594189
.0327148438 -7640.1684570312 4 7 9 10 11 12 13 14 15 16 17 18 19 20 21 22 24 17_4 .0493786952836055339318935047727527130752
.0444335938 -7640.1567382812 2 4 6 7 8 9 10 11 12 13 15 16 17 18 20 21 22 17_5 .0364510109975604254820961298818041986705
.0546875000 -7640.1464843750 1 2 3 4 5 6 7 9 11 12 13 15 17 18 20 21 22 17_6 .0279484869038662448093473703535383302850
.0551757812 -7640.1459960938 4 5 7 9 10 11 12 13 14 15 16 17 18 19 20 21 22 17_7 .0275972230212232290380389102114875475217
.0571289062 -7640.1440429688 4 5 9 10 11 12 13 14 15 16 17 18 19 20 21 22 24 17_8 .0262357637343391953926530760453064492850
.0581054688 -7640.1430664062 1 2 3 4 6 7 9 11 13 17 18 19 20 21 22 24 34 17_9 .0255804319731637686938325305063529865059
.0600585938 -7640.1411132812 4 5 6 10 11 12 13 14 15 16 17 18 19 20 21 22 24 17_10 .0243184674397907508403659970458033698148
.0629882812 -7640.1381835938 4 7 8 9 10 11 12 13 14 15 16 17 18 19 21 22 24 17_11 .0225412863018677059390490433642163956429
.0634765625 -7640.1376953125 2 3 4 5 6 7 9 11 12 13 15 17 18 20 21 22 24 17_12 .0222579814709207574907966904585206278022
.0649414062 -7640.1362304688 2 3 4 6 7 9 11 12 13 15 16 17 18 20 21 22 34 17_13 .0214292525457760623779632812783632859670
.0678710938 -7640.1333007812 7 8 9 10 11 12 13 14 15 16 17 18 19 21 22 23 24 17_14 .0198632136487576862408017851947165115996
.0722656250 -7640.1289062500 2 6 7 8 9 10 11 12 13 15 16 17 18 20 21 22 23 17_15 .0177261023419238597875027456126423446232
.0737304688 -7640.1274414062 1 3 5 8 9 10 11 14 15 16 17 18 19 20 22 23 24 17_16 .0170661083193769144524122413636882812414
.0776367188 -7640.1235351562 1 2 3 4 6 7 11 13 15 17 18 19 20 21 22 24 25 17_17 .0154237917823322952150221798392041003665
.0781250000 -7640.1230468750 4 7 9 10 11 12 13 14 15 16 17 18 20 21 22 24 25 17_18 .0152299415390194806703601104385019287845
.0810546875 -7640.1201171875 2 3 4 6 7 9 11 12 13 15 17 18 20 21 22 24 25 17_19 .0141169451797265901643537665515543490828
.0825195312 -7640.1186523438 4 8 9 10 11 12 13 14 15 16 17 18 19 20 21 22 24 17_20 .0135913305447963797464869885340728129083
.0883789062 -7640.1127929688 1 2 3 4 6 7 9 11 13 15 17 18 20 21 22 24 37 17_21 .0116774215584424370794834250620975248098
.0903320312 -7640.1108398438 4 7 8 9 10 11 13 14 15 16 17 18 19 20 21 22 24 17_22 .0111013370003919800937726470400556650773
.0932617188 -7640.1079101562 4 7 9 10 11 12 13 14 15 17 18 19 20 21 22 24 25 17_23 .0102900569282389296046705994309237122663
.0937500000 -7640.1074218750 7 8 9 10 11 12 13 14 15 16 17 18 19 20 21 22 26 17_24 .0101607288053368322984615836211979977320
.0942382812 -7640.1069335938 2 4 6 7 9 10 11 12 13 15 16 17 18 20 21 22 24 17_25 .0100330261120596654037651188676152933992
.0952148438 -7640.1059570312 1 7 8 9 10 11 14 15 16 17 18 19 20 21 22 23 24 17_26 .0097824155051601476314524638562033878754
.0957031250 -7640.1054687500 2 3 6 7 8 9 11 12 13 15 16 17 18 20 21 22 23 17_27 .0096594675522427235023043268986428577934
.0966796875 -7640.1044921875 4 6 7 8 9 10 11 12 13 14 15 16 17 18 20 21 22 17_28 .0094181879269540272386417804337983617641
.0976562500 -7640.1035156250 4 7 8 9 10 11 12 13 15 16 17 18 19 20 21 22 24 17_29 .0091829351201482956172796555170254717194
.0991210938 -7640.1020507812 2 4 7 8 9 10 11 12 13 14 15 16 17 18 21 22 24 17_30 .0088410279049112369754955971474126335288
.1035156250 -7640.0976562500 1 3 5 7 8 9 10 11 14 15 16 17 18 19 20 23 24 17_31 .0078898091830202355909105306687078018993
.1064453125 -7640.0947265625 1 2 4 6 7 9 10 11 12 13 15 17 18 20 21 22 24 17_32 .0073132259523020375719587560910301516759
.1069335938 -7640.0942382812 1 2 3 4 5 6 7 9 10 11 13 18 19 20 22 23 24 17_33 .0072213113998515815625014835929889148114
.1079101562 -7640.0932617188 4 9 10 11 12 13 14 15 16 17 18 19 20 21 22 24 25 17_34 .0070409334314950804283987551750136855938
.1162109375 -7640.0849609375 1 3 5 6 8 9 10 11 14 15 16 18 19 20 22 23 24 17_35 .0056787223024462708694448068744486011157
.1186523438 -7640.0825195312 4 6 9 10 11 12 13 14 15 16 17 18 19 20 21 22 24 17_36 .0053307220804635721691876743148980657225
.1191406250 -7640.0820312500 7 8 9 10 11 12 13 14 15 16 17 18 19 20 21 22 47 17_37 .0052637241731451813915270245746344989093
.1206054688 -7640.0805664062 4 7 9 10 11 13 14 15 16 17 18 19 20 21 22 24 25 17_38 .0050677405088516897322953725239822050959
.1210937500 -7640.0800781250 1 2 3 4 5 6 7 9 10 11 13 17 18 20 22 23 24 17_39 .0050040478226075451359690792327564338718
.1215820312 -7640.0795898438 6 7 9 10 11 12 13 14 15 16 17 18 19 20 21 22 34 17_40 .0049411556426785737835675221590971960038
.1245117188 -7640.0766601562 2 7 8 9 10 11 12 13 14 15 16 17 18 19 20 21 22 17_41 .0045800584967969396158337121025087423382
.1289062500 -7640.0722656250 1 4 5 7 8 9 10 11 12 14 15 16 17 18 19 22 24 17_42 .0040872835122174801125616624552242592642
.1313476562 -7640.0698242188 2 4 5 6 7 10 11 12 13 14 15 17 18 19 20 21 22 17_43 .0038368089446360638481350419604704215935
.1347656250 -7640.0664062500 4 7 8 9 10 11 12 13 14 15 16 17 18 19 21 22 30 17_44 .0035117189184474934368885808603894380217
.1367187500 -7640.0644531250 1 3 4 5 8 9 10 11 12 14 15 16 17 18 19 22 24 17_45 .0033384745912639253552463180129842089444
.1386718750 -7640.0625000000 4 6 7 9 10 11 12 13 15 16 17 18 19 20 21 22 24 17_46 .0031737769608970136560744578683147751983
.1391601562 -7640.0620117188 4 5 7 9 10 11 12 13 14 15 16 17 18 19 20 22 24 17_47 .0031338881031652050775443786569715805358
.1406250000 -7640.0605468750 2 3 6 7 9 11 12 13 15 16 17 18 20 21 22 23 34 17_48 .0030172043914544705333203533316232607469
.1435546875 -7640.0576171875 1 2 3 4 6 7 9 10 11 13 15 17 18 19 20 22 24 17_49 .0027967086335208161608326208318700434686
.1440429688 -7640.0571289062 1 3 4 5 7 8 9 10 11 14 16 18 19 20 21 22 24 17_50 .0027615588618522030618840152678379227289
.1484375000 -7640.0527343750 7 8 9 10 11 12 13 14 15 16 17 18 20 21 22 24 39 17_51 .0024644388301940522973738006050011577101
.1494140625 -7640.0517578125 1 2 4 6 7 9 10 11 12 13 15 17 18 19 20 21 22 17_52 .0024028806879589685421109296357551010652
.1523437500 -7640.0488281250 3 4 5 6 9 10 11 12 13 14 15 16 17 18 19 20 22 17_53 .0022272793929269648583054004920813454865
.1542968750 -7640.0468750000 1 2 3 4 7 9 11 12 13 15 17 18 20 21 22 24 37 17_54 .0021174005760744914898556560300974695650
.1552734375 -7640.0458984375 1 2 3 4 6 7 11 13 15 17 18 20 21 22 24 28 34 17_55 .0020645109509664588935382903351495275831
.1562500000 -7640.0449218750 4 7 8 9 10 11 12 13 14 15 16 17 18 19 21 22 26 17_56 .0020129424327267611723724811977244218089
.1577148438 -7640.0434570312 1 3 4 5 6 8 9 10 11 12 14 16 17 18 19 22 24 17_57 .0019379947681074120206037470091464558673
.1586914062 -7640.0424804688 3 7 8 9 10 11 13 14 15 16 17 18 19 20 21 22 24 17_58 .0018895864472913441515366171420985041501
.1596679688 -7640.0415039062 1 3 4 6 7 9 10 11 12 13 15 16 17 18 20 22 25 17_59 .0018423872871321194756263381198864617261
.1606445312 -7640.0405273438 1 2 3 4 7 8 9 11 12 13 14 17 18 19 21 22 24 17_60 .0017963671036256212432422335384027641582
.1616210938 -7640.0395507812 1 2 3 4 6 7 11 13 15 17 18 20 21 22 24 34 43 17_61 .0017514964290130215062660391082570709420
.1630859375 -7640.0380859375 4 5 6 7 9 10 11 12 13 14 15 16 17 18 19 20 22 17_62 .0016862831591166885621737510809478450447
.1640625000 -7640.0371093750 1 2 3 4 5 6 7 8 10 11 15 16 18 20 22 23 24 17_63 .0016441622278581278361672108913696421019
.1689453125 -7640.0322265625 1 5 7 8 9 10 11 12 14 15 16 17 18 19 20 23 24 17_64 .0014488235166531774804508654859492540816
.1694335938 -7640.0317382812 2 4 7 8 9 11 12 13 14 15 16 17 18 19 20 21 22 17_65 .0014306143206046191347658633231116693653
.1699218750 -7640.0312500000 1 3 4 5 7 8 9 10 11 14 15 16 17 18 19 22 24 17_66 .0014126339861933575970033314866931077869
.1713867188 -7640.0297851562 1 7 8 9 10 11 12 13 14 15 16 17 18 19 21 23 24 17_67 .0013600375400626572181521488086297261589
.1718750000 -7640.0292968750 6 7 8 9 10 11 12 13 15 16 17 18 19 20 21 22 27 17_68 .0013429442330616052872854407130278506742
.1757812500 -7640.0253906250 3 4 7 9 10 11 12 13 14 15 16 17 18 20 22 24 25 17_69 .0012137091736672147711726029079039879462
.1767578125 -7640.0244140625 1 2 3 4 5 6 7 9 10 11 12 14 16 17 18 20 22 17_70 .0011833924617938065152317682873693770494
.1772460938 -7640.0239257812 1 2 3 4 6 7 10 11 13 15 17 18 20 21 22 24 34 17_71 .0011685192732435768523117802095495695346
.1782226562 -7640.0229492188 1 2 3 6 7 9 10 11 12 13 15 16 17 18 20 22 25 17_72 .0011393313431264206201645457922731535072
.1796875000 -7640.0214843750 3 4 5 6 7 9 10 11 12 13 14 15 16 17 18 20 22 17_73 .0010969107443022005249435552094423929225
.1801757812 -7640.0209960938 3 4 6 7 9 10 11 12 13 14 15 16 17 18 20 22 25 17_74 .0010831244835904218781030744165971725881
.1816406250 -7640.0195312500 7 8 10 11 12 13 14 15 16 17 18 19 20 21 22 23 39 17_75 .0010427966285969851042809720406865858329
.1826171875 -7640.0185546875 2 4 7 8 9 10 11 12 13 14 15 16 17 18 19 21 22 17_76 .0010167490666129108523737914494652307468
.1835937500 -7640.0175781250 4 7 9 10 11 12 13 14 15 16 17 18 19 20 22 24 37 17_77 .0009913521353143491099594267029054622816
.1845703125 -7640.0166015625 1 2 3 4 6 7 9 10 11 13 17 18 19 20 22 23 24 17_78 .0009665895828812950220567678844364935577
.1860351562 -7640.0151367188 1 2 3 4 5 6 7 9 10 11 18 20 21 22 23 24 40 17_79 .0009306006614634294627494094408618929233
.1865234375 -7640.0146484375 1 2 4 6 7 8 10 11 12 13 15 16 17 18 20 21 23 17_80 .0009189046269273182500405675830264746118
.1879882812 -7640.0131835938 2 4 5 7 9 10 11 12 13 14 16 17 18 20 21 22 24 17_81 .0008846911541207717360186653853455615546
.1884765625 -7640.0126953125 1 2 3 5 7 8 9 10 11 13 14 15 16 18 20 23 24 17_82 .0008735721223804367192853513541109190619
.1889648438 -7640.0122070312 1 2 3 4 5 6 7 8 9 10 11 12 18 19 20 22 23 17_83 .0008625928375633830221168698425910524134
.1904296875 -7640.0107421875 1 2 6 7 8 9 10 11 13 14 15 16 17 18 20 21 22 17_84 .0008304760152879512691155946880278923827
.1918945312 -7640.0092773438 1 2 3 4 6 7 9 11 15 17 18 19 20 21 22 24 34 17_85 .0007995549950504605924537393737243508786
.1928710938 -7640.0083007812 2 7 8 9 10 11 12 13 14 15 16 17 18 19 21 22 24 17_86 .0007795832576781951712163915827220915338
.1933593750 -7640.0078125000 2 4 5 7 8 9 10 11 12 13 14 15 16 17 18 21 24 17_87 .0007697852516939194363267303274916140101
.1948242188 -7640.0063476562 4 5 6 9 10 11 12 13 14 15 16 17 18 19 21 22 24 17_88 .0007411239219236862427864856745818288800
.1953125000 -7640.0058593750 2 3 4 5 6 7 10 11 12 13 15 17 18 19 20 21 22 17_89 .0007318092829155000560428397716780913770
.1967773438 -7640.0043945312 1 2 3 4 5 6 7 8 10 12 15 16 18 20 21 22 23 17_90 .0007045619082218381941590307993980032484
.1972656250 -7640.0039062500 1 2 4 6 7 10 11 12 13 15 16 17 18 20 21 23 25 17_91 .0006957067901506649398449604021495646252
.1977539062 -7640.0034179688 2 4 7 8 9 10 11 12 13 14 15 17 18 21 22 24 40 17_92 .0006869629655160788505594904266086050490
.1992187500 -7640.0019531250 1 3 5 7 8 9 10 11 12 14 16 17 18 19 20 23 24 17_93 .0006613853488349755851122528423292471042
.1997070312 -7640.0014648438 1 2 3 7 8 9 10 11 13 14 15 16 18 20 22 23 24 17_94 .0006530728850384885956284345832296616618
.2001953125 -7640.0009765625 1 2 3 4 6 7 12 13 15 17 18 19 20 21 22 23 24 17_95 .0006448648927875523749102054583222899292
.2016601562 -7639.9995117188 4 7 9 10 12 13 14 15 16 17 18 19 20 21 22 24 34 17_96 .0006208547106350703431964626438041989033
.2031250000 -7639.9980468750 1 2 3 4 5 6 7 9 10 11 13 16 20 21 22 23 24 17_97 .0005977384953506680372586840866246645570
.2045898438 -7639.9965820312 1 2 4 6 7 8 10 11 12 13 15 16 17 18 21 22 35 17_98 .0005754829635722799487413445551003992251
.2055664062 -7639.9956054688 1 4 7 8 9 10 11 12 13 14 15 16 17 18 21 24 37 17_99 .0005611082271781286477232915419696177765
.2070312500 -7639.9941406250 1 3 4 7 8 9 10 11 13 14 16 18 19 20 21 22 24 17_100 .0005402165461533825331770831011008247093
.2075195312 -7639.9936523438 1 3 4 5 7 8 10 11 14 15 16 18 19 20 21 22 24 17_101 .0005334269635143457527459616346611109772
.2080078125 -7639.9931640625 1 5 7 8 9 10 11 12 14 16 17 18 19 21 22 23 24 17_102 .0005267227127587686767187730028689738442
.2084960938 -7639.9926757812 1 3 4 6 7 9 11 13 15 17 18 19 20 21 22 24 34 17_103 .0005201027227947675162392526874268392503
.2089843750 -7639.9921875000 1 2 3 4 5 6 7 8 9 10 11 18 19 20 21 22 23 17_104 .0005135659359407778871171423924954372262
.2094726562 -7639.9916992188 1 2 3 6 8 9 12 14 15 16 17 19 20 21 22 23 24 17_105 .0005071113051311651929758607384570820654
.2104492188 -7639.9907226562 1 6 7 8 9 10 11 14 15 16 17 18 19 20 21 22 23 17_106 .0004944443918265372787863797776554282585
.2119140625 -7639.9892578125 1 2 4 5 6 7 8 10 11 12 13 15 16 17 18 21 22 17_107 .0004760347992982316137730241535280796366
.2124023438 -7639.9887695312 6 7 8 10 11 12 13 14 15 16 17 18 19 20 21 22 39 17_108 .0004700518683982822313114111510996808291
.2148437500 -7639.9863281250 1 2 3 5 7 8 9 10 11 15 16 17 18 20 23 24 26 17_109 .0004412464189779113367024074062312530384
.2158203125 -7639.9853515625 1 2 4 6 7 9 11 12 13 15 17 19 20 21 22 24 37 17_110 .0004302247172065491156534652366368326085
.2172851562 -7639.9838867188 1 2 3 4 6 7 12 13 16 17 18 19 20 21 22 23 24 17_111 .0004142062086132577625451343432212002525
.2177734375 -7639.9833984375 1 2 3 4 5 7 9 12 13 16 17 18 19 20 21 22 24 17_112 .0004090003557467941281983076119150540434
.2207031250 -7639.9804687500 1 2 3 5 7 8 9 10 11 12 15 16 17 18 20 23 26 17_113 .0003791108183687677788659189327339803300
.2216796875 -7639.9794921875 1 2 3 4 5 8 9 12 14 16 17 18 19 21 22 23 24 17_114 .0003696411746535021806440696579330067809
.2226562500 -7639.9785156250 1 2 3 4 5 6 7 12 15 17 19 20 21 22 23 24 31 17_115 .0003604080690367269336342296275512209680
.2236328125 -7639.9775390625 1 2 3 4 6 7 13 16 17 18 19 20 21 22 23 24 39 17_116 .0003514055931364881068658733262294480379
.2246093750 -7639.9765625000 1 2 5 7 8 9 10 11 12 14 15 16 20 21 22 23 24 17_117 .0003426279861537266025285091882075155080
.2250976562 -7639.9760742188 1 2 3 4 6 7 11 12 13 15 16 17 18 20 21 22 26 17_118 .0003383217481404670552435805358099168055
.2255859375 -7639.9755859375 1 2 3 4 6 7 8 9 11 12 15 17 18 19 21 22 24 17_119 .0003340696311858694205234896642163230770
.2260742188 -7639.9750976562 1 2 4 6 7 8 10 11 12 13 15 16 17 18 20 21 46 17_120 .0003298709559585475323850521759768806469
.2280273438 -7639.9731445312 1 2 3 8 9 12 14 15 16 17 18 19 20 21 22 23 24 17_121 .0003135973665427682535315649868270841867
.2285156250 -7639.9726562500 1 2 3 4 5 6 7 9 10 11 18 20 21 22 23 24 31 17_122 .0003096559929386323017906151614765533231
.2290039062 -7639.9721679688 1 2 4 6 7 11 12 13 15 16 17 18 20 21 22 23 26 17_123 .0003057641555473116481804094768899951442
.2294921875 -7639.9716796875 1 3 4 5 6 8 9 10 11 14 15 16 17 18 19 22 24 17_124 .0003019212310026821731944958853407096245
.2304687500 -7639.9707031250 1 3 4 5 6 8 10 11 14 15 16 17 18 19 20 22 23 17_125 .0002943796723102348416508576616788437369
.2314453125 -7639.9697265625 1 2 6 7 8 10 11 12 15 16 17 18 20 21 22 23 35 17_126 .0002870264909217708879588130072429605624
.2319335938 -7639.9692382812 2 7 8 9 10 11 12 13 14 15 16 17 18 21 22 24 25 17_127 .0002834190662877494245747923775984717956
.2324218750 -7639.9687500000 7 8 9 10 11 12 13 14 15 16 17 18 19 21 22 23 28 17_128 .0002798569814428084546437961989872792457
.2333984375 -7639.9677734375 1 3 5 6 8 10 11 14 15 16 18 19 20 21 23 24 27 17_129 .0002728665560128613499110043943941625199
.2338867188 -7639.9672851562 2 4 5 7 9 10 11 12 13 14 16 17 18 19 20 21 22 17_130 .0002694370971751066249862137591174455772
.2348632812 -7639.9663085938 1 6 8 10 11 12 14 15 16 17 18 19 20 21 22 23 24 17_131 .0002627069461682801111196069154885741154
.2353515625 -7639.9658203125 1 2 3 4 5 6 7 9 11 16 17 18 19 20 22 23 24 17_132 .0002594051759863971478783206027567641628
.2358398438 -7639.9653320312 1 2 3 5 7 8 9 10 11 12 15 16 17 18 22 23 36 17_133 .0002561449033229200674002378417513188642
.2363281250 -7639.9648437500 2 4 5 7 9 10 11 12 13 14 15 16 17 18 20 22 29 17_134 .0002529256072812448299326685984279815776
.2368164062 -7639.9643554688 1 7 8 9 10 11 12 14 15 16 17 18 20 21 22 23 38 17_135 .0002497467721929967242885494969751805644
.2373046875 -7639.9638671875 1 3 4 5 7 9 10 11 12 13 14 15 16 18 20 22 24 17_136 .0002466078888955595025461189786933769111
.2382812500 -7639.9628906250 2 3 4 5 6 7 13 15 16 17 18 20 21 22 23 24 31 17_137 .0002404479780408310697964927787966038677
.2402343750 -7639.9609375000 1 2 3 4 5 6 7 8 9 11 12 15 17 18 19 22 24 17_138 .0002285859101630440088936693614984192840
.2412109375 -7639.9599609375 7 8 9 10 11 12 13 14 15 16 17 18 20 21 23 28 46 17_139 .0002228761624515762623997544395118227984
.2416992188 -7639.9594726562 1 2 3 5 7 8 9 10 11 12 15 16 17 18 20 23 36 17_140 .0002200749960638259467783033483375354696
.2421875000 -7639.9589843750 1 2 3 4 5 6 7 9 10 11 13 16 20 21 22 24 30 17_141 .0002173090360368689226189641645335922157
.2426757812 -7639.9584960938 1 2 4 6 7 11 13 15 17 18 20 21 22 23 24 34 43 17_142 .0002145778393179094380836544367520222065
.2431640625 -7639.9580078125 2 4 5 7 9 10 11 12 13 14 16 17 18 20 21 22 23 17_143 .0002118809684437799151586622541547198060
.2436523438 -7639.9575195312 1 2 3 4 7 8 9 11 12 14 15 16 17 18 20 22 25 17_144 .0002092179925540292432185853191310949620
.2451171875 -7639.9560546875 2 3 4 5 6 7 13 16 17 18 19 20 21 22 23 24 39 17_145 .0002014282025267191444349013535070842656
.2460937500 -7639.9550781250 1 3 4 5 6 7 9 10 11 12 14 16 18 19 20 21 22 17_146 .0001963968153446235426092270380157628553
.2470703125 -7639.9541015625 4 6 7 10 11 12 13 14 15 16 17 18 20 21 22 27 37 17_147 .0001914911049876130375116684773457254907
.2480468750 -7639.9531250000 1 3 4 5 6 7 8 9 10 11 12 14 15 16 18 22 23 17_148 .0001867079322291101802905800927316531651
.2495117188 -7639.9516601562 1 4 5 9 10 11 13 14 15 17 18 19 20 21 22 24 36 17_149 .0001797562562849929110159408089185679032
.2500000000 -7639.9511718750 2 7 8 9 10 11 12 13 15 16 17 18 20 21 22 24 48 17_150 .0001774970327095189591639453968942066106
.2514648438 -7639.9497070312 1 4 5 7 8 10 11 12 14 15 16 17 19 20 21 23 24 17_151 .0001708883051760533092962967510706076153
.2519531250 -7639.9492187500 1 2 4 6 7 8 10 11 12 13 15 16 17 20 21 23 46 17_152 .0001687405363261367417537772515717043707
.2534179688 -7639.9477539062 1 2 4 5 9 10 11 14 15 17 18 19 20 21 22 24 36 17_153 .0001624578384612360638015258896351899114
.2539062500 -7639.9472656250 1 3 4 5 6 7 9 10 11 12 13 14 16 18 19 21 22 17_154 .0001604160259187548645259918607500608550
.2558593750 -7639.9453125000 1 2 3 4 5 7 9 12 13 16 17 18 19 20 22 23 24 17_155 .0001525021902373835356497965821220816601
.2563476562 -7639.9448242188 1 4 7 8 9 10 11 12 13 14 15 16 17 18 21 24 40 17_156 .0001505855028818710347853021364480832416
.2568359375 -7639.9443359375 1 2 4 5 9 10 11 14 15 17 18 19 20 21 22 24 26 17_157 .0001486929045684609045584005865465983328
.2573242188 -7639.9438476562 1 2 3 4 6 7 8 9 10 12 13 16 17 18 20 22 23 17_158 .0001468240929297795678780588774919667846
.2583007812 -7639.9428710938 1 2 3 4 5 6 7 8 10 11 14 18 19 20 21 22 23 17_159 .0001431566383468067191149332850239997327
.2587890625 -7639.9423828125 1 2 4 5 7 8 10 11 12 14 15 16 20 21 22 23 24 17_160 .0001413574079620520087386260572100193038
.2597656250 -7639.9414062500 1 2 4 6 7 8 11 12 13 15 17 18 20 21 22 24 41 17_161 .0001378265029468013042878913832173753665
.2602539062 -7639.9409179688 1 2 3 4 5 7 9 10 11 12 13 14 15 16 18 22 24 17_162 .0001360942634619687562042549568641390346
.2607421875 -7639.9404296875 1 3 4 5 7 8 9 10 11 12 14 15 16 18 20 22 23 17_163 .0001343837948672928672249164942398818493
.2612304688 -7639.9399414062 1 2 4 6 7 9 11 12 13 15 17 20 21 22 24 28 37 17_164 .0001326948238930085246668052159509858789
.2626953125 -7639.9384765625 1 2 3 4 6 7 11 13 15 17 18 20 21 22 24 33 34 17_165 .0001277542124129968802349155503621141017
.2631835938 -7639.9379882812 2 4 5 6 7 8 10 11 12 13 15 17 18 20 21 22 23 17_166 .0001261485637793860403486996940618780654
.2636718750 -7639.9375000000 1 2 3 4 5 6 7 10 11 13 16 20 21 22 23 24 30 17_167 .0001245630956839072314278125144857986763
.2651367188 -7639.9360351562 1 2 3 4 6 7 9 11 15 17 18 20 21 22 24 34 43 17_168 .0001199252516166931065232368742809216567
.2656250000 -7639.9355468750 2 3 6 7 8 9 11 12 13 15 16 17 18 20 21 22 30 17_169 .0001184179997338016280582952694088811344
.2661132812 -7639.9350585938 1 3 7 8 9 10 11 12 14 15 16 17 18 20 22 23 38 17_170 .0001169296913862194695586247731830630040
.2666015625 -7639.9345703125 1 2 3 4 5 6 7 13 15 17 19 20 21 22 23 24 31 17_171 .0001154600881875720625401244946106980819
.2670898438 -7639.9340820312 1 2 3 7 8 9 10 14 15 16 18 20 21 22 23 24 34 17_172 .0001140089553494966429836567712266409193
.2675781250 -7639.9335937500 1 2 3 5 7 8 9 10 11 12 15 16 18 22 23 24 36 17_173 .0001125760610232353349459295253433669566
.2700195312 -7639.9311523438 1 2 3 4 7 8 9 10 11 14 16 18 20 22 23 24 34 17_174 .0001056772393191554042648380093596885359
.2705078125 -7639.9306640625 2 6 7 8 9 10 11 12 13 15 16 17 18 20 21 22 40 17_175 .0001043490599056419488788001594922190949
.2714843750 -7639.9296875000 2 3 4 5 6 7 10 11 12 13 14 15 17 18 19 20 22 17_176 .0001017425702687037955999550674194784303
.2724609375 -7639.9287109375 1 3 5 7 8 9 10 11 14 15 16 17 18 19 20 24 39 17_177 .0000992011869991216040905092194777279641
.2729492188 -7639.9282226562 1 4 5 6 8 9 10 11 14 16 18 19 20 21 22 23 24 17_178 .0000979544003190644799590115073454288661
.2734375000 -7639.9277343750 1 2 3 4 5 6 7 8 9 10 11 12 13 15 18 22 24 17_179 .0000967232838333529384733667055704837004
.2739257812 -7639.9272460938 1 2 3 4 7 8 9 10 11 12 14 16 18 20 22 23 24 17_180 .0000955076403411613803013874570838343082
.2744140625 -7639.9267578125 2 3 4 5 7 9 10 11 12 13 14 16 18 20 22 23 24 17_181 .0000943072751295828046177334437312042374
.2749023438 -7639.9262695312 1 3 6 7 9 10 11 12 13 14 15 16 17 19 20 22 25 17_182 .0000931219964245498952846401492779086418
.2753906250 -7639.9257812500 1 2 5 7 8 9 10 11 13 14 15 16 17 18 20 21 22 17_183 .0000919516148530512447798312704626114819
.2778320312 -7639.9233398438 2 4 5 6 7 10 11 12 13 14 15 16 17 18 21 22 27 17_184 .0000863166886484250316140153130595300324
.2783203125 -7639.9228515625 1 2 4 6 7 9 11 12 13 15 17 20 21 22 24 37 41 17_185 .0000852318377416062732168331315345888516
.2788085938 -7639.9223632812 1 2 6 7 8 9 10 11 12 13 15 17 18 20 21 22 28 17_186 .0000841606215270869274967144249658967239
.2792968750 -7639.9218750000 1 2 7 8 9 10 11 13 14 15 16 17 18 20 21 22 30 17_187 .0000831028688557190761482488171059710777
.2797851562 -7639.9213867188 1 2 3 5 7 8 9 10 11 12 14 16 20 21 22 23 24 17_188 .0000820584102961755502545418518496765913
.2802734375 -7639.9208984375 1 2 4 5 8 10 11 12 14 15 16 17 20 21 22 23 24 17_189 .0000810270785547031426310088521517431501
.2807617188 -7639.9204101562 1 2 4 5 6 7 8 10 11 12 13 15 17 18 21 22 23 17_190 .0000800087088625457225504542034654909117
.2822265625 -7639.9189453125 1 3 4 5 7 9 10 11 12 13 14 15 16 18 19 21 22 17_191 .0000770297535882546498665143783583147064
.2827148438 -7639.9184570312 1 2 3 7 8 9 12 14 15 16 17 20 21 22 23 24 25 17_192 .0000760616233304708517620306359441251642
.2836914062 -7639.9174804688 1 4 7 8 9 10 11 12 13 15 16 17 18 21 22 24 40 17_193 .0000741617134212361161760277557900848304
.2841796875 -7639.9169921875 1 2 3 4 6 7 9 11 12 13 16 17 18 20 22 24 29 17_194 .0000732296294486458529062787811141887745
.2851562500 -7639.9160156250 1 2 3 7 8 9 11 12 14 15 16 17 20 21 22 23 25 17_195 .0000714004584868057229239178512815530666
.2856445312 -7639.9155273438 1 2 3 4 5 6 7 9 11 12 14 16 17 20 21 22 24 17_196 .0000705030788770674456205559271565763726
.2861328125 -7639.9150390625 1 4 5 6 7 8 10 11 12 13 14 15 16 17 18 21 22 17_197 .0000696169775883023946181163458109328395
.2866210938 -7639.9145507812 1 2 3 4 6 7 8 10 12 15 16 18 19 20 21 22 23 17_198 .0000687420130542217759651169161456728289
.2871093750 -7639.9140625000 2 5 6 7 9 10 11 13 14 15 16 17 18 20 21 22 23 17_199 .0000678780454809796443521061924643239767
.2875976562 -7639.9135742188 1 2 3 4 7 8 9 10 11 12 13 14 15 17 18 22 34 17_200 .0000670249364778382330525642459364420161
.2880859375 -7639.9130859375 1 4 5 8 9 10 11 14 15 16 17 18 19 21 22 24 26 17_201 .0000661825494000204694928094449089147526
.2885742188 -7639.9125976562 1 2 3 4 5 7 8 9 10 11 12 13 14 16 17 18 39 17_202 .0000653507496651554140652934137686988276
.2890625000 -7639.9121093750 4 6 7 9 10 11 12 13 14 16 17 18 20 21 22 23 34 17_203 .0000645294043758747005674169009970615377
.2895507812 -7639.9116210938 2 4 5 8 9 10 12 13 14 15 16 17 18 19 20 21 24 17_204 .0000637183819686983268073863716719067750
.2910156250 -7639.9101562500 2 4 7 8 9 10 11 12 13 14 15 16 17 18 19 21 24 17_205 .0000613459624477840773595746906168959715
.2915039062 -7639.9096679688 1 2 3 4 5 6 7 9 10 11 12 15 18 19 20 22 23 17_206 .0000605749503701713763575708938163125755
.2929687500 -7639.9082031250 1 2 3 5 8 9 12 14 16 17 18 19 21 22 23 24 36 17_207 .0000583195698928829920328057294427024544
.2934570312 -7639.9077148438 1 3 4 5 6 7 9 10 11 14 16 18 19 20 22 23 41 17_208 .0000575865943072955324083953519976368382
.2939453125 -7639.9072265625 1 2 3 4 5 6 7 12 13 15 17 18 20 21 22 23 31 17_209 .0000568628308030057578140891583940974819
.2944335938 -7639.9067382812 1 7 8 9 11 12 13 14 15 16 17 18 19 21 22 24 25 17_210 .0000561481637493125667916203721799367750
.2949218750 -7639.9062500000 1 3 4 5 7 8 10 11 12 14 15 16 17 18 20 22 24 17_211 .0000554424789632381188141797381944965819
.2954101562 -7639.9057617188 1 2 7 8 9 10 11 12 13 15 16 17 18 21 22 24 48 17_212 .0000547456634078569548430174669460744652
.2958984375 -7639.9052734375 1 2 3 5 7 9 10 11 12 14 15 16 20 21 22 23 24 17_213 .0000540576054723363733766371349570974518
.2968750000 -7639.9042968750 1 3 5 6 8 9 10 11 14 15 16 17 18 19 20 24 46 17_214 .0000527073241321044069606289035495017859
.2973632812 -7639.9038085938 3 4 5 7 8 9 10 11 13 14 16 18 19 20 21 24 30 17_215 .0000520448847169743605984963327882546760
.2978515625 -7639.9033203125 1 2 3 4 5 6 7 9 10 11 13 20 21 22 24 27 30 17_216 .0000513907708803041724438671933064546061
.2983398438 -7639.9028320312 2 6 7 8 9 10 11 12 13 14 15 17 18 20 21 22 28 17_217 .0000507448781188395528797422984946061812
.2993164062 -7639.9018554688 4 7 8 9 12 13 14 15 16 17 18 19 20 21 22 24 28 17_218 .0000494773440778947636704609069297895915
.2998046875 -7639.9013671875 1 3 4 5 7 9 10 11 14 15 16 17 18 19 20 22 23 17_219 .0000488554997691016778619964805343403674
.3002929688 -7639.9008789062 7 9 10 11 12 13 14 15 16 17 18 20 21 24 25 27 46 17_220 .0000482414709635775137619412399168644955
.3007812500 -7639.9003906250 1 2 3 4 6 7 8 12 13 15 17 20 21 22 23 24 31 17_221 .0000476351595574050244589276699489227939
.3017578125 -7639.8994140625 1 2 3 5 7 8 9 10 12 13 14 15 16 18 20 23 24 17_222 .0000464453016913874073018372064776994836
.3027343750 -7639.8984375000 1 2 3 4 6 8 9 11 12 13 15 17 18 19 20 22 24 17_223 .0000452851647658364189269481008760864362
.3032226562 -7639.8979492188 1 2 5 7 8 9 10 11 12 14 15 16 17 18 19 20 22 17_224 .0000447160089880481086385507367933185443
.3037109375 -7639.8974609375 1 2 4 6 7 8 10 11 12 15 16 17 20 21 22 23 35 17_225 .0000441540063943482299767495094206219838
.3046875000 -7639.8964843750 1 2 3 4 7 9 10 12 13 16 17 18 19 20 22 23 24 17_226 .0000430511027342650681713414639216381239
.3051757812 -7639.8959960938 2 7 8 9 10 11 12 13 14 15 16 17 18 19 21 24 25 17_227 .0000425100252315538440368105406773275221
.3056640625 -7639.8955078125 1 2 4 6 7 11 12 13 15 16 17 18 20 21 22 27 41 17_228 .0000419757480234790767093460196685589853
.3061523438 -7639.8950195312 4 7 9 10 11 12 13 14 15 16 17 18 21 22 24 31 34 17_229 .0000414481857522577527468539037785513962
.3071289062 -7639.8940429688 1 2 3 4 6 7 9 10 12 13 16 17 18 20 22 23 24 17_230 .0000404128697100484678697045519110917153
.3081054688 -7639.8930664062 2 3 4 7 8 9 10 11 12 13 14 15 17 18 22 24 40 17_231 .0000394034141687723727852139174230650952
.3085937500 -7639.8925781250 1 2 3 4 7 8 9 10 11 12 13 14 15 17 18 22 38 17_232 .0000389081817686098039165480400128032244
.3090820312 -7639.8920898438 1 2 3 4 5 6 7 10 11 18 19 20 21 22 23 24 40 17_233 .0000384191735785910643116948855489959749
.3095703125 -7639.8916015625 1 3 4 5 9 10 11 14 16 17 18 19 20 22 24 34 38 17_234 .0000379363112729513739484283390898248718
.3120117188 -7639.8891601562 1 4 5 6 7 8 10 11 12 14 15 16 17 18 21 22 31 17_235 .0000356115198777981431293606896244451518
.3125000000 -7639.8886718750 4 5 7 9 10 11 12 13 14 15 16 17 18 19 20 22 28 17_236 .0000351639449954039239194524463440020932
.3129882812 -7639.8881835938 1 2 3 4 5 7 8 9 10 11 12 13 14 17 18 24 39 17_237 .0000347219953510236286781787869109987654
.3139648438 -7639.8872070312 1 2 3 4 5 6 7 10 11 13 20 21 22 23 24 30 39 17_238 .0000338546896916450639043003325334642744
.3144531250 -7639.8867187500 2 3 6 7 8 9 10 11 13 14 15 16 17 18 20 21 22 17_239 .0000334291951098572870032401927042467086
.3149414062 -7639.8862304688 1 2 3 4 5 6 9 10 12 16 17 18 19 20 22 23 26 17_240 .0000330090482550987563659283605758369720
.3154296875 -7639.8857421875 4 7 10 12 13 14 15 16 17 18 19 20 21 22 24 28 34 17_241 .0000325941818313110611470759545809983968
.3159179688 -7639.8852539062 1 2 3 5 8 9 12 14 15 16 17 19 21 22 23 24 44 17_242 .0000321845295581482572666658161358355475
.3164062500 -7639.8847656250 4 7 9 10 11 12 13 14 15 16 17 18 21 22 24 34 43 17_243 .0000317800259851097414736182235407802977
.3178710938 -7639.8833007812 1 3 5 7 8 9 10 14 15 16 18 19 21 22 23 24 44 17_244 .0000305967637663786610376087203661655701
.3193359375 -7639.8818359375 2 7 9 10 11 12 13 14 15 16 17 18 20 21 24 25 27 17_245 .0000294575578962441933251749426729129148
.3198242188 -7639.8813476562 4 6 7 9 10 11 12 13 14 16 17 18 20 21 22 27 34 17_246 .0000290873275399040617448278442607229877
.3212890625 -7639.8798828125 2 3 4 5 6 7 13 16 17 18 19 20 21 22 23 24 31 17_247 .0000280043223393215492335383184411088595
.3232421875 -7639.8779296875 4 7 8 9 10 11 12 13 14 15 16 17 18 20 25 28 29 17_248 .0000266227795408869918843779528479525985
.3237304688 -7639.8774414062 1 2 4 5 6 7 8 11 12 13 15 17 18 21 22 23 24 17_249 .0000262881774265194578229699359389158170
.3247070312 -7639.8764648438 1 2 7 8 10 11 12 14 15 17 18 19 20 21 22 23 24 17_250 .0000256315365792505986252948020190638853
.3251953125 -7639.8759765625 1 3 4 5 6 9 10 11 12 16 17 18 19 20 22 24 34 17_251 .0000253093926678406518883859457003792708
.3256835938 -7639.8754882812 3 4 7 9 10 11 12 13 16 17 18 19 20 22 24 36 37 17_252 .0000249912975460667704965671506933844346
.3266601562 -7639.8745117188 1 2 3 8 9 12 14 15 16 17 19 20 21 22 23 24 25 17_253 .0000243670508921909957882023250645131250
.3276367188 -7639.8735351562 4 7 8 9 10 11 12 13 15 16 17 18 19 20 22 26 29 17_254 .0000237583968984469490197623408672596542
.3281250000 -7639.8730468750 1 8 10 11 12 14 15 16 17 18 19 20 21 22 23 24 36 17_255 .0000234597951613071902454092825476937832
.3286132812 -7639.8725585938 1 2 3 5 6 8 9 10 14 16 17 18 19 20 22 23 26 17_256 .0000231649463287848600167835665003692042
.3295898438 -7639.8715820312 1 2 3 4 5 6 8 9 10 16 17 18 19 20 22 23 26 17_257 .0000225863191834539533062333401942839326
.3300781250 -7639.8710937500 1 2 3 4 6 7 8 9 11 12 13 15 17 20 22 29 43 17_258 .0000223024484251447816060822442028248374
.3305664062 -7639.8706054688 1 4 5 7 8 9 10 11 12 14 17 18 19 20 21 23 24 17_259 .0000220221454286638433671693059082767318
.3315429688 -7639.8696289062 1 2 3 4 5 6 9 10 12 16 18 19 20 22 23 26 36 17_260 .0000214720638112669658185796421383373360
.3320312500 -7639.8691406250 1 2 3 4 5 6 7 9 10 11 12 13 14 16 17 20 39 17_261 .0000212021973054826811084196551827738093
.3330078125 -7639.8681640625 7 8 9 10 11 12 13 14 15 16 17 18 20 21 22 29 48 17_262 .0000206725968701071184520581603051270340
.3334960938 -7639.8676757812 1 2 4 6 7 8 10 11 12 15 16 17 20 21 22 23 44 17_263 .0000204127782207590176754009987803141895
.3339843750 -7639.8671875000 1 2 4 6 7 10 11 12 13 15 16 17 18 21 22 24 35 17_264 .0000201562250929271597486473284741490896
.3344726562 -7639.8666992188 1 5 7 8 9 10 11 12 14 16 17 18 21 22 23 24 27 17_265 .0000199028963918092203468694255499167903
.3349609375 -7639.8662109375 1 2 3 7 8 9 10 11 12 15 16 18 20 22 23 24 38 17_266 .0000196527515410617745636449811902362665
.3359375000 -7639.8652343750 1 3 4 7 8 9 11 12 13 14 15 17 18 20 21 22 40 17_267 .0000191618540353686905141102597439003575
.3364257812 -7639.8647460938 1 3 5 6 8 9 10 11 12 14 16 17 19 21 22 23 24 17_268 .0000189210228493995054144756408661273255
.3369140625 -7639.8642578125 1 2 3 4 7 8 9 11 12 13 14 15 17 18 19 22 48 17_269 .0000186832184442778541708933017925790503
.3374023438 -7639.8637695312 1 2 3 4 5 6 9 10 11 12 16 18 19 20 22 23 36 17_270 .0000184484028276347844210967852557278059
.3378906250 -7639.8632812500 1 2 6 7 8 9 10 11 14 15 17 18 19 20 21 22 23 17_271 .0000182165384827746359846596033941355702
.3388671875 -7639.8623046875 2 6 7 8 9 11 12 13 15 16 17 18 20 21 22 29 44 17_272 .0000177615155164041460267566053021757793
.3398437500 -7639.8613281250 1 2 4 6 7 10 11 12 13 15 17 18 21 22 24 34 35 17_273 .0000173178583701712404087311593586030572
.3408203125 -7639.8603515625 1 2 3 7 8 9 10 11 12 13 15 16 18 20 22 24 29 17_274 .0000168852831422139310591641032463583880
.3417968750 -7639.8593750000 1 2 4 6 7 8 10 11 12 13 15 16 17 18 21 34 35 17_275 .0000164635130221309660981303526809561401
.3422851562 -7639.8588867188 1 2 3 4 6 7 12 14 15 16 17 18 20 21 22 23 37 17_276 .0000162565952907350106704524222761654677
.3442382812 -7639.8569335938 2 3 4 6 7 9 11 12 13 16 17 18 20 22 24 29 34 17_277 .0000154546054450659151582622827022626193
.3452148438 -7639.8559570312 1 2 3 4 5 6 7 9 10 11 12 13 16 17 22 39 42 17_278 .0000150685715599028812975119612674397989
.3461914062 -7639.8549804688 1 2 4 6 7 9 10 11 12 13 14 15 17 20 21 22 30 17_279 .0000146921803238088806627584019035579935
.3471679688 -7639.8540039062 1 2 3 4 6 7 8 10 11 12 15 16 19 20 21 22 23 17_280 .0000143251907250076650097701883000788405
.3476562500 -7639.8535156250 1 3 4 5 6 7 9 10 11 12 13 14 16 17 20 23 34 17_281 .0000141451479867021497601473308267577254
.3486328125 -7639.8525390625 2 3 4 6 7 8 9 11 12 14 15 16 17 18 21 22 25 17_282 .0000137918225070702791922500821661448989
.3491210938 -7639.8520507812 1 2 3 4 5 6 7 9 13 14 17 19 20 21 22 23 24 17_283 .0000136184832445503706723810892041411150
.3510742188 -7639.8500976562 7 9 10 11 12 13 14 15 16 17 18 20 21 22 27 43 46 17_284 .0000129466399046495037136452794786396706
.3535156250 -7639.8476562500 1 4 5 8 9 10 11 12 14 16 17 18 19 20 21 24 25 17_285 .0000121532513320055499404688074001356006
.3540039062 -7639.8471679688 1 2 3 4 6 7 14 15 16 17 18 20 21 22 23 24 37 17_286 .0000120005060952311712130838345605172590
.3554687500 -7639.8457031250 1 2 3 4 5 6 7 8 10 12 16 18 20 21 22 23 39 17_287 .0000115536925691883586925204678458580235
.3559570312 -7639.8452148438 1 2 3 4 6 7 9 11 13 14 17 19 20 21 22 23 24 17_288 .0000114084827435303032552630051734088823
.3593750000 -7639.8417968750 1 3 4 7 8 9 10 11 12 13 14 15 17 19 20 22 28 17_289 .0000104418503134607595171255874465199153
.3613281250 -7639.8398437500 1 2 3 4 5 6 7 9 10 11 12 14 16 17 20 34 37 17_290 .0000099267204371474293864435627646038209
.3618164062 -7639.8393554688 1 2 3 4 7 8 9 10 11 12 16 18 20 22 23 24 34 17_291 .0000098019588221570371192794876389398878
.3632812500 -7639.8378906250 1 5 8 10 11 12 14 15 16 17 18 19 20 22 23 24 36 17_292 .0000094370035653787543784312764012052142
.3637695312 -7639.8374023438 1 3 4 5 6 8 10 14 15 16 17 18 19 20 22 23 28 17_293 .0000093183968399308603976981596266532150
.3642578125 -7639.8369140625 1 3 4 5 6 8 10 11 14 16 17 18 19 20 23 24 37 17_294 .0000092012807709506064772773330202627448
.3647460938 -7639.8364257812 1 2 4 5 7 9 10 11 13 14 15 16 17 18 20 22 23 17_295 .0000090856366476117542557671634989817369
.3652343750 -7639.8359375000 1 2 3 4 5 6 7 9 10 11 12 14 16 17 20 34 47 17_296 .0000089714459933519599818526293570891104
.3657226562 -7639.8354492188 1 2 3 4 6 7 15 17 18 20 21 22 23 24 31 34 37 17_297 .0000088586905170577854787687516238609554
.3666992188 -7639.8344726562 2 3 4 6 7 8 9 11 12 13 15 17 19 20 22 24 33 17_298 .0000086374131295558907851357737714230641
.3676757812 -7639.8334960938 2 3 4 5 7 8 9 10 11 12 13 16 18 20 22 23 24 17_299 .0000084216629775548177945563543725243854
.3686523438 -7639.8325195312 1 2 3 4 7 9 11 13 14 17 19 20 21 22 24 25 34 17_300 .0000082113019113784496562949448102286045
.3701171875 -7639.8310546875 1 2 3 5 6 7 8 9 10 11 12 14 15 16 22 23 34 17_301 .0000079055714292165494884093001104500353
.3706054688 -7639.8305664062 1 2 3 4 6 7 9 10 11 12 16 18 20 22 23 24 34 17_302 .0000078062121225958068107223672658433319
.3720703125 -7639.8291015625 1 2 3 4 7 9 10 12 13 14 16 17 18 20 22 24 34 17_303 .0000075155643030591551893381188906205010
.3745117188 -7639.8266601562 1 2 3 4 5 6 7 8 9 10 11 12 13 16 17 39 42 17_304 .0000070549997770101940223684171509792964
.3750000000 -7639.8261718750 1 2 3 4 6 7 9 10 11 12 13 16 18 20 22 24 29 17_305 .0000069663306972763857903458418940786378
.3759765625 -7639.8251953125 1 3 4 5 6 7 8 10 11 12 14 15 16 17 18 22 31 17_306 .0000067923217623961464959217395879144839
.3764648438 -7639.8247070312 3 4 6 8 9 11 12 13 14 17 18 19 20 21 22 24 43 17_307 .0000067069540711799856202787824498862534
.3769531250 -7639.8242187500 1 2 3 4 6 7 12 13 14 15 16 17 18 21 22 23 37 17_308 .0000066226593207752630242341991740307953
.3789062500 -7639.8222656250 6 7 9 10 11 12 13 14 15 16 17 18 20 21 22 24 46 17_309 .0000062959423525786948703195795263980559
.3793945312 -7639.8217773438 1 3 5 7 8 9 10 11 14 15 16 17 18 19 24 32 39 17_310 .0000062168133047962382455088313743957019
.3798828125 -7639.8212890625 2 4 7 9 10 11 12 13 14 17 18 19 21 22 24 25 32 17_311 .0000061386787556512719348971878645467442
.3808593750 -7639.8203125000 1 2 3 4 7 9 10 12 13 14 16 17 18 20 22 23 34 17_312 .0000059853433774929457766944212413888375
.3823242188 -7639.8188476562 1 2 4 7 8 10 11 14 15 17 18 19 20 21 23 24 34 17_313 .0000057624917445824503550659771712348859
.3833007812 -7639.8178710938 1 2 4 5 7 8 9 10 14 15 17 18 19 20 21 23 24 17_314 .0000056185529921862781846711291184747137
.3847656250 -7639.8164062500 6 7 10 11 12 13 14 15 16 17 18 19 20 21 22 24 39 17_315 .0000054093580254261045616946770419287100
.3857421875 -7639.8154296875 2 4 6 7 9 10 11 12 13 14 15 17 20 21 22 32 40 17_316 .0000052742400315648197205656137566064970
.3867187500 -7639.8144531250 1 2 3 4 6 7 8 9 10 12 16 17 18 19 20 22 39 17_317 .0000051424970911163952867223104742011156
.3872070312 -7639.8139648438 1 4 7 8 10 11 12 14 15 16 17 19 20 21 23 24 34 17_318 .0000050778648446223614587860909531583596
.3881835938 -7639.8129882812 1 2 3 4 5 7 9 11 12 13 15 16 17 18 19 22 24 17_319 .0000049510270614599201397126238319874568
.3886718750 -7639.8125000000 4 7 8 9 10 11 12 13 14 15 16 17 18 21 22 29 48 17_320 .0000048888012603043494444112641989601480
.3891601562 -7639.8120117188 2 4 7 8 9 11 12 13 14 15 17 18 20 21 24 34 41 17_321 .0000048273575292690561493629845540763293
.3896484375 -7639.8115234375 1 2 3 4 5 7 9 10 11 12 14 17 18 20 22 26 37 17_322 .0000047666860267454077019998927364585945
.3916015625 -7639.8095703125 1 2 3 4 5 6 7 9 10 11 12 20 21 22 26 34 39 17_323 .0000045315301578457679218277707345976967
.3920898438 -7639.8090820312 1 2 4 7 8 11 12 13 15 17 18 20 21 22 24 35 41 17_324 .0000044745766917432979145325504954584847
.3930664062 -7639.8081054688 3 4 6 7 9 10 12 13 16 17 18 19 20 22 23 24 34 17_325 .0000043628082042455009596810902819995572
.3935546875 -7639.8076171875 1 4 6 7 8 10 11 12 13 15 16 17 18 19 20 23 25 17_326 .0000043079752801521088444008036475490815
.3950195312 -7639.8061523438 1 3 4 5 8 9 10 11 14 16 17 18 19 22 24 38 44 17_327 .0000041475769202139160314060760364265947
.3955078125 -7639.8056640625 1 3 4 7 8 9 11 12 13 14 15 17 18 19 20 22 40 17_328 .0000040954490796601447456865235754844819
.3964843750 -7639.8046875000 1 4 6 7 8 9 10 11 12 13 14 15 16 17 20 25 43 17_329 .0000039931506440595294101929437539518348
.3979492188 -7639.8032226562 1 7 9 10 11 12 13 14 15 16 17 18 19 21 22 25 32 17_330 .0000038444741044924707262631969144365183
.3989257812 -7639.8022460938 1 6 7 9 10 11 12 13 14 15 16 17 18 21 22 25 32 17_331 .0000037484446729986587494857989559983039
.3999023438 -7639.8012695312 1 2 3 4 5 6 7 10 12 16 20 21 22 23 24 34 40 17_332 .0000036548138995971719827394083437897600
.4008789062 -7639.8002929688 1 3 4 5 6 8 9 10 11 14 16 19 20 22 24 35 42 17_333 .0000035635219071283264187865472136929628
.4023437500 -7639.7988281250 1 2 3 4 5 6 7 9 10 11 12 13 16 17 20 39 42 17_334 .0000034308416871593082230434083405101227
.4038085938 -7639.7973632812 3 4 7 8 9 11 12 13 15 17 18 20 21 22 24 40 43 17_335 .0000033031015352549236800626205378551544
.4042968750 -7639.7968750000 1 2 3 7 8 9 10 12 13 14 16 17 18 19 20 22 39 17_336 .0000032615872924972148000409744617531265
.4047851562 -7639.7963867188 1 4 5 8 9 10 11 12 14 16 18 19 20 21 23 24 25 17_337 .0000032205948115846539756167099848400719
.4052734375 -7639.7958984375 1 2 3 4 5 7 9 11 12 13 15 17 20 22 24 26 41 17_338 .0000031801175266406705429159716579765770
.4057617188 -7639.7954101562 1 2 3 4 5 6 7 8 10 11 18 19 20 21 23 24 40 17_339 .0000031401489708887428684333392069315510
.4062500000 -7639.7949218750 1 2 3 5 7 10 11 12 14 15 16 17 18 20 22 23 24 17_340 .0000031006827585178948393086637609501904
.4067382812 -7639.7944335938 1 2 3 4 5 6 7 9 10 11 12 13 16 17 20 38 39 17_341 .0000030617125678114139125814159103373541
.4072265625 -7639.7939453125 2 3 4 5 6 7 12 16 17 18 19 20 21 22 23 24 31 17_342 .0000030232321568084229269480927711741901
.4077148438 -7639.7934570312 1 2 4 5 7 8 10 14 15 17 18 19 20 21 23 24 34 17_343 .0000029852353777591713414434776004285776
.4101562500 -7639.7910156250 2 6 7 8 9 10 11 12 13 15 17 18 20 21 24 31 34 17_344 .0000028022958928573007579111842012345447
.4106445312 -7639.7905273438 1 3 4 5 6 7 9 10 11 12 14 16 17 20 23 34 37 17_345 .0000027670759062073807974615523009050540
.4116210938 -7639.7895507812 3 4 6 8 9 11 12 13 15 17 18 19 20 21 22 24 31 17_346 .0000026979583175111718017424094489170061
.4125976562 -7639.7885742188 1 2 3 4 5 7 9 10 11 12 14 17 18 20 21 22 26 17_347 .0000026305672007074855251598624615439308
.4140625000 -7639.7871093750 1 2 3 4 5 7 9 11 12 13 15 16 17 18 22 24 32 17_348 .0000025326235809040041646464203464335730
.4145507812 -7639.7866210938 1 2 3 4 7 9 10 11 13 14 17 19 20 22 24 25 34 17_349 .0000025007929063003449126293664799314122
.4150390625 -7639.7861328125 1 2 4 6 7 8 10 11 12 13 15 16 17 18 21 44 46 17_350 .0000024693622815318708995963422714041027
.4155273438 -7639.7856445312 1 3 4 7 8 9 10 12 13 14 16 17 18 20 22 23 28 17_351 .0000024383266851445346437338262616513926
.4174804688 -7639.7836914062 1 2 4 7 8 9 10 11 12 13 15 16 18 21 22 24 48 17_352 .0000023180362302899198914994934402786258
.4184570312 -7639.7827148438 4 5 6 7 9 12 13 14 15 16 17 18 19 20 21 22 24 17_353 .0000022601350205726582936993295024767011
.4189453125 -7639.7822265625 2 6 7 8 9 10 11 12 13 15 17 18 20 21 22 29 40 17_354 .0000022317290475795571499259603952647629
.4204101562 -7639.7807617188 1 2 3 4 5 6 9 10 11 12 13 18 19 20 24 25 45 17_355 .0000021486353305131150341054614919015882
.4228515625 -7639.7783203125 1 2 3 4 5 6 7 10 12 14 16 17 20 21 22 23 34 17_356 .0000020169638853966089493894143265961696
.4233398438 -7639.7778320312 1 2 3 7 8 9 11 12 13 14 15 16 17 18 19 22 39 17_357 .0000019916141513607548928430262112356753
.4238281250 -7639.7773437500 1 2 3 4 5 6 9 10 11 12 13 14 16 17 18 19 24 17_358 .0000019665830245616516042947840326002793
.4262695312 -7639.7749023438 2 6 7 9 10 11 12 13 14 15 17 18 20 21 22 28 46 17_359 .0000018460680098293376822341022615186545
.4282226562 -7639.7729492188 1 2 7 8 9 11 12 14 15 16 17 20 21 22 23 33 38 17_360 .0000017549955698860569382586071012324298
.4291992188 -7639.7719726562 3 4 7 9 10 11 12 13 16 17 18 19 20 22 36 37 39 17_361 .0000017111582968676555467906274521503627
.4311523438 -7639.7700195312 1 2 3 4 6 7 12 13 15 16 17 18 21 22 23 31 37 17_362 .0000016267413846005214079495487014223031
.4316406250 -7639.7695312500 1 2 3 5 8 9 12 14 15 16 17 19 22 23 24 29 36 17_363 .0000016062960740269530063185392217805396
.4350585938 -7639.7661132812 1 3 4 5 6 9 10 11 12 13 16 17 18 19 20 22 34 17_364 .0000014701957781021185716046478827227772
.4355468750 -7639.7656250000 1 2 3 4 5 6 7 9 10 11 13 16 20 21 22 26 39 17_365 .0000014517179735956399000041609719015234
.4370117188 -7639.7641601562 6 10 11 12 13 14 15 16 17 18 19 20 21 22 24 39 47 17_366 .0000013976663176525828350704030751180213
.4375000000 -7639.7636718750 7 9 10 11 12 13 14 15 16 17 18 20 21 25 27 46 48 17_367 .0000013801000823473686020529416793176433
.4379882812 -7639.7631835938 1 2 4 5 7 9 10 11 14 15 16 17 18 20 22 23 26 17_368 .0000013627546240751992883515632327272910
.4389648438 -7639.7622070312 2 3 4 5 6 7 9 12 17 19 20 21 22 23 24 31 37 17_369 .0000013287149674870336283450473444709098
.4404296875 -7639.7607421875 1 3 4 5 6 7 11 16 17 18 19 20 21 22 23 24 31 17_370 .0000012792430722809115848663998261381491
.4409179688 -7639.7602539062 1 2 3 4 5 6 7 14 17 19 20 21 22 23 24 28 34 17_371 .0000012631652079798592581237468258969843
.4414062500 -7639.7597656250 1 5 8 10 11 14 15 16 17 18 19 20 22 23 24 36 41 17_372 .0000012472894177483244625944615203269231
.4423828125 -7639.7587890625 1 6 7 8 10 11 12 15 16 17 18 20 21 22 23 31 35 17_373 .0000012161339196100240034328043747725934
.4438476562 -7639.7573242188 3 4 7 9 10 11 12 13 17 18 19 20 22 24 28 34 39 17_374 .0000011708537419197364311197775815277788
.4458007812 -7639.7553710938 1 2 4 5 8 9 10 12 14 15 16 17 18 19 21 24 44 17_375 .0000011130917816205551903337812575014106
.4472656250 -7639.7539062500 1 3 4 5 7 9 10 11 12 13 15 16 17 18 22 24 32 17_376 .0000010716481575093359084106715458626037
.4477539062 -7639.7534179688 2 3 4 6 7 9 10 11 12 13 16 18 20 22 24 29 34 17_377 .0000010581794035861355097136481954777934
.4506835938 -7639.7504882812 4 7 8 9 10 11 12 13 14 15 16 17 18 21 28 30 45 17_378 .0000009808481899798897346833173928558705
.4511718750 -7639.7500000000 1 4 9 10 11 13 14 15 17 18 19 20 21 22 24 32 36 17_379 .0000009685206337625959435365706282324162
.4526367188 -7639.7485351562 4 6 7 9 10 11 12 13 14 15 16 17 21 22 25 31 32 17_380 .0000009324598113287276887555175751515669
.4536132812 -7639.7475585938 1 7 8 10 11 12 14 15 16 17 18 21 22 23 27 34 43 17_381 .0000009091683069151361145908832459708616
.4545898438 -7639.7465820312 1 2 4 6 7 10 11 12 13 15 17 20 21 22 34 38 46 17_382 .0000008864585861763514652794467214300463
.4555664062 -7639.7456054688 1 3 4 7 9 10 11 13 14 15 16 17 18 22 24 30 32 17_383 .0000008643161261780258138495382207812668
.4584960938 -7639.7426757812 1 2 3 6 7 8 9 10 11 12 14 15 16 22 23 34 41 17_384 .0000008011523424658481791136941214644976
.4609375000 -7639.7402343750 1 2 3 4 5 6 9 10 11 12 13 16 17 18 19 24 25 17_385 .0000007520565834008981757294842039842708
.4628906250 -7639.7382812500 1 2 3 4 5 7 8 9 10 11 13 15 18 19 22 24 44 17_386 .0000007149552265380711075594048416062322
.4648437500 -7639.7363281250 1 4 9 11 13 14 15 16 17 18 19 20 21 22 24 32 36 17_387 .0000006796841982854106892953712099764096
.4658203125 -7639.7353515625 2 3 4 6 7 8 9 10 11 12 16 17 18 19 20 22 39 17_388 .0000006627066632618704004943428896871460
.4677734375 -7639.7333984375 3 4 9 11 12 13 14 16 17 18 19 20 21 22 23 34 48 17_389 .0000006300132237631228946564095030211503
.4702148438 -7639.7309570312 2 4 6 7 8 9 11 12 13 14 15 17 18 20 21 24 34 17_390 .0000005914051126344705043908902842629821
.4711914062 -7639.7299804688 1 3 5 7 8 9 10 11 14 15 16 17 18 20 24 39 42 17_391 .0000005766326638663913417237756056199111
.4746093750 -7639.7265625000 1 2 3 5 7 9 10 11 14 15 16 17 18 20 22 23 33 17_392 .0000005277749984203232808284128785580636
.4755859375 -7639.7255859375 1 2 4 5 7 9 10 11 14 15 16 17 18 20 22 23 33 17_393 .0000005145919370179345019524960078574513
.4760742188 -7639.7250976562 1 2 3 4 6 7 8 9 11 12 13 15 20 22 24 29 43 17_394 .0000005081244098426353160159407913098053
.4780273438 -7639.7231445312 2 3 4 7 8 9 10 11 12 16 17 18 19 20 22 24 39 17_395 .0000004830570073673676595592440915766334
.4799804688 -7639.7211914062 1 3 4 5 7 8 9 10 11 15 17 18 19 20 24 32 37 17_396 .0000004592262600393141683820973078577822
.4829101562 -7639.7182617188 1 2 5 7 10 11 13 14 15 16 17 18 20 21 23 24 39 17_397 .0000004256662402970571340188325381865814
.4833984375 -7639.7177734375 3 4 7 9 10 11 12 13 16 17 18 19 20 22 36 37 48 17_398 .0000004203163547300924442739730674107148
.4843750000 -7639.7167968750 1 2 3 4 5 6 9 10 12 14 15 16 17 18 19 22 48 17_399 .0000004098174559011977486046740605277009
.4858398438 -7639.7153320312 1 3 5 8 9 10 11 14 15 16 17 18 19 20 24 39 42 17_400 .0000003945587675548891654881860610455971
.4882812500 -7639.7128906250 2 4 6 7 10 11 12 13 15 16 17 18 20 21 38 46 47 17_401 .0000003703796431086990675596477946403152
.4887695312 -7639.7124023438 2 3 4 6 7 8 9 11 12 13 15 17 20 22 24 29 33 17_402 .0000003657246150229997785524288251601835
.4892578125 -7639.7119140625 1 2 3 4 5 6 7 8 9 10 11 16 19 20 22 35 42 17_403 .0000003611280916105961216697145497511451
.4907226562 -7639.7104492188 2 3 4 5 7 9 10 11 13 14 15 16 17 18 22 30 32 17_404 .0000003476822499204590711141072467571074
.4916992188 -7639.7094726562 1 3 4 5 6 8 9 10 11 12 14 16 18 19 22 35 42 17_405 .0000003389976458251878903705359824329896
.4926757812 -7639.7084960938 3 4 7 9 11 13 14 16 17 18 19 21 22 24 25 30 34 17_406 .0000003305299724005463662649543294191475
.4951171875 -7639.7060546875 1 2 3 4 5 6 9 10 12 13 14 15 16 17 19 22 36 17_407 .0000003102746231087214535848655214005808
.4965820312 -7639.7045898438 1 3 4 5 6 7 8 9 10 11 14 16 18 19 20 35 42 17_408 .0000002987222029018620966967592544665348
.4975585938 -7639.7036132812 1 3 4 7 9 11 13 14 17 18 19 21 22 24 25 30 34 17_409 .0000002912605505820688173051824098629726
.4980468750 -7639.7031250000 2 4 7 8 9 10 11 12 13 14 17 19 21 22 24 27 32 17_410 .0000002875999119145763365335334150127561
.4985351562 -7639.7026367188 2 3 4 7 8 10 11 12 13 16 17 18 19 20 22 24 39 17_411 .0000002839852811098965895251970285076040
.4990234375 -7639.7021484375 1 2 3 4 5 7 11 12 13 14 15 18 19 20 21 22 26 17_412 .0000002804160792028344061977506565975824
.5009765625 -7639.7001953125 1 2 3 4 5 6 7 9 10 11 12 16 21 22 26 34 39 17_413 .0000002665822570487463208670998211009169
.5014648438 -7639.6997070312 4 5 8 10 11 14 15 16 17 18 19 20 22 23 24 36 45 17_414 .0000002632317809377005493283630439610039
.5019531250 -7639.6992187500 1 3 4 5 7 9 10 11 13 15 16 17 18 22 24 32 36 17_415 .0000002599234151673009528558993244364865
.5029296875 -7639.6982421875 1 2 4 5 7 8 10 14 15 16 18 19 21 23 24 29 44 17_416 .0000002534309015917712444736239124585192
.5073242188 -7639.6938476562 1 3 4 6 7 10 11 12 13 15 16 17 19 20 22 26 37 17_417 .0000002261639111386318581351453989737771
.5083007812 -7639.6928710938 1 3 4 5 6 7 8 9 10 11 16 18 19 20 22 35 42 17_418 .0000002205146620552056643268414408416329
.5087890625 -7639.6923828125 2 4 7 9 10 11 12 13 14 17 18 19 21 24 25 32 34 17_419 .0000002177431756272240816282672752714630
.5092773438 -7639.6918945312 1 2 3 5 6 9 10 12 14 15 16 17 19 22 23 25 32 17_420 .0000002150065219715801639247076804199359
.5112304688 -7639.6899414062 2 3 4 7 9 10 11 12 13 17 18 19 20 22 24 28 39 17_421 .0000002043995625012838260854379146734322
.5170898438 -7639.6840820312 1 2 3 4 5 6 8 9 10 11 12 13 14 15 16 29 44 17_422 .0000001756163496886281595862843768184291
.5185546875 -7639.6826171875 1 2 7 8 11 12 13 15 16 17 18 21 22 23 26 27 48 17_423 .0000001690776458575807539016699994861937
.5205078125 -7639.6806640625 7 8 10 11 12 13 14 15 16 17 18 20 21 25 27 28 36 17_424 .0000001607365047587003654461031656838272
.5219726562 -7639.6791992188 2 3 4 6 7 9 12 13 15 17 19 20 21 22 23 31 46 17_425 .0000001547518205233296509378214884323682
.5224609375 -7639.6787109375 7 8 10 11 12 13 14 15 16 17 18 20 21 25 27 28 30 17_426 .0000001528068588310387457112737963427011
.5258789062 -7639.6752929688 1 2 3 4 5 6 9 10 12 14 15 16 17 19 22 25 32 17_427 .0000001398596453872641670083532266258307
.5268554688 -7639.6743164062 1 2 3 4 6 7 8 10 15 16 17 18 20 22 23 30 31 17_428 .0000001363661519766247535806667557464506
.5288085938 -7639.6723632812 1 2 3 4 5 7 9 10 11 13 14 15 16 17 22 30 32 17_429 .0000001296387735051590340764432443950299
.5297851562 -7639.6713867188 2 3 4 6 7 10 12 13 15 17 19 20 21 22 23 31 46 17_430 .0000001264005834742499943462720295204457
.5312500000 -7639.6699218750 1 2 4 6 7 8 9 11 12 13 15 17 18 20 24 29 43 17_431 .0000001216943244258552069474955320521362
.5351562500 -7639.6660156250 1 2 4 5 7 8 9 10 11 12 13 14 16 17 24 30 39 17_432 .0000001099833591765527298914286310666108
.5410156250 -7639.6601562500 1 2 3 4 5 6 7 9 10 11 12 16 17 22 26 39 42 17_433 .0000000944956820294473919083461775176930
.5439453125 -7639.6572265625 1 2 4 7 8 9 11 12 13 14 15 17 18 22 33 40 48 17_434 .0000000875899857864108126128504896647063
.5444335938 -7639.6567382812 1 2 4 5 7 8 9 10 11 12 13 14 17 18 24 30 39 17_435 .0000000864891317453613157582793046541527
.5449218750 -7639.6562500000 1 2 3 4 7 8 9 11 12 13 14 17 18 22 33 40 48 17_436 .0000000854021137494391018318959749864284
.5454101562 -7639.6557617188 1 2 3 4 5 6 9 10 12 13 14 16 17 19 22 36 42 17_437 .0000000843287576795833629531528727715381
.5478515625 -7639.6533203125 1 2 4 5 7 8 9 10 11 12 14 17 22 24 27 28 30 17_438 .0000000791609708379238559102756688300646
.5483398438 -7639.6528320312 1 5 6 9 10 11 12 14 16 17 19 20 22 23 24 29 32 17_439 .0000000781660548796905352321793236134111
.5493164062 -7639.6518554688 2 3 4 6 7 10 12 13 15 16 18 19 20 21 23 31 46 17_440 .0000000762135792983257524031215893565242
.5498046875 -7639.6513671875 1 2 4 7 8 9 10 11 12 13 14 15 16 19 21 22 42 17_441 .0000000752557069342635026228911834100590
.5512695312 -7639.6499023438 1 3 4 7 10 11 12 13 15 16 17 18 19 20 22 26 37 17_442 .0000000724537196471361393877435667125459
.5517578125 -7639.6494140625 2 6 7 8 11 12 13 16 17 18 19 20 21 22 23 26 27 17_443 .0000000715431021907397519413645945127595
.5541992188 -7639.6469726562 1 2 3 6 7 8 9 10 11 12 13 17 20 21 22 27 34 17_444 .0000000671588385980327736386085832305861
.5546875000 -7639.6464843750 1 5 6 10 11 12 14 15 16 18 19 20 21 22 23 24 44 17_445 .0000000663147687748296705947678236718398
.5556640625 -7639.6455078125 1 2 3 4 7 8 9 11 12 13 14 17 18 19 22 40 48 17_446 .0000000646583211006115938228641885066144
.5571289062 -7639.6440429688 1 2 3 4 6 8 10 14 16 17 18 19 20 22 23 25 26 17_447 .0000000622509050904322233332636264215562
.5585937500 -7639.6425781250 1 2 4 6 7 8 10 12 15 17 18 19 21 22 24 28 35 17_448 .0000000599331239750286329771256787131055
.5600585938 -7639.6411132812 1 3 4 5 6 9 10 11 13 15 17 18 19 20 24 37 48 17_449 .0000000577016405494516791891937850966103
.5654296875 -7639.6357421875 3 4 8 9 12 13 14 16 17 18 19 20 21 22 23 28 48 17_450 .0000000502072071159235127546011071287783
.5668945312 -7639.6342773438 1 2 3 4 6 7 8 10 15 16 17 18 20 22 23 30 36 17_451 .0000000483378478102714735886989869767105
.5693359375 -7639.6318359375 1 2 3 4 5 6 9 10 11 12 13 18 19 20 24 45 48 17_452 .0000000453756353842660665047147409066063
.5712890625 -7639.6298828125 1 2 3 4 5 6 9 10 11 12 13 14 15 16 22 23 44 17_453 .0000000431371101476991818911831766182607
.5717773438 -7639.6293945312 1 2 4 5 6 7 8 10 12 15 17 18 19 21 24 28 37 17_454 .0000000425949515710202095674207300307975
.5722656250 -7639.6289062500 1 3 4 9 11 13 14 16 17 18 20 21 22 24 25 32 36 17_455 .0000000420596070952604856894610616343138
.5761718750 -7639.6250000000 1 2 3 5 7 9 11 14 15 16 17 18 20 22 23 37 44 17_456 .0000000380121003654621457882016379719224
.5766601562 -7639.6245117188 1 2 3 4 7 9 10 11 12 13 14 16 18 20 22 28 37 17_457 .0000000375343543605454664141396974820293
.5776367188 -7639.6235351562 1 3 7 9 10 11 12 13 14 15 16 18 20 22 24 35 37 17_458 .0000000365968000054769324223640231819210
.5805664062 -7639.6206054688 2 3 4 5 6 7 11 13 14 15 19 20 21 22 24 30 44 17_459 .0000000339223246159770083117295462160260
.5820312500 -7639.6191406250 1 5 6 8 9 10 11 12 15 16 18 19 21 22 23 26 44 17_460 .0000000326592984275017790140998755699617
.5883789062 -7639.6127929688 1 2 3 4 5 6 11 12 13 14 15 19 20 21 22 30 35 17_461 .0000000277076005294296267995229820548049
.5888671875 -7639.6123046875 2 3 4 5 6 11 12 13 14 15 19 20 21 22 30 33 47 17_462 .0000000273593640987834645841115801786292
.5893554688 -7639.6118164062 2 4 7 8 10 11 12 13 15 17 18 20 21 24 31 37 40 17_463 .0000000270155043954363831352066034830121
.5898437500 -7639.6113281250 2 4 5 6 7 10 11 13 15 17 18 20 21 24 29 37 44 17_464 .0000000266759664806239821204128277068994
.5917968750 -7639.6093750000 1 7 10 11 12 13 14 15 16 17 18 20 21 22 27 28 36 17_465 .0000000253599557257113333457097816931044
.5932617188 -7639.6079101562 3 6 7 8 10 12 13 15 16 18 19 20 21 23 27 31 46 17_466 .0000000244157312781609472779805761293212
.5981445312 -7639.6030273438 3 4 7 9 10 11 12 13 14 15 16 18 20 22 24 35 37 17_467 .0000000215149607163738563412192536123624
.5986328125 -7639.6025390625 1 2 4 5 7 10 13 14 15 16 18 21 22 23 24 29 44 17_468 .0000000212445550160533074682238073852721
.5991210938 -7639.6020507812 1 2 3 4 5 6 9 10 11 13 18 19 20 24 37 45 48 17_469 .0000000209775478458871826951225338280119
.6015625000 -7639.5996093750 3 4 9 12 13 14 16 17 18 19 20 21 22 23 28 34 48 17_470 .0000000196920137717494148263171068661252
.6030273438 -7639.5981445312 1 4 5 6 8 10 11 12 14 15 16 18 22 23 26 41 43 17_471 .0000000189588231847511347830201074543126
.6069335938 -7639.5942382812 1 2 4 7 8 9 10 11 12 13 15 18 21 22 24 39 48 17_472 .0000000171343657128698994599512017435056
.6074218750 -7639.5937500000 1 2 3 4 5 6 10 11 12 13 14 15 16 20 24 27 29 17_473 .0000000169190165296518465009489581740720
.6088867188 -7639.5922851562 4 7 9 10 11 12 13 16 17 18 19 20 22 23 36 37 48 17_474 .0000000162890726445523284594563732651692
.6098632812 -7639.5913085938 1 2 3 5 6 7 8 9 10 11 12 13 14 15 16 26 29 17_475 .0000000158821950474864830112653965679584
.6113281250 -7639.5898437500 2 3 4 5 6 7 8 10 11 12 13 15 16 20 24 29 44 17_476 .0000000152908550228114295944606989781473
.6123046875 -7639.5888671875 4 6 7 8 10 11 12 13 15 17 18 20 21 22 31 40 48 17_477 .0000000149089114270289553303651855435224
.6152343750 -7639.5859375000 1 5 6 9 10 11 14 16 17 19 20 22 23 24 29 32 37 17_478 .0000000138193757845716100318554310858588
.6201171875 -7639.5810546875 2 3 4 5 6 11 13 14 15 19 20 21 22 24 30 33 41 17_479 .0000000121775310750433176477651513175221
.6220703125 -7639.5791015625 1 7 9 11 12 13 14 15 16 17 19 20 21 22 23 31 34 17_480 .0000000115767745148384506298577677339718
.6225585938 -7639.5786132812 1 2 4 5 7 8 9 10 11 12 13 14 17 24 28 30 45 17_481 .0000000114312745596488704653349491873375
.6230468750 -7639.5781250000 2 3 4 5 6 10 11 12 13 14 15 19 20 21 22 26 33 17_482 .0000000112876033155063074408349919425124
.6235351562 -7639.5776367188 2 4 5 6 7 10 11 13 15 17 18 20 21 24 29 31 37 17_483 .0000000111457377690823814870184841611787
.6245117188 -7639.5766601562 2 6 7 8 10 11 12 13 16 17 20 21 22 23 26 27 39 17_484 .0000000108673332203993926933176677390207
.6259765625 -7639.5751953125 1 2 3 4 7 9 11 12 15 17 20 21 22 24 26 37 41 17_485 .0000000104627110227083336997078896268969
.6264648438 -7639.5747070312 1 2 4 7 8 9 10 11 12 15 18 19 21 22 24 37 40 17_486 .0000000103312129112944540586785299226243
.6289062500 -7639.5722656250 1 6 7 11 12 13 15 16 17 18 19 20 22 23 25 29 45 17_487 .0000000096981014379129290989696191282395
.6313476562 -7639.5698242188 3 4 9 11 13 14 16 17 18 20 21 22 24 25 32 34 36 17_488 .0000000091037879392870229537905689621766
.6352539062 -7639.5659179688 2 4 7 8 9 10 11 12 14 15 18 19 21 22 24 37 40 17_489 .0000000082277064564651497376374309299616
.6376953125 -7639.5634765625 2 3 4 5 6 11 12 13 14 15 19 20 21 22 26 30 35 17_490 .0000000077235008410532230232128233798035
.6381835938 -7639.5629882812 1 2 3 4 5 6 7 8 11 13 15 17 20 22 23 30 31 17_491 .0000000076264298456011179926609871323641
.6391601562 -7639.5620117188 1 2 3 5 6 7 9 10 11 12 13 16 17 22 26 39 42 17_492 .0000000074359326013760333917543176519294
.6396484375 -7639.5615234375 4 6 7 8 10 11 12 13 15 17 18 20 21 22 31 37 48 17_493 .0000000073424758393991807223075462623965
.6474609375 -7639.5537109375 1 2 3 6 7 8 9 10 11 12 13 17 20 27 34 36 46 17_494 .0000000059973008854246403008789856665896
.6484375000 -7639.5527343750 1 2 3 4 5 6 7 8 9 11 12 13 17 22 27 36 41 17_495 .0000000058474969233995435170644207831255
.6518554688 -7639.5493164062 1 2 3 4 7 8 9 11 13 14 16 17 21 23 24 30 34 17_496 .0000000053520427698579326021576541896738
.6562500000 -7639.5449218750 1 3 4 5 7 8 10 11 12 14 15 16 18 22 35 43 48 17_497 .0000000047762089032752718979054759851986
.6645507812 -7639.5366210938 1 2 3 4 5 6 7 8 9 11 12 13 17 18 27 30 36 17_498 .0000000038521545977275819027451527873734
.6718750000 -7639.5292968750 1 2 4 5 7 8 9 10 11 12 13 14 17 24 30 45 47 17_499 .0000000031864707595548453834153000355026
.6757812500 -7639.5253906250 2 4 8 9 10 11 12 13 14 15 18 19 21 22 24 45 48 17_500 .0000000028798282886826626315133024154882
.6782226562 -7639.5229492188 2 3 4 5 6 11 12 13 14 15 19 20 21 22 30 33 41 17_501 .0000000027033483006513995236828133638146
.6904296875 -7639.5107421875 1 4 5 6 8 10 11 15 16 18 19 20 21 22 23 41 44 17_502 .0000000019705118604915931143571791895410
.6909179688 -7639.5102539062 1 3 4 7 10 11 12 13 15 16 17 18 19 20 26 37 46 17_503 .0000000019457459477553145192024748041326
.6933593750 -7639.5078125000 1 2 3 4 7 8 11 12 15 17 18 20 22 23 24 30 36 17_504 .0000000018265078588313344756051571494181
.6938476562 -7639.5073242188 1 2 3 4 6 7 8 9 10 11 14 15 17 22 32 41 44 17_505 .0000000018035518310371313387088150247896
.6958007812 -7639.5053710938 1 2 3 4 6 7 8 10 11 15 16 17 22 23 30 32 43 17_506 .0000000017145768501901863553475927710009
.6977539062 -7639.5034179688 1 4 5 6 8 10 11 14 15 16 18 19 22 23 26 41 44 17_507 .0000000016299912897527240432790515889569
.6987304688 -7639.5024414062 1 3 4 5 7 8 10 11 12 14 16 18 19 20 22 35 43 17_508 .0000000015892764444205813824707988857482
.7075195312 -7639.4936523438 1 5 6 7 8 9 10 11 12 15 16 18 22 23 34 43 45 17_509 .0000000012656887603750698608042405790599
.7094726562 -7639.4916992188 1 2 3 4 7 8 10 11 15 17 20 22 23 24 30 31 42 17_510 .0000000012032482852666797648449630512400
.7114257812 -7639.4897460938 1 2 3 7 8 10 11 12 15 16 17 18 20 22 23 30 36 17_511 .0000000011438881985237564858069920780504
.7202148438 -7639.4809570312 1 2 4 6 7 8 9 11 12 13 15 17 20 22 34 44 45 17_512 .0000000009109846393177765953689423952043
.7207031250 -7639.4804687500 1 4 5 6 8 10 11 15 16 18 19 21 22 23 36 41 44 17_513 .0000000008995351464512900383942102849180
.7324218750 -7639.4687500000 2 3 5 6 7 9 11 12 13 15 17 19 20 24 29 37 44 17_514 .0000000006640306174082839438193946295667
.7431640625 -7639.4580078125 1 2 3 4 7 8 9 10 11 12 13 17 20 27 33 34 36 17_515 .0000000005027405411415145015869853667375
.7539062500 -7639.4472656250 2 4 7 8 9 10 11 12 13 14 15 18 19 21 24 45 48 17_516 .0000000003806271052587005932210155885803
.7543945312 -7639.4467773438 2 4 6 7 8 10 11 12 13 17 20 21 22 23 26 27 39 17_517 .0000000003758432843923964644731315430702
.7612304688 -7639.4399414062 1 2 4 7 8 9 11 12 13 15 17 18 22 34 40 45 48 17_518 .0000000003148516266497529193504498407989
.7626953125 -7639.4384765625 1 2 3 4 7 8 9 10 11 12 13 17 20 27 33 36 37 17_519 .0000000003031287913839225586951810637394
.7656250000 -7639.4355468750 1 2 3 4 7 11 13 14 17 20 21 23 24 25 30 34 40 17_520 .0000000002809762939273314760733882229708
.7719726562 -7639.4291992188 1 2 3 4 6 7 8 10 11 16 17 22 23 30 32 34 36 17_521 .0000000002383755709774326249620217977812
.7758789062 -7639.4252929688 1 2 3 4 5 6 7 10 13 14 16 19 20 23 25 30 44 17_522 .0000000002154360621616357575494419431490
.7773437500 -7639.4238281250 2 3 4 6 7 8 9 11 12 13 15 17 18 19 25 27 33 17_523 .0000000002074147549094798458473085163445
.8007812500 -7639.4003906250 1 2 3 4 7 9 11 13 14 17 21 23 24 25 30 34 40 17_524 .0000000001130263188296052066105536905329
.8046875000 -7639.3964843750 1 2 4 5 6 7 8 9 10 11 12 20 22 24 26 37 45 17_525 .0000000001021494985808798982943524249083
.8076171875 -7639.3935546875 2 3 4 5 7 8 9 10 12 13 15 16 20 24 29 44 46 17_526 .0000000000946844653282681340638941147703
.8090820312 -7639.3920898438 2 4 6 7 8 10 11 12 13 17 20 21 22 23 26 27 45 17_527 .0000000000911590892611745807765070054981
.8149414062 -7639.3862304688 1 5 6 7 8 9 10 11 12 15 16 18 22 23 35 43 48 17_528 .0000000000783222150824650179584805588399
.8349609375 -7639.3662109375 1 2 4 5 6 7 8 9 10 11 12 20 24 26 37 40 45 17_529 .0000000000466310637394256198020232708805
.8393554688 -7639.3618164062 1 2 3 4 6 7 10 11 12 13 16 18 19 20 26 39 46 17_530 .0000000000416139613978541170760945481236
.8652343750 -7639.3359375000 1 2 4 5 6 7 8 9 10 11 12 20 26 37 39 40 45 17_531 .0000000000212869973487797856177744992996
.8657226562 -7639.3354492188 1 2 4 6 7 8 9 11 12 13 15 17 22 34 38 44 45 17_532 .0000000000210194568066293769941894056780
.8681640625 -7639.3330078125 1 2 3 4 6 7 8 9 10 11 16 17 30 32 34 36 42 17_533 .0000000000197313544404489206884099034950
.8720703125 -7639.3291015625 2 4 6 7 10 11 12 13 17 20 21 22 23 26 27 45 46 17_534 .0000000000178325542518291664518172740003
.8730468750 -7639.3281250000 2 3 4 5 6 7 8 10 13 15 16 20 23 24 31 44 46 17_535 .0000000000173871226600202878423538372789
.8823242188 -7639.3188476562 1 2 3 4 7 8 9 10 11 12 13 17 18 20 26 46 56 17_536 .0000000000136729515598923909698565786708
.8930664062 -7639.3081054688 1 2 3 5 6 8 9 10 14 17 18 19 20 24 34 37 40 17_537 .0000000000103518526161588897502843919836
.9316406250 -7639.2695312500 1 2 3 4 5 7 8 9 10 11 12 21 26 33 36 37 42 17_538 .0000000000038113388069777224110743338074
1.0156250000 -7639.1855468750 1 2 3 6 7 8 9 10 12 16 19 20 25 33 34 39 40 17_539 .0000000000004328083784058185430022464043
1.0351562500 -7639.1660156250 1 2 3 4 5 7 9 13 15 20 23 24 25 29 31 33 40 17_540 .0000000000002609630016093353674107967238
1.1352539062 -7639.0659179688 1 2 3 4 6 7 8 9 10 12 16 19 26 27 37 39 45 17_541 .0000000000000195222894564707772452742857
1.1469726562 -7639.0541992188 1 2 4 7 8 11 13 16 17 18 21 23 24 30 36 41 42 17_542 .0000000000000144112189191770419707179982
1.1943359375 -7639.0068359375 1 2 5 7 8 10 11 13 17 18 21 22 23 24 27 31 33 17_543 .0000000000000042255930360498263341408464
1.2153320312 -7638.9858398438 1 2 3 4 6 7 8 9 10 12 16 26 27 30 37 39 45 17_544 .0000000000000024529697600986291951546063
1.2412109375 -7638.9599609375 1 2 3 7 8 9 12 16 17 24 25 26 27 35 41 44 46 17_545 .0000000000000012547798597057737775767288
1.2490234375 -7638.9521484375 1 2 3 4 5 7 8 12 16 21 23 26 29 33 36 40 42 17_546 .0000000000000010248984849560256476747807
1.2666015625 -7638.9345703125 1 2 3 7 8 9 12 16 17 24 25 27 35 41 42 44 46 17_547 .0000000000000006500335956255303752003374
1.7519531250 -7638.4492187500 4 5 9 10 11 12 13 18 19 21 24 25 31 35 42 44 53 17_548 .0000000000000000000022541110192416995278
