0 -7583.2724609375 1 2 3 4 5 6 7 8 9 10 11 12 13 14 15 16 17 18 19 20 21 22 23 24 25 30 26_1 .0970979491891557767791603225043531060614
.0019531250 -7583.2705078125 1 2 3 4 5 6 7 8 9 10 11 12 13 14 15 16 17 18 19 20 21 22 23 24 25 32 26_2 .0923077967684101222317767933937469167610
.0131835937 -7583.2592773438 1 2 3 4 5 6 7 8 9 10 11 12 13 14 15 16 17 18 19 20 21 22 23 24 30 34 26_3 .0690082909042726812854606133060630691159
.0234375000 -7583.2490234375 1 2 3 4 5 6 7 8 9 10 11 12 13 14 15 16 17 18 19 20 21 22 23 24 25 28 26_4 .0529114901567339479862230042850034218647
.0336914063 -7583.2387695312 1 2 3 4 5 6 7 8 9 10 11 12 13 14 15 16 17 18 19 20 21 22 23 24 28 32 26_5 .0405694120796261206909254065100109543324
.0341796875 -7583.2382812500 1 2 3 4 5 6 7 8 9 10 11 12 13 14 15 16 17 18 19 20 21 22 23 24 29 32 26_6 .0400595251131992337947655753275991857653
.0371093750 -7583.2353515625 1 2 3 4 5 6 7 8 9 10 11 12 13 14 15 16 17 18 19 20 21 22 23 24 25 36 26_7 .0371319954512000608118844523232997250057
.0395507813 -7583.2329101562 1 2 3 4 5 6 7 8 9 10 11 12 13 14 15 16 17 18 19 20 21 22 23 24 29 34 26_8 .0348564936795934996232265554103959936372
.0478515625 -7583.2246093750 1 2 3 4 5 6 7 8 9 10 11 12 13 14 15 16 17 18 19 20 21 22 23 24 30 46 26_9 .0281127993158824014352862694149835888773
.0498046875 -7583.2226562500 1 2 3 4 5 6 7 8 9 10 11 12 13 14 15 16 17 18 19 20 21 22 23 24 32 46 26_10 .0267259050012087537466258092553464582868
.0537109375 -7583.2187500000 1 2 3 4 5 6 7 8 9 10 11 12 13 14 15 16 17 18 19 20 21 22 23 24 27 46 26_11 .0241540007961280287517358539904984990072
.0541992187 -7583.2182617188 1 2 3 4 5 6 7 8 9 10 11 12 13 14 15 16 17 18 19 20 21 22 23 24 26 30 26_12 .0238504270058833506110504496291510987571
.0571289063 -7583.2153320312 1 2 3 4 5 6 7 8 9 10 11 12 13 14 15 16 17 18 19 20 21 22 23 24 30 31 26_13 .0221074499084822991611399979231402883641
.0576171875 -7583.2148437500 1 2 3 4 5 6 7 8 9 10 11 12 13 14 15 16 17 18 19 20 21 22 23 24 27 37 26_14 .0218295977042860415296059714894405743390
.0585937500 -7583.2138671875 1 2 3 4 5 6 7 8 9 10 11 12 13 14 15 16 17 18 19 20 21 22 23 24 25 26 26_15 .0212843257081013008948605579942100256145
.0600585937 -7583.2124023438 1 2 3 4 5 6 7 8 9 10 11 12 13 14 15 16 17 18 19 20 21 22 23 24 25 40 26_16 .0204918487986587703121013183631519850070
.0629882813 -7583.2094726562 1 2 3 4 5 6 7 8 9 10 11 12 13 14 15 16 17 18 19 20 21 22 23 24 28 37 26_17 .0189943148915862902421646105311387530393
.0639648437 -7583.2084960938 1 2 3 4 5 6 7 8 9 10 11 12 13 14 15 16 17 18 19 20 21 22 23 24 33 34 26_18 .0185198642356377893430175721537477681242
.0644531250 -7583.2080078125 1 2 3 4 5 6 7 8 9 10 11 12 13 14 15 16 17 18 19 20 21 22 23 24 34 40 26_19 .0182871016977695280904724510694819028580
.0668945313 -7583.2055664062 1 2 3 4 5 6 7 8 9 10 11 12 13 14 15 16 17 18 19 20 21 22 23 24 32 40 26_20 .0171664419593099551017272629318458433125
.0791015625 -7583.1933593750 1 2 3 4 5 6 7 8 9 10 11 12 13 14 15 16 17 18 19 20 21 22 23 24 36 42 26_21 .0125128817336378380463190168604271582045
.0795898437 -7583.1928710938 1 2 3 4 5 6 7 8 9 10 11 12 13 14 15 16 17 18 19 20 21 22 23 24 25 45 26_22 .0123556165680519876136307792342046630983
.0820312500 -7583.1904296875 1 2 3 4 5 6 7 8 9 10 11 12 13 14 15 16 17 18 19 20 21 22 23 24 35 37 26_23 .0115984467190239837215521286161208692237
.0825195313 -7583.1899414062 1 2 3 4 5 6 7 8 9 10 11 12 13 14 15 16 17 18 19 20 21 22 23 24 26 37 26_24 .0114526743818566935506714171249484263541
.0854492187 -7583.1870117188 1 2 3 4 5 6 7 8 9 10 11 12 13 14 15 16 17 18 19 20 21 22 23 24 39 46 26_25 .0106157188072259052315247152593613742220
.0864257813 -7583.1860351562 1 2 3 4 5 6 7 9 10 11 12 13 14 15 16 17 18 19 20 21 22 23 24 25 28 34 26_26 .0103505533722674830063795054482244347359
.0869140625 -7583.1855468750 1 2 3 4 5 6 7 8 9 10 11 12 13 14 15 16 17 18 19 20 21 22 23 24 32 45 26_27 .0102204649142571324547083402570328294209
.0883789063 -7583.1840820312 1 2 3 4 5 6 7 8 9 10 11 12 13 14 15 16 17 18 19 20 21 22 23 24 30 45 26_28 .0098399274660947754667524459314214211044
.0922851563 -7583.1801757812 1 2 3 4 5 6 7 8 9 10 11 12 13 14 15 16 17 18 19 20 21 22 23 24 34 45 26_29 .0088930053384214981586013645087230614365
.0961914063 -7583.1762695312 1 2 3 4 5 6 7 8 9 10 11 12 13 14 15 16 17 18 19 20 21 22 23 24 28 45 26_30 .0080372080202518369713630977812816665344
.0976562500 -7583.1748046875 1 2 3 4 5 6 7 8 9 10 11 12 13 14 15 16 17 18 19 20 21 22 23 24 35 46 26_31 .0077379595563922751123963411570119623472
.0996093750 -7583.1728515625 1 2 3 4 5 6 7 8 9 10 11 12 13 14 15 16 17 18 19 20 21 22 23 24 31 46 26_32 .0073562212600614594752829751212400251524
.1025390625 -7583.1699218750 1 2 3 4 6 7 8 9 10 11 12 13 14 15 16 17 18 19 20 21 22 23 24 25 32 34 26_33 .0068186323625844124173107441394831349639
.1040039063 -7583.1684570312 1 2 3 4 5 6 7 8 9 10 11 12 13 14 15 16 17 18 19 20 21 22 23 24 40 46 26_34 .0065647549723694553639696175046625500719
.1064453125 -7583.1660156250 1 2 3 4 5 6 7 8 9 10 11 12 13 14 15 16 17 18 19 20 21 22 23 24 41 46 26_35 .0061624574175100654456044080424741235309
.1069335937 -7583.1655273438 1 2 3 4 5 6 7 8 9 10 11 12 13 14 15 16 17 18 19 20 21 22 23 24 31 33 26_36 .0060850060432534722667344468781230052934
.1103515625 -7583.1621093750 1 2 3 4 5 6 7 8 9 10 11 12 13 14 15 16 17 18 19 20 21 22 23 24 35 40 26_37 .0055694279150476337464738401956529300975
.1147460937 -7583.1577148438 1 2 3 4 5 6 7 8 9 10 11 12 13 14 15 16 17 18 19 20 21 22 23 24 37 46 26_38 .0049702052726134038520093877864530511362
.1171875000 -7583.1552734375 1 2 3 4 5 6 7 8 9 10 11 12 13 14 15 16 17 18 19 20 21 22 23 24 31 39 26_39 .0046656239872380024657366416398490824349
.1176757813 -7583.1547851562 1 2 3 4 5 6 7 8 9 10 11 12 13 14 15 16 17 18 19 20 21 22 23 24 26 42 26_40 .0046069851945238098496955544560212873724
.1210937500 -7583.1513671875 1 2 3 4 5 6 7 8 9 10 11 12 13 14 15 16 17 18 19 20 21 22 24 27 30 34 26_41 .0042166387067934223959489412171992770551
.1235351563 -7583.1489257812 1 2 3 4 5 6 7 8 9 10 11 12 14 15 16 17 18 19 20 21 22 23 24 25 28 32 26_42 .0039582370580012583301520251240580933949
.1289062500 -7583.1435546875 1 2 3 4 5 6 7 8 9 10 11 12 14 15 16 17 18 19 20 21 22 23 24 25 36 37 26_43 .0034441313261219124245960966937000835464
.1303710937 -7583.1420898438 1 2 3 4 5 6 7 8 9 10 11 12 13 14 15 16 17 18 19 20 21 22 23 24 38 42 26_44 .0033158963711380940928413875386606150800
.1308593750 -7583.1416015625 1 2 3 4 5 6 7 8 9 10 11 12 14 15 16 17 18 19 20 21 22 23 24 27 30 34 26_45 .0032742213110602208607581949184799206634
.1323242187 -7583.1401367188 1 2 3 4 5 6 7 8 9 10 11 12 13 14 15 16 17 18 19 20 21 22 23 24 37 48 26_46 .0031523125965909503953172355281534027305
.1342773437 -7583.1381835938 1 2 3 4 5 6 7 8 9 10 11 12 14 15 16 17 18 19 20 21 22 23 24 29 32 34 26_47 .0029967989328976951119025422941772614306
.1357421875 -7583.1367187500 1 2 3 4 5 6 7 8 9 10 11 12 14 15 16 17 18 19 20 21 22 23 24 32 34 36 26_48 .0028852194472140487755602300064638414514
.1367187500 -7583.1357421875 1 2 3 4 5 6 7 8 9 10 11 12 13 14 15 16 17 18 19 20 21 22 23 24 33 47 26_49 .0028131508095449015739552674540298496451
.1386718750 -7583.1337890625 1 2 3 4 6 7 8 9 10 11 12 13 14 15 16 17 18 19 20 21 22 23 24 25 27 30 26_50 .0026743690816835567114557544957687450842
.1416015625 -7583.1308593750 1 2 3 4 5 6 7 8 9 10 11 12 13 14 15 16 17 18 19 20 21 22 23 24 31 45 26_51 .0024789275533170004390421141140769371220
.1430664063 -7583.1293945312 1 2 3 4 6 7 8 9 10 11 12 13 14 15 16 17 18 19 20 21 22 23 24 25 29 30 26_52 .0023866299158579933785613648763747266145
.1435546875 -7583.1289062500 1 2 3 4 5 6 7 8 9 10 11 12 13 14 15 16 17 18 19 20 21 22 23 24 46 48 26_53 .0023566341277654264878993210881162360038
.1469726563 -7583.1254882812 1 2 3 4 5 6 7 9 10 11 12 13 14 15 16 17 18 19 20 21 22 23 24 25 32 33 26_54 .0021569582352810769547188499746926035801
.1474609375 -7583.1250000000 1 2 4 5 6 7 8 9 10 11 12 13 14 15 16 17 18 19 20 21 22 23 24 25 29 30 26_55 .0021298490208527692900192719501166956056
.1499023437 -7583.1225585938 1 2 3 4 5 6 7 8 9 10 11 12 13 15 16 17 18 19 20 21 22 23 24 25 30 36 26_56 .0019993288328312698225306799893868129182
.1503906250 -7583.1220703125 1 2 3 4 5 6 7 9 10 11 12 13 14 15 16 17 18 19 20 21 22 23 24 25 26 37 26_57 .0019742007407868645853369340127209234134
.1528320313 -7583.1196289062 1 2 3 4 5 6 7 8 9 10 11 12 14 15 16 17 18 19 20 21 22 23 24 25 31 34 26_58 .0018532188967308024090325587785497980670
.1533203125 -7583.1191406250 1 2 3 4 5 6 7 8 9 10 11 12 14 15 16 17 18 19 20 21 22 23 24 25 30 31 26_59 .0018299271576362249427983700659202075199
.1552734375 -7583.1171875000 1 2 3 4 6 7 8 9 10 11 12 13 14 15 16 17 18 19 20 21 22 23 24 25 29 32 26_60 .0017396509975613801001716226678464644938
.1562500000 -7583.1162109375 1 2 3 4 5 6 7 8 9 10 11 12 13 14 15 16 17 18 19 20 21 22 23 26 30 34 26_61 .0016961970143522060936071809686758100427
.1582031250 -7583.1142578125 1 2 3 4 5 6 7 8 9 10 11 12 13 15 16 17 18 19 20 21 22 23 24 25 36 44 26_62 .0016125181900082187787990438690687800428
.1601562500 -7583.1123046875 1 2 3 4 5 6 7 8 9 10 11 12 14 15 16 17 18 19 20 21 22 23 24 25 31 37 26_63 .0015329675097326055441319787421644812366
.1611328125 -7583.1113281250 1 2 3 4 5 6 7 9 10 11 12 13 14 15 16 17 18 19 20 21 22 23 24 27 37 46 26_64 .0014946761831840576326736366816953065579
.1635742187 -7583.1088867188 1 2 3 4 5 6 7 8 9 10 11 12 14 15 16 17 18 19 20 21 22 23 24 31 32 37 26_65 .0014030802932639682637051741321746506627
.1640625000 -7583.1083984375 1 2 3 4 5 6 7 8 9 10 11 12 14 15 16 17 18 19 20 21 22 23 24 32 34 47 26_66 .0013854460101106059054453549864815167507
.1669921875 -7583.1054687500 1 2 3 4 5 6 7 8 9 10 11 12 14 15 16 17 18 19 20 21 22 23 24 32 34 38 26_67 .0012841983223700237536177828077652365607
.1689453125 -7583.1035156250 1 2 3 4 5 6 7 8 9 10 11 12 14 15 16 17 18 19 20 21 22 23 24 32 34 46 26_68 .0012208447113618800467341592581015279509
.1704101563 -7583.1020507812 1 2 3 4 5 6 7 8 9 10 11 12 14 15 16 17 18 19 20 21 22 23 24 28 34 39 26_69 .0011753891342465872850685918146519296787
.1718750000 -7583.1005859375 1 2 3 4 5 6 7 8 9 10 11 12 14 15 16 17 18 19 20 21 22 23 24 32 35 46 26_70 .0011316260025752123785924298776631384409
.1723632813 -7583.1000976562 1 2 3 4 5 6 7 8 9 10 11 12 13 14 15 16 17 18 19 20 21 23 24 25 29 34 26_71 .0011174034285365614429414736423073221478
.1762695313 -7583.0961914062 1 2 3 4 5 6 7 9 10 11 12 13 14 15 16 17 18 19 20 21 22 23 24 31 32 37 26_72 .0010098727545895118050568077535913559917
.1767578125 -7583.0957031250 1 2 3 4 5 6 7 9 10 11 12 13 14 15 16 17 18 19 20 21 22 23 24 26 32 34 26_73 .0009971804100639325820111270031888501924
.1772460937 -7583.0952148438 1 2 3 4 5 6 7 8 9 10 11 12 14 15 16 17 18 19 20 21 22 23 24 31 34 42 26_74 .0009846475862391781695496947453493057561
.1787109375 -7583.0937500000 1 2 3 4 5 6 7 8 9 10 11 12 14 15 16 17 18 19 20 21 22 23 24 27 36 46 26_75 .0009479863107541465117423342680476775042
.1801757813 -7583.0922851562 1 2 3 4 5 6 7 8 9 10 11 12 14 15 16 17 18 19 20 21 22 23 24 25 35 44 26_76 .0009126900405146189075653590652599988172
.1806640625 -7583.0917968750 1 2 3 4 5 6 7 8 9 10 11 12 14 15 16 17 18 19 20 21 22 23 24 32 36 46 26_77 .0009012191137204951443067162535143028502
.1835937500 -7583.0888671875 1 2 3 4 5 6 7 8 9 10 11 12 13 14 15 16 17 18 19 20 21 22 23 32 36 46 26_78 .0008353584805771420421522533124068371169
.1840820313 -7583.0883789062 1 2 3 4 5 6 7 8 10 11 12 13 14 15 16 17 18 19 20 21 22 23 24 27 32 37 26_79 .0008248594748881722032937066180967022347
.1845703125 -7583.0878906250 1 2 3 4 5 6 7 8 9 10 11 12 13 14 15 16 17 18 20 21 22 23 24 26 28 30 26_80 .0008144924255813270092911321335847184892
.1855468750 -7583.0869140625 1 2 3 4 5 6 7 8 9 10 11 12 13 14 15 16 17 18 19 20 21 22 24 30 39 46 26_81 .0007941475746688027436489214651189419187
.1865234375 -7583.0859375000 1 2 3 4 5 6 7 8 9 10 11 12 13 14 15 16 17 18 19 20 21 23 24 25 29 32 26_82 .0007743109089101888015910136865553382523
.1875000000 -7583.0849609375 1 2 3 4 5 6 7 8 9 10 11 12 13 14 15 16 17 18 19 20 21 22 24 27 35 42 26_83 .0007549697345702612066390248414854518794
.1889648437 -7583.0834960938 1 2 3 4 5 6 7 8 9 10 11 12 13 15 16 17 18 19 20 21 22 23 24 29 30 38 26_84 .0007268600312054436368749420909788868256
.1894531250 -7583.0830078125 1 2 3 4 5 6 7 8 9 10 11 13 14 15 16 17 18 19 20 21 22 23 24 29 32 44 26_85 .0007177246626419517787752269389121240406
.1928710937 -7583.0795898438 1 2 3 4 5 6 7 8 9 10 11 12 13 14 15 16 17 18 19 21 22 23 24 25 27 30 26_86 .0006569123766478958946615425788101944364
.1933593750 -7583.0791015625 1 2 3 4 5 6 7 8 9 10 11 12 14 15 16 17 18 19 20 21 22 23 24 31 35 37 26_87 .0006486561286538419782004167474888725332
.1938476563 -7583.0786132812 1 2 3 4 5 6 7 8 9 10 11 12 13 14 15 16 17 18 19 20 22 23 24 29 30 32 26_88 .0006405036473619579251048208249811811151
.1953125000 -7583.0771484375 1 2 3 4 5 6 7 8 9 10 11 12 13 14 15 16 17 18 19 20 21 22 24 25 35 36 26_89 .0006166558469707585616055135249603800494
.1958007813 -7583.0766601562 1 2 3 4 5 6 7 8 9 10 11 12 13 14 16 17 18 19 20 21 22 23 24 27 30 32 26_90 .0006089055536583479562793909699262371331
.1967773437 -7583.0756835938 1 2 3 4 5 6 7 8 9 10 11 12 13 14 15 17 18 19 20 21 22 23 24 31 32 37 26_91 .0005936959690540694766374178117590188910
.1972656250 -7583.0751953125 1 2 3 4 5 6 7 8 9 10 11 12 13 14 16 17 18 19 20 21 22 23 24 26 27 30 26_92 .0005862342415424140491595592760270106779
.1982421875 -7583.0742187500 1 2 3 4 5 6 7 8 9 10 11 12 14 15 16 17 18 19 20 21 22 23 24 26 31 37 26_93 .0005715909522134990336097330453649321037
.1992187500 -7583.0732421875 1 2 3 4 5 6 7 8 9 10 11 12 13 14 15 16 17 18 19 20 21 22 23 28 30 34 26_94 .0005573134312194498732989687515543059470
.1997070313 -7583.0727539062 1 2 3 4 5 6 7 8 9 10 11 12 13 14 15 16 17 18 19 20 21 22 23 30 34 48 26_95 .0005503089690382917486929055694188024437
.2011718750 -7583.0712890625 1 2 3 4 5 6 7 8 9 10 11 12 14 15 16 17 18 19 20 21 22 23 24 30 31 46 26_96 .0005298193769787237847464130351254145711
.2026367187 -7583.0698242188 1 2 3 4 5 6 7 8 9 10 11 12 14 15 16 17 18 19 20 21 22 23 24 25 44 47 26_97 .0005100926715998893457764273129946645530
.2031250000 -7583.0693359375 1 2 3 4 5 6 7 8 9 10 11 12 13 14 16 17 18 19 20 21 22 23 24 26 27 34 26_98 .0005036816923789337910353336106406651187
.2036132813 -7583.0688476562 1 2 3 4 5 6 7 8 9 10 11 12 13 15 16 17 18 19 20 21 22 23 24 25 36 38 26_99 .0004973512880355639365619809832136404344
.2041015625 -7583.0683593750 1 2 3 4 5 6 7 8 9 10 11 12 13 14 15 16 17 19 20 21 22 23 24 32 34 35 26_100 .0004911004471555623153151060825922806753
.2055664063 -7583.0668945312 1 2 3 4 5 6 7 8 9 10 11 12 13 15 16 17 18 19 20 21 22 23 24 36 39 46 26_101 .0004728153581190276665322564946503454688
.2065429687 -7583.0659179688 1 2 3 4 5 6 7 8 9 10 11 12 13 14 16 17 18 19 20 21 22 23 24 28 30 35 26_102 .0004610051107854180700161422009585237493
.2084960937 -7583.0639648438 1 2 3 4 5 6 7 8 9 10 11 12 13 14 15 16 17 18 19 20 21 22 23 26 30 39 26_103 .0004382622540531615905857000870427605441
.2104492187 -7583.0620117188 1 2 3 4 5 6 7 8 9 10 11 12 14 15 16 17 18 19 20 21 22 23 24 25 31 39 26_104 .0004166413751910912402771329007740764150
.2109375000 -7583.0615234375 1 2 3 4 5 6 7 9 10 11 12 13 14 15 16 17 18 19 20 21 22 23 24 26 30 46 26_105 .0004114049165088626196293507383905309944
.2119140625 -7583.0605468750 1 2 3 4 5 6 7 8 9 10 11 12 13 14 15 17 18 19 20 21 22 23 24 29 34 40 26_106 .0004011286126069835935942529597840318826
.2124023437 -7583.0600585938 1 2 3 4 5 6 7 8 9 10 11 12 13 15 16 17 18 19 20 21 22 23 24 30 36 39 26_107 .0003960871234419997249931195008787127083
.2128906250 -7583.0595703125 1 2 3 4 5 6 7 8 9 10 11 12 14 15 16 17 18 19 20 21 22 23 24 32 33 35 26_108 .0003911089960164276911687996148697400217
.2148437500 -7583.0576171875 1 2 3 4 5 6 7 8 9 10 11 12 13 14 15 17 18 19 20 21 22 23 24 28 30 35 26_109 .0003718143382024526742555283138468783344
.2153320313 -7583.0571289062 1 2 3 4 5 6 7 8 9 10 11 12 14 15 16 17 18 19 20 21 22 23 24 31 33 37 26_110 .0003671412775431162339959138119037875969
.2163085937 -7583.0561523438 1 2 3 4 5 6 7 8 9 10 11 13 14 15 16 17 18 19 20 21 22 23 24 27 32 37 26_111 .0003579706166927340283967641186323148931
.2167968750 -7583.0556640625 1 2 3 4 5 6 7 8 9 10 11 12 13 14 15 17 18 19 20 21 22 23 24 31 32 40 26_112 .0003534715475762698558070095370488082878
.2172851563 -7583.0551757812 1 2 3 4 5 6 7 8 9 10 11 12 13 14 15 16 17 18 19 20 21 22 24 35 36 46 26_113 .0003490290239469792749387188000268302334
.2177734375 -7583.0546875000 1 2 3 4 5 6 7 8 9 10 11 12 14 15 16 17 18 19 20 21 22 23 24 25 28 31 26_114 .0003446423360189913715971960230187942473
.2182617187 -7583.0541992188 1 2 3 4 5 6 7 8 10 11 12 13 14 15 16 17 18 19 20 21 22 23 24 25 39 44 26_115 .0003403107811305425468120278373988845332
.2207031250 -7583.0517578125 1 2 3 4 5 6 7 8 9 10 11 12 13 14 15 16 17 18 19 20 21 22 24 39 46 47 26_116 .0003194560498953986700053861350144258098
.2216796875 -7583.0507812500 1 2 3 4 5 6 7 8 9 10 11 12 13 14 16 17 18 19 20 21 22 23 24 27 28 35 26_117 .0003114764966127673808046942092260753610
.2226562500 -7583.0498046875 1 2 3 4 5 6 7 8 9 10 11 12 14 15 16 17 18 19 20 21 22 23 24 28 31 34 26_118 .0003036962611098782523425562938253811788
.2231445313 -7583.0493164062 1 2 3 4 5 6 7 8 10 11 12 13 14 15 16 17 18 19 20 21 22 23 24 27 33 34 26_119 .0002998793264078942994043076990347573134
.2236328125 -7583.0488281250 1 2 3 4 5 6 7 8 9 10 11 12 13 14 15 16 17 18 19 20 22 23 24 29 30 44 26_120 .0002961103647148790873771474057055518451
.2241210937 -7583.0483398438 1 2 3 4 5 6 7 8 9 10 11 12 14 15 16 17 18 19 20 21 22 23 24 31 37 39 26_121 .0002923887723167518278058782625802137548
.2246093750 -7583.0478515625 1 2 3 4 5 7 8 9 10 11 12 13 14 15 16 17 18 19 20 21 22 23 24 26 29 47 26_122 .0002887139531159895494209798323585659964
.2250976563 -7583.0473632812 1 2 3 4 5 6 7 8 9 10 11 12 13 14 15 17 18 19 20 21 22 23 24 31 32 33 26_123 .0002850853200120848534465676091530252253
.2255859375 -7583.0468750000 1 2 3 4 5 6 7 8 9 10 11 12 14 15 16 17 18 19 20 21 22 23 24 25 31 41 26_124 .0002815022932551651895462425094434415728
.2270507813 -7583.0454101562 1 2 3 4 6 7 8 9 10 11 12 13 14 15 16 17 18 19 20 21 22 23 24 25 30 42 26_125 .0002710211492733742065882475492272096059
.2285156250 -7583.0439453125 1 2 3 4 6 7 9 10 11 12 13 14 15 16 17 18 19 20 21 22 23 24 25 27 37 46 26_126 .0002609302492507356262651670459076511214
.2290039063 -7583.0434570312 1 2 3 4 5 6 7 8 9 10 11 12 14 15 16 17 18 19 20 21 22 23 24 28 32 45 26_127 .0002576508090642720991730566713608973814
.2294921875 -7583.0429687500 1 2 3 4 5 6 7 8 9 10 11 12 13 14 15 16 17 18 19 21 22 23 24 32 34 35 26_128 .0002544125864059459778675678871334001095
.2299804687 -7583.0424804688 1 2 3 4 5 7 8 9 10 11 12 13 14 15 16 17 18 19 20 21 22 23 24 30 32 34 26_129 .0002512150625757080730157304243129583083
.2314453125 -7583.0410156250 1 2 3 4 5 6 7 8 10 11 12 13 14 15 16 17 18 19 20 21 22 23 24 27 39 44 26_130 .0002418615997289100551417729970354637136
.2319335937 -7583.0405273438 1 2 3 4 5 6 7 8 9 10 11 12 13 14 15 16 17 18 19 21 22 23 24 27 32 37 26_131 .0002388218199771383989806421419245294720
.2324218750 -7583.0400390625 1 2 3 4 5 6 7 8 9 10 11 12 13 14 15 16 17 18 19 20 21 22 24 35 36 39 26_132 .0002358202443603352137409502582680504980
.2333984375 -7583.0390625000 1 2 3 4 5 6 7 8 9 11 12 13 14 15 16 17 18 19 20 21 22 23 24 28 32 45 26_133 .0002299297933714978615396178458811822386
.2343750000 -7583.0380859375 1 2 3 4 5 6 7 8 10 11 12 13 14 15 16 17 18 19 20 21 22 23 24 27 31 34 26_134 .0002241864773877403828746886699054477609
.2373046875 -7583.0351562500 1 2 3 4 5 6 7 8 9 10 11 12 13 14 15 16 18 19 20 21 22 23 24 33 34 35 26_135 .0002078030439716645624464902354187669464
.2387695313 -7583.0336914062 1 2 4 5 6 7 8 9 10 11 12 13 14 15 16 17 18 19 20 21 22 23 24 36 37 41 26_136 .0002000659360478324165402622906811111535
.2392578125 -7583.0332031250 1 2 3 4 5 6 7 8 10 11 12 13 14 15 16 17 18 19 20 21 22 23 24 34 35 41 26_137 .0001975514551128717011665536419237340094
.2397460937 -7583.0327148438 1 2 3 4 5 6 7 8 9 10 11 12 13 14 15 16 17 18 19 20 22 23 24 25 30 31 26_138 .0001950685768310021611045225924613423141
.2416992187 -7583.0307617188 1 2 3 4 5 6 7 8 9 10 11 12 13 14 15 17 18 19 20 21 22 23 24 28 42 46 26_139 .0001854452199700027473873459012586412982
.2431640625 -7583.0292968750 1 2 3 4 5 6 7 8 9 10 11 13 14 15 16 17 18 19 20 21 22 23 24 29 32 35 26_140 .0001785405584528098126918439316030062470
.2436523437 -7583.0288085938 1 2 3 4 5 6 7 8 9 10 11 12 13 14 15 16 17 18 19 20 22 23 24 37 41 44 26_141 .0001762966140851914481622980435679770801
.2441406250 -7583.0283203125 1 2 3 4 5 6 7 8 9 10 11 12 13 14 15 17 18 19 20 21 22 23 24 28 39 46 26_142 .0001740808717455102286947131538952747274
.2446289063 -7583.0278320312 1 2 3 4 5 6 7 8 9 10 11 12 13 14 15 17 18 19 20 21 22 23 24 29 40 46 26_143 .0001718929774399011984423070594261701121
.2451171875 -7583.0273437500 1 2 3 4 5 6 7 9 10 11 12 13 14 15 16 17 18 19 20 21 22 23 25 26 28 34 26_144 .0001697325816065848913274618518615821584
.2465820313 -7583.0258789062 1 2 3 4 5 6 7 8 9 10 11 12 13 14 15 16 17 18 19 20 21 22 24 33 36 47 26_145 .0001634129470286628089370665915582201847
.2470703125 -7583.0253906250 1 2 3 4 5 7 8 9 10 11 12 13 14 15 16 17 18 19 20 21 22 23 24 25 29 34 26_146 .0001613591304322629155333024010278666498
.2480468750 -7583.0244140625 1 2 3 4 5 6 7 8 9 10 11 12 13 14 15 16 17 18 19 20 22 23 24 25 31 45 26_147 .0001573286111187457929633324521554631169
.2500000000 -7583.0224609375 1 2 3 4 5 6 7 8 9 10 11 12 13 14 15 16 17 18 19 20 22 23 24 32 33 46 26_148 .0001495670874851737302831596799060240743
.2504882813 -7583.0219726562 1 2 3 4 5 6 7 8 10 11 12 13 14 15 16 17 18 19 20 21 22 23 24 27 37 46 26_149 .0001476872888850510885875799362898235504
.2509765625 -7583.0214843750 1 2 3 4 5 6 7 8 9 10 11 12 13 14 15 16 17 18 19 20 22 23 24 30 37 41 26_150 .0001458311164672302391824973983065523224
.2514648437 -7583.0209960938 1 2 3 4 5 7 8 9 10 11 12 13 14 15 16 17 18 19 20 21 22 23 24 35 38 46 26_151 .0001439982729091283905437388743071814762
.2524414063 -7583.0200195312 1 2 3 4 5 6 7 8 9 10 11 12 13 14 15 17 18 19 20 21 22 23 24 32 33 34 26_152 .0001404014025169680431167649963976559525
.2553710937 -7583.0170898438 1 2 3 4 5 6 7 8 9 10 11 12 13 14 15 16 17 19 20 21 22 23 24 32 33 35 26_153 .0001301409399730650824063954140644319927
.2558593750 -7583.0166015625 1 2 3 4 5 6 7 8 9 10 11 12 13 14 15 16 17 18 19 20 21 22 23 32 34 45 26_154 .0001285052943180391194999394202044434760
.2578125000 -7583.0146484375 1 2 3 4 5 6 7 8 9 10 11 12 13 14 15 16 17 19 20 21 22 23 24 32 33 39 26_155 .0001221657170993996172200798846529180976
.2583007813 -7583.0141601562 1 2 3 4 5 6 8 9 10 11 12 13 14 15 16 17 18 19 20 21 22 23 24 32 34 35 26_156 .0001206303061487170715774187788874547021
.2587890625 -7583.0136718750 1 2 3 4 6 7 9 10 11 12 13 14 15 16 17 18 19 20 21 22 23 24 25 32 34 40 26_157 .0001191141929563298174226008777740418789
.2592773437 -7583.0131835938 1 2 3 4 5 6 7 8 10 11 12 13 14 15 16 17 18 19 20 21 22 23 24 36 39 46 26_158 .0001176171346705039118001055037197612243
.2622070313 -7583.0102539062 1 2 4 5 6 7 8 9 10 11 12 13 14 15 16 17 18 19 20 21 22 23 24 28 37 41 26_159 .0001090217341796844506902258199600957154
.2631835937 -7583.0092773438 1 2 3 4 5 6 7 8 9 10 11 12 13 14 15 16 17 18 19 20 21 22 24 31 33 39 26_160 .0001062985281262191238853127050497807785
.2651367187 -7583.0073242188 1 2 3 4 5 6 7 8 10 11 12 13 14 15 16 17 18 19 20 21 22 23 24 32 33 34 26_161 .0001010544817166130166488767247618589777
.2661132813 -7583.0063476562 1 2 3 4 5 6 8 9 10 11 12 13 14 15 16 17 18 19 20 21 22 23 24 26 37 41 26_162 .0000985302856555187820056017087040195726
.2666015625 -7583.0058593750 1 2 3 4 5 6 7 8 9 10 11 12 13 14 15 16 17 18 19 20 22 23 24 26 27 45 26_163 .0000972919312924961745602212973339539582
.2680664063 -7583.0043945312 1 2 3 4 5 6 7 8 10 11 12 13 14 15 16 17 18 19 20 21 22 23 24 36 39 44 26_164 .0000936694714952722761059451519696770169
.2690429687 -7583.0034179688 1 2 3 4 5 6 7 8 9 10 11 12 15 16 17 18 19 20 21 22 23 24 26 34 36 37 26_165 .0000913297428740011221635001937521795133
.2705078125 -7583.0019531250 1 2 3 4 5 6 8 9 10 11 12 13 14 15 16 17 18 19 20 21 22 23 24 30 34 35 26_166 .0000879292725836412737379082385414808774
.2714843750 -7583.0009765625 1 2 3 4 5 7 8 9 10 11 12 13 14 15 16 17 18 19 20 21 22 23 24 29 32 35 26_167 .0000857329256498019648377264471719929958
.2724609375 -7583.0000000000 1 2 3 4 5 6 7 8 9 10 11 12 13 14 15 16 17 18 19 20 21 22 23 25 35 44 26_168 .0000835914403076947681318704901397868720
.2729492187 -7582.9995117188 1 2 3 4 5 6 7 8 9 10 11 12 13 14 15 16 17 18 19 20 21 23 24 25 26 33 26_169 .0000825408412545438485358125666084807513
.2739257813 -7582.9985351562 1 2 3 4 6 7 8 9 10 11 12 13 14 15 17 18 19 20 21 22 23 24 25 28 31 34 26_170 .0000804790893872847819895290204433289788
.2749023437 -7582.9975585938 1 2 3 4 5 6 7 8 9 10 11 12 13 14 15 16 17 18 19 21 22 23 24 26 30 47 26_171 .0000784688375320389274637083772580528190
.2753906250 -7582.9970703125 1 2 3 4 5 6 7 8 9 10 11 12 13 14 15 16 17 18 19 20 21 22 23 26 42 44 26_172 .0000774826204877269580795669928333963057
.2758789063 -7582.9965820312 1 2 3 4 5 7 8 9 10 11 12 13 14 15 16 17 18 19 20 21 22 23 24 35 38 41 26_173 .0000765087984793181816454623372970641544
.2773437500 -7582.9951171875 1 2 3 5 6 7 8 9 10 11 12 13 14 15 16 17 18 19 20 21 22 24 27 30 34 35 26_174 .0000736601549753816797703957040771874501
.2778320313 -7582.9946289062 1 2 3 4 5 6 7 8 9 10 11 12 15 16 17 18 19 20 21 22 23 24 25 36 37 44 26_175 .0000727343747216125128730206902805220052
.2783203125 -7582.9941406250 1 2 3 4 5 6 7 8 9 10 11 12 14 15 16 17 18 19 20 21 22 23 24 31 35 41 26_176 .0000718202301042596742207079882958818795
.2802734375 -7582.9921875000 1 2 3 4 5 6 7 8 9 10 12 13 14 15 16 17 18 19 20 21 22 23 24 30 40 41 26_177 .0000682771084218209702076774949268049019
.2817382813 -7582.9907226562 1 2 3 4 5 6 7 8 9 10 11 12 13 14 15 16 17 18 19 20 21 23 24 25 33 43 26_178 .0000657349543393290379951757454030477174
.2822265625 -7582.9902343750 1 2 3 4 5 6 7 9 10 12 13 14 15 16 17 18 19 20 21 22 23 24 28 30 31 34 26_179 .0000649087802653615530397434410939009655
.2841796875 -7582.9882812500 1 2 3 4 5 6 7 9 10 11 12 13 14 15 16 17 18 19 20 21 22 23 24 26 30 35 26_180 .0000617066225111327507890624315892510918
.2851562500 -7582.9873046875 1 2 3 4 5 6 7 9 10 11 12 13 15 16 17 18 19 20 21 22 23 24 26 27 32 34 26_181 .0000601652797117710681591987746694383167
.2866210937 -7582.9858398438 1 2 3 4 5 7 8 9 10 11 12 14 15 16 17 18 19 20 21 22 23 24 26 29 34 37 26_182 .0000579251526071768277324934944586247226
.2880859375 -7582.9843750000 1 2 3 4 5 6 7 9 10 11 12 14 15 16 17 18 19 20 21 22 23 24 25 31 34 36 26_183 .0000557684317591064513041692612997201975
.2900390625 -7582.9824218750 1 2 3 4 5 6 7 8 9 10 11 12 14 15 16 17 18 19 20 21 22 23 24 30 36 44 26_184 .0000530171966339272305537029625042716349
.2919921875 -7582.9804687500 1 2 3 4 5 7 8 9 10 11 12 13 14 15 16 17 18 19 20 21 22 23 24 29 34 37 26_185 .0000504016887378498740325493276999510601
.2944335937 -7582.9780273438 1 2 3 4 5 6 7 9 10 11 12 13 14 15 16 17 18 20 21 22 23 24 25 30 31 32 26_186 .0000473130013115311202463016549410049036
.2954101563 -7582.9770507812 1 2 3 4 5 6 7 9 10 11 12 13 14 15 16 17 18 20 21 22 23 24 31 32 34 46 26_187 .0000461311903762771742883333591914189502
.2958984375 -7582.9765625000 1 2 3 4 5 6 7 8 9 10 11 12 15 16 17 18 19 20 21 22 23 24 34 36 37 39 26_188 .0000455514015276624881643694953227967842
.2963867187 -7582.9760742188 1 2 3 4 5 6 7 8 9 10 11 12 13 14 15 17 18 19 20 21 22 23 24 37 41 44 26_189 .0000449788996167191700477683174144019948
.2968750000 -7582.9755859375 1 2 3 4 5 6 7 8 9 10 11 12 13 14 15 16 17 18 19 20 22 23 24 26 27 32 26_190 .0000444135929442672717639178433920419498
.2978515625 -7582.9746093750 1 2 3 4 5 6 7 8 9 10 11 12 13 14 16 17 18 19 20 21 22 23 24 31 35 41 26_191 .0000433042051850186326845335220325131326
.2983398437 -7582.9741210938 1 2 3 4 5 6 7 8 9 10 11 12 13 14 15 16 18 19 20 21 22 23 24 27 30 31 26_192 .0000427599466246042145707965388283700595
.3012695313 -7582.9711914062 1 2 3 4 5 6 7 8 9 10 11 12 13 14 15 16 17 18 19 21 22 23 24 30 33 47 26_193 .0000396350714332966625126204977537923196
.3022460937 -7582.9702148438 1 2 3 4 6 7 9 10 11 12 13 14 15 16 17 18 19 20 21 22 23 24 25 34 42 43 26_194 .0000386450443779684868421938992616746696
.3041992187 -7582.9682617188 1 2 3 4 5 6 7 8 9 10 11 12 13 14 15 17 18 19 20 21 22 23 24 31 32 48 26_195 .0000367385607248861071238583965471899385
.3046875000 -7582.9677734375 1 2 3 4 5 6 7 8 9 10 11 12 13 14 15 16 18 19 20 21 22 23 24 27 30 40 26_196 .0000362768208048117294683772502517527247
.3056640625 -7582.9667968750 1 2 3 4 6 7 8 9 11 12 13 14 15 16 17 18 19 20 21 22 23 24 25 27 29 32 26_197 .0000353706779265308321971741254919684895
.3061523437 -7582.9663085938 1 2 3 4 5 7 8 9 10 11 12 14 15 16 17 18 19 20 21 22 23 24 26 29 34 38 26_198 .0000349261300086802202708803549356971063
.3066406250 -7582.9658203125 1 2 3 4 5 6 7 8 9 10 11 12 13 14 15 16 17 18 21 22 23 24 25 30 31 32 26_199 .0000344871691958307582050791123294430552
.3076171875 -7582.9648437500 1 2 3 4 5 6 7 8 9 10 11 12 13 14 15 16 17 18 19 21 22 23 24 26 32 47 26_200 .0000336257292442150045842691313944213233
.3085937500 -7582.9638671875 1 2 3 4 5 6 7 8 9 10 11 12 15 16 17 18 19 20 21 22 23 24 26 29 34 38 26_201 .0000327858068252800563145644185426218641
.3090820313 -7582.9633789062 1 2 3 4 5 6 7 8 9 10 11 12 14 15 16 17 18 19 20 21 22 23 24 31 38 47 26_202 .0000323737461586567116299184708779260170
.3100585937 -7582.9624023438 1 2 3 4 5 6 7 9 10 11 12 13 14 15 16 17 18 19 20 21 22 23 24 26 32 47 26_203 .0000315650965607031323141319087785652000
.3105468750 -7582.9619140625 1 2 3 4 5 6 7 8 9 10 11 12 14 15 16 17 18 19 20 21 22 23 26 34 39 46 26_204 .0000311683781026170402454854807951891718
.3110351563 -7582.9614257812 1 2 3 4 5 6 7 9 10 11 12 13 14 15 17 18 19 20 21 22 23 24 25 34 40 45 26_205 .0000307766457067368260139505724676378503
.3115234375 -7582.9609375000 1 2 3 4 5 7 8 9 10 11 12 13 14 15 16 17 18 19 20 21 22 24 34 36 39 47 26_206 .0000303898367856362929596187739050120136
.3134765625 -7582.9589843750 1 2 3 4 5 6 7 8 9 10 11 12 13 14 15 17 18 19 20 21 22 23 24 41 44 46 26_207 .0000288906089290191215694545683170536323
.3144531250 -7582.9580078125 1 2 3 4 5 6 7 9 10 11 12 13 14 15 16 17 18 19 20 21 22 23 26 29 34 46 26_208 .0000281689630143705917061571992082814693
.3149414063 -7582.9575195312 1 2 3 4 6 7 8 10 11 12 13 14 15 16 17 18 19 20 21 22 23 24 25 27 29 32 26_209 .0000278149280583407811684311163632475154
.3159179687 -7582.9565429688 1 2 3 4 5 7 8 9 10 11 12 13 14 15 16 17 18 19 20 22 23 24 26 29 30 36 26_210 .0000271201511770600671618853888761708896
.3168945313 -7582.9555664062 1 2 3 4 5 6 7 9 10 11 12 13 14 15 16 17 18 19 20 21 22 23 25 27 34 43 26_211 .0000264427286856025590310683251062658326
.3178710937 -7582.9545898438 1 2 3 4 5 6 7 8 9 10 11 12 13 14 15 16 17 18 19 20 21 22 23 34 35 45 26_212 .0000257822273702584798667213481992932781
.3183593750 -7582.9541015625 1 2 3 4 5 6 7 8 10 11 12 14 15 16 17 18 19 20 21 22 23 24 25 28 32 39 26_213 .0000254581895372461881719806676860403835
.3188476563 -7582.9536132812 1 2 3 4 5 6 7 9 10 11 12 13 14 15 16 17 18 20 21 22 23 24 29 31 34 46 26_214 .0000251382242971761349334193675428707180
.3193359375 -7582.9531250000 1 2 3 4 5 7 9 10 11 12 13 14 15 16 17 18 19 20 21 22 23 24 26 29 34 37 26_215 .0000248222805289231362522568220422943403
.3203125000 -7582.9521484375 1 2 3 4 5 6 7 8 9 10 11 12 13 14 15 16 17 18 19 20 22 23 24 27 30 40 26_216 .0000242022556142539078055077872016476974
.3208007813 -7582.9516601562 1 2 3 4 5 6 7 8 9 10 11 12 13 14 15 16 17 18 19 20 21 22 23 32 42 45 26_217 .0000238980752829494374872154222241286972
.3212890625 -7582.9511718750 1 2 3 4 5 6 7 8 9 10 11 12 14 15 17 18 19 20 21 22 23 24 25 31 40 44 26_218 .0000235977180313938030937287329635407448
.3222656250 -7582.9501953125 1 2 3 4 5 6 7 9 10 11 12 13 14 15 16 17 18 19 20 21 22 23 26 32 34 46 26_219 .0000230082809290391227240200114858611260
.3227539063 -7582.9497070312 1 2 3 4 5 6 7 8 9 10 11 12 14 15 16 17 18 19 20 21 22 23 26 30 39 46 26_220 .0000227191067864596358388429971774502725
.3242187500 -7582.9482421875 1 2 3 4 5 6 7 9 10 11 12 13 14 16 17 18 19 20 21 22 23 24 25 36 37 44 26_221 .0000218732088342132331730860639572543210
.3247070313 -7582.9477539062 1 3 4 5 6 7 8 9 10 11 12 14 15 16 17 18 19 20 21 22 23 24 27 28 31 34 26_222 .0000215983005770686250773561064331668197
.3251953125 -7582.9472656250 1 2 3 4 5 6 7 8 9 10 11 12 13 14 15 16 17 18 19 20 21 22 23 42 44 45 26_223 .0000213268474946428101306914894280202727
.3266601563 -7582.9458007812 1 2 3 4 5 6 7 9 10 11 12 14 15 16 17 18 19 20 21 22 23 24 25 36 37 41 26_224 .0000205327873231100934224763438948543904
.3295898437 -7582.9428710938 1 2 3 4 5 7 8 9 10 11 12 13 14 16 17 18 19 20 21 22 23 24 26 27 34 35 26_225 .0000190322617480522825192105968209287279
.3300781250 -7582.9423828125 1 2 3 4 6 7 9 10 11 12 13 14 15 16 17 18 19 20 21 22 23 25 32 34 36 37 26_226 .0000187930592631158631828608068513752149
.3310546875 -7582.9414062500 1 2 3 4 5 6 7 8 9 10 11 12 13 14 15 16 17 18 19 20 22 23 24 30 36 40 26_227 .0000183236356357255449255488803363373905
.3315429687 -7582.9409179688 1 2 3 4 5 6 7 8 9 10 11 12 13 14 15 16 17 19 20 21 22 23 24 34 35 41 26_228 .0000180933393975184419190882869078561563
.3320312500 -7582.9404296875 1 2 3 4 5 6 7 8 9 10 11 12 14 16 17 18 19 20 21 22 23 24 32 33 37 39 26_229 .0000178659375363010097768423128198522152
.3325195313 -7582.9399414062 1 2 3 4 5 8 9 10 11 12 13 14 15 16 17 18 19 20 21 22 23 24 26 29 30 36 26_230 .0000176413937216469580063351321633854629
.3354492187 -7582.9370117188 1 2 3 4 5 7 8 9 10 11 12 13 14 15 16 17 18 19 20 21 22 24 33 34 36 47 26_231 .0000163521697092206728937581019588340032
.3364257813 -7582.9360351562 1 2 3 4 5 6 7 8 9 10 11 12 15 16 17 18 19 20 21 22 23 24 26 32 34 46 26_232 .0000159437159556691010215185538591049241
.3374023437 -7582.9350585938 1 2 3 4 5 6 7 9 10 11 12 13 14 15 16 17 18 19 20 22 23 24 26 28 29 34 26_233 .0000155454648717737532670566869932294817
.3393554687 -7582.9331054688 1 2 3 4 5 6 7 8 9 10 11 12 14 15 16 17 19 20 21 22 23 24 31 32 35 37 26_234 .0000147785573643651405970212187323563954
.3413085937 -7582.9311523438 1 2 3 4 5 6 7 8 9 10 11 13 14 16 17 18 19 20 21 22 23 24 27 30 32 44 26_235 .0000140494838574043114557312574080290261
.3422851563 -7582.9301757812 1 2 3 4 5 6 7 8 9 10 11 12 14 15 16 17 18 19 20 21 22 23 28 34 39 48 26_236 .0000136985478948339656838068849112726648
.3437500000 -7582.9287109375 1 2 3 4 5 6 8 9 10 11 12 13 14 15 16 17 18 19 20 21 22 23 24 37 40 41 26_237 .0000131885113990375991840983724431189204
.3442382813 -7582.9282226562 1 2 3 4 5 6 7 8 9 10 11 12 14 15 16 17 18 19 21 22 23 24 25 28 32 39 26_238 .0000130227547096317836494589006396940657
.3457031250 -7582.9267578125 1 2 3 4 5 6 7 8 9 10 11 12 13 14 15 17 18 19 20 21 22 24 28 30 35 37 26_239 .0000125378799456269723856500389175430481
.3471679687 -7582.9252929688 1 2 3 4 5 6 7 8 9 10 11 12 13 14 15 16 17 18 19 20 21 23 24 31 32 39 26_240 .0000120710584692721877368707335484134830
.3491210937 -7582.9233398438 1 2 3 4 5 6 7 8 9 10 11 12 13 14 15 16 17 18 19 20 21 23 25 28 29 34 26_241 .0000114755545432839725000023370243109291
.3496093750 -7582.9228515625 1 2 3 4 5 6 7 8 9 10 11 12 13 14 15 16 19 20 21 22 23 24 29 30 32 37 26_242 .0000113313267473911455264382397951503276
.3510742187 -7582.9213867188 1 2 3 4 5 6 7 8 9 10 11 12 13 14 15 16 17 18 19 20 21 23 25 28 34 48 26_243 .0000109094287308033757447346585945528885
.3530273437 -7582.9194335938 1 2 3 4 5 6 7 8 9 10 11 12 13 14 15 16 17 18 19 20 21 23 25 28 30 48 26_244 .0000103712317155192845274834868725182025
.3535156250 -7582.9189453125 1 2 3 4 5 6 7 9 10 11 12 13 14 16 17 18 19 20 21 22 23 24 25 34 42 43 26_245 .0000102408833401635547788462219432050997
.3540039063 -7582.9184570312 1 2 3 4 5 6 7 8 9 10 11 12 13 14 15 16 17 19 20 21 22 23 24 25 26 35 26_246 .0000101121732175654462589200210295828156
.3544921875 -7582.9179687500 1 3 4 6 7 8 9 10 11 12 13 14 15 16 17 18 19 20 21 22 23 24 25 30 31 39 26_247 .0000099850807835965294786728379751778101
.3549804687 -7582.9174804688 1 2 3 4 5 6 7 8 9 10 11 12 14 15 16 17 18 19 20 21 22 23 27 32 34 48 26_248 .0000098595856805301417059158545450463747
.3559570313 -7582.9165039062 1 2 3 4 5 6 7 8 9 10 11 12 13 14 15 16 17 18 21 22 23 24 30 31 32 35 26_249 .0000096133073669308758071407095006136830
.3579101563 -7582.9145507812 1 2 3 4 5 7 9 10 11 12 13 14 15 16 17 18 19 20 21 22 23 24 25 36 37 47 26_250 .0000091390521644304825408182432457021932
.3583984375 -7582.9140625000 1 2 3 4 5 6 7 8 9 10 11 12 14 15 16 17 18 19 20 21 22 23 32 33 34 39 26_251 .0000090241901700049158492911457767859070
.3603515625 -7582.9121093750 1 2 3 4 5 6 7 8 9 10 11 12 14 16 17 18 19 20 21 22 23 24 25 32 37 40 26_252 .0000085789980032382674890528322812233593
.3623046875 -7582.9101562500 1 2 3 4 5 6 7 8 9 10 12 13 14 16 17 18 19 20 21 22 23 24 30 31 34 39 26_253 .0000081557685900945600424267822213035902
.3637695313 -7582.9086914062 1 2 3 4 5 6 7 9 10 11 12 13 14 16 17 18 19 20 21 22 23 24 25 35 36 44 26_254 .0000078521057535099026559295212984684484
.3647460937 -7582.9077148438 1 2 3 4 5 6 7 9 10 11 12 13 14 15 16 17 18 20 21 22 23 24 25 28 31 48 26_255 .0000076559714498199081125466202546267730
.3652343750 -7582.9072265625 1 2 3 5 6 7 8 9 10 11 12 13 14 15 16 17 18 19 20 21 22 24 27 30 35 42 26_256 .0000075597491815660251040678462590282422
.3657226563 -7582.9067382812 1 2 3 4 5 6 7 8 9 10 11 12 14 15 16 17 18 19 20 21 22 23 29 32 34 39 26_257 .0000074647362601557931407330686159082208
.3662109375 -7582.9062500000 1 2 3 4 5 6 7 8 9 10 11 12 13 14 15 17 18 19 21 22 23 24 25 27 30 32 26_258 .0000073709175052919760697155491875241418
.3676757813 -7582.9047851562 1 2 3 4 5 6 7 8 9 10 11 12 14 15 16 17 18 19 20 21 22 23 25 35 38 42 26_259 .0000070964769429877779910780875554487713
.3696289063 -7582.9028320312 1 2 3 4 5 6 7 8 9 10 11 12 14 15 16 17 18 19 21 22 23 24 30 44 46 47 26_260 .0000067463850358868698097368244064372803
.3710937500 -7582.9013671875 1 2 3 4 5 6 7 8 9 10 11 12 13 14 15 16 17 18 19 20 22 23 29 36 40 44 26_261 .0000064951976392800786591462940265705907
.3720703125 -7582.9003906250 1 2 3 4 6 7 8 9 10 11 12 13 14 16 17 18 19 20 21 22 23 24 26 27 28 34 26_262 .0000063329569314868565689016900528298084
.3725585937 -7582.8999023438 1 2 3 4 5 6 7 8 9 10 11 12 15 16 17 18 19 20 21 22 23 24 26 29 30 40 26_263 .0000062533626748096787580842862960954823
.3735351563 -7582.8989257812 1 2 3 4 5 6 7 8 9 10 11 12 13 14 15 16 17 18 20 21 22 24 28 30 33 43 26_264 .0000060971626412810980589345888718357092
.3759765625 -7582.8964843750 1 2 3 4 5 6 7 9 10 11 12 13 14 15 16 17 18 20 21 22 23 24 34 40 44 47 26_265 .0000057235198118851251466702902976256854
.3764648437 -7582.8959960938 1 3 4 5 6 7 8 9 10 11 12 13 14 15 16 17 18 19 20 21 22 23 25 27 28 31 26_266 .0000056515851200922440381492575357576430
.3769531250 -7582.8955078125 1 2 3 4 5 6 7 9 10 12 13 14 15 16 17 18 19 20 21 22 23 24 34 36 40 44 26_267 .0000055805545078375494937291618558155742
.3779296875 -7582.8945312500 1 2 3 4 5 6 7 8 9 10 11 12 14 15 16 17 18 19 20 21 22 23 25 35 38 44 26_268 .0000054411602717399743215901961406955517
.3784179687 -7582.8940429688 1 2 3 4 5 6 7 8 9 10 11 12 14 15 16 18 19 20 21 22 23 24 28 30 32 33 26_269 .0000053727743483907602565330071998461763
.3793945313 -7582.8930664062 1 2 3 4 5 6 7 8 9 10 11 12 13 14 15 17 18 19 20 21 22 24 29 30 40 46 26_270 .0000052385701486662213339007338392505668
.3798828125 -7582.8925781250 1 2 3 4 5 6 7 8 9 10 11 12 13 14 15 17 18 19 20 21 23 24 25 34 42 43 26_271 .0000051727304308937452580803808040154929
.3813476563 -7582.8911132812 1 2 3 4 5 6 7 9 10 11 12 13 14 15 17 18 19 20 21 22 23 24 26 29 34 37 26_272 .0000049801347266163192237863231305436256
.3818359375 -7582.8906250000 1 2 3 4 5 6 7 8 10 11 12 13 14 15 16 17 18 19 20 21 22 23 25 26 28 35 26_273 .0000049175430927230880446806888141126279
.3833007813 -7582.8891601562 1 2 3 4 5 6 7 8 9 10 11 12 13 14 15 16 17 18 19 20 22 23 29 36 44 48 26_274 .0000047344487505936151972730965099008696
.3837890625 -7582.8886718750 1 2 3 4 5 6 7 9 10 11 12 13 14 16 17 18 19 20 21 22 23 24 26 29 34 37 26_275 .0000046749449622122187045446978910142181
.3842773437 -7582.8881835938 1 2 3 4 6 7 8 9 10 11 12 13 14 15 16 17 18 19 20 21 22 25 27 28 36 46 26_276 .0000046161890329836526391562153934507634
.3852539063 -7582.8872070312 1 2 3 4 5 6 7 9 10 12 14 15 16 17 18 19 20 21 22 23 24 25 28 31 32 34 26_277 .0000045008832496439300319041607331993547
.3857421875 -7582.8867187500 1 2 3 4 5 6 7 8 9 10 11 12 13 14 15 16 17 18 19 20 22 23 29 30 36 40 26_278 .0000044443149734781768837084139392041609
.3867187500 -7582.8857421875 1 2 3 4 5 6 7 8 9 10 11 12 14 15 16 17 18 19 21 22 23 24 30 38 44 46 26_279 .0000043333023689359331433369700113952256
.3872070313 -7582.8852539062 1 2 3 4 5 6 7 8 9 10 11 12 14 15 16 17 18 20 21 22 23 24 28 29 32 41 26_280 .0000042788402819621437810660768577001034
.3876953125 -7582.8847656250 1 2 3 4 5 6 7 8 9 10 11 12 13 14 15 16 18 19 20 22 23 24 30 32 41 45 26_281 .0000042250626998046123231496478485941500
.3881835937 -7582.8842773438 1 2 3 4 5 6 7 8 9 10 11 12 14 15 16 17 18 20 21 22 23 24 28 32 38 41 26_282 .0000041719610083445910445772762365744105
.3906250000 -7582.8818359375 1 2 3 4 5 6 7 8 9 10 11 12 13 14 15 17 18 19 20 21 22 24 29 30 40 44 26_283 .0000039162972727923773997162908858986471
.3911132813 -7582.8813476562 1 2 3 4 6 7 8 9 10 11 12 13 14 15 16 17 18 19 20 21 22 23 36 37 45 46 26_284 .0000038670762158416696102723929525279072
.3916015625 -7582.8808593750 1 2 3 4 5 6 7 8 9 10 11 12 13 14 16 17 19 20 21 22 23 24 32 33 37 39 26_285 .0000038184737920065139084648160758634336
.3920898437 -7582.8803710938 1 2 3 4 5 6 7 8 9 10 11 12 14 15 16 17 18 19 20 21 22 23 25 35 38 43 26_286 .0000037704822161274898338474572445257094
.3925781250 -7582.8798828125 1 2 3 4 5 6 7 8 9 10 11 12 13 14 15 17 18 19 20 21 22 24 26 29 40 44 26_287 .0000037230938012640502782464383571186091
.3930664063 -7582.8793945312 1 2 3 4 5 6 7 8 10 11 12 13 14 15 17 18 19 20 21 22 23 24 25 27 30 46 26_288 .0000036763009764961332756452564296697673
.3935546875 -7582.8789062500 1 2 3 4 5 6 7 8 10 11 12 13 14 15 16 17 18 19 21 22 23 24 25 28 32 39 26_289 .0000036300962656933562094904657041286084
.3945312500 -7582.8779296875 1 2 3 4 5 6 9 10 11 12 13 14 15 16 17 18 19 20 21 22 23 24 25 32 38 41 26_290 .0000035394216749862286158771288152262126
.3955078125 -7582.8769531250 1 2 3 4 5 6 7 9 10 11 12 13 14 15 16 17 18 19 20 21 22 23 28 34 36 40 26_291 .0000034510120053164869861018347089902526
.3959960937 -7582.8764648438 1 2 3 4 6 7 8 9 10 11 12 13 14 15 16 17 18 19 20 21 22 23 24 31 38 39 26_292 .0000034076387851416431910208109605090146
.3969726563 -7582.8754882812 1 2 3 4 5 6 7 8 9 10 11 12 14 15 16 17 18 20 21 22 23 24 28 30 32 38 26_293 .0000033225208541704291445009185659696744
.3974609375 -7582.8750000000 1 2 3 4 5 6 7 8 10 11 12 14 15 16 17 18 19 20 21 22 23 24 28 29 37 47 26_294 .0000032807625443408960726403942521607081
.3979492187 -7582.8745117188 1 2 3 4 5 6 7 8 9 10 11 12 14 15 16 17 18 19 20 21 22 23 27 32 34 39 26_295 .0000032395290638552121190713591908217822
.3994140625 -7582.8730468750 1 2 3 5 6 7 9 10 11 12 13 14 15 16 17 18 19 20 21 22 23 24 34 35 36 44 26_296 .0000031189120338522424234905516495935020
.4003906250 -7582.8720703125 1 2 3 4 5 6 7 8 9 10 11 12 13 15 16 17 18 19 20 22 23 24 26 30 33 47 26_297 .0000030410060910281420289223851634182272
.4008789063 -7582.8715820312 1 3 4 5 6 7 8 9 10 11 12 13 14 15 16 17 19 20 21 22 23 24 25 30 31 39 26_298 .0000030027859244861827854650628926572852
.4013671875 -7582.8710937500 1 2 3 4 5 6 7 8 9 10 11 12 13 14 15 17 18 19 20 21 22 23 25 28 44 48 26_299 .0000029650461267572795141106301203596893
.4018554687 -7582.8706054688 1 2 3 4 5 7 9 10 11 12 13 14 15 16 17 18 19 20 21 22 23 24 36 37 46 47 26_300 .0000029277806526626400633337331640019238
.4023437500 -7582.8701171875 1 2 3 4 5 6 7 8 10 11 12 14 15 16 17 18 19 20 21 22 23 24 28 37 39 47 26_301 .0000028909835332904590073677840791153919
.4062500000 -7582.8662109375 1 2 3 4 5 6 7 8 9 10 11 12 14 15 16 17 18 19 20 21 23 24 26 29 31 34 26_302 .0000026127765761919966751604737990434144
.4082031250 -7582.8642578125 1 2 3 4 5 6 7 8 9 10 11 12 14 15 17 18 19 20 21 22 23 24 27 28 46 47 26_303 .0000024838799501990820917681514504271472
.4086914063 -7582.8637695312 1 2 3 5 6 7 8 9 10 11 12 13 14 15 16 18 19 20 21 22 23 24 29 33 34 35 26_304 .0000024526618919232613578908995820024900
.4101562500 -7582.8623046875 1 2 4 5 6 7 8 9 10 11 12 13 14 15 17 18 19 20 21 22 23 24 28 31 32 45 26_305 .0000023613422070680813848739930958745032
.4106445313 -7582.8618164062 1 2 3 4 5 6 7 8 9 10 11 12 14 15 16 17 19 20 21 22 23 24 31 32 35 38 26_306 .0000023316642354642209960318382389287489
.4155273437 -7582.8569335938 1 2 4 5 6 7 8 9 10 11 12 13 14 15 17 18 19 20 21 22 23 24 28 37 41 44 26_307 .0000020546451735671788165430130550985739
.4160156250 -7582.8564453125 1 2 3 4 5 6 7 8 9 10 11 12 13 15 17 18 19 20 21 22 23 24 28 37 41 44 26_308 .0000020288218511640920515077487445851461
.4189453125 -7582.8535156250 1 2 3 4 5 6 7 9 10 11 12 13 14 15 16 17 18 19 20 21 22 23 29 31 34 35 26_309 .0000018805565851278263612380077512244004
.4199218750 -7582.8525390625 1 2 3 4 5 6 7 8 9 10 11 12 13 14 15 16 17 18 20 21 22 24 26 30 31 33 26_310 .0000018335829827279214742293178791013964
.4208984375 -7582.8515625000 1 2 3 4 5 6 8 9 10 11 12 13 14 15 16 17 18 19 20 21 23 24 36 41 44 46 26_311 .0000017877827134464530990670803550988745
.4213867187 -7582.8510742188 1 2 3 4 6 7 8 10 11 12 13 14 15 16 17 18 19 20 21 22 23 24 25 27 44 48 26_312 .0000017653133933931948561994687428322540
.4233398437 -7582.8491210938 1 2 3 4 5 6 7 8 9 10 11 13 14 15 16 17 18 20 21 22 23 24 25 32 33 34 26_313 .0000016782248369885293490424030456066857
.4238281250 -7582.8486328125 1 2 3 4 5 6 7 9 10 11 12 13 14 15 16 17 18 19 20 22 23 24 28 29 34 40 26_314 .0000016571324646470888751997646916978273
.4248046875 -7582.8476562500 1 2 3 4 5 6 7 9 10 11 13 14 16 17 18 19 20 21 22 23 24 25 27 30 32 44 26_315 .0000016157396758664121667964065856089364
.4257812500 -7582.8466796875 1 2 3 4 5 6 7 8 10 11 12 13 14 15 16 18 19 20 21 22 23 24 30 31 33 39 26_316 .0000015753808194958440261678225963416192
.4267578125 -7582.8457031250 1 2 3 4 5 6 7 8 9 10 11 12 13 14 15 16 17 18 19 21 22 23 26 28 35 44 26_317 .0000015360300693888462921127933617672082
.4287109375 -7582.8437500000 1 2 3 4 5 6 7 8 9 10 11 12 13 14 15 16 17 19 20 22 23 24 30 34 35 42 26_318 .0000014602527927659653271243423755368049
.4291992187 -7582.8432617188 1 2 3 4 5 6 7 8 9 10 11 12 13 14 15 17 18 19 20 21 22 24 25 26 28 45 26_319 .0000014418999542959756151711901588175200
.4296875000 -7582.8427734375 1 2 3 4 6 7 9 10 11 12 13 14 15 17 18 19 20 21 22 23 24 25 28 31 34 36 26_320 .0000014237777754050403997991719601121269
.4301757813 -7582.8422851562 1 2 3 4 5 6 7 8 9 10 11 12 14 15 17 18 19 20 21 22 23 24 27 28 37 47 26_321 .0000014058833608376815795387254790024646
.4316406250 -7582.8408203125 1 2 3 4 5 6 7 9 10 11 13 14 15 16 17 18 20 21 22 23 24 25 30 31 32 39 26_322 .0000013535382635058332631983098348879423
.4335937500 -7582.8388671875 1 2 3 4 5 6 7 8 10 11 12 14 15 16 17 18 19 20 21 22 23 24 28 37 45 47 26_323 .0000012867638914037657043134220681213085
.4340820313 -7582.8383789062 1 2 3 4 5 6 7 8 9 11 12 13 14 15 16 17 18 19 20 21 22 23 25 44 45 48 26_324 .0000012705915034645478740758629485753500
.4350585937 -7582.8374023438 1 2 3 4 5 6 8 10 11 12 13 14 15 16 17 18 19 20 21 22 23 24 27 32 34 48 26_325 .0000012388539559034943714184408425885073
.4355468750 -7582.8369140625 1 2 3 4 5 6 7 8 9 10 12 13 14 15 16 17 18 19 20 21 22 23 26 28 35 44 26_326 .0000012232837126687009264368783146181878
.4360351563 -7582.8364257812 1 2 3 4 5 6 7 8 9 10 12 13 14 15 16 18 19 20 21 22 23 24 30 31 33 39 26_327 .0000012079091603571477639580122457880022
.4365234375 -7582.8359375000 1 2 3 4 5 6 7 8 10 11 12 13 14 15 16 17 18 19 20 21 23 24 26 27 31 34 26_328 .0000011927278425632165948501319315784438
.4370117187 -7582.8354492188 1 2 3 4 5 6 7 8 9 10 11 12 13 14 16 17 18 19 20 21 23 24 26 27 34 40 26_329 .0000011777373275361857002277815912564431
.4375000000 -7582.8349609375 1 2 3 4 5 6 7 9 10 11 12 13 14 15 16 17 18 20 21 22 23 24 34 36 44 47 26_330 .0000011629352142047071879109823793202372
.4379882813 -7582.8344726562 1 2 3 4 5 6 7 8 9 10 11 12 13 14 15 16 17 18 19 20 22 23 25 36 44 48 26_331 .0000011483191377372688892032358496885440
.4384765625 -7582.8339843750 1 2 3 4 5 6 7 8 9 10 11 12 13 14 15 16 17 18 20 22 23 24 28 35 41 45 26_332 .0000011338867629105989707004354666101768
.4389648437 -7582.8334960938 1 2 3 4 5 6 7 8 9 10 11 12 13 14 15 17 18 19 20 22 23 24 29 31 37 45 26_333 .0000011196357779400172578080551582007927
.4394531250 -7582.8330078125 1 2 3 4 5 6 7 9 11 12 13 14 15 16 17 18 19 20 21 22 23 24 25 44 45 48 26_334 .0000011055639002067057576416953226815232
.4409179687 -7582.8315429688 1 2 3 4 5 6 7 8 9 10 12 13 14 16 17 18 19 20 21 22 23 24 25 28 29 47 26_335 .0000010644005636348751592441323862430721
.4414062500 -7582.8310546875 1 3 4 5 6 7 8 9 10 11 12 13 14 15 16 17 19 20 21 22 23 24 29 30 37 40 26_336 .0000010510228966418682249849992997882465
.4423828125 -7582.8300781250 1 2 3 4 5 6 8 9 10 12 13 14 15 16 17 18 19 20 21 22 23 24 29 30 34 36 26_337 .0000010247698542976541494549530516031192
.4433593750 -7582.8291015625 1 2 3 4 5 6 7 8 9 10 11 12 14 15 16 17 18 19 20 22 23 24 31 32 35 38 26_338 .0000009991725752432116258316411861623488
.4438476563 -7582.8286132812 1 2 3 4 5 6 7 8 9 10 11 12 13 14 15 17 18 19 20 21 24 25 28 30 34 35 26_339 .0000009866147108105749310929511856264979
.4443359375 -7582.8281250000 1 2 3 4 5 6 8 9 10 11 12 13 14 15 16 17 18 19 20 21 23 24 36 37 40 41 26_340 .0000009742146794534535128549745024346078
.4448242187 -7582.8276367188 1 2 3 4 5 6 7 9 10 11 12 14 15 17 18 19 20 21 22 23 24 25 28 33 34 39 26_341 .0000009619704949289130409377607689440104
.4453125000 -7582.8271484375 1 2 3 4 5 6 7 8 9 11 12 13 14 15 16 17 18 19 20 21 22 23 25 28 44 48 26_342 .0000009498801960527922529430965642970923
.4458007813 -7582.8266601562 1 2 3 4 5 6 8 9 10 11 12 13 14 15 16 17 18 19 20 21 23 24 25 36 40 41 26_343 .0000009379418512414629526974110159882035
.4477539063 -7582.8247070312 1 2 3 4 5 6 7 8 9 10 11 14 15 16 17 18 19 20 22 23 24 30 32 34 41 45 26_344 .0000008916701795247884803321347037319647
.4482421875 -7582.8242187500 1 2 3 4 5 6 7 8 9 10 11 12 13 14 15 17 18 19 20 22 23 24 29 32 37 45 26_345 .0000008804634358332885268787231277754132
.4487304687 -7582.8237304688 1 2 3 4 5 6 7 8 9 10 11 12 13 14 15 16 17 18 19 20 22 23 26 30 31 39 26_346 .0000008693975414233400852242494714225908
.4511718750 -7582.8212890625 1 2 3 4 5 6 7 8 9 10 11 12 13 14 15 17 18 19 21 22 23 24 25 30 35 44 26_347 .0000008161196170430261185096567898528969
.4521484375 -7582.8203125000 1 2 3 4 5 6 7 8 9 10 11 12 15 16 17 18 19 20 21 22 23 24 25 28 29 41 26_348 .0000007957341212249697076980728963169501
.4526367187 -7582.8198242188 1 3 4 5 6 7 8 9 10 11 12 13 14 15 16 17 18 20 21 22 23 24 25 31 33 34 26_349 .0000007857331269695581650987464818000147
.4531250000 -7582.8193359375 1 2 3 4 5 6 7 9 10 11 12 14 15 16 17 18 20 21 22 23 24 25 28 34 44 45 26_350 .0000007758578258121843865739078397020920
.4541015625 -7582.8183593750 1 2 3 4 5 6 7 8 9 10 11 14 15 16 17 18 19 20 22 23 24 30 32 34 39 45 26_351 .0000007564780117099254209530432675008658
.4545898437 -7582.8178710938 1 2 3 4 5 6 7 8 9 10 11 12 13 14 15 17 18 19 20 21 24 25 28 30 35 46 26_352 .0000007469703984913172109602414132202046
.4555664063 -7582.8168945312 1 2 3 4 5 6 7 8 9 10 11 12 14 16 17 18 19 20 21 22 23 24 32 33 37 41 26_353 .0000007283121489451636936017230300071319
.4560546875 -7582.8164062500 1 2 3 4 5 6 7 8 9 10 11 12 13 14 15 17 18 19 20 21 22 24 25 40 43 45 26_354 .0000007191585316457897343990572331872675
.4575195313 -7582.8149414062 1 2 3 4 5 6 8 9 10 11 12 13 14 16 17 18 19 20 21 22 23 24 28 29 30 35 26_355 .0000006923821809853689446838777559995880
.4594726563 -7582.8129882812 1 2 3 4 5 7 8 9 10 11 12 13 14 15 16 17 18 20 21 22 23 24 27 31 38 42 26_356 .0000006582247532742321606796008523521921
.4599609375 -7582.8125000000 1 2 3 4 5 6 9 10 11 12 13 14 15 16 17 18 19 20 21 22 23 24 25 31 38 41 26_357 .0000006499520126681972967198150326035799
.4604492187 -7582.8120117188 1 2 3 4 5 6 7 8 9 10 11 12 14 15 16 17 18 19 20 21 22 23 28 38 39 48 26_358 .0000006417832460266696974743453608629873
.4619140625 -7582.8105468750 1 2 3 4 5 6 7 8 9 10 11 12 13 14 15 16 17 18 19 20 22 23 31 34 35 38 26_359 .0000006178878008815410747183540876368388
.4624023437 -7582.8100585938 1 2 3 4 5 6 7 10 11 12 13 14 15 16 17 18 19 20 21 22 23 24 28 37 45 47 26_360 .0000006101220256278767930699291169495656
.4638671875 -7582.8085937500 1 2 3 4 5 6 7 8 9 10 11 12 13 14 15 16 17 18 19 20 22 23 31 32 35 38 26_361 .0000005874054192261262483888830508883912
.4643554687 -7582.8081054688 1 2 3 4 5 6 7 8 9 10 11 12 13 14 15 18 19 20 21 22 23 24 25 31 37 40 26_362 .0000005800227545061132912154222505769587
.4648437500 -7582.8076171875 1 2 3 4 5 6 7 8 9 10 11 12 13 14 15 16 17 18 19 20 22 23 26 30 31 48 26_363 .0000005727328755608677194461589597424551
.4672851563 -7582.8051757812 1 3 4 5 6 7 9 10 11 12 13 14 15 17 18 19 20 21 22 23 24 25 28 37 40 45 26_364 .0000005376349860679949348266651686950803
.4682617187 -7582.8041992188 1 2 3 4 6 7 8 9 10 11 12 13 14 15 16 17 18 19 21 22 23 24 28 30 31 32 26_365 .0000005242056376941920987729347975802814
.4692382813 -7582.8032226562 1 2 3 4 5 6 7 8 9 10 11 12 13 14 15 16 17 18 20 22 23 24 32 35 41 45 26_366 .0000005111117324720396221439205648600202
.4697265625 -7582.8027343750 1 2 3 4 5 6 7 8 9 10 11 12 13 14 15 17 18 19 20 21 24 28 32 34 35 46 26_367 .0000005046879467325801070479225206130881
.4707031250 -7582.8017578125 1 2 3 4 5 6 7 9 10 11 13 14 16 17 18 19 20 21 22 23 24 25 27 32 33 44 26_368 .0000004920815667207661221956491638895925
.4711914063 -7582.8012695312 1 2 3 4 5 7 8 9 10 11 13 14 15 16 17 18 19 20 21 22 23 24 29 30 35 40 26_369 .0000004858969558159134942770501696568466
.4716796875 -7582.8007812500 1 2 3 4 5 6 7 8 9 10 11 12 13 14 16 17 18 19 20 21 22 25 27 29 36 47 26_370 .0000004797900759747472462141138280254673
.4726562500 -7582.7998046875 1 2 3 4 5 6 7 9 10 11 12 14 15 16 17 18 20 21 22 23 24 25 28 34 35 45 26_371 .0000004678056090129482719430333693795062
.4736328125 -7582.7988281250 1 2 3 4 5 6 7 8 9 10 11 12 13 14 15 16 17 19 20 21 22 23 29 32 36 45 26_372 .0000004561204968222263273464040816205457
.4750976563 -7582.7973632812 1 2 3 4 5 6 7 8 9 10 11 12 13 14 15 17 18 19 20 21 24 28 31 32 34 35 26_373 .0000004391378124363964728188930521257049
.4760742187 -7582.7963867188 1 2 3 4 5 6 7 8 9 10 11 12 13 14 15 16 17 18 20 22 23 24 32 35 36 45 26_374 .0000004281687817368723587407074241858826
.4770507813 -7582.7954101562 1 2 3 4 5 6 7 8 10 11 12 13 14 15 16 18 19 20 21 22 23 24 27 30 31 39 26_375 .0000004174737394786322339615115930219311
.4775390625 -7582.7949218750 1 2 3 4 5 6 7 9 10 11 12 13 14 15 17 18 19 20 21 22 23 25 28 34 36 45 26_376 .0000004122268204903102815541393445635917
.4780273437 -7582.7944335938 1 2 3 4 5 6 8 9 10 11 12 13 14 15 17 18 19 20 21 22 23 24 25 38 40 41 26_377 .0000004070458461501580436644790109385237
.4794921875 -7582.7929687500 1 2 3 4 5 6 8 9 10 12 13 14 15 16 17 18 19 20 21 22 23 24 28 29 30 35 26_378 .0000003918903528454459821992587598959350
.4799804687 -7582.7924804688 1 2 3 4 5 6 8 9 10 11 12 13 14 15 17 18 19 20 21 22 23 24 25 31 38 41 26_379 .0000003869649725418779184412475248142481
.4804687500 -7582.7919921875 1 2 3 4 5 6 7 8 9 10 12 13 14 15 16 17 18 19 21 22 23 24 28 44 45 46 26_380 .0000003821014947145596200432194843103465
.4809570313 -7582.7915039062 1 2 3 4 5 6 7 8 9 10 11 12 13 14 15 16 17 18 19 20 22 23 25 37 44 48 26_381 .0000003772991423591966855348836298687482
.4814453125 -7582.7910156250 1 2 3 4 5 6 7 9 10 11 12 13 14 15 16 17 18 20 21 22 23 26 31 34 43 46 26_382 .0000003725571481997691261525618096158427
.4819335937 -7582.7905273438 1 2 3 4 5 6 7 8 9 10 11 12 14 16 17 19 20 21 22 23 24 27 30 34 36 42 26_383 .0000003678747526613918035034172931857893
.4829101563 -7582.7895507812 1 2 3 4 5 6 7 8 9 10 11 12 13 14 15 16 17 19 20 22 23 24 30 35 42 43 26_384 .0000003586857687997166783972373209619903
.4833984375 -7582.7890625000 1 2 3 4 5 6 7 8 9 10 11 12 13 15 16 17 18 19 20 23 24 25 26 29 31 34 26_385 .0000003541777123803920845672715869730132
.4838867187 -7582.7885742188 1 2 3 4 5 6 7 8 9 10 11 12 13 14 15 16 17 18 20 21 22 26 27 30 31 33 26_386 .0000003497263143915031889453467069992179
.4853515625 -7582.7871093750 1 2 3 4 5 6 7 9 10 11 12 14 15 17 18 19 20 21 22 23 24 25 28 34 44 45 26_387 .0000003367049929202928037437635082504588
.4858398437 -7582.7866210938 1 2 3 4 6 7 8 9 10 11 12 14 15 16 17 18 19 20 21 22 23 24 26 37 41 43 26_388 .0000003324731966328841273507906591854136
.4863281250 -7582.7861328125 1 2 3 4 5 6 7 8 9 10 11 12 13 14 15 17 18 19 20 21 24 25 28 30 35 37 26_389 .0000003282945858160441685989142607140699
.4897460937 -7582.7827148438 1 2 3 4 5 6 8 9 10 11 12 14 15 16 17 18 19 20 21 22 23 24 34 43 44 46 26_390 .0000003004784255499938893554220460727447
.4902343750 -7582.7822265625 1 2 3 4 5 7 8 9 10 11 12 14 15 16 17 18 20 21 22 23 24 30 31 34 36 46 26_391 .0000002967019334539508664061859063488642
.4936523437 -7582.7788085938 1 2 3 4 5 6 7 8 9 10 11 13 14 16 17 18 19 20 21 22 23 24 27 33 35 36 26_392 .0000002715625955276574063346118816096136
.4951171875 -7582.7773437500 1 2 3 5 6 7 8 9 10 11 12 13 14 15 16 17 18 19 20 21 22 27 28 30 34 39 26_393 .0000002614515352201868213306875153016551
.4965820313 -7582.7758789062 1 2 3 4 5 6 7 8 10 11 12 13 14 15 16 17 18 20 21 22 23 24 30 32 38 39 26_394 .0000002517169389111644141546344608881003
.4975585937 -7582.7749023438 1 2 3 4 5 6 7 8 9 10 11 12 13 14 16 17 18 19 20 21 23 24 27 33 35 36 26_395 .0000002454294119610530356784914618796717
.4980468750 -7582.7744140625 1 2 3 4 5 6 7 9 10 11 12 13 14 15 17 18 19 20 21 22 23 25 28 34 40 45 26_396 .0000002423447903856075416176797137031835
.4995117187 -7582.7729492188 1 2 3 4 5 6 7 8 9 10 11 12 13 14 16 17 18 19 20 22 23 24 27 28 37 47 26_397 .0000002333215940138669731511206837923069
.5000000000 -7582.7724609375 1 2 3 4 5 6 7 8 9 10 11 12 13 14 15 16 17 18 19 20 22 23 31 36 44 48 26_398 .0000002303891466875183356033592779167532
.5014648437 -7582.7709960938 1 2 3 4 5 6 7 8 9 10 11 12 13 14 15 17 18 19 20 21 23 24 30 34 37 42 26_399 .0000002218110934552971723790786312913051
.5019531250 -7582.7705078125 1 2 3 4 5 6 7 8 9 10 11 12 13 14 15 16 17 18 20 21 22 26 27 30 31 32 26_400 .0000002190233131355776187122108002135747
.5034179687 -7582.7690429688 1 2 3 4 5 6 7 8 10 11 12 13 14 15 16 17 18 19 20 22 23 24 25 39 44 46 26_401 .0000002108684427079238497927962385356758
.5053710937 -7582.7670898438 1 2 3 4 7 8 9 10 12 13 14 15 16 17 18 19 20 21 22 23 24 26 30 31 34 36 26_402 .0000002004656279241792901177346045825947
.5058593750 -7582.7666015625 1 2 3 4 5 6 7 8 9 10 12 13 14 16 17 18 19 20 21 22 23 24 29 35 36 37 26_403 .0000001979461230445918378373386949314013
.5068359375 -7582.7656250000 1 2 3 4 5 6 7 8 9 10 11 12 13 14 16 17 18 19 20 22 23 24 28 37 41 47 26_404 .0000001930017132065505744871538941723795
.5083007813 -7582.7641601562 1 2 3 4 5 6 7 8 9 10 11 13 14 15 16 17 18 19 20 21 24 28 32 34 35 46 26_405 .0000001858157016062238701590670299913725
.5087890625 -7582.7636718750 1 2 3 4 5 6 7 8 9 10 11 12 13 14 15 17 18 19 21 22 24 25 30 31 35 44 26_406 .0000001834803213394227680626127663958067
.5097656250 -7582.7626953125 1 2 3 4 5 6 7 8 9 10 11 12 13 14 15 16 17 18 20 21 23 25 28 42 43 46 26_407 .0000001788972464503366779442884121504165
.5107421875 -7582.7617187500 1 2 3 4 6 7 8 9 10 11 12 14 15 16 17 18 19 20 21 22 23 24 28 29 37 45 26_408 .0000001744286501891799275858622747366933
.5112304687 -7582.7612304688 1 2 3 4 5 6 7 8 9 10 11 12 14 15 16 17 18 19 20 21 22 23 28 31 38 47 26_409 .0000001722363853585154841280052847111725
.5117187500 -7582.7607421875 1 2 3 4 5 7 8 9 10 11 12 13 14 15 16 17 18 19 20 22 23 26 36 41 44 46 26_410 .0000001700716730442557317870123392285295
.5122070313 -7582.7602539062 1 2 3 4 5 6 7 9 10 11 13 14 15 16 17 18 19 20 22 23 24 25 30 32 45 47 26_411 .0000001679341674052507683712970516016856
.5126953125 -7582.7597656250 1 2 3 4 7 8 9 10 11 12 14 15 16 17 18 19 20 21 22 23 24 30 31 34 36 46 26_412 .0000001658235269303622935507056021744400
.5131835937 -7582.7592773438 1 2 3 4 5 7 8 9 10 11 12 14 15 16 17 19 20 21 22 23 24 27 30 34 36 42 26_413 .0000001637394135361928205200578685881712
.5146484375 -7582.7578125000 1 2 3 4 6 7 8 9 10 11 12 13 14 15 16 17 18 19 20 23 24 25 29 31 34 36 26_414 .0000001576429219271129614259420831514561
.5161132813 -7582.7563476562 2 3 4 5 6 7 8 9 10 11 12 13 14 15 16 17 18 20 21 22 23 24 28 31 43 46 26_415 .0000001517734203208485559308683981646132
.5166015625 -7582.7558593750 1 2 3 4 5 6 7 8 9 10 11 12 14 15 16 17 18 19 20 21 22 23 28 31 38 48 26_416 .0000001498658923359780518302720229869067
.5180664063 -7582.7543945312 1 2 3 4 5 6 7 8 9 10 11 12 14 15 16 17 18 19 20 22 23 30 32 34 35 38 26_417 .0000001442859520187275446530410311980527
.5200195313 -7582.7524414062 1 2 3 4 5 6 7 8 9 10 11 12 13 14 15 16 18 19 20 21 22 23 30 31 32 37 26_418 .0000001371678644781176834533917239876574
.5209960937 -7582.7514648438 1 2 3 4 5 6 7 9 10 11 13 14 15 16 17 18 19 20 22 23 24 25 30 32 35 45 26_419 .0000001337416085879657552314935837707067
.5229492187 -7582.7495117188 1 3 4 5 6 7 8 9 10 11 12 13 14 15 17 18 19 20 21 22 23 24 25 37 40 45 26_420 .0000001271437072369904547258024996355501
.5234375000 -7582.7490234375 1 2 3 4 6 7 8 9 10 11 12 14 15 16 17 18 19 20 21 22 23 24 26 37 39 43 26_421 .0000001255457315934372588214092478682868
.5244140625 -7582.7480468750 1 2 3 4 5 6 7 8 9 10 11 12 14 16 17 18 19 20 21 22 23 24 30 33 36 44 26_422 .0000001224097795431167725194587203711242
.5263671875 -7582.7460937500 1 2 3 4 5 6 9 10 11 12 13 14 15 16 17 18 19 20 22 23 24 25 29 31 34 37 26_423 .0000001163709135660494677689762358463863
.5273437500 -7582.7451171875 1 2 3 4 5 6 7 8 9 11 12 13 15 16 17 18 19 20 21 22 23 27 36 38 45 46 26_424 .0000001134641352920026155375536754729458
.5278320313 -7582.7446289062 1 2 3 4 5 6 7 8 9 10 11 14 15 16 17 18 19 20 22 23 24 32 34 37 39 45 26_425 .0000001120380881163017749239433361276796
.5283203125 -7582.7441406250 1 2 3 4 6 7 8 9 10 11 12 14 15 16 17 18 19 20 21 22 23 24 29 31 37 41 26_426 .0000001106299641641536414710230933088598
.5312500000 -7582.7412109375 1 3 4 5 6 7 8 9 10 12 13 14 15 16 17 18 19 20 21 22 23 24 28 39 45 46 26_427 .0000001025451828123709062729024414537650
.5327148437 -7582.7397460938 1 2 3 4 5 6 7 8 9 10 12 14 15 16 17 19 20 21 22 23 24 25 28 30 41 42 26_428 .0000000987271295337351727560566274156781
.5332031250 -7582.7392578125 1 2 3 4 5 6 7 8 9 10 12 13 14 16 17 18 19 20 21 22 23 24 29 34 36 44 26_429 .0000000974863009329239217340607030024040
.5341796875 -7582.7382812500 1 2 3 4 5 6 7 8 9 10 11 12 13 14 15 16 17 18 20 21 23 25 28 33 43 46 26_430 .0000000950512331579495359980164516702199
.5346679687 -7582.7377929688 1 2 3 4 5 6 7 8 9 10 11 12 14 16 17 18 19 20 22 23 24 26 27 28 32 37 26_431 .0000000938566044353316690508178683334087
.5351562500 -7582.7373046875 1 2 3 4 5 6 7 8 9 10 11 12 14 15 16 17 18 19 21 22 23 26 28 30 42 46 26_432 .0000000926769898784373237042246630333023
.5356445313 -7582.7368164062 1 2 3 4 5 7 8 9 10 11 12 14 15 16 17 19 20 21 22 23 24 27 33 34 36 42 26_433 .0000000915122010283881028947276227883373
.5366210937 -7582.7358398438 2 3 4 5 6 7 8 9 10 11 12 13 14 15 16 17 18 20 21 22 23 24 26 32 35 41 26_434 .0000000892263579193827744402604138557930
.5375976563 -7582.7348632812 1 2 3 4 6 7 8 9 10 11 12 14 15 16 17 18 19 20 21 22 23 24 29 37 41 43 26_435 .0000000869976114315477458796806023814757
.5385742187 -7582.7338867188 1 2 3 4 5 6 7 8 9 10 11 12 13 14 15 19 20 21 22 23 24 25 28 30 41 42 26_436 .0000000848245362748368159154003885101799
.5405273437 -7582.7319335938 1 3 4 5 6 8 9 10 11 12 14 15 16 17 18 19 20 21 22 23 24 28 30 34 39 46 26_437 .0000000806398705721247692530381082394504
.5415039063 -7582.7309570312 1 2 3 4 5 6 7 8 9 10 11 12 14 15 17 18 19 20 21 22 23 24 30 36 39 44 26_438 .0000000786256022268956713650266359657818
.5434570313 -7582.7290039062 1 2 3 4 5 6 7 8 9 10 11 12 14 15 16 17 18 19 20 22 23 27 32 34 35 38 26_439 .0000000747467497693011048980263382692604
.5439453125 -7582.7285156250 2 3 4 5 6 7 8 9 10 11 12 13 14 15 16 17 18 19 21 22 23 24 27 34 44 45 26_440 .0000000738073130967820442210692548744297
.5449218750 -7582.7275390625 1 2 3 4 5 6 8 9 10 11 12 13 15 16 17 18 19 20 21 22 23 25 29 36 38 48 26_441 .0000000719637124271548276248740783332606
.5454101563 -7582.7270507812 1 2 3 4 5 6 7 8 9 10 11 12 14 15 16 17 18 19 20 22 23 27 34 35 36 38 26_442 .0000000710592535107264138503026656645360
.5458984375 -7582.7265625000 1 2 3 4 5 6 7 8 9 10 11 12 14 15 16 17 18 19 20 22 23 27 29 32 35 36 26_443 .0000000701661622542391368936695831456181
.5463867187 -7582.7260742188 1 2 3 4 5 7 8 9 10 11 12 13 14 15 16 17 18 19 20 21 22 28 34 36 39 41 26_444 .0000000692842956019097635007880186686530
.5478515625 -7582.7246093750 1 2 3 4 5 6 8 9 10 11 12 14 15 17 18 19 20 21 22 23 24 25 36 38 40 41 26_445 .0000000667046410297093660460508806002560
.5483398437 -7582.7241210938 1 2 3 4 5 6 7 8 9 10 11 12 13 14 15 16 18 19 20 23 24 25 30 32 41 45 26_446 .0000000658662796801665750467055787997609
.5498046875 -7582.7226562500 1 2 3 4 5 6 7 8 9 10 11 12 13 15 16 17 18 19 21 22 23 24 26 33 36 47 26_447 .0000000634138877195548206394669675564625
.5502929687 -7582.7221679688 1 2 3 4 5 7 9 10 11 13 14 15 16 17 18 19 20 21 22 23 24 30 32 36 37 47 26_448 .0000000626168854170517224299463650336724
.5507812500 -7582.7216796875 1 2 3 4 5 6 7 9 10 11 12 13 14 15 16 17 18 19 21 22 24 25 30 31 34 36 26_449 .0000000618298998874800394574103670638331
.5527343750 -7582.7197265625 1 2 3 4 5 6 7 8 9 10 11 12 14 15 17 19 20 21 22 23 24 27 30 34 36 42 26_450 .0000000587796331507078918732610100345121
.5532226563 -7582.7192382812 1 2 3 4 5 6 7 8 10 11 12 13 14 15 16 17 19 20 21 22 23 25 26 28 30 35 26_451 .0000000580408752195997117907309523084098
.5546875000 -7582.7177734375 1 2 3 4 7 8 9 10 12 13 14 15 16 17 18 19 20 21 22 23 24 31 34 36 38 46 26_452 .0000000558798458289500099392081345138403
.5551757813 -7582.7172851562 1 2 3 4 5 6 7 8 9 10 12 13 14 15 16 17 18 19 21 22 23 24 28 34 35 43 26_453 .0000000551775331896486533234972446968354
.5561523437 -7582.7163085938 1 2 3 4 5 6 8 9 10 11 12 13 15 16 17 18 19 20 21 22 23 25 30 36 38 48 26_454 .0000000537992778029779172587856264553852
.5595703125 -7582.7128906250 1 2 3 4 5 6 7 8 9 10 11 14 15 16 17 18 19 20 21 23 24 25 32 34 35 45 26_455 .0000000492409041955698416167503668291097
.5639648437 -7582.7084960938 1 2 3 4 5 6 7 8 9 10 11 12 13 14 15 16 17 18 21 22 23 26 28 30 42 45 26_456 .0000000439430055284196161776027123393475
.5668945313 -7582.7055664062 1 2 4 5 6 8 9 10 11 12 13 15 16 17 18 19 20 21 22 23 24 25 29 34 36 48 26_457 .0000000407316729930268626453787924943513
.5678710937 -7582.7045898438 1 2 3 4 5 6 7 8 9 10 11 12 13 14 15 16 17 18 19 23 24 25 30 32 41 45 26_458 .0000000397142544085860151082003313769444
.5683593750 -7582.7041015625 1 2 3 4 5 6 7 8 9 10 11 12 14 15 16 17 18 19 21 22 24 25 28 30 31 44 26_459 .0000000392151151855295066672866975861770
.5698242187 -7582.7026367188 1 2 3 4 5 6 7 8 9 10 11 12 13 14 15 16 17 18 21 22 23 26 28 30 42 46 26_460 .0000000377550232046107675654689863576954
.5703125000 -7582.7021484375 1 3 4 5 6 7 8 9 10 12 13 14 15 16 17 18 19 20 21 22 23 24 26 28 39 45 26_461 .0000000372805081160244469742824313228033
.5708007813 -7582.7016601562 1 2 3 4 5 6 7 8 9 10 11 12 14 15 16 17 18 19 21 22 23 26 28 42 46 47 26_462 .0000000368119568582130624673806013769320
.5717773437 -7582.7006835938 1 3 4 5 7 8 9 10 11 12 14 15 16 17 18 19 20 21 22 23 24 31 34 36 46 47 26_463 .0000000358924471429211678562958092283391
.5722656250 -7582.7001953125 1 2 3 4 5 6 7 8 9 10 11 12 14 15 16 17 19 20 22 23 24 26 27 28 32 37 26_464 .0000000354413414014863930619008107906383
.5727539063 -7582.6997070312 1 2 4 5 6 8 9 10 11 12 14 15 16 17 18 19 20 21 22 23 24 26 30 34 41 48 26_465 .0000000349959052759779191341837742021075
.5751953125 -7582.6972656250 1 2 4 5 6 7 8 9 10 11 12 13 14 15 17 18 19 20 21 22 24 25 26 28 30 45 26_466 .0000000328513062495293800598992260497239
.5795898437 -7582.6928710938 1 2 3 4 5 7 8 9 10 11 12 13 14 15 16 17 18 19 20 21 22 28 34 36 39 46 26_467 .0000000293167876529114070882301767867718
.5810546875 -7582.6914062500 1 2 3 4 5 6 7 8 9 10 11 12 13 14 15 16 17 18 20 21 23 25 28 33 42 43 26_468 .0000000282252389165917659876737001883784
.5815429687 -7582.6909179688 1 2 4 5 6 8 9 10 11 12 14 15 16 17 18 19 20 21 22 23 24 25 26 34 41 48 26_469 .0000000278704967423741967491522984890823
.5825195313 -7582.6899414062 1 2 3 4 5 6 7 8 9 10 11 12 14 15 17 18 19 20 21 22 23 25 28 31 40 44 26_470 .0000000271743316945426244853892318083026
.5834960937 -7582.6889648438 1 2 3 4 5 6 7 8 9 11 12 13 15 16 17 18 19 20 21 22 23 36 37 41 46 48 26_471 .0000000264955559887050368428840095536099
.5903320313 -7582.6821289062 1 2 3 4 7 8 9 10 11 12 13 14 15 16 17 18 19 20 23 24 25 29 31 34 36 37 26_472 .0000000221958705887739161860566323857658
.5917968750 -7582.6806640625 1 2 3 5 7 9 10 11 12 13 14 15 16 17 18 19 20 21 22 23 24 28 32 36 37 47 26_473 .0000000213694542311308423832652768395335
.5942382813 -7582.6782226562 1 3 4 5 7 8 9 10 11 12 14 15 16 17 18 19 20 21 22 23 24 31 36 44 46 47 26_474 .0000000200599035223597624210523771199186
.5952148437 -7582.6772460938 1 2 3 4 5 6 8 9 10 11 12 13 14 15 16 17 19 20 21 22 23 24 34 36 43 46 26_475 .0000000195588359956408561396279773618840
.5996093750 -7582.6728515625 1 2 3 4 5 6 7 8 9 10 11 12 14 15 17 19 20 21 22 23 24 26 28 30 35 47 26_476 .0000000174544730666610284618509735862922
.6020507813 -7582.6704101562 1 2 3 4 6 8 9 10 12 13 14 15 16 17 18 19 20 21 22 23 24 28 30 34 39 46 26_477 .0000000163848380011864486375328880007483
.6025390625 -7582.6699218750 1 2 3 4 5 6 7 8 9 10 11 12 13 14 15 17 18 19 20 21 24 27 30 34 37 42 26_478 .0000000161789090780010789791507536536028
.6030273437 -7582.6694335938 1 2 3 4 5 6 7 8 9 10 12 14 15 16 17 18 19 20 22 23 24 30 32 34 41 45 26_479 .0000000159755683233042360396945229698079
.6035156250 -7582.6689453125 1 3 4 6 7 9 10 11 12 13 14 15 16 17 18 20 21 22 23 24 25 28 31 33 34 44 26_480 .0000000157747831674571128151800745678098
.6044921875 -7582.6679687500 1 2 3 4 5 6 7 8 9 10 11 12 14 15 17 19 20 21 22 23 24 30 32 36 42 46 26_481 .0000000153807517417010646150935729651159
.6049804687 -7582.6674804688 1 3 4 5 6 8 9 10 11 12 14 15 16 17 18 19 20 21 22 23 24 29 31 38 40 44 26_482 .0000000151874424368595612960612125650065
.6069335937 -7582.6655273438 2 3 4 5 6 7 8 9 10 11 12 13 14 15 16 17 18 19 21 22 23 26 30 31 32 47 26_483 .0000000144381973213717555913233267011948
.6127929687 -7582.6596679688 1 2 4 5 6 7 8 9 10 11 12 13 14 15 16 17 18 19 20 21 24 27 31 34 37 42 26_484 .0000000124050339376216166395587583486314
.6157226563 -7582.6567382812 1 2 3 4 5 6 7 8 9 11 12 13 15 16 17 18 19 20 21 22 23 36 37 45 46 48 26_485 .0000000114984803551459784160448351413403
.6162109375 -7582.6562500000 1 2 3 4 5 6 8 9 10 11 12 13 14 15 16 17 18 19 21 22 23 24 25 31 38 41 26_486 .0000000113539644510136410978006873143663
.6166992187 -7582.6557617188 1 2 3 4 5 6 7 8 9 10 12 14 15 16 17 19 20 21 22 23 24 26 28 30 35 47 26_487 .0000000112112648605072900343105772415460
.6201171875 -7582.6523437500 1 2 3 4 5 6 7 8 9 10 11 12 14 15 16 17 18 19 20 23 24 25 30 32 35 45 26_488 .0000000102613425579634960057181753572161
.6318359375 -7582.6406250000 1 2 4 6 7 8 9 10 11 12 14 15 16 17 18 19 20 21 22 23 24 32 34 37 39 43 26_489 .0000000075748520345017677153889016048599
.6328125000 -7582.6396484375 1 2 3 4 5 6 7 8 9 10 11 12 14 15 16 17 18 19 21 22 23 30 32 42 46 48 26_490 .0000000073856431106540384732109072550437
.6357421875 -7582.6367187500 1 3 4 5 6 7 8 9 10 11 12 14 15 16 17 18 19 21 22 23 24 29 31 38 40 44 26_491 .0000000068459040793429709305082450406518
.6381835937 -7582.6342773438 1 2 3 4 6 7 8 9 10 11 12 13 14 15 17 18 20 21 22 23 24 29 34 38 40 42 26_492 .0000000064263773059122254846222678254949
.6396484375 -7582.6328125000 1 2 3 4 5 6 7 8 9 10 11 12 14 15 16 18 19 20 23 24 25 29 30 33 37 43 26_493 .0000000061871047051610620322549629674867
.6416015625 -7582.6308593750 1 2 3 4 5 7 8 9 10 11 12 13 14 15 16 17 18 20 22 23 24 26 29 42 43 48 26_494 .0000000058818750393614462647607620538538
.6435546875 -7582.6289062500 1 2 4 5 6 7 8 9 10 11 12 13 14 15 17 18 20 21 22 23 24 29 34 38 40 42 26_495 .0000000055917033293139660781636500279650
.6450195313 -7582.6274414062 1 3 4 5 7 8 9 10 11 12 14 15 16 17 18 19 20 21 22 23 24 25 31 44 46 47 26_496 .0000000053835080531039939933455547692930
.6455078125 -7582.6269531250 1 2 3 4 5 6 7 8 9 10 11 12 13 14 15 16 17 18 21 23 24 27 29 34 37 43 26_497 .0000000053158467178954802051849590653697
.6474609375 -7582.6250000000 1 2 3 5 6 7 9 10 11 12 13 14 15 17 18 19 20 21 22 23 24 28 34 37 40 45 26_498 .0000000050535989955009092812181640510157
.6484375000 -7582.6240234375 2 3 4 5 6 7 10 11 12 13 14 15 16 17 18 19 20 21 22 23 24 25 33 37 44 45 26_499 .0000000049273673512204035144982542368424
.6513671875 -7582.6210937500 1 2 3 4 5 6 7 9 10 11 12 13 14 15 16 17 18 20 22 23 24 25 30 32 44 45 26_500 .0000000045672778585091900515653551546299
.6523437500 -7582.6201171875 1 2 3 4 5 6 7 8 9 10 11 14 15 16 17 18 19 20 23 24 25 30 32 34 35 45 26_501 .0000000044531938177139396417199030037599
.6557617187 -7582.6166992188 1 2 3 4 5 6 8 10 11 12 13 14 15 17 18 19 20 21 22 23 24 27 28 32 40 41 26_502 .0000000040758779609159701187905976816816
.6572265625 -7582.6152343750 1 2 3 4 6 7 9 10 11 12 13 14 15 16 17 20 21 22 23 24 25 28 31 33 34 44 26_503 .0000000039241212442420995720654734581866
.6630859375 -7582.6093750000 1 2 3 4 6 7 8 9 10 11 12 13 14 15 17 20 21 22 23 24 29 31 34 37 40 42 26_504 .0000000033715328947686310604420311428406
.6645507813 -7582.6079101562 1 2 3 4 6 7 8 9 10 11 12 13 14 15 17 18 20 22 23 24 29 31 34 37 40 42 26_505 .0000000032460009806204816731788593134144
.6694335937 -7582.6030273438 1 2 4 5 6 7 8 9 10 11 12 14 15 16 17 18 19 20 23 24 25 29 30 33 37 43 26_506 .0000000028603519095013981706450037024098
.6708984375 -7582.6015625000 1 3 4 7 8 9 10 11 12 13 14 15 16 17 18 19 20 21 22 24 26 28 34 36 40 46 26_507 .0000000027538527408608782683472674169780
.6713867187 -7582.6010742188 1 2 3 4 5 6 9 10 11 12 13 14 15 16 17 19 20 21 22 23 24 34 36 39 43 46 26_508 .0000000027192416003970241151358567244018
.6738281250 -7582.5986328125 1 3 4 5 7 8 9 10 11 12 14 15 16 17 18 19 20 21 22 23 24 25 31 40 46 47 26_509 .0000000025526025872240945104311292032678
.6782226563 -7582.5942382812 1 2 3 4 5 7 8 9 10 11 12 13 14 15 16 17 18 20 22 23 26 31 36 41 44 46 26_510 .0000000022779644513877099359553205595824
.6796875000 -7582.5927734375 1 3 4 5 6 7 9 10 11 12 13 14 15 16 17 19 20 21 22 23 24 34 36 39 43 46 26_511 .0000000021931492567222492089391564599180
.6801757813 -7582.5922851562 1 2 3 4 5 6 7 8 9 10 11 12 14 15 16 18 19 20 21 22 24 30 34 36 39 44 26_512 .0000000021655851784750534904699590186148
.6835937500 -7582.5888671875 1 2 3 4 5 6 7 9 10 11 13 14 15 16 17 18 19 20 22 23 24 25 31 32 35 39 26_513 .0000000019820967293904896787408996562205
.6850585937 -7582.5874023438 1 3 4 5 6 7 8 9 10 11 13 14 15 16 17 18 19 20 21 24 28 32 34 35 40 46 26_514 .0000000019082975444003044490558276972483
.6918945313 -7582.5805664062 1 2 3 4 5 6 7 8 9 10 11 12 13 14 15 16 18 21 23 24 27 29 30 33 34 43 26_515 .0000000015986199858738785409576630242850
.6923828125 -7582.5800781250 1 2 3 4 6 7 9 10 11 12 13 14 15 16 17 20 21 22 23 24 25 28 31 32 43 46 26_516 .0000000015785281123839007525590930208712
.6928710937 -7582.5795898438 1 2 3 4 6 8 9 10 12 13 14 15 16 17 18 19 20 21 22 23 24 27 28 30 39 46 26_517 .0000000015586887588072884914288897359336
.6967773437 -7582.5756835938 1 2 3 5 6 7 8 9 10 11 12 13 14 15 16 17 18 19 20 21 22 26 28 34 39 43 26_518 .0000000014086920356651830287040838652959
.6987304687 -7582.5737304688 1 3 4 5 6 7 8 9 10 11 12 13 14 15 16 17 18 20 21 22 23 29 31 35 38 44 26_519 .0000000013391967515621041266982322337924
.7001953125 -7582.5722656250 1 2 3 4 5 7 8 9 10 11 12 13 14 15 16 17 18 20 22 23 26 31 36 38 41 46 26_520 .0000000012893345859265791156193654832748
.7016601563 -7582.5708007812 1 2 3 4 5 6 7 8 9 11 12 13 15 16 17 18 20 21 22 23 29 31 32 35 38 48 26_521 .0000000012413289328303538492815664349103
.7026367187 -7582.5698242188 1 2 3 4 5 6 7 8 9 10 12 13 14 16 18 19 20 21 22 23 24 28 29 31 38 47 26_522 .0000000012103223221791797645982899234263
.7031250000 -7582.5693359375 1 3 4 7 8 9 10 11 12 13 14 15 16 17 18 19 20 21 22 24 26 34 36 40 45 46 26_523 .0000000011951106720415441094264322799343
.7065429687 -7582.5659179688 1 2 3 4 5 7 8 9 10 11 12 13 14 15 16 17 18 19 22 23 26 27 36 41 44 46 26_524 .0000000010938498184501231100890046702210
.7075195313 -7582.5649414062 1 2 4 5 7 8 9 10 11 12 13 14 15 17 18 20 21 22 23 24 25 26 29 31 40 42 26_525 .0000000010665270183500407572453383154597
.7109375000 -7582.5615234375 1 3 4 5 6 7 8 9 10 11 12 14 15 16 17 18 20 21 22 24 25 27 28 33 40 42 26_526 .0000000009761609637385862647569943019496
.7124023437 -7582.5600585938 1 2 4 6 7 8 9 10 11 12 13 14 15 17 18 20 21 22 23 24 26 29 31 34 40 42 26_527 .0000000009398156721718652732537919531066
.7211914063 -7582.5512695312 1 2 3 4 5 7 8 9 10 11 12 13 14 16 18 19 20 21 22 23 24 28 29 31 38 47 26_528 .0000000007484626926334178918048192433905
.7226562500 -7582.5498046875 1 2 3 4 5 7 8 9 10 11 12 13 16 17 18 19 20 21 22 23 26 29 36 37 47 48 26_529 .0000000007205952652304721034874355592237
.7231445313 -7582.5493164062 1 2 3 4 5 6 7 8 9 10 11 12 13 14 15 16 21 22 23 24 25 29 30 34 42 43 26_530 .0000000007115386338979303019932292328672
.7250976563 -7582.5473632812 1 3 4 5 6 7 8 9 10 11 12 14 15 16 17 18 19 21 22 23 24 29 38 40 44 45 26_531 .0000000006764361570888641226509871064518
.7265625000 -7582.5458984375 1 2 4 5 6 7 8 9 10 11 12 13 14 15 16 17 18 19 20 23 25 29 30 33 37 43 26_532 .0000000006512504855972401966911128034408
.7338867187 -7582.5385742188 1 2 3 4 6 7 9 10 11 12 13 14 15 16 17 18 20 21 23 24 25 28 31 33 34 44 26_533 .0000000005387090736444020745493195213840
.7407226563 -7582.5317382812 1 2 4 5 6 7 8 9 10 11 12 13 14 15 17 18 20 21 22 24 25 28 30 40 43 44 26_534 .0000000004512876381498355005333228845130
.7426757813 -7582.5297851562 1 2 3 4 6 8 9 10 12 13 14 15 16 17 18 19 20 21 22 23 24 27 28 31 39 46 26_535 .0000000004290241754259754842963127342988
.7446289063 -7582.5278320312 1 2 3 4 5 6 7 8 9 11 12 14 15 16 17 18 20 21 22 23 29 31 32 35 38 48 26_536 .0000000004078590405324296145181352131186
.7460937500 -7582.5263671875 1 2 3 4 5 6 7 8 9 10 12 13 15 16 17 18 19 20 21 22 23 36 37 46 47 48 26_537 .0000000003926732706676924317437947556598
.7470703125 -7582.5253906250 1 2 3 4 5 7 8 9 10 11 12 13 14 15 16 17 18 20 22 23 26 28 29 42 43 48 26_538 .0000000003828648563741333551493614662893
.7543945313 -7582.5180664062 1 2 3 4 5 7 8 9 10 11 12 13 15 16 17 18 20 22 23 24 26 27 29 30 42 43 26_539 .0000000003167026760600476394973981314066
.7783203125 -7582.4941406250 1 2 4 6 7 8 9 10 11 12 13 14 15 16 17 19 20 21 23 24 27 29 31 34 37 42 26_540 .0000000001704114419181737165404915694340
.7788085937 -7582.4936523438 1 2 3 4 5 6 7 8 9 10 11 12 15 16 18 19 20 22 23 26 29 31 36 41 45 46 26_541 .0000000001682696664102233436583452536346
.7792968750 -7582.4931640625 1 2 3 4 5 6 7 8 10 11 12 13 15 16 17 18 20 22 23 24 27 29 39 42 43 46 26_542 .0000000001661548088658294462197437134953
.7807617187 -7582.4916992188 1 2 3 4 5 7 8 9 10 11 12 14 15 16 17 18 20 22 23 26 31 32 36 38 41 46 26_543 .0000000001599683855219652418355091455702
.7832031250 -7582.4892578125 1 2 3 5 7 8 9 10 11 12 13 15 16 17 18 19 20 21 22 23 26 29 36 43 47 48 26_544 .0000000001501652941385607721071663761870
.7895507813 -7582.4829101562 1 2 3 4 5 6 8 9 10 11 12 13 14 15 16 17 19 20 22 23 24 29 31 35 40 44 26_545 .0000000001273977143702020799619488263395
.7954101563 -7582.4770507812 1 3 4 6 7 8 9 10 11 12 13 14 15 17 18 20 21 23 24 25 27 28 31 32 37 43 26_546 .0000000001094577761448430326709047176972
.8120117187 -7582.4604492188 1 2 3 5 7 8 9 10 11 12 13 15 16 17 18 20 21 22 23 24 26 29 31 39 42 48 26_547 .0000000000712012157404221278045690622450
.8125000000 -7582.4599609375 1 2 5 7 8 9 10 11 12 13 14 15 16 17 18 20 21 22 23 24 26 29 31 39 42 48 26_548 .0000000000703063400834421562922186981683
.8227539063 -7582.4497070312 1 2 4 5 6 7 8 9 10 11 12 14 15 16 17 18 19 22 23 26 29 30 31 33 34 39 26_549 .0000000000539067577610549498905004327389
.8242187500 -7582.4482421875 1 2 3 4 5 6 7 8 10 11 12 13 14 15 16 17 18 21 22 23 26 28 29 30 40 43 26_550 .0000000000518996535015910092188088309682
.8295898437 -7582.4428710938 1 3 4 5 6 8 9 10 11 12 13 14 15 16 17 18 19 20 22 23 26 31 36 41 46 47 26_551 .0000000000451587966613508406016905098466
.8305664063 -7582.4418945312 1 2 3 4 5 6 8 9 11 12 13 14 15 16 17 18 20 21 22 23 31 32 35 38 41 48 26_552 .0000000000440307946695539963256562846686
.8310546875 -7582.4414062500 1 2 3 4 5 6 7 8 9 11 12 13 14 15 19 20 21 22 23 24 25 28 33 37 42 44 26_553 .0000000000434774041427364105012916403288
.8325195313 -7582.4399414062 1 2 3 4 5 6 8 9 11 12 13 14 15 16 17 18 20 21 22 23 25 31 36 38 41 48 26_554 .0000000000418586147271863305185483567355
.8393554687 -7582.4331054688 1 2 3 4 5 6 7 9 11 12 13 15 16 17 18 20 21 22 23 25 28 31 33 36 38 48 26_555 .0000000000350658201216559403595085072740
.8442382813 -7582.4282226562 1 2 3 4 5 6 7 8 10 11 12 13 14 15 16 17 18 21 22 23 26 28 30 40 43 45 26_556 .0000000000308997395941706555221194757379
.8461914063 -7582.4262695312 1 2 3 4 5 6 7 8 9 11 12 14 15 16 17 18 19 22 23 26 29 30 31 33 34 39 26_557 .0000000000293753566009821890427902226749
.8666992187 -7582.4057617188 1 3 4 5 6 8 9 10 11 12 14 15 17 18 19 20 21 22 23 24 28 30 36 39 42 46 26_558 .0000000000172695329429081554321163072548
.8701171875 -7582.4023437500 1 2 3 4 5 6 7 9 11 12 13 15 16 17 18 20 21 22 23 26 28 29 31 36 42 44 26_559 .0000000000158062980000989518353295630130
.8862304687 -7582.3862304688 1 2 3 4 5 6 8 9 10 12 13 14 15 16 17 18 19 20 22 23 31 36 38 41 46 47 26_560 .0000000000104127123642392600573971995350
.8872070313 -7582.3852539062 1 3 4 5 6 7 8 9 10 11 12 13 14 15 17 18 19 21 23 24 30 31 36 39 42 46 26_561 .0000000000101526177391554621223195156342
.8901367187 -7582.3823242188 1 3 4 5 6 7 8 9 10 11 12 13 14 15 17 18 21 22 24 25 27 28 32 42 43 44 26_562 .0000000000094106696377283416125343231116
.8955078125 -7582.3769531250 1 2 3 4 5 6 7 9 10 12 13 14 15 16 18 19 21 22 23 24 27 29 30 32 41 44 26_563 .0000000000081883883001933025073275811977
.9150390625 -7582.3574218750 1 2 3 4 5 6 7 8 10 11 12 13 14 15 17 18 21 22 23 26 28 29 30 34 40 43 26_564 .0000000000049372112366031782898642601259
.9233398437 -7582.3491210938 1 2 3 4 5 6 8 9 11 12 13 14 15 16 17 18 20 21 22 23 31 32 35 37 38 48 26_565 .0000000000039820077702194004355322166006
.9267578125 -7582.3457031250 2 3 4 5 6 7 9 11 12 13 15 16 17 18 20 21 22 23 25 26 29 31 32 36 37 44 26_566 .0000000000036446151533382632574171815607
.9287109375 -7582.3437500000 1 2 4 5 6 7 8 9 10 11 12 13 14 15 17 18 19 20 23 25 29 30 31 33 37 43 26_567 .0000000000034648146297922996965697001530
.9340820313 -7582.3383789062 1 2 3 4 5 6 8 9 11 12 13 15 16 17 18 20 21 22 23 25 28 31 33 36 38 48 26_568 .0000000000030147958295323224047956976879
.9433593750 -7582.3291015625 1 2 3 4 5 6 7 8 9 10 11 12 15 16 17 18 19 20 23 26 30 31 33 34 39 41 26_569 .0000000000023707866018406398412758065818
.9462890625 -7582.3261718750 2 3 4 5 6 7 9 11 12 13 15 16 17 18 20 21 22 23 25 26 29 31 32 36 37 41 26_570 .0000000000021975307262518438212482093809
1.0122070313 -7582.2602539062 2 3 4 5 6 7 9 10 11 12 13 15 16 18 19 21 22 23 24 25 27 29 30 32 40 41 26_571 .0000000000003984657745222041364297363387
1.0605468750 -7582.2119140625 1 2 3 4 5 6 7 8 9 10 11 12 13 14 15 16 23 24 25 27 29 30 33 36 42 43 26_572 .0000000000001139179450291161481772348397
1.1518554687 -7582.1206054688 1 2 3 4 5 6 7 8 10 11 13 15 16 17 18 19 22 23 24 25 27 30 36 39 43 46 26_573 .0000000000000107008056161680094174161326
1.1831054687 -7582.0893554688 1 2 3 5 6 7 9 10 11 12 13 16 17 18 20 21 22 23 24 26 29 35 39 40 42 48 26_574 .0000000000000047628809079184045851454439
1.1938476563 -7582.0786132812 1 5 6 9 10 11 12 13 14 15 16 17 18 19 20 21 22 24 25 26 27 29 38 39 43 44 26_575 .0000000000000036059983622182559988049585
1.1958007813 -7582.0766601562 1 2 3 4 5 6 9 10 11 12 13 16 18 19 20 21 22 24 25 27 29 31 38 42 45 48 26_576 .0000000000000034281029285017858839995865
1.2475585937 -7582.0249023438 1 2 3 4 5 6 7 8 11 12 13 14 15 17 18 22 23 26 27 28 29 30 34 40 43 45 26_577 .0000000000000008970249965608569946412714
1.2788085937 -7581.9936523438 2 3 4 5 6 7 8 9 10 11 13 15 16 18 20 21 22 23 24 26 31 32 36 37 41 60 26_578 .0000000000000003992618297439222043106127
1.2797851563 -7581.9926757812 1 3 5 6 7 8 9 10 11 12 13 14 15 16 17 18 19 21 23 30 31 37 39 42 46 49 26_579 .0000000000000003892888416996007227578438
1.2836914063 -7581.9887695312 2 3 4 5 6 7 8 9 11 12 13 15 16 18 20 21 22 23 24 26 31 32 36 37 41 60 26_580 .0000000000000003518265515016476468262750
1.2988281250 -7581.9736328125 1 2 3 4 6 7 8 9 11 12 13 14 15 17 19 20 21 22 24 28 30 33 37 44 46 49 26_581 .0000000000000002377103841088475983926551
1.3276367187 -7581.9448242188 1 4 7 8 9 10 11 12 13 14 15 16 17 19 20 21 22 24 26 32 34 35 36 38 44 45 26_582 .0000000000000001127109192557859451965862
1.3388671875 -7581.9335937500 1 3 4 5 6 7 8 9 10 11 12 13 14 15 16 17 18 19 23 30 31 37 39 42 46 49 26_583 .0000000000000000842614400542795002748550
1.3549804687 -7581.9174804688 1 3 5 6 7 8 9 10 11 12 13 14 15 17 18 19 21 23 24 30 31 37 39 42 46 49 26_584 .0000000000000000555088951680088957928979
1.4169921875 -7581.8554687500 1 2 3 4 5 6 7 8 9 10 11 12 13 14 15 16 17 23 25 29 30 36 42 43 48 49 26_585 .0000000000000000111368403938628263131172
1.4326171875 -7581.8398437500 1 2 3 4 5 6 7 11 12 13 14 15 16 17 18 22 23 26 27 30 31 34 39 40 44 45 26_586 .0000000000000000074299966746718101614290
1.4575195313 -7581.8149414062 1 2 3 6 7 9 11 12 13 14 17 18 19 20 21 22 23 24 26 29 35 37 39 40 42 48 26_587 .0000000000000000038980714956825322408725
1.4604492187 -7581.8120117188 1 2 3 4 5 6 9 10 11 12 13 16 18 19 20 21 22 25 27 29 33 38 40 42 45 48 26_588 .0000000000000000036132024284374757460271
1.4956054687 -7581.7768554688 1 3 6 7 9 11 12 13 14 16 17 18 19 20 21 22 23 24 26 28 35 37 39 40 42 48 26_589 .0000000000000000014534570300016075410203
1.5048828125 -7581.7675781250 2 3 4 5 6 7 8 9 10 11 13 15 16 18 20 21 22 23 26 30 31 35 36 37 41 60 26_590 .0000000000000000011429750600018975785678
1.5634765625 -7581.7089843750 1 3 7 9 10 11 12 13 14 16 17 18 19 20 21 22 23 24 25 27 28 40 42 43 46 60 26_591 .0000000000000000002505454920157467836516
1.5639648437 -7581.7084960938 1 2 3 4 5 6 7 10 11 13 14 16 17 19 20 22 23 24 25 27 30 39 41 43 46 55 26_592 .0000000000000000002473965708377641064215
1.5981445313 -7581.6743164062 1 2 4 5 6 7 10 11 12 13 14 16 18 20 21 23 25 32 33 34 36 38 40 45 46 47 26_593 .0000000000000000001020679550854026730993
1.6381835937 -7581.6342773438 1 3 4 6 7 10 11 13 14 16 17 18 19 20 22 23 24 25 27 30 37 39 41 43 46 55 26_594 .0000000000000000000361801312694482880385
1.7592773437 -7581.5131835938 1 2 3 4 5 7 8 10 11 12 13 14 15 16 17 18 23 26 30 33 36 39 42 45 46 49 26_595 .0000000000000000000015711819168335322624
1.9106445313 -7581.3618164062 1 2 3 4 5 6 7 10 11 12 13 15 18 19 20 21 24 30 35 36 37 38 39 45 48 49 26_596 .0000000000000000000000311474063124545228
1.9721679687 -7581.3002929688 1 2 4 6 7 10 11 12 13 14 15 16 17 18 20 23 25 30 33 36 38 40 45 46 47 51 26_597 .0000000000000000000000063286957879493399
2.3642578125 -7580.9082031250 1 5 6 10 11 12 13 14 15 16 19 20 21 22 23 24 25 26 31 33 35 40 42 45 56 58 26_598 .0000000000000000000000000002457542621363
2.9458007813 -7580.3266601562 3 4 7 8 10 11 18 19 20 21 22 25 26 27 30 31 33 35 36 37 39 40 42 45 46 60 26_599 .0000000000000000000000000000000000705400
