0 -7665.6049804688 2 4 6 7 11 12 13 15 17 18 20 21 22 13_1 .2232123540647441658210244931915176927139
.0131835938 -7665.5917968750 1 2 3 4 5 6 18 19 20 21 22 23 24 13_2 .1586388090733034655795864884321289737898
.0322265626 -7665.5727539062 7 8 9 10 11 12 13 14 15 16 17 18 21 13_3 .0968691832446725492565778545405882280915
.0410156250 -7665.5639648438 1 7 8 9 10 11 12 14 15 16 17 18 22 13_4 .0771459470691361593477694507459789288893
.0439453126 -7665.5610351562 7 8 9 10 11 12 13 14 15 16 17 18 22 13_5 .0715081604221445134652891805046124456776
.0654296876 -7665.5395507812 1 7 8 9 10 11 12 13 14 15 16 17 18 13_6 .0409889896494343441185566194547999875873
.0727539063 -7665.5322265625 1 2 3 4 5 6 17 19 20 21 22 23 24 13_7 .0339057568969286518691252759303938374988
.0732421876 -7665.5317382812 2 3 4 7 11 13 15 17 18 20 21 22 24 13_8 .0334796204024457791033998959946673393214
.0751953126 -7665.5297851562 7 8 9 10 11 12 13 14 15 16 17 18 20 13_9 .0318279636367194419240721062271495337187
.0800781250 -7665.5249023438 1 2 4 7 11 13 15 17 18 20 21 22 24 13_10 .0280465647137386697730576114171613660860
.0830078126 -7665.5219726562 7 8 9 10 11 12 13 14 15 16 17 18 25 13_11 .0259969360029082811274854672199456087651
.0927734376 -7665.5122070312 2 4 6 7 11 13 15 17 18 20 21 22 24 13_12 .0201866291617194309920890506749421657440
.1020507813 -7665.5029296875 1 2 3 4 5 6 19 20 21 22 23 24 30 13_13 .0158744381573441717658327753296953882504
.1044921876 -7665.5004882812 1 2 3 4 5 6 11 19 20 21 22 23 24 13_14 .0149016298902051637945063949136457896189
.1113281250 -7665.4936523438 1 2 3 4 5 6 12 19 20 21 22 23 24 13_15 .0124834010072972617531698701921284931193
.1176757813 -7665.4873046875 1 2 3 4 5 6 19 20 21 22 23 24 34 13_16 .0105907078264628365467583121812013009824
.1181640626 -7665.4868164062 7 8 9 10 11 12 14 15 16 17 18 21 22 13_17 .0104576010174633885705501377907275659778
.1259765626 -7665.4790039062 1 2 3 4 5 6 19 20 21 22 23 24 36 13_18 .0085417209689562737729901826596276443036
.1323242188 -7665.4726562500 1 2 3 4 5 6 7 9 10 11 18 20 22 13_19 .0072466526789319257221019163627331862641
.1337890626 -7665.4711914062 2 4 7 11 13 15 17 18 19 20 21 22 24 13_20 .0069768388552659502477757936558678304013
.1406250000 -7665.4643554688 2 4 7 11 13 15 17 18 20 21 22 24 33 13_21 .0058446410114389526821191073905147542393
.1445312500 -7665.4604492188 2 4 7 11 13 15 17 18 20 21 22 24 32 13_22 .0052821958185136898562017023302109681906
.1459960938 -7665.4589843750 1 2 3 4 5 6 7 8 9 10 11 12 20 13_23 .0050855244014759872316304975136360927929
.1474609376 -7665.4575195312 1 2 3 4 5 6 19 20 21 22 23 24 41 13_24 .0048961756297185009827102278705084866105
.1538085938 -7665.4511718750 2 4 7 11 13 15 17 18 20 21 22 23 24 13_25 .0041538332114302544592673689207705341451
.1733398438 -7665.4316406250 2 4 6 7 11 13 15 17 18 20 21 22 30 13_26 .0025045651542886381237436606055522950806
.1752929688 -7665.4296875000 7 8 9 10 11 12 14 15 16 17 18 20 22 13_27 .0023810069438741299407225200000953375563
.1762695313 -7665.4287109375 2 3 7 9 11 13 15 17 18 20 21 22 24 13_28 .0023215328103237408314742366711445428940
.1816406250 -7665.4233398438 1 2 3 4 5 6 7 11 12 20 21 22 23 13_29 .0020200063208678326355083186257516012023
.1845703126 -7665.4204101562 1 2 3 4 5 6 7 11 15 18 20 21 22 13_30 .0018723852844390305181854222217116272480
.1855468750 -7665.4194335938 1 2 3 4 5 6 7 9 11 18 20 21 22 13_31 .0018256157941225399044701040940704711631
.1884765626 -7665.4165039062 2 4 7 11 13 15 17 18 20 21 22 24 27 13_32 .0016922007187016976503389025610898499255
.1899414063 -7665.4150390625 2 4 6 7 8 11 12 13 15 17 18 21 22 13_33 .0016291951993301009383641590043936953272
.1953125000 -7665.4096679688 1 2 3 4 5 6 11 12 20 21 22 23 24 13_34 .0014175912508922931203678312111259980923
.1987304688 -7665.4062500000 1 2 3 4 6 7 11 12 13 15 17 20 22 13_35 .0012974797771319084300596908893441557359
.2006835938 -7665.4042968750 1 2 7 13 15 16 17 18 20 21 22 23 24 13_36 .0012334709494769668822662196085409591906
.2011718750 -7665.4038085938 2 4 6 7 11 13 15 17 18 20 21 22 37 13_37 .0012179683644414703902650792800242115115
.2021484376 -7665.4028320312 1 2 4 6 7 8 11 12 15 17 20 21 22 13_38 .0011875452610240281204591061346559430566
.2055664063 -7665.3994140625 2 4 7 11 13 15 17 18 20 21 22 24 44 13_39 .0010869254191776490729069338361723187143
.2070312500 -7665.3979492188 4 6 7 11 12 13 15 17 18 20 21 22 43 13_40 .0010464560470773820751162459919948204621
.2080078126 -7665.3969726562 2 4 7 11 13 15 17 18 20 21 22 24 40 13_41 .0010203170754328743616361319131494370850
.2084960938 -7665.3964843750 2 4 6 7 11 12 13 15 17 20 21 22 31 13_42 .0010074934639552190532690564352359160919
.2109375000 -7665.3940429688 1 2 3 4 5 6 7 8 9 10 11 12 22 13_43 .0009457528264459854326751201554543185097
.2128906250 -7665.3920898438 1 2 3 4 5 6 7 11 12 15 20 21 22 13_44 .0008990958143375027020277507778081097837
.2143554688 -7665.3906250000 2 4 6 7 11 12 13 15 17 18 21 22 33 13_45 .0008656198785839169011374063267063342427
.2177734376 -7665.3872070312 1 2 4 7 13 15 16 17 18 20 21 22 24 13_46 .0007922765370053372102064300235338657503
.2192382813 -7665.3857421875 1 3 4 5 8 9 10 11 12 14 18 19 24 13_47 .0007627777936539872470471571092264860946
.2197265626 -7665.3852539062 1 2 3 4 5 6 7 8 9 10 11 12 30 13_48 .0007531910011796232674428494689151626851
.2221679688 -7665.3828125000 1 3 4 5 6 10 11 18 19 20 22 23 24 13_49 .0007070343815659452479836436119168111479
.2246093750 -7665.3803710938 1 2 3 4 5 6 7 8 9 10 11 12 24 13_50 .0006637063054834899206170168823696208549
.2285156250 -7665.3764648438 7 8 9 10 11 12 14 15 16 17 18 22 26 13_51 .0005998361002300335222974564087528741284
.2294921876 -7665.3754882812 2 4 6 7 11 13 15 17 18 20 21 22 40 13_52 .0005848530544928956357792784032347266850
.2324218750 -7665.3725585938 2 4 6 11 13 15 17 18 20 21 22 23 24 13_53 .0005421122929924087316254217450833693870
.2333984376 -7665.3715820312 1 2 3 4 5 6 9 11 18 20 22 24 29 13_54 .0005285711051955171682945822535603472660
.2368164063 -7665.3681640625 2 4 6 7 12 13 15 17 18 20 21 22 31 13_55 .0004837856618487287127613485667747070989
.2377929688 -7665.3671875000 1 2 3 4 5 6 7 8 9 10 11 12 14 13_56 .0004717013908907706309988186212438727744
.2397460938 -7665.3652343750 1 3 4 5 6 10 11 14 19 20 22 23 24 13_57 .0004484308524467221330700369298233578056
.2456054688 -7665.3593750000 1 5 7 8 9 10 11 12 14 15 16 17 21 13_58 .0003852835516414499839032654411231901084
.2495117188 -7665.3554687500 2 6 7 8 12 13 15 16 17 18 21 22 23 13_59 .0003482067010513477929177194251336300597
.2519531250 -7665.3530273438 7 8 9 10 12 13 14 15 16 17 18 19 20 13_60 .0003268680974007608304914083660763280662
.2529296876 -7665.3520507812 1 7 8 9 10 11 12 14 15 16 17 18 26 13_61 .0003187034009920440374002315943992416807
.2543945313 -7665.3505859375 1 2 3 4 5 6 11 20 21 22 23 24 29 13_62 .0003068371530445759835260270381693892205
.2548828126 -7665.3500976562 2 6 7 11 13 15 17 18 20 21 22 23 24 13_63 .0003029807427844244185716189085876361962
.2573242188 -7665.3476562500 2 4 6 11 13 15 17 18 20 21 22 24 37 13_64 .0002844136504093586981711585344868360715
.2602539063 -7665.3447265625 1 3 4 8 9 10 11 14 18 19 20 22 24 13_65 .0002636288459091047168188261035676245477
.2612304688 -7665.3437500000 2 3 4 6 7 11 13 15 17 20 21 22 30 13_66 .0002570437759958596806668434275710110262
.2631835938 -7665.3417968750 1 5 7 8 9 10 11 12 14 15 16 17 27 13_67 .0002443629843199662380551326602213437983
.2656250000 -7665.3393554688 1 5 7 8 9 10 11 12 14 15 16 17 19 13_68 .0002293880718512098498171865910463696542
.2661132813 -7665.3388671875 1 2 3 4 5 6 7 9 11 13 18 20 21 13_69 .0002265050620687703775856978633497876322
.2670898438 -7665.3378906250 2 7 8 11 13 15 17 18 20 21 22 23 24 13_70 .0002208472909539166411822920935226060865
.2705078126 -7665.3344726562 2 7 8 12 13 15 16 17 18 20 21 22 23 13_71 .0002021350609117471457825179084030867804
.2709960938 -7665.3339843750 4 7 9 10 11 12 13 14 16 17 18 21 22 13_72 .0001995945746751086731571889535913929157
.2729492188 -7665.3320312500 1 2 3 4 7 8 9 11 12 14 17 22 24 13_73 .0001897479358631485717796991722511055232
.2744140626 -7665.3305664062 1 2 4 6 7 8 9 11 12 15 17 21 22 13_74 .0001826830717974530440421742247671418958
.2749023438 -7665.3300781250 2 3 4 6 13 17 19 20 21 22 23 24 32 13_75 .0001803870632402295315552343106342444097
.2768554688 -7665.3281250000 1 2 3 4 5 6 7 8 9 10 11 12 41 13_76 .0001714879924064256753095367724771219964
.2773437500 -7665.3276367188 1 2 3 4 5 6 9 18 19 20 22 24 29 13_77 .0001693326865307789994958711049258523664
.2778320313 -7665.3271484375 1 2 3 4 5 6 7 8 9 10 11 12 34 13_78 .0001672044686691647723686133328054717230
.2788085938 -7665.3261718750 2 3 7 11 13 15 17 18 20 21 22 23 24 13_79 .0001630279412023144039541706865713308074
.2807617188 -7665.3242187500 1 2 6 7 8 11 12 15 17 18 21 22 23 13_80 .0001549852513852707366602995161062390689
.2827148438 -7665.3222656250 1 2 5 6 7 8 10 11 12 15 16 21 23 13_81 .0001473393331830566112897256322096024949
.2832031250 -7665.3217773438 1 2 4 7 8 11 14 15 17 18 21 22 24 13_82 .0001454875339633731339792914619773272783
.2836914063 -7665.3212890625 1 2 3 4 6 7 9 11 12 13 16 17 22 13_83 .0001436590082677935211080459445863308399
.2856445313 -7665.3193359375 2 3 4 6 13 17 19 20 21 22 23 24 30 13_84 .0001365718498678224343482212474745989099
.2890625000 -7665.3159179688 2 3 4 7 9 10 11 13 18 20 22 24 34 13_85 .0001250002168653732990792410743166273880
.2895507813 -7665.3154296875 1 2 3 4 7 8 9 11 12 14 17 20 22 13_86 .0001234291811741029990306137327261052212
.2924804688 -7665.3125000000 1 3 4 5 6 10 11 19 20 22 23 24 32 13_87 .0001144090395717653946842173851395395401
.2939453126 -7665.3110351562 2 4 6 7 12 13 15 17 20 21 22 23 40 13_88 .0001101492603610747453016228744996758405
.2954101563 -7665.3095703125 3 4 7 9 10 11 13 14 18 19 20 22 24 13_89 .0001060480853167978997637584453747504825
.2983398438 -7665.3066406250 1 2 3 4 5 6 14 19 21 22 23 24 30 13_90 .0000982981453340882309187691141892892922
.2988281250 -7665.3061523438 1 4 5 7 8 9 10 11 12 14 17 18 19 13_91 .0000970627085712528598314119682008956550
.3037109376 -7665.3012695312 1 4 7 9 10 11 12 13 14 16 17 18 22 13_92 .0000855309360725413805407642324260872750
.3056640626 -7665.2993164062 2 3 7 9 11 13 17 18 20 21 22 24 27 13_93 .0000813114214082472835870135894074259393
.3090820313 -7665.2958984375 1 2 3 4 7 8 9 11 12 15 17 22 24 13_94 .0000744219641126599784223672155982972870
.3095703126 -7665.2954101562 2 3 4 7 9 10 11 13 18 19 20 22 24 13_95 .0000734866092407452362890518486891277135
.3115234376 -7665.2934570312 1 2 4 7 13 15 17 18 20 21 22 24 40 13_96 .0000698612797452561630464646685841950840
.3139648438 -7665.2910156250 2 3 4 6 7 9 10 11 13 18 20 21 22 13_97 .0000655800808065057854060118424337779095
.3144531250 -7665.2905273438 1 2 3 4 5 6 7 8 9 10 11 20 30 13_98 .0000647558532235467496642556464892938411
.3173828126 -7665.2875976562 1 2 3 4 6 7 9 11 12 13 17 22 46 13_99 .0000600235283446896915440228751687247568
.3183593750 -7665.2866210938 1 2 3 4 6 7 13 17 19 20 21 22 23 13_100 .0000585242269717248710481082982350095993
.3188476563 -7665.2861328125 1 2 3 4 7 8 9 11 12 17 21 22 24 13_101 .0000577886790528311933568521997475429527
.3208007813 -7665.2841796875 1 2 3 5 7 9 11 18 20 21 22 23 24 13_102 .0000549377786664867942291851336107108111
.3212890626 -7665.2836914062 7 8 9 10 11 12 14 15 16 17 18 28 37 13_103 .0000542473061757301193262418647792011440
.3227539063 -7665.2822265625 1 2 4 7 8 11 12 14 15 17 21 22 24 13_104 .0000522275223153768439109149342263519752
.3237304688 -7665.2812500000 1 2 4 6 7 12 13 15 17 20 21 22 31 13_105 .0000509229538238055501320049355547508326
.3266601563 -7665.2783203125 4 6 7 11 13 15 17 18 20 21 22 25 43 13_106 .0000472015303327745739093320949537994373
.3276367188 -7665.2773437500 1 2 3 4 6 7 11 13 15 17 20 22 30 13_107 .0000460225039019543109889016396963964955
.3300781250 -7665.2749023438 2 6 7 8 11 12 15 16 17 18 21 22 23 13_108 .0000432021791729750788143552223701922090
.3310546876 -7665.2739257812 1 2 3 4 7 8 9 11 12 14 17 21 22 13_109 .0000421230506806344615854223988575612997
.3315429688 -7665.2734375000 1 2 7 8 9 15 16 17 18 21 22 23 24 13_110 .0000415936371785102608324233959840074077
.3334960938 -7665.2714843750 1 3 4 5 6 10 11 19 20 22 23 24 30 13_111 .0000395416900109123157694555492498950964
.3339843750 -7665.2709960938 1 2 4 6 7 8 11 12 15 17 21 22 27 13_112 .0000390447197238525821741011967364046208
.3344726563 -7665.2705078125 1 2 4 6 7 8 11 12 15 17 21 22 47 13_113 .0000385539953892869673121515962358319257
.3364257813 -7665.2685546875 1 2 3 4 7 8 9 11 12 17 22 24 30 13_114 .0000366520034740546794254821977255643612
.3378906250 -7665.2670898438 1 2 3 7 8 9 11 12 15 16 17 18 22 13_115 .0000352873435437219921282766971379397235
.3383789063 -7665.2666015625 4 6 7 11 12 13 15 17 20 21 22 31 34 13_116 .0000348438429039030159157312737819518838
.3393554688 -7665.2656250000 2 3 4 6 7 9 10 11 13 18 20 22 24 13_117 .0000339734937553601476823915844957398191
.3408203126 -7665.2641601562 1 4 7 8 9 10 11 12 13 14 17 18 19 13_118 .0000327085623919355516992910712401618581
.3422851563 -7665.2626953125 1 2 3 4 7 8 9 11 12 14 17 19 22 13_119 .0000314907281606729080268695296286723799
.3447265626 -7665.2602539062 1 3 5 7 8 9 10 11 12 14 16 17 27 13_120 .0000295609313143664444537799878778022427
.3491210938 -7665.2558593750 1 2 3 4 6 7 9 12 16 17 20 22 25 13_121 .0000263804288201780563027537127202612564
.3496093750 -7665.2553710938 2 3 4 7 9 10 11 13 16 18 20 22 24 13_122 .0000260488727010565743219594761507991993
.3500976563 -7665.2548828125 2 4 6 7 11 12 13 15 17 21 22 23 30 13_123 .0000257214835992057209116220668203161356
.3564453126 -7665.2485351562 1 4 5 6 7 8 10 11 12 15 16 21 23 13_124 .0000218216748387002104072991225896362212
.3569335938 -7665.2480468750 1 3 4 5 6 10 11 12 14 19 22 23 24 13_125 .0000215474143302161220414205981527371423
.3579101563 -7665.2470703125 1 3 5 7 8 9 10 11 12 14 16 19 27 13_126 .0000210091908694076902455310037815347484
.3603515626 -7665.2446289062 2 3 4 5 7 9 11 13 18 20 21 22 26 13_127 .0000197217176145381477453124887104822696
.3608398438 -7665.2441406250 1 2 3 4 6 7 9 11 12 16 17 20 22 13_128 .0000194738499168878142069304012581521335
.3627929688 -7665.2421875000 1 2 7 8 9 11 15 17 18 21 22 23 24 13_129 .0000185131426094770841425215475766487281
.3632812500 -7665.2416992188 2 3 4 7 9 11 12 13 18 20 21 22 26 13_130 .0000182804645981308175549481639850853256
.3637695313 -7665.2412109375 1 3 4 5 6 10 11 14 18 19 20 23 24 13_131 .0000180507108980424594731148244257785130
.3647460938 -7665.2402343750 1 3 4 8 9 10 11 12 14 18 19 22 24 13_132 .0000175998300665557312412926980595752669
.3652343750 -7665.2397460938 1 2 3 4 6 7 8 9 11 12 17 20 34 13_133 .0000173786308057764136197548465551563986
.3662109376 -7665.2387695312 1 3 4 5 6 10 11 14 19 20 23 24 34 13_134 .0000169445375257755509811959607113626850
.3676757813 -7665.2373046875 1 4 6 7 11 12 13 15 17 20 21 22 31 13_135 .0000163136434624861262240974297125942818
.3686523438 -7665.2363281250 1 2 4 5 6 7 9 10 11 12 13 18 21 13_136 .0000159061520805405290759275281385215441
.3715820313 -7665.2333984375 2 7 8 9 11 15 17 18 20 21 22 23 24 13_137 .0000147437385997898726008643708792267702
.3720703126 -7665.2329101562 1 2 3 4 6 7 18 19 20 21 22 23 24 13_138 .0000145584354047724091829244639990904291
.3740234376 -7665.2309570312 1 2 3 4 5 6 10 12 14 19 22 23 24 13_139 .0000138402212181824799085075255202520736
.3745117188 -7665.2304687500 2 3 4 7 9 11 13 17 18 20 22 26 30 13_140 .0000136662737032969959389902417583124668
.3750000000 -7665.2299804688 1 3 4 8 9 10 11 14 18 19 22 24 32 13_141 .0000134945124062080226788532510565717424
.3764648438 -7665.2285156250 1 2 3 4 5 6 9 11 18 20 22 26 29 13_142 .0000129920727071988005683928891453395137
.3837890626 -7665.2211914062 1 2 3 4 7 8 9 11 12 17 22 23 24 13_143 .0000107469362241902416739803941389016542
.3847656250 -7665.2202148438 1 2 3 4 5 6 7 8 10 11 12 23 39 13_144 .0000104784932205806528281388810741315692
.3852539063 -7665.2197265625 1 2 3 4 5 6 9 11 18 20 22 29 38 13_145 .0000103467967543417507041784403313361360
.3872070313 -7665.2177734375 1 2 3 4 5 6 7 8 10 11 12 18 27 13_146 .0000098363561741476146339391190030635822
.3876953126 -7665.2172851562 1 2 3 4 6 7 9 13 17 20 21 22 40 13_147 .0000097127302556559992857878031722702368
.3886718750 -7665.2163085938 2 3 4 5 7 11 14 18 20 21 22 23 24 13_148 .0000094701202290691446030465774187892538
.3891601563 -7665.2158203125 1 3 4 6 7 9 11 12 16 17 20 22 34 13_149 .0000093510972605209206793545649490141705
.3896484376 -7665.2153320312 1 3 4 6 7 9 11 12 13 17 20 22 34 13_150 .0000092335702040307661577197667791659497
.3906250000 -7665.2143554688 1 4 7 8 9 10 11 12 13 14 17 18 22 13_151 .0000090029289060922193337136094594129088
.3920898438 -7665.2128906250 1 2 3 7 8 9 11 12 15 16 17 22 26 13_152 .0000086677238424622478412993667585343276
.3925781250 -7665.2124023438 1 2 3 4 7 9 11 12 14 17 20 22 34 13_153 .0000085587856254827967307888307756047132
.3930664063 -7665.2119140625 1 5 6 8 10 11 12 14 15 16 21 23 27 13_154 .0000084512165505743400309308627102884518
.3945312500 -7665.2104492188 1 3 4 5 8 9 10 11 18 19 20 22 24 13_155 .0000081365533535871065707585778222487680
.3979492188 -7665.2070312500 2 3 4 7 9 10 11 13 18 20 22 23 24 13_156 .0000074471491166364360949205909162363375
.3984375000 -7665.2065429688 2 4 6 7 12 13 17 18 20 21 22 23 40 13_157 .0000073535514015855598351883476575799622
.3989257813 -7665.2060546875 1 5 6 7 8 10 11 12 15 16 21 23 35 13_158 .0000072611300282536716323145308661237233
.3994140626 -7665.2055664062 2 7 9 10 11 12 13 15 17 18 20 24 34 13_159 .0000071698702311156630978871499846923316
.4008789063 -7665.2041015625 1 2 4 7 8 11 12 15 17 21 22 24 35 13_160 .0000069029152577807145258204851565463606
.4013671876 -7665.2036132812 1 2 3 7 8 9 12 15 16 17 18 22 36 13_161 .0000068161575983482695103818999320063321
.4023437500 -7665.2026367188 1 2 4 7 8 11 12 14 15 17 21 22 29 13_162 .0000066458997889962093952802187104696501
.4028320313 -7665.2021484375 2 4 5 6 7 9 10 11 12 13 17 18 21 13_163 .0000065623723677569020889761077605271017
.4042968750 -7665.2006835938 1 2 3 4 5 6 7 8 10 11 12 23 27 13_164 .0000063180362941630079940637614154997633
.4047851563 -7665.2001953125 1 4 6 7 9 11 12 13 15 17 20 21 22 13_165 .0000062386295477926277383012470393023020
.4067382813 -7665.1982421875 2 4 7 9 10 11 12 13 15 17 18 20 34 13_166 .0000059308579966934643863354254943137915
.4116210938 -7665.1933593750 1 2 3 4 5 6 7 8 10 11 12 15 41 13_167 .0000052262279195733357969202677549981149
.4121093750 -7665.1928710938 2 4 6 7 9 10 11 12 13 15 17 18 20 13_168 .0000051605433221594876805612861736142942
.4130859376 -7665.1918945312 2 3 4 5 7 9 11 18 20 21 22 24 40 13_169 .0000050316403491727916581541760227650227
.4165039063 -7665.1884765625 1 2 3 4 6 7 8 9 10 11 20 22 30 13_170 .0000046053131406207111299110821794549912
.4189453126 -7665.1860351562 4 6 7 11 13 15 17 18 20 21 22 27 43 13_171 .0000043230929668070594572485017095753172
.4218750000 -7665.1831054688 2 4 5 6 13 18 19 20 21 22 23 24 41 13_172 .0000040071635482645811869926846907558462
.4238281250 -7665.1811523438 2 4 6 12 13 16 17 19 20 21 22 23 25 13_173 .0000038094773527132225870597627277849116
.4252929688 -7665.1796875000 1 2 3 4 5 6 7 8 10 11 12 27 44 13_174 .0000036676395006394309316820296524626040
.4262695313 -7665.1787109375 1 2 4 7 8 11 12 14 15 17 21 22 44 13_175 .0000035760271338477601249821295553620398
.4272460938 -7665.1777343750 2 3 4 5 7 9 11 18 20 21 22 24 36 13_176 .0000034867031123931128695951904153945302
.4287109376 -7665.1762695312 1 2 3 4 6 17 18 19 20 21 22 23 34 13_177 .0000033568830781753972413873622472292744
.4301757813 -7665.1748046875 1 2 4 6 12 13 16 17 19 20 21 22 23 13_178 .0000032318966274117813310592917757248484
.4316406250 -7665.1733398438 1 2 7 8 9 15 16 17 18 21 22 23 26 13_179 .0000031115637831368897070149071183086576
.4321289063 -7665.1728515625 1 5 7 8 9 10 11 12 14 15 16 20 45 13_180 .0000030724568289126667703410755873604736
.4331054688 -7665.1718750000 2 4 6 7 11 13 15 17 20 21 22 30 31 13_181 .0000029957112703830327911827175188733559
.4340820313 -7665.1708984375 1 4 7 8 9 10 11 12 13 14 17 18 31 13_182 .0000029208827056736536879553137695767384
.4345703126 -7665.1704101562 1 2 3 4 5 6 7 9 11 12 13 17 46 13_183 .0000028841722815183926121049057546980623
.4355468750 -7665.1694335938 1 3 4 5 6 9 10 11 13 19 20 23 24 13_184 .0000028121298078284871006648036812150293
.4360351563 -7665.1689453125 1 2 3 4 5 9 11 17 18 20 22 36 38 13_185 .0000027767862187742230263988000344328978
.4370117188 -7665.1679687500 1 2 7 8 11 14 15 17 18 21 22 24 27 13_186 .0000027074260874057911607021511156906615
.4384765626 -7665.1665039062 2 4 5 6 7 10 11 12 13 15 17 20 37 13_187 .0000026066207891113466718356328435309316
.4389648438 -7665.1660156250 4 7 8 9 10 11 12 13 14 17 18 19 31 13_188 .0000025738600982692749177294357666656621
.4409179688 -7665.1640625000 1 3 4 6 7 9 11 12 17 20 22 28 34 13_189 .0000024468833466144399690195961392089195
.4414062500 -7665.1635742188 1 3 4 8 9 10 11 13 14 18 19 22 24 13_190 .0000024161302776678908293589157608048707
.4423828126 -7665.1625976562 1 5 6 8 10 11 12 14 15 16 21 23 26 13_191 .0000023557788075858153948439704156397530
.4453125000 -7665.1596679688 2 3 4 6 13 17 19 20 21 22 24 30 34 13_192 .0000021836196996023076399604488727336471
.4487304688 -7665.1562500000 1 2 5 6 8 10 12 14 15 16 21 23 27 13_193 .0000019986031935492738628670568029829519
.4555664063 -7665.1494140625 1 2 3 4 5 7 9 11 12 17 20 24 46 13_194 .0000016742708843757817977402898520469254
.4560546876 -7665.1489257812 1 2 3 4 5 12 16 19 20 21 22 23 24 13_195 .0000016532282063535352501009920143469867
.4580078126 -7665.1469726562 2 3 4 5 7 9 11 13 18 20 22 23 24 13_196 .0000015716691707524637933673699805558737
.4604492188 -7665.1445312500 1 3 4 7 9 11 12 14 16 17 20 22 34 13_197 .0000014753550406588330280870460903499826
.4614257813 -7665.1435546875 2 6 7 8 9 10 11 12 13 15 17 20 29 13_198 .0000014385027908373298680105995583877548
.4638671876 -7665.1411132812 1 2 3 4 6 7 9 12 17 20 22 25 31 13_199 .0000013503492830811088895827107470888341
.4643554688 -7665.1406250000 4 5 8 9 10 11 12 14 17 18 19 24 44 13_200 .0000013333777406240584874271447467174802
.4682617188 -7665.1367187500 1 2 3 4 6 7 8 9 11 12 17 24 34 13_201 .0000012050632899846151575821344156521980
.4692382813 -7665.1357421875 1 2 3 4 5 7 8 9 11 12 17 24 34 13_202 .0000011749625398672710798994022907413537
.4702148438 -7665.1347656250 2 3 4 7 9 11 12 13 17 18 22 24 28 13_203 .0000011456136632532998889318187046056556
.4707031250 -7665.1342773438 1 2 5 6 8 10 12 14 15 16 21 23 32 13_204 .0000011312152915365263811795381666160113
.4731445313 -7665.1318359375 1 2 3 4 6 7 9 11 12 13 17 21 46 13_205 .0000010618928010890972441802107846117078
.4741210938 -7665.1308593750 3 4 5 8 9 10 11 12 14 18 19 24 33 13_206 .0000010353682441445424471095223256080013
.4746093750 -7665.1303710938 2 3 4 7 9 10 11 12 13 17 18 24 25 13_207 .0000010223554656476434514124230058657730
.4765625000 -7665.1284179688 2 3 4 5 9 10 11 13 17 18 20 24 36 13_208 .0000009719194003184536759100014991325379
.4790039063 -7665.1259765625 2 7 9 10 11 12 13 15 17 18 20 26 34 13_209 .0000009123587898419716872296231741142767
.4794921876 -7665.1254882812 2 4 5 6 7 10 12 13 15 17 20 21 40 13_210 .0000009008920239592400655978625937785430
.4799804688 -7665.1250000000 1 5 6 7 8 10 11 12 15 16 21 23 47 13_211 .0000008895693777184422736928178383133938
.4829101563 -7665.1220703125 1 2 3 4 7 9 11 12 13 14 17 18 34 13_212 .0000008245601013399059411735436046941030
.4833984376 -7665.1215820312 1 2 3 4 5 6 7 9 12 17 20 22 25 13_213 .0000008141968125289943315164422063381721
.4848632813 -7665.1201171875 1 2 3 4 5 7 8 9 12 16 17 22 24 13_214 .0000007838819140201190056596177183180550
.4892578126 -7665.1157226562 2 3 7 9 11 12 13 15 18 20 21 22 26 13_215 .0000006995429461526376907647184344709953
.4912109376 -7665.1137695312 2 3 4 6 7 13 17 18 20 21 22 39 40 13_216 .0000006650322549906574525543465729328437
.4921875000 -7665.1127929688 1 2 4 6 12 13 17 19 20 21 22 23 25 13_217 .0000006484207061452188160874378084470188
.4941406250 -7665.1108398438 2 4 5 6 12 13 17 19 20 21 22 23 38 13_218 .0000006164320386075318421304069828020674
.4951171876 -7665.1098632812 1 2 3 4 5 6 7 8 9 12 17 20 22 13_219 .0000006010344501250249781098805205114681
.5034179688 -7665.1015625000 1 2 3 4 5 6 7 9 10 13 16 20 37 13_220 .0000004847521679493727399297415204508535
.5048828126 -7665.1000976562 1 2 3 4 5 9 11 18 20 22 24 29 37 13_221 .0000004667034436956157953486137278428018
.5053710938 -7665.0996093750 1 3 4 5 8 9 10 11 12 14 18 19 25 13_222 .0000004608377929274981816670214212451454
.5073242188 -7665.0976562500 2 4 6 8 12 13 14 15 16 17 20 21 22 13_223 .0000004381031905203725819566171409416799
.5083007813 -7665.0966796875 1 2 4 6 7 10 12 13 17 19 20 22 23 13_224 .0000004271600020811717835923319351031683
.5087890626 -7665.0961914062 2 4 6 7 10 12 13 17 20 21 22 23 40 13_225 .0000004217913425221617264717423108711493
.5092773438 -7665.0957031250 2 4 6 9 12 13 14 17 19 20 21 22 23 13_226 .0000004164901587711712923400562157881162
.5102539063 -7665.0947265625 1 2 3 4 5 6 13 18 19 20 22 24 41 13_227 .0000004060868328216570213068744841780968
.5131835938 -7665.0917968750 2 7 9 10 11 12 13 15 17 18 20 21 26 13_228 .0000003764102142128909473963090069172675
.5136718750 -7665.0913085938 2 3 4 6 7 9 12 13 17 20 22 28 46 13_229 .0000003716793923345652611025531037469688
.5175781250 -7665.0874023438 1 2 4 6 7 10 12 13 17 20 21 22 23 13_230 .0000003359117058130468072342008128699197
.5180664063 -7665.0869140625 4 5 8 9 10 11 12 14 17 18 19 23 24 13_231 .0000003316898789060090675606187361063254
.5214843750 -7665.0834960938 1 2 4 6 12 13 17 19 20 21 22 23 38 13_232 .0000003035860379384756476806840881495555
.5224609376 -7665.0825195312 2 7 9 10 11 12 13 15 17 18 20 26 37 13_233 .0000002960028939932474746327636421233448
.5249023438 -7665.0800781250 1 2 3 4 5 9 11 18 20 22 24 28 41 13_234 .0000002778634141518839565887043335785052
.5258789063 -7665.0791015625 1 3 4 5 6 10 11 18 19 20 22 24 32 13_235 .0000002709227851694470859535603953210765
.5263671876 -7665.0786132812 3 4 5 9 10 11 13 18 19 20 24 36 42 13_236 .0000002675177561562737318676427639892373
.5278320313 -7665.0771484375 3 4 5 9 10 11 13 18 19 20 24 36 39 13_237 .0000002575572975762289976099393881071584
.5297851563 -7665.0751953125 1 2 3 4 6 7 9 12 13 17 20 28 46 13_238 .0000002448511722381742748541390446938516
.5302734376 -7665.0747070312 1 2 3 4 6 7 13 17 20 21 22 39 40 13_239 .0000002417738181320623034396642829519157
.5429687500 -7665.0620117188 1 2 3 5 6 7 8 10 11 12 15 22 35 13_240 .0000001740176910343147819163964760010622
.5463867188 -7665.0585937500 1 2 3 4 6 7 9 10 12 13 20 28 46 13_241 .0000001592732988709499823554923991874393
.5473632813 -7665.0576171875 1 2 3 4 5 6 7 9 10 16 20 32 37 13_242 .0000001552948806338956170411740969309543
.5483398438 -7665.0566406250 1 2 3 4 5 9 11 18 20 22 36 41 48 13_243 .0000001514158375700882824921684828820543
.5488281250 -7665.0561523438 1 2 3 4 5 6 7 9 11 12 17 23 46 13_244 .0000001495128037786183108474396533476788
.5493164063 -7665.0556640625 1 2 3 5 6 7 8 10 11 12 15 22 27 13_245 .0000001476336874304356386386279824932171
.5498046876 -7665.0551757812 1 2 3 4 6 17 18 19 20 22 23 34 48 13_246 .0000001457781883120872474055490475128432
.5502929688 -7665.0546875000 1 2 3 4 6 9 17 19 20 21 22 34 36 13_247 .0000001439460099688623475189465143535183
.5527343750 -7665.0522460938 2 7 8 9 10 11 12 13 16 17 18 23 38 13_248 .0000001351247930177387005530143264677674
.5532226563 -7665.0517578125 2 3 4 6 7 9 12 13 15 17 20 22 46 13_249 .0000001334265089832796746971646818070842
.5541992188 -7665.0507812500 1 2 4 5 6 13 18 19 20 21 23 24 41 13_250 .0000001300937064331442864178867534535389
.5556640626 -7665.0493164062 1 3 4 5 6 10 11 19 20 22 24 32 36 13_251 .0000001252499417430475240943256687009921
.5571289063 -7665.0478515625 1 3 4 5 10 15 16 19 20 21 22 23 24 13_252 .0000001205865247242688855313409590163711
.5590820313 -7665.0458984375 1 2 3 4 6 7 9 11 12 16 17 22 42 13_253 .0000001146376057394611844571927419743049
.5610351563 -7665.0439453125 1 3 4 5 6 10 11 12 19 20 22 24 36 13_254 .0000001089821659569833194596312430531479
.5629882813 -7665.0419921875 1 2 3 4 5 6 13 18 19 20 21 24 41 13_255 .0000001036057271090323308692451200725046
.5639648438 -7665.0410156250 1 2 3 4 6 7 9 11 12 13 18 29 34 13_256 .0000001010178048576835754028850469574498
.5654296876 -7665.0395507812 1 2 4 8 9 11 17 18 20 21 22 26 36 13_257 .0000000972566200190289123385268968649945
.5659179688 -7665.0390625000 2 3 4 7 9 11 12 13 17 18 19 24 25 13_258 .0000000960342734183657237007684462806672
.5683593750 -7665.0366210938 1 2 3 4 6 9 13 17 19 20 22 25 48 13_259 .0000000901491560695056926239827360561468
.5722656250 -7665.0327148438 2 4 5 7 9 10 11 13 14 18 20 22 24 13_260 .0000000814738654266199245563926091056477
.5737304688 -7665.0312500000 2 3 4 5 7 9 11 12 13 14 17 18 34 13_261 .0000000784403579392922090925636261010798
.5751953126 -7665.0297851562 1 2 3 5 7 8 9 12 15 16 17 22 48 13_262 .0000000755197967032254125578109621783263
.5756835938 -7665.0292968750 1 2 3 4 7 8 9 11 18 20 22 35 36 13_263 .0000000745706441749460900508543527217899
.5766601563 -7665.0283203125 1 2 3 4 6 9 17 19 20 22 23 34 38 13_264 .0000000727079765913803432009403291495105
.5781250000 -7665.0268554688 3 4 5 7 9 10 11 13 18 20 24 31 44 13_265 .0000000700008486620691648928937464706876
.5810546876 -7665.0239257812 2 7 8 9 10 11 12 13 15 17 18 19 29 13_266 .0000000648852221793010968538680374286478
.5820312500 -7665.0229492188 2 7 8 9 11 12 13 15 17 18 19 20 29 13_267 .0000000632644826896146298740959607961243
.5830078126 -7665.0219726562 2 3 4 5 9 11 18 20 21 22 24 31 36 13_268 .0000000616842266208129151658416227425838
.5834960938 -7665.0214843750 1 2 3 4 6 9 17 19 20 22 24 25 48 13_269 .0000000609089631507299941913986969884556
.5869140626 -7665.0180664062 1 2 3 4 6 7 9 10 12 13 20 28 37 13_270 .0000000557481910842783831933152575688750
.5893554688 -7665.0156250000 1 2 3 4 5 6 7 9 10 13 20 28 37 13_271 .0000000523318623628814296091247331928355
.5917968750 -7665.0131835938 1 2 3 4 6 9 17 19 20 21 22 23 34 13_272 .0000000491248911418022429649615569525870
.5937500000 -7665.0112304688 1 2 3 4 9 11 17 18 20 21 22 26 36 13_273 .0000000467014031259703738734735268628738
.6005859376 -7665.0043945312 1 2 3 4 6 9 12 17 19 20 21 22 36 13_274 .0000000391227230913776547331748986949630
.6098632813 -7664.9951171875 3 4 5 7 9 10 11 13 18 20 24 31 38 13_275 .0000000307654756663730312632793259956996
.6103515626 -7664.9946289062 3 4 5 9 10 11 13 18 19 20 24 39 48 13_276 .0000000303788070545670544003736972434948
.6113281250 -7664.9936523438 1 2 3 4 5 6 7 9 16 17 19 20 25 13_277 .0000000296199881650078017313835840242661
.6162109376 -7664.9887695312 1 2 4 6 9 12 17 19 20 21 22 24 46 13_278 .0000000261009130231612057824168561214210
.6176757813 -7664.9873046875 4 5 8 9 10 11 12 14 17 18 19 25 26 13_279 .0000000251291006589879707504826657560031
.6196289063 -7664.9853515625 1 2 3 4 8 9 11 17 18 20 22 23 36 13_280 .0000000238894017430168801603348559948350
.6201171876 -7664.9848632812 1 4 7 9 10 11 13 14 15 16 17 18 21 13_281 .0000000235891534416735643045945103037823
.6215820313 -7664.9833984375 1 2 3 4 9 11 17 18 20 21 22 25 36 13_282 .0000000227108611399960068315415029384599
.6230468750 -7664.9819335938 2 4 5 6 7 10 12 13 15 17 21 40 44 13_283 .0000000218652701969786240577899816488150
.6254882813 -7664.9794921875 2 3 4 5 6 7 8 9 11 18 20 22 29 13_284 .0000000205253351769156772746377553996806
.6269531250 -7664.9780273438 1 2 5 6 7 8 10 11 12 15 22 23 27 13_285 .0000000197611176767069186434396633189202
.6289062500 -7664.9760742188 1 2 3 4 6 9 16 17 20 21 22 23 34 13_286 .0000000187862385318208266693352374238916
.6293945313 -7664.9755859375 1 2 3 4 6 7 9 11 12 13 16 25 29 13_287 .0000000185501281315485243952914552756742
.6298828126 -7664.9750976562 2 3 4 7 8 13 15 16 17 18 20 21 48 13_288 .0000000183169852290551052417457678092322
.6396484376 -7664.9653320312 1 3 5 11 12 14 15 17 19 21 22 23 24 13_289 .0000000142231449174726958156681228930202
.6406250000 -7664.9643554688 1 2 3 4 5 6 7 9 17 20 22 31 39 13_290 .0000000138678712224612123021615981551155
.6430664063 -7664.9619140625 3 4 5 9 10 11 13 18 19 20 24 39 46 13_291 .0000000130180282460288139519416490904580
.6494140626 -7664.9555664062 2 4 5 7 8 10 13 15 16 17 18 20 21 13_292 .0000000110442765997614476502398954041379
.6499023438 -7664.9550781250 1 2 3 4 8 9 11 17 18 20 22 35 36 13_293 .0000000109054692470500224315464701328511
.6508789063 -7664.9541015625 1 3 4 5 6 8 9 10 11 14 18 25 43 13_294 .0000000106330662890924996612850065960806
.6513671876 -7664.9536132812 3 4 5 9 10 11 13 18 19 20 24 31 46 13_295 .0000000104994271077637283568373737544481
.6547851563 -7664.9501953125 2 3 4 5 6 7 9 11 18 20 22 29 31 13_296 .0000000096098183242216283129281733439071
.6557617188 -7664.9492187500 1 2 3 5 7 9 12 13 15 16 17 20 26 13_297 .0000000093697788653363091728489842450959
.6562500000 -7664.9487304688 1 3 6 7 8 9 10 12 13 16 17 18 19 13_298 .0000000092520170374754525364925887570036
.6665039063 -7664.9384765625 1 2 3 4 5 6 7 9 16 17 20 25 37 13_299 .0000000070939013558153084136957395014828
.6743164063 -7664.9306640625 1 3 4 5 6 8 9 10 11 14 18 25 40 13_300 .0000000057942663772969952859538333715413
.6904296876 -7664.9145507812 1 2 3 5 7 8 9 12 15 16 17 26 48 13_301 .0000000038170879096367647615762336688110
.7031250000 -7664.9018554688 2 4 6 7 10 12 16 17 18 19 21 22 23 13_302 .0000000027473645808379702088360572226081
.7075195313 -7664.8974609375 3 4 5 9 10 11 13 18 19 20 24 31 39 13_303 .0000000024517717256396261294951406939494
.7119140626 -7664.8930664062 2 3 4 6 7 8 9 11 13 18 20 22 48 13_304 .0000000021879821253327966776980092617058
.7290039063 -7664.8759765625 1 3 6 8 11 12 14 16 17 22 23 27 30 13_305 .0000000014053731111491033710270719397577
.7309570313 -7664.8740234375 2 3 5 7 9 12 13 15 16 17 20 23 26 13_306 .0000000013360415602086477083517610626631
.7333984376 -7664.8715820312 6 7 8 9 10 11 12 13 15 17 20 29 37 13_307 .0000000012541670231617431223682232374187
.7597656250 -7664.8452148438 1 5 7 9 10 11 12 13 16 20 22 27 29 13_308 .0000000006334871443651263210222088050468
.7695312500 -7664.8354492188 1 6 7 9 10 11 12 13 15 20 22 29 46 13_309 .0000000004919029712034077392980823630716
.7797851563 -7664.8251953125 1 3 6 8 11 14 16 17 21 22 23 27 30 13_310 .0000000003771622058428025402404070680169
.7846679688 -7664.8203125000 1 3 6 8 11 14 16 17 20 22 23 27 30 13_311 .0000000003323525283327396518492423596118
.7905273438 -7664.8144531250 1 3 6 8 11 12 14 16 17 21 22 23 30 13_312 .0000000002855511876901180093349447897952
.7919921876 -7664.8129882812 2 3 4 5 7 8 9 11 18 20 22 29 44 13_313 .0000000002749192916663131232210379088231
.7924804688 -7664.8125000000 2 7 8 11 14 15 17 18 21 22 27 36 44 13_314 .0000000002714640342086788795061118322651
.8012695313 -7664.8037109375 1 3 6 7 8 11 14 16 17 21 22 23 30 13_315 .0000000002161920773822758061083328686096
.8041992188 -7664.8007812500 1 3 8 11 12 14 15 16 17 21 22 23 30 13_316 .0000000002003928706408734843582295727293
.8442382813 -7664.7607421875 3 6 8 11 14 16 17 20 21 22 23 27 30 13_317 .0000000000710334633470581816738481712553
.8505859376 -7664.7543945312 1 3 6 8 11 14 17 19 21 22 23 32 47 13_318 .0000000000602635976983108108934488168318
.8671875000 -7664.7377929688 1 5 7 9 10 11 12 13 16 20 22 29 38 13_319 .0000000000392008824967671526231546208858
.8676757813 -7664.7373046875 1 3 6 8 11 14 17 19 21 22 23 30 32 13_320 .0000000000387081954672874900502662336851
.8833007813 -7664.7216796875 1 2 4 5 6 7 10 14 15 16 20 21 44 13_321 .0000000000258243589234681913899491335630
.8852539063 -7664.7197265625 1 5 6 11 14 17 18 19 21 22 23 26 47 13_322 .0000000000245503606933874336839554122870
.8969726563 -7664.7080078125 1 2 3 4 5 6 7 12 13 16 17 25 29 13_323 .0000000000181229062957006867381332161641
.9140625000 -7664.6909179688 1 6 7 8 9 10 11 15 18 20 24 34 43 13_324 .0000000000116406093582590809998936622731
.9599609376 -7664.6450195312 1 6 8 9 10 11 12 15 22 24 29 30 43 13_325 .0000000000035452055558934038425782936398
1.0024414063 -7664.6025390625 3 4 5 9 11 13 18 20 24 28 34 38 45 13_326 .0000000000011796619053536707064330102115
1.0634765626 -7664.5415039062 1 2 4 5 6 11 13 14 16 20 21 29 44 13_327 .0000000000002427408136726803235558559096
1.0771484376 -7664.5278320312 1 2 3 4 5 7 8 12 13 16 21 24 48 13_328 .0000000000001703495925443604616727297621
1.0937500000 -7664.5112304688 1 2 4 5 6 13 14 16 20 21 27 29 44 13_329 .0000000000001108107483747326384949317519
1.1181640626 -7664.4868164062 2 3 8 11 14 15 17 18 21 22 25 27 36 13_330 .0000000000000588756868083756989119261055
1.1523437500 -7664.4526367188 1 7 8 12 15 16 17 18 20 25 27 29 36 13_331 .0000000000000242902355823358118860918954
1.1606445313 -7664.4443359375 5 11 14 17 18 19 21 22 23 26 32 39 47 13_332 .0000000000000195907977081661654814106793
1.2270507813 -7664.3779296875 3 4 7 9 11 13 20 24 31 32 34 38 45 13_333 .0000000000000035076420756478370526983106
1.3759765626 -7664.2290039062 1 2 7 9 10 13 16 20 23 31 37 38 46 13_334 .0000000000000000740756170313447992121213
1.6127929688 -7663.9921875000 1 2 5 10 12 16 20 23 24 26 27 33 50 13_335 .0000000000000000001605499017083750438003
