0 -7684.5117187500 1 2 3 4 5 6 20 22 23 24 10_1 .3413895027745332849958523479007738437209
.0556640625 -7684.4560546875 1 2 3 4 5 6 19 20 22 24 10_2 .0807341932852273243832694699792461507053
.0727539062 -7684.4389648438 1 2 3 4 5 6 19 20 23 24 10_3 .0518567601991333535580169439980650045703
.0810546875 -7684.4306640625 1 2 3 4 5 6 20 21 22 23 10_4 .0418240200025433877223661373713214029642
.0825195312 -7684.4291992188 1 2 3 4 5 6 20 21 22 24 10_5 .0402667909614813735772898691918520990092
.0864257812 -7684.4252929688 1 2 3 4 5 6 20 21 23 24 10_6 .0363918116485542125152188194844975372073
.0874023438 -7684.4243164062 7 8 9 10 11 12 14 15 17 18 10_7 .0354827963722504170444100557729144276519
.0917968750 -7684.4199218750 7 8 9 10 11 12 13 15 17 18 10_8 .0316651520239522574823673078084268003122
.0961914062 -7684.4155273438 7 8 9 10 11 12 14 15 16 17 10_9 .0282582534414948900834984462142572741487
.0971679688 -7684.4145507812 1 3 4 5 6 19 20 22 23 24 10_10 .0275524027872858774686424526451869576879
.1015625000 -7684.4101562500 7 8 9 10 11 12 15 16 17 18 10_11 .0245880007238347197774711373558844015958
.1069335938 -7684.4047851562 2 3 4 5 6 20 21 22 23 24 10_12 .0213944496197184065292040234582523884288
.1074218750 -7684.4042968750 2 3 4 5 6 19 20 22 23 24 10_13 .0211255585893638050714107205045853597119
.1127929688 -7684.3989257812 2 3 4 5 6 19 20 21 22 24 10_14 .0183817181398742304084021832748488156375
.1142578125 -7684.3974609375 1 2 3 4 5 19 20 22 23 24 10_15 .0176973136921361155082692811044233897406
.1279296875 -7684.3837890625 1 2 3 5 6 19 20 22 23 24 10_16 .0124195438376105956686272214430545537911
.1303710938 -7684.3813476562 2 4 6 12 13 15 17 20 21 22 10_17 .0116584564341025003621659265262400996146
.1347656250 -7684.3769531250 2 4 6 13 15 17 18 20 21 22 10_18 .0104041065838652341006694678056836380798
.1357421875 -7684.3759765625 1 2 4 5 6 20 21 22 23 24 10_19 .0101442269451127002450891083422729567804
.1367187500 -7684.3750000000 2 3 4 5 6 19 20 21 23 24 10_20 .0098908387264637325179289912126705591565
.1381835938 -7684.3735351562 2 4 7 13 15 17 20 21 22 24 10_21 .0095225742139655261312647256291849212538
.1406250000 -7684.3710937500 1 2 3 4 6 20 21 22 23 24 10_22 .0089390172741605518173346548126671010924
.1411132812 -7684.3706054688 1 2 3 4 5 6 11 20 21 22 10_23 .0088266693704785010258676099654051493272
.1435546875 -7684.3681640625 2 4 6 7 12 13 15 17 21 22 10_24 .0082857584513143096150280018661107846634
.1450195312 -7684.3666992188 1 2 3 4 5 6 19 20 21 22 10_25 .0079772557371604090630830144012825936289
.1459960938 -7684.3657226562 2 3 4 5 6 19 20 21 22 23 10_26 .0077779953266568007583587195607468318614
.1474609375 -7684.3642578125 1 2 3 4 5 6 19 20 21 24 10_27 .0074883980999153722854206466368058384496
.1489257812 -7684.3627929688 2 3 4 5 19 20 21 22 23 24 10_28 .0072095834142033654022256480903274754406
.1499023438 -7684.3618164062 2 3 4 6 13 19 20 21 22 24 10_29 .0070294983576365896717883226564143140794
.1582031250 -7684.3535156250 7 8 9 10 12 13 15 16 17 18 10_30 .0056694995898355957730827299770177814591
.1625976562 -7684.3491210938 2 4 5 6 19 20 21 22 23 24 10_31 .0050595100940882552370558625795337681346
.1674804688 -7684.3442382812 2 3 4 5 18 19 20 21 22 24 10_32 .0044584026222405121427544029940226442356
.1708984375 -7684.3408203125 1 2 3 4 5 19 20 21 22 24 10_33 .0040806454272427501457126336897513939183
.1845703125 -7684.3271484375 1 2 3 5 6 19 20 21 23 24 10_34 .0028636976012865919336649483900660683959
.1870117188 -7684.3247070312 1 2 3 4 6 19 20 21 22 24 10_35 .0026882061178397334591495955121272872005
.1977539062 -7684.3139648438 2 3 4 5 18 19 20 22 23 24 10_36 .0020352528429459739167790232967689098313
.1987304688 -7684.3129882812 1 2 3 5 6 19 20 21 22 23 10_37 .0019844151450801651329501257558224326920
.2041015625 -7684.3076171875 1 4 7 8 9 10 11 12 14 17 10_38 .0017266743413929160508106985629772647340
.2075195312 -7684.3041992188 1 2 4 5 6 19 20 21 22 23 10_39 .0015803744866814074125494801265854038998
.2080078125 -7684.3037109375 1 2 3 5 6 16 20 22 23 24 10_40 .0015605119233482293440249912021815629457
.2128906250 -7684.2988281250 1 2 3 4 5 6 9 11 12 22 10_41 .0013751114909809772248505857422244349696
.2148437500 -7684.2968750000 1 3 4 5 6 19 20 21 22 24 10_42 .0013072728425612704180001729703373859908
.2207031250 -7684.2910156250 2 3 4 5 18 19 20 21 23 24 10_43 .0011231848143326874160877147171797406499
.2246093750 -7684.2871093750 1 3 4 5 14 19 20 22 23 24 10_44 .0010150977824086271637600877054080741558
.2270507812 -7684.2846679688 1 2 3 4 5 6 7 9 11 12 10_45 .0009528911414106031540919559986551635201
.2299804688 -7684.2817382812 1 2 3 4 7 8 9 10 11 12 10_46 .0008832543405522650526597977040654652512
.2319335938 -7684.2797851562 1 2 4 6 7 11 12 17 21 22 10_47 .0008396805786668486015112500058577814946
.2329101562 -7684.2788085938 1 2 4 6 17 20 21 22 23 24 10_48 .0008187065659893936023441084610619909278
.2338867188 -7684.2778320312 3 4 5 18 19 20 21 22 23 24 10_49 .0007982564498346473819213257571370056279
.2382812500 -7684.2734375000 3 4 5 14 18 19 20 21 22 24 10_50 .0007123709070991519659379919497551488387
.2412109375 -7684.2705078125 1 3 5 6 19 20 21 22 23 24 10_51 .0006603112045693564635091025857717497278
.2431640625 -7684.2685546875 2 3 4 5 13 18 19 20 21 24 10_52 .0006277359407102652417692520556740379662
.2446289062 -7684.2670898438 1 3 4 5 19 20 21 22 23 24 10_53 .0006043635189073643590148611849552329923
.2475585938 -7684.2641601562 1 2 3 5 6 15 20 21 23 24 10_54 .0005601969397639219402465854765512403581
.2485351562 -7684.2631835938 1 2 4 6 7 11 17 20 21 22 10_55 .0005462040262501490416012260526218234088
.2490234375 -7684.2626953125 1 2 4 6 11 17 20 21 22 24 10_56 .0005393391900004750568757781051495655967
.2548828125 -7684.2568359375 4 7 11 12 13 15 17 20 21 25 10_57 .0004633903254627072842648936544380890848
.2578125000 -7684.2539062500 1 7 8 9 10 11 12 15 17 37 10_58 .0004295259968406851767938237827411004772
.2583007812 -7684.2534179688 7 11 12 13 15 16 17 20 21 25 10_59 .0004241276019341795482329474306272436601
.2607421875 -7684.2509765625 1 7 8 9 10 11 12 14 17 25 10_60 .0003981364560810881282776645540133566253
.2636718750 -7684.2480468750 3 4 5 11 18 19 20 21 22 24 10_61 .0003690408469492520456833685179931560585
.2651367188 -7684.2465820312 2 4 6 7 11 12 17 20 21 22 10_62 .0003553003896076448357208415109607484234
.2666015625 -7684.2451171875 1 2 3 5 6 16 20 22 23 35 10_63 .0003420715300918922451082777239490016998
.2709960938 -7684.2407226562 2 3 4 5 14 19 20 21 22 24 10_64 .0003052675685910534738361087740605320697
.2724609375 -7684.2392578125 1 2 4 6 11 12 15 17 21 22 10_65 .0002939015754828952742607590157812942946
.2744140625 -7684.2373046875 1 2 4 5 6 19 21 22 23 24 10_66 .0002794024706612500397387819369374810307
.2753906250 -7684.2363281250 2 7 11 12 13 15 17 20 21 25 10_67 .0002724233982577995792365471470740754204
.2836914062 -7684.2280273438 1 2 3 4 5 6 20 22 24 43 10_68 .0002197175767181623840231430134146851625
.2866210938 -7684.2250976562 1 2 3 4 5 6 7 9 12 22 10_69 .0002036607277560139310902086872024295702
.2880859375 -7684.2236328125 1 2 4 5 6 11 17 20 21 22 10_70 .0001960778507449996071318321538380047801
.2895507812 -7684.2221679688 1 3 5 14 16 19 20 22 23 24 10_71 .0001887773061423868415838826422740475741
.2934570312 -7684.2182617188 4 7 11 13 17 18 20 21 22 39 10_72 .0001706107689392703437974669489751352632
.2963867188 -7684.2153320312 2 6 7 11 12 13 15 17 21 25 10_73 .0001581426205594624518467391111015195520
.3032226562 -7684.2084960938 1 2 3 4 6 7 9 12 17 22 10_74 .0001324793169159459152322675691139055024
.3125000000 -7684.1992187500 4 7 11 13 17 18 20 21 22 40 10_75 .0001041795884401523823307813065246301161
.3168945312 -7684.1948242188 1 2 3 4 5 6 12 20 22 23 10_76 .0000929707588754223498080769503336812463
.3173828125 -7684.1943359375 1 3 4 5 14 19 20 21 22 24 10_77 .0000918022778591447358323946986891406856
.3208007812 -7684.1909179688 1 2 6 7 11 12 15 17 21 22 10_78 .0000840239379655062824808056528587479920
.3276367188 -7684.1840820312 2 3 4 5 6 19 20 21 22 35 10_79 .0000703885758893522110200198741631395803
.3286132812 -7684.1831054688 1 2 3 4 6 11 20 21 22 34 10_80 .0000686303705425104030510534314118751609
.3315429688 -7684.1801757812 2 3 4 6 13 20 21 22 24 30 10_81 .0000636148979049666130380113027903258792
.3374023438 -7684.1743164062 3 4 5 6 18 19 20 21 23 24 10_82 .0000546567518010946126731084793553041737
.3408203125 -7684.1708984375 3 4 6 19 20 21 22 23 24 31 10_83 .0000500257251762056955177744413982265790
.3447265625 -7684.1669921875 1 2 4 5 6 7 12 21 22 23 10_84 .0000452116179294323102765587197756741269
.3476562500 -7684.1640625000 2 3 4 6 19 20 21 22 24 25 10_85 .0000419075759523651408544533074443207383
.3515625000 -7684.1601562500 1 2 4 7 8 9 10 11 12 14 10_86 .0000378746995797314350963698619090355183
.3525390625 -7684.1591796875 2 3 4 6 19 20 21 22 24 35 10_87 .0000369286439847315014406704866107548733
.3554687500 -7684.1562500000 2 7 11 12 13 15 17 21 22 23 10_88 .0000342299175186235024874246499060945424
.3559570312 -7684.1557617188 2 4 7 13 15 17 18 20 21 31 10_89 .0000337997069755089635634591810261427225
.3564453125 -7684.1552734375 2 4 7 13 15 17 18 20 21 40 10_90 .0000333749033444065294094275708766389594
.3598632812 -7684.1518554688 1 2 3 5 6 19 20 22 23 47 10_91 .0000305470721817806994659998847763538625
.3608398438 -7684.1508789062 1 2 3 4 5 6 7 12 17 22 10_92 .0000297840501171537922583313219521905482
.3647460938 -7684.1469726562 2 7 8 11 12 15 17 21 22 23 10_93 .0000269178525557549033827816438511383315
.3671875000 -7684.1445312500 1 2 3 4 6 11 20 22 23 34 10_94 .0000252682881301481380340988854583848743
.3681640625 -7684.1435546875 1 2 3 4 6 7 20 22 23 40 10_95 .0000246371225862136357113066261898131040
.3696289062 -7684.1420898438 2 4 7 13 15 17 20 21 22 28 10_96 .0000237198113670356687975159701899458498
.3710937500 -7684.1406250000 1 2 3 5 14 19 20 22 23 24 10_97 .0000228366542343388055033194174023053231
.3715820312 -7684.1401367188 1 4 7 8 9 10 11 12 17 36 10_98 .0000225496371997307445839038038271851919
.3740234375 -7684.1376953125 3 4 5 6 11 19 20 21 23 24 10_99 .0000211677631912490864315150597183671394
.3750000000 -7684.1367187500 1 2 5 6 12 15 21 22 23 24 10_100 .0000206390228705883872136338362537258794
.3754882812 -7684.1362304688 1 2 3 7 8 9 10 11 12 14 10_101 .0000203796262409097341322783933195165152
.3759765625 -7684.1357421875 1 2 5 6 15 19 21 22 23 24 10_102 .0000201234897236931217411714169635680421
.3769531250 -7684.1347656250 1 4 6 11 12 14 15 17 21 22 10_103 .0000196208338543324665369324746747186370
.3803710938 -7684.1313476562 2 6 7 11 12 13 15 17 21 37 10_104 .0000179583748985734485744058466218328228
.3837890625 -7684.1279296875 1 2 3 4 5 6 9 10 12 22 10_105 .0000164367749213613946945707749839672911
.3857421875 -7684.1259765625 3 4 5 6 19 20 21 23 24 34 10_106 .0000156258962381728511006889472886553969
.3862304688 -7684.1254882812 4 7 11 13 17 18 20 21 22 38 10_107 .0000154295058533089971777296480317929148
.3886718750 -7684.1230468750 2 3 6 19 20 21 22 23 24 30 10_108 .0000144839637114315472953079989265263882
.3916015625 -7684.1201171875 1 2 3 4 5 6 9 12 22 36 10_109 .0000134254830312757970031255970419368217
.3930664062 -7684.1186523438 1 2 3 4 6 20 22 23 34 36 10_110 .0000129256135288865816605796997185626515
.3950195312 -7684.1166992188 3 4 6 19 20 21 22 23 24 30 10_111 .0000122879516683420152969921664975005947
.3999023438 -7684.1118164062 2 3 5 6 15 20 21 23 24 32 10_112 .0000108280515151285880062064162241542133
.4003906250 -7684.1113281250 1 2 3 4 6 7 20 22 23 45 10_113 .0000106919617357517838527806342553393298
.4008789062 -7684.1108398438 1 2 4 5 6 12 20 21 22 23 10_114 .0000105575823682644088466282914865248898
.4042968750 -7684.1074218750 3 4 14 19 20 21 22 23 24 34 10_115 .0000096630461069826733338865776639195452
.4077148438 -7684.1040039062 2 7 11 12 13 15 17 20 21 23 10_116 .0000088443032513155844014173746745330705
.4086914062 -7684.1030273438 1 2 3 4 5 6 21 22 23 38 10_117 .0000086233852817576048244170314103040402
.4125976562 -7684.0991210938 3 4 6 19 20 21 22 23 24 37 10_118 .0000077935342115251643970052918298733811
.4145507812 -7684.0971679688 2 4 6 7 12 13 15 17 21 37 10_119 .0000074090542396899741951637421210804332
.4189453125 -7684.0927734375 1 2 5 6 15 20 21 23 24 33 10_120 .0000066119035767221320015870760908940619
.4208984375 -7684.0908203125 2 5 6 12 15 19 21 22 23 24 10_121 .0000062857172237841071285894742955424521
.4252929688 -7684.0864257812 1 2 3 4 5 6 7 12 20 22 10_122 .0000056094279849598071185692393794518166
.4306640625 -7684.0810546875 1 2 3 4 5 6 9 12 21 22 10_123 .0000048808614445089776073493267269943281
.4335937500 -7684.0781250000 1 2 3 4 5 6 7 12 16 22 10_124 .0000045241705797388379259310544441760512
.4355468750 -7684.0761718750 1 3 5 6 10 14 16 19 22 23 10_125 .0000043009787735742788129573447677168145
.4365234375 -7684.0751953125 2 5 6 12 15 17 19 21 22 23 10_126 .0000041935465014277982833954702507157375
.4418945312 -7684.0698242188 1 2 3 4 5 6 20 22 41 43 10_127 .0000036488781903349654615984197413458080
.4433593750 -7684.0683593750 1 2 3 4 5 6 9 12 22 33 10_128 .0000035130199092436231895128045572689122
.4453125000 -7684.0664062500 2 3 4 5 13 16 18 20 21 24 10_129 .0000033397114000226023049517023977827562
.4492187500 -7684.0625000000 7 8 9 10 11 12 13 15 17 37 10_130 .0000030183221788498979297909335348531045
.4506835938 -7684.0610351562 2 5 6 15 16 18 20 21 23 33 10_131 .0000029059413205125089282190287660548715
.4536132812 -7684.0581054688 7 11 12 13 15 17 20 21 23 25 10_132 .0000026935766180281794512982149270195630
.4541015625 -7684.0576171875 1 4 7 8 9 10 11 12 17 31 10_133 .0000026597230367287884765028152899135562
.4545898438 -7684.0571289062 1 2 3 4 5 6 9 10 12 46 10_134 .0000026262949361672105014294512061668160
.4560546875 -7684.0556640625 2 5 6 12 15 17 21 22 23 24 10_135 .0000025285103916699339400166765169826148
.4575195312 -7684.0541992188 1 4 5 6 11 12 14 17 21 22 10_136 .0000024343666481393965840483062725543740
.4594726562 -7684.0522460938 2 6 11 12 13 15 17 20 21 37 10_137 .0000023142715545772170688508980756315751
.4604492188 -7684.0512695312 4 5 6 10 11 12 15 20 21 24 10_138 .0000022564643693526364684898371420853475
.4711914062 -7684.0405273438 1 2 3 7 8 9 16 18 23 41 10_139 .0000017083792393203100140337222900427430
.4736328125 -7684.0380859375 4 5 6 10 11 12 15 20 21 22 10_140 .0000016036873169387565028309619833677155
.4746093750 -7684.0371093750 1 4 7 8 9 10 11 12 14 31 10_141 .0000015636295111830573420595640956623591
.4765625000 -7684.0351562500 1 2 3 4 5 6 15 20 22 43 10_142 .0000014864906658141236642751452251867867
.4794921875 -7684.0322265625 6 7 11 13 15 17 18 21 22 28 10_143 .0000013778586861748570930489415223178988
.4814453125 -7684.0302734375 1 5 6 12 15 19 21 22 23 24 10_144 .0000013098845098287819487144792165090143
.4829101562 -7684.0288085938 4 7 13 15 17 18 21 22 24 28 10_145 .0000012611137269385046022086406508609254
.4833984375 -7684.0283203125 1 2 3 4 5 6 10 20 22 43 10_146 .0000012452637170308807415446358758413950
.4853515625 -7684.0263671875 2 3 5 6 11 15 20 21 23 24 10_147 .0000011838308746442529031878966366325899
.4877929688 -7684.0239257812 1 2 7 8 12 15 17 21 23 26 10_148 .0000011112840260355961414186035981505552
.4936523438 -7684.0180664062 1 2 3 5 6 15 18 21 23 24 10_149 .0000009547948230976669606169929183717326
.4980468750 -7684.0136718750 1 4 6 11 12 14 17 21 22 25 10_150 .0000008520670949349057824993313777162484
.5000000000 -7684.0117187500 7 11 15 17 18 20 21 22 23 34 10_151 .0000008100318996344473108028455966229492
.5014648438 -7684.0102539062 3 4 16 19 20 21 22 23 24 34 10_152 .0000007798720708396723903412739109087861
.5034179688 -7684.0083007812 2 6 7 11 12 13 15 20 21 37 10_153 .0000007413984870080810283707276335283019
.5039062500 -7684.0078125000 4 7 11 13 17 18 20 21 24 39 10_154 .0000007320803971942067033534918597163166
.5058593750 -7684.0058593750 1 2 5 6 10 15 21 22 23 24 10_155 .0000006959645294947896485346456584930939
.5063476562 -7684.0053710938 1 2 3 4 6 9 12 14 17 22 10_156 .0000006872174655248134710842962025145817
.5097656250 -7684.0019531250 1 2 3 5 7 8 9 18 23 41 10_157 .0000006289900304118316690368934967621023
.5102539062 -7684.0014648438 1 2 3 5 6 12 20 21 22 23 10_158 .0000006210847194378896524181779402314339
.5107421875 -7684.0009765625 1 2 3 5 6 15 21 23 24 30 10_159 .0000006132787628883068984191555297549300
.5117187500 -7684.0000000000 4 6 11 13 15 17 18 21 22 28 10_160 .0000005979599402609820611168140385269576
.5141601562 -7683.9975585938 1 2 3 4 5 6 8 12 23 38 10_161 .0000005613161016282609362540249050123523
.5156250000 -7683.9960937500 4 7 11 13 17 18 20 21 25 39 10_162 .0000005404166808369332499309632002906624
.5249023438 -7683.9868164062 1 2 5 7 8 10 12 16 23 26 10_163 .0000004249749221722343935046397935516883
.5273437500 -7683.9843750000 1 2 3 5 7 8 9 18 23 28 10_164 .0000003989318523568286959746831544729789
.5283203125 -7683.9833984375 1 2 3 7 8 9 10 18 23 28 10_165 .0000003889671076820528112408684139866896
.5322265625 -7683.9794921875 1 2 3 4 5 6 9 12 16 20 10_166 .0000003515357787957040220414045172561929
.5332031250 -7683.9785156250 1 2 3 7 8 9 15 16 18 41 10_167 .0000003427549199621646469383979667968339
.5361328125 -7683.9755859375 2 3 5 6 13 15 16 18 20 23 10_168 .0000003177065652412852831608572597116485
.5400390625 -7683.9716796875 1 4 5 6 10 14 16 19 22 23 10_169 .0000002871328259763713654343365990386477
.5429687500 -7683.9687500000 2 3 5 6 15 18 21 22 23 24 10_170 .0000002661493055126575450416884234836020
.5468750000 -7683.9648437500 3 6 9 11 12 13 15 17 20 22 10_171 .0000002405370570968841738157900761866149
.5488281250 -7683.9628906250 1 2 4 7 8 9 10 12 16 29 10_172 .0000002286705946643248050174804541376633
.5537109375 -7683.9580078125 2 3 5 6 7 15 16 18 20 23 10_173 .0000002015028258788876814979019235879140
.5610351562 -7683.9506835938 1 3 5 6 16 20 22 23 35 38 10_174 .0000001666814890224549267033881554116416
.5639648438 -7683.9477539062 1 2 5 6 15 19 21 23 24 30 10_175 .0000001545004904241833476134975597476038
.5683593750 -7683.9433593750 1 2 3 4 5 6 15 22 24 43 10_176 .0000001378775636996578600394808292004663
.5732421875 -7683.9384765625 1 2 3 4 6 8 10 11 12 23 10_177 .0000001214966828225589097635110240052033
.5761718750 -7683.9355468750 1 3 4 6 10 11 12 14 19 22 10_178 .0000001126177672140373367437247908556420
.5864257812 -7683.9252929688 4 5 6 10 11 12 15 21 24 44 10_179 .0000000863486664974761294403237727138797
.5869140625 -7683.9248046875 1 2 3 7 8 9 10 14 18 35 10_180 .0000000852634136846171324404654528964063
.5878906250 -7683.9238281250 3 4 6 9 10 11 12 14 19 22 10_181 .0000000831336560770269437347826135750478
.5903320312 -7683.9213867188 1 2 3 4 5 6 7 12 34 47 10_182 .0000000780391069724412330112688872597642
.5908203125 -7683.9208984375 2 7 11 15 17 20 21 22 23 34 10_183 .0000000770582908951330621177073577417348
.5922851562 -7683.9194335938 1 3 4 6 9 10 11 14 19 22 10_184 .0000000741891882017714829735852131496328
.5937500000 -7683.9179687500 1 4 5 6 10 11 14 19 22 23 10_185 .0000000714269103018535643229930268864339
.5947265625 -7683.9169921875 1 2 3 4 6 9 12 17 22 48 10_186 .0000000696427686750038307084425297189705
.5961914062 -7683.9155273438 1 4 5 6 10 11 12 15 20 46 10_187 .0000000670497672879041476833882358929987
.5966796875 -7683.9150390625 1 2 4 6 7 8 12 16 21 23 10_188 .0000000662070681299169655374210328041975
.5991210938 -7683.9125976562 1 2 3 4 5 6 7 8 12 33 10_189 .0000000621498043337793036757673799284176
.6113281250 -7683.9003906250 1 4 6 9 10 12 14 17 19 22 10_190 .0000000453019416161281896349006158221792
.6166992188 -7683.8950195312 3 4 6 10 11 12 13 14 19 22 10_191 .0000000394180119997378205472988921399804
.6186523438 -7683.8930664062 1 4 5 6 9 10 11 12 20 46 10_192 .0000000374733953813817529708994501888139
.6215820312 -7683.8901367188 1 2 3 4 5 6 7 12 33 34 10_193 .0000000347348588510428478895809148064374
.6342773438 -7683.8774414062 2 4 5 6 10 11 15 20 21 46 10_194 .0000000250005561025873324869385059632349
.6406250000 -7683.8710937500 2 3 4 5 7 11 12 18 21 35 10_195 .0000000212100521094099711216671343170663
.6528320312 -7683.8588867188 1 2 3 4 6 8 10 12 23 24 10_196 .0000000154603309316178788246185823721254
.6606445312 -7683.8510742188 1 3 4 5 6 9 11 12 16 21 10_197 .0000000126279280195407440832180465675604
.6611328125 -7683.8505859375 2 4 5 6 11 12 18 21 22 27 10_198 .0000000124692168898884048418735429305726
.6635742188 -7683.8481445312 4 5 6 10 11 13 15 21 24 44 10_199 .0000000117050854507154929526706754992887
.6723632812 -7683.8393554688 1 2 3 5 6 11 18 21 22 27 10_200 .0000000093218490377875140791172064144885
.6767578125 -7683.8349609375 2 4 6 15 17 20 21 22 37 43 10_201 .0000000083188980672370002842173013957018
.6806640625 -7683.8310546875 3 6 11 12 13 15 17 20 22 23 10_202 .0000000075183486033443055521701411439802
.6811523438 -7683.8305664062 1 2 3 4 5 6 8 12 16 27 10_203 .0000000074238560153195396322486687382953
.6821289062 -7683.8295898438 1 2 3 4 6 7 11 12 13 47 10_204 .0000000072384187739007509584819243548008
.6826171875 -7683.8291015625 2 3 4 5 6 11 12 18 21 27 10_205 .0000000071474444177969798632310336454078
.6831054688 -7683.8286132812 4 5 6 11 12 13 15 21 24 44 10_206 .0000000070576134513929505631992265583678
.6840820312 -7683.8276367188 1 2 3 4 6 7 11 13 15 25 10_207 .0000000068813244222515208038001385040932
.6884765625 -7683.8232421875 2 3 4 6 7 12 17 22 30 43 10_208 .0000000061409529594662601412424236561439
.6928710938 -7683.8188476562 2 3 4 5 7 11 12 18 21 37 10_209 .0000000054802391133360555170271834737304
.7045898438 -7683.8071289062 1 4 5 6 9 11 12 13 17 19 10_210 .0000000040454745724275292924133735249922
.7070312500 -7683.8046875000 1 5 6 9 10 11 12 13 17 27 10_211 .0000000037975621163521103129437571155278
.7124023438 -7683.7993164062 1 3 7 9 11 14 15 16 18 25 10_212 .0000000033043252393143443924404999463768
.7128906250 -7683.7988281250 2 3 4 5 6 7 12 13 17 30 10_213 .0000000032627956167244250367628630377235
.7148437500 -7683.7968750000 2 3 4 5 7 11 12 18 21 27 10_214 .0000000031018314722459096597869264498298
.7270507812 -7683.7846679688 1 2 3 6 9 12 16 17 22 48 10_215 .0000000022609723355537432532390015977257
.7343750000 -7683.7773437500 1 2 3 4 6 8 19 21 22 26 10_216 .0000000018702578135504833357144372811546
.7363281250 -7683.7753906250 1 2 3 4 6 8 19 21 22 27 10_217 .0000000017779920132137047117566706150539
.7480468750 -7683.7636718750 4 5 6 7 11 13 17 20 21 44 10_218 .0000000013125013946803311218705005798402
.7548828125 -7683.7568359375 4 5 6 7 11 13 15 20 21 44 10_219 .0000000010995093362747135759541647061573
.7636718750 -7683.7480468750 1 2 3 6 8 21 22 23 27 32 10_220 .0000000008756416230361834071528546528099
.7661132812 -7683.7456054688 1 2 3 4 6 9 16 17 22 48 10_221 .0000000008219810545361807483688917969091
.7666015625 -7683.7451171875 1 3 4 6 7 9 10 11 13 31 10_222 .0000000008116501798656579723960723586015
.7700195312 -7683.7416992188 1 3 7 9 11 15 16 18 25 46 10_223 .0000000007428796534587363028812137880279
.7827148438 -7683.7290039062 4 5 6 7 10 11 13 17 20 44 10_224 .0000000005346906556727859458314967129417
.7939453125 -7683.7177734375 1 4 7 8 10 12 15 16 24 29 10_225 .0000000003997288376737781227590076253262
.8007812500 -7683.7109375000 1 2 4 5 7 8 12 16 17 26 10_226 .0000000003348610453153866259019781788373
.8032226562 -7683.7084960938 2 4 6 15 17 20 22 24 37 43 10_227 .0000000003143402824971185781869445477984
.8300781250 -7683.6816406250 1 2 3 4 6 8 9 21 22 28 10_228 .0000000001567795985596845353921660789609
.8676757812 -7683.6440429688 2 3 4 5 6 19 22 24 27 45 10_229 .0000000000592017932585996130111009091993
.8740234375 -7683.6376953125 1 5 7 9 10 12 16 19 20 35 10_230 .0000000000502258074412553801009676808040
.8896484375 -7683.6220703125 1 5 7 9 10 16 17 19 20 35 10_231 .0000000000335083891906075027141660369504
.9384765625 -7683.5732421875 1 5 7 9 10 11 18 19 35 37 10_232 .0000000000094593599164647039672790431909
.9570312500 -7683.5546875000 2 4 5 6 12 14 21 33 34 40 10_233 .0000000000058496632527255543504467650400
.9697265625 -7683.5419921875 7 10 12 14 16 17 19 20 35 37 10_234 .0000000000042103189575919308755885352882
.9765625000 -7683.5351562500 2 4 6 17 20 21 22 42 43 48 10_235 .0000000000035270705397568301519798486722
.9794921875 -7683.5322265625 2 4 5 6 12 21 23 25 45 48 10_236 .0000000000032693140237740841390292204815
1.0244140625 -7683.4873046875 7 12 14 16 17 19 20 23 35 37 10_237 .0000000000010211938262875158734433186056
1.0302734375 -7683.4814453125 1 2 3 6 8 21 22 28 30 47 10_238 .0000000000008773909782514831445683861211
1.1367187500 -7683.3750000000 1 2 3 4 7 8 11 12 47 56 10_239 .0000000000000556848480028054365699004403
1.1562500000 -7683.3554687500 3 4 6 11 12 17 20 24 37 45 10_240 .0000000000000335753321885701068240833366
1.1806640625 -7683.3310546875 4 14 16 17 18 22 23 33 34 48 10_241 .0000000000000178391606999794559933678068
