0 -7716.2661132812 11 17 18 22 24 5_1 .3567616982532110100711684162180324756695
.0112304687 -7716.2548828125 2 6 13 20 21 5_2 .2667111112870295229335806258106022559249
.0302734374 -7716.2358398438 4 11 17 18 22 5_3 .1628610787643914448382999379367560898332
.0654296874 -7716.2006835938 2 6 20 21 22 5_4 .0655129582502012906186015857007149756130
.0668945312 -7716.1992187500 6 19 21 22 23 5_5 .0630737214676042377884500792300082391095
.0703125000 -7716.1958007812 11 14 17 18 22 5_6 .0577295310063147972928239969633568910500
.1528320312 -7716.1132812500 3 19 20 22 23 5_7 .0068091811213975114042002749774058436040
.1601562500 -7716.1059570312 7 10 15 16 18 5_8 .0056324989014317946770051458857338357358
.1684570312 -7716.0976562500 7 13 15 16 18 5_9 .0045427779603541229159652157515762736054
.1850585937 -7716.0810546875 3 6 19 20 23 5_10 .0029550327456877927779086732222839483808
.1967773437 -7716.0693359375 7 10 12 15 16 5_11 .0021813847144515289007621860916188280110
.2138671874 -7716.0522460938 2 3 6 20 22 5_12 .0014011354970715541864730962604096055934
.2187500000 -7716.0473632812 1 2 4 6 22 5_13 .0012346701672869741880145265550989796143
.2539062500 -7716.0122070312 7 8 10 12 16 5_14 .0004966619141658663533134857291808217887
.2568359374 -7716.0092773438 2 3 6 20 23 5_15 .0004603661160048319552846489436046722053
.2597656250 -7716.0063476562 7 10 12 13 16 5_16 .0004267227939620877193676020108540335611
.2773437500 -7715.9887695312 2 3 4 6 22 5_17 .0002706454894471326137707132308420874202
.2968750000 -7715.9692382812 1 3 4 6 22 5_18 .0001631864419036900953748322907064442593
.3041992187 -7715.9619140625 7 9 10 12 16 5_19 .0001349864896740054951608542531718056329
.3129882812 -7715.9531250000 8 9 10 12 16 5_20 .0001075023058072249428884861097320926854
.3212890624 -7715.9448242188 6 19 20 21 22 5_21 .0000867038083902987460844792051029388783
.3266601562 -7715.9394531250 4 6 12 17 22 5_22 .0000754425006440565837203239793272995766
.3281250000 -7715.9379882812 6 19 20 21 23 5_23 .0000726335582995621759520565768008661037
.3378906250 -7715.9282226562 1 2 3 4 6 5_24 .0000563999813641639624808431285747165186
.3481445312 -7715.9179687500 3 4 6 19 20 5_25 .0000432441816398490064821687675952168634
.3540039062 -7715.9121093750 4 6 11 17 22 5_26 .0000371546065555525667627092992835702413
.3549804687 -7715.9111328125 2 6 20 21 47 5_27 .0000362265378500066529437790861029269016
.3583984374 -7715.9077148438 1 4 6 11 22 5_28 .0000331570897803252222485785703741668661
.3588867187 -7715.9072265625 2 6 20 21 34 5_29 .0000327403627316062010290116199404180131
.4003906250 -7715.8657226562 4 6 19 21 22 5_30 .0000111734028009185348898681217270102821
.4042968750 -7715.8618164062 7 8 10 16 27 5_31 .0000100981568308590206083182601179472301
.4262695312 -7715.8398437500 3 6 20 23 46 5_32 .0000057155864957443456087732169556130260
.4277343750 -7715.8383789062 7 11 13 18 27 5_33 .0000055027786911984141913642128421681637
.4287109374 -7715.8374023438 3 5 6 19 35 5_34 .0000053653271971866455510086306865270579
.4301757812 -7715.8359375000 3 6 19 20 46 5_35 .0000051655605586528741747978850282070116
.4477539062 -7715.8183593750 1 3 4 6 34 5_36 .0000032762151107156926169839582404579484
.4550781250 -7715.8110351562 8 10 15 16 24 5_37 .0000027100583290363477382828938936513625
.4560546874 -7715.8100585938 3 6 19 20 35 5_38 .0000026423649713549108716585056470119003
.4702148437 -7715.7958984375 3 19 20 23 46 5_39 .0000018310414708697589635332575213615785
.4731445312 -7715.7929687500 7 11 13 20 27 5_40 .0000016972298941430142993477679685673956
.4799804687 -7715.7861328125 1 2 3 4 24 5_41 .0000014218042906303308098626531889155963
.4956054687 -7715.7705078125 8 10 14 16 35 5_42 .0000009485635761862017229692468630390635
.5092773437 -7715.7568359375 6 12 17 22 28 5_43 .0000006656788212122855539698780186319513
.5449218750 -7715.7211914062 1 3 5 14 19 5_44 .0000002644123431289196414431954955603621
.5654296874 -7715.7006835938 1 6 17 22 35 5_45 .0000001554458634222583491192346832437755
.5693359374 -7715.6967773438 12 14 17 22 23 5_46 .0000001404868987106787561892373972260003
.5722656250 -7715.6938476562 12 14 17 19 22 5_47 .0000001302201874741373008116609883839134
.5795898437 -7715.6865234375 1 17 19 22 23 5_48 .0000001077170737149775933894054802878103
.5839843750 -7715.6821289062 1 3 6 22 35 5_49 .0000000961276408471675528938815416367629
.5952148437 -7715.6708984375 1 2 6 21 34 5_50 .0000000718639642127495512776230778589504
.6093750000 -7715.6567382812 3 4 14 18 22 5_51 .0000000497985328147807244957922110759667
.6108398437 -7715.6552734375 1 2 6 21 47 5_52 .0000000479443896335001965439680908532235
.6137695312 -7715.6523437500 19 20 23 24 46 5_53 .0000000444406380942122121312800934253324
.6176757812 -7715.6484375000 13 19 20 23 24 5_54 .0000000401639984823522717224502009756592
.6337890624 -7715.6323242188 1 2 4 24 34 5_55 .0000000264588307516319271145264478252992
.6401367187 -7715.6259765625 2 4 5 7 12 5_56 .0000000224472277832427661221709758023603
.6547851562 -7715.6113281250 5 10 16 24 35 5_57 .0000000153594326286272564806417600941241
.6777343750 -7715.5883789062 1 4 5 14 19 5_58 .0000000084763333189939532189278719372115
.6953125000 -7715.5708007812 13 17 19 20 24 5_59 .0000000053760460240143035214765835133364
.7177734374 -7715.5483398438 2 4 7 8 12 5_60 .0000000030046144444473038783550550991088
.7436523437 -7715.5224609375 1 2 4 24 46 5_61 .0000000015369654173486181574199795225617
.7939453124 -7715.4721679688 3 7 13 16 27 5_62 .0000000004177279564241879405066723107372
.8339843750 -7715.4321289062 2 4 7 12 33 5_63 .0000000001480724504317069539686482335035
.8632812500 -7715.4028320312 1 2 21 24 34 5_64 .0000000000693264853024846680391411374912
1.1142578124 -7715.1518554688 4 6 12 34 45 5_65 .0000000000001041212390480357158305557077
1.1430664062 -7715.1230468750 1 2 3 24 39 5_66 .0000000000000493693221722412156682208196
1.1479492187 -7715.1181640625 2 4 12 37 45 5_67 .0000000000000435038792112077365101662438
1.2558593750 -7715.0102539062 5 6 10 19 24 5_68 .0000000000000026582333597003553514157140
