1 .8214210847576255553116707673173510884098
2 .9482307920973754672157334934886986587463
3 .0005058439077435345566727726030914190273
4 1.0001623828448076247790050436381252026183
5 .1883349719209569118177251207583739393737
6 2.1242034244961180692774308498467400637064
7 5.9722385573448270889431392989087710820006
8 4.8700433037649232350869168888169363782992
9 4.0918379751865009356592851422926279447407
10 4.8138456477915404822828871051538379621704
11 3.0856494887576032432899500940574394522865
12 5.9696734006188084973262166819720898212017
13 7.9685994474848835207876269757368568287391
14 5.1281731209151447586952913109964548864234
15 6.9796265344534722093439227568575178271756
16 5.6566394538396895406764809651523480129260
17 6.9964524184294856035658826285002778795556
18 8.9016275203527660098333666974535081536452
19 9.9885706767974071737657705560976676894224
20 9.9890036240559670078809764496628040068426
21 9.3297474709870696574853741945819554516197
22 9.0007307893927861865603081098656944226706
23 9.0283541812054130820132974439155246099174
24 9.9915374224856184807064328011932656672010
25 10.0035906156374938439273621362064493258320
26 10.7523992059078438915216617363355674266859
27 10.5590666102540700737081382550223653070836
28 10.9037200879530887112579741880061979522228
29 11.2127850906443210445661323932701714821534
30 10.9980811097316859738368528953449218879236
31 11.9685944769685908882661623982294876394497
32 11.7179976249759191386092456408448236213398
33 10.9700761061524762518532595416595256722246
34 11.8127526833065823528069485666605197963571
35 11.9990067075285354445915117902180883600247
36 11.9968992549035995156870316364673235660291
37 11.9936454218926741488341729538155553438320
38 11.9989305614492806926218054344460193025430
39 11.9988194897539976932484391450984016480603
40 11.9990777710398158439903531792066481639452
41 11.9993701762606116795945486283758389027426
42 11.9834643553641672835157101503740618936241
43 11.9948972692534817042883095436333172022903
44 11.9995008667223726472294864629074224686847
45 11.9999925317190318213811652155460287451464
46 11.9997300431987152496678372537693735948348
47 11.9996855497499077446883406420112997890484
48 11.9936441555706878471421373447602765597999
49 11.9989572223050191257168739904474053292672
50 11.9999981671431672959120173093098629210885
51 11.9999988784145086082611866738224375720235
52 11.9999998466992387945791856927621262622524
53 11.9999999600554473122794045074005103189949
54 11.9999999563031644231035622036422894931974
55 11.9999999147560229852130410384729359213922
56 11.9999999375109971593666585967765680193865
57 11.9999999079504801132863455692477571974026
58 11.9999998788346259681783385517280203169031
59 11.9999999773021145036833085930736255120537
