.0399921518539660333867291550392849395125	0	0	0	0	0	0	0	0	0	0	0	0	0	0	0	0	0	0	0	0	0	0	0	0	0	6	12	12	12	12	9	57_1.cif
.0380193341813811289398923884931698044757	0	0	0	0	0	0	0	0	0	0	0	0	0	0	0	0	0	0	0	0	0	0	0	0	0	6	12	12	12	12	9	57_2.cif
.0361438358424363658778521740678316149937	0	0	0	0	0	0	0	0	0	0	0	0	0	0	0	0	0	0	0	0	0	0	0	0	0	6	12	12	12	12	9	57_3.cif
.0343608560626700314710466192241426136526	0	0	0	0	0	0	0	0	0	0	0	0	0	0	0	0	0	0	0	0	0	0	0	0	0	6	12	12	12	12	9	57_4.cif
.0339283681308803732832531394357564036811	0	0	0	0	0	0	0	0	0	0	0	0	0	0	0	0	0	0	0	0	0	0	0	0	0	6	12	12	12	12	9	57_5.cif
.0335021915650059464234042066475615866204	0	0	0	0	0	0	0	0	0	0	0	0	0	0	0	0	0	0	0	0	0	0	0	0	0	6	12	12	12	12	9	57_6.cif
.0330813682322902699798035115798365688946	0	0	0	0	0	0	0	0	0	0	0	0	0	0	0	0	0	0	0	0	0	0	0	0	0	6	12	12	12	12	9	57_7.cif
.0322546776404315741306600491653725763112	0	0	0	0	0	0	0	0	0	0	0	0	0	0	0	0	0	0	0	0	0	0	0	0	0	6	12	12	12	12	9	57_8.cif
.0318495244159334436987488898780662715622	0	0	0	0	0	0	0	0	0	0	0	0	0	0	0	0	0	0	0	0	0	0	0	0	0	6	12	12	12	12	9	57_9.cif
.0310536171244047353583609859610502585092	0	0	0	0	0	0	0	0	0	0	0	0	0	0	0	0	0	0	0	0	0	0	0	0	0	6	12	12	12	12	9	57_10.cif
.0302783835365774680741853496081765410835	0	0	0	0	0	0	0	0	0	0	0	0	0	0	0	0	0	0	0	0	0	0	0	0	0	6	12	12	12	12	9	57_11.cif
.0298980546782583828151994425290743813487	0	0	0	0	0	0	0	0	0	0	0	0	0	0	0	0	0	0	0	0	0	0	0	0	0	6	12	12	12	12	9	57_12.cif
.0291509138603865363276689450961573252070	0	0	0	0	0	0	0	0	0	0	0	0	0	0	0	0	0	0	0	0	0	0	0	0	0	6	12	12	12	12	9	57_13.cif
.0287847472262237395810073029582987268963	0	0	0	0	0	0	0	0	0	0	0	0	0	0	0	0	0	0	0	0	0	0	0	0	0	6	12	12	12	12	9	57_14.cif
.0284224438024600231463560288744399784206	0	0	0	0	0	0	0	0	0	0	0	0	0	0	0	0	0	0	0	0	0	0	0	0	0	6	12	12	12	12	9	57_15.cif
.0280654275308030758804251766257441783087	0	0	0	0	0	0	0	0	0	0	0	0	0	0	0	0	0	0	0	0	0	0	0	0	0	6	12	12	12	12	9	57_16.cif
.0277128957650919824041412710825497916419	0	0	0	0	0	0	0	0	0	0	0	0	0	0	0	0	0	0	0	0	0	0	0	0	0	6	12	12	12	12	9	57_17.cif
.0273647921751390875110844589234987608975	0	0	0	0	0	0	0	0	0	0	0	0	0	0	0	0	0	0	0	0	0	0	0	0	0	6	12	12	12	12	9	57_18.cif
.0270203612229505207541910231795632785176	0	0	0	0	0	0	0	0	0	0	0	0	0	0	0	0	0	0	0	0	0	0	0	0	0	6	12	12	12	12	9	57_19.cif
.0263458152758120605312376292926353661960	0	0	0	0	0	0	0	0	0	0	0	0	0	0	0	0	0	0	0	0	0	0	0	0	0	6	12	12	12	12	9	57_20.cif
.0260142098251455632495226082813830881770	0	0	0	0	0	0	0	0	0	0	0	0	0	0	0	0	0	0	0	0	0	0	0	0	0	6	12	12	12	12	9	57_21.cif
.0256874435461294308494757207644759848131	0	0	0	0	0	0	0	0	0	0	0	0	0	0	0	0	0	0	0	0	0	0	0	0	0	6	12	12	12	12	9	57_22.cif
.0253647818008208277120596400218298388444	0	0	0	0	0	0	0	0	0	0	0	0	0	0	0	0	0	0	0	0	0	0	0	0	0	6	12	12	12	12	9	57_23.cif
.0241135340564972924843520494762902867750	0	0	0	0	0	0	0	0	0	0	0	0	0	0	0	0	0	0	0	0	0	0	0	0	0	6	12	12	12	12	9	57_24.cif
.0235109461707425297717656240494211154676	0	0	0	0	0	0	0	0	0	0	0	0	0	0	0	0	0	0	0	0	0	0	0	0	0	6	12	12	12	12	9	57_25.cif
.0232156235586777931488993870888596368104	0	0	0	0	0	0	0	0	0	0	0	0	0	0	0	0	0	0	0	0	0	0	0	0	0	6	12	12	12	12	9	57_26.cif
.0212485635181294542331682306711734631551	0	0	0	0	0	0	0	0	0	0	0	0	0	0	0	0	0	0	0	0	0	0	0	0	0	6	12	12	12	12	9	57_27.cif
.0209816588501834906037928234212638048744	0	0	0	0	0	0	0	0	0	0	0	0	0	0	0	0	0	0	0	0	0	0	0	0	0	6	12	12	12	12	9	57_28.cif
.0196955699048898752602011136152753607537	0	0	0	0	0	0	0	0	0	0	0	0	0	0	0	0	0	0	0	0	0	0	0	0	0	6	12	12	12	12	9	57_29.cif
.0194481724965433784899220336987577129379	0	0	0	0	0	0	0	0	0	0	0	0	0	0	0	0	0	0	0	0	0	0	0	0	0	6	12	12	12	12	9	57_30.cif
.0171375016053689111223973469991517777762	0	0	0	0	0	0	0	0	0	0	0	0	0	0	0	0	0	0	0	0	0	0	0	0	0	6	12	12	12	12	9	57_31.cif
.0167096748951115512415974904453662450658	0	0	0	0	0	0	0	0	0	0	0	0	0	0	0	0	0	0	0	0	0	0	0	0	0	6	12	12	12	12	9	57_32.cif
.0115788089004778191591364236488290144460	0	0	0	0	0	0	0	0	0	0	0	0	0	0	0	0	0	0	0	0	0	0	0	0	0	6	12	12	12	12	9	57_33.cif
.0104646173998838821215628741736564133171	0	0	0	0	0	0	0	0	0	0	0	0	0	0	0	0	0	0	0	0	0	0	0	0	0	6	12	12	12	12	9	57_34.cif
.0099483965618875624618943767761381885421	0	0	0	0	0	0	0	0	0	0	0	0	0	0	0	0	0	0	0	0	0	0	0	0	0	6	12	12	12	12	9	57_35.cif
.0096997899811668693464786780855682870536	0	0	0	0	0	0	0	0	0	0	0	0	0	0	0	0	0	0	0	0	0	0	0	0	0	6	12	12	12	12	9	57_36.cif
.0094576409600674435180264004159230288386	0	0	0	0	0	0	0	0	0	0	0	0	0	0	0	0	0	0	0	0	0	0	0	0	0	6	12	12	12	12	9	57_37.cif
.0084399774759865195142483964184094070248	0	0	0	0	0	0	0	0	0	0	0	0	0	0	0	0	0	0	0	0	0	0	0	0	0	6	12	12	12	12	9	57_38.cif
.0083339623383619173792907974564197256835	0	0	0	0	0	0	0	0	0	0	0	0	0	0	0	0	0	0	0	0	0	0	0	0	0	6	12	12	12	12	9	57_39.cif
.0081259103263047397628000603813062669775	0	0	0	0	0	0	0	0	0	0	0	0	0	0	0	0	0	0	0	0	0	0	0	0	0	6	12	12	12	12	9	57_40.cif
.0074374018546045069594912662924828216937	0	0	0	0	0	0	0	0	0	0	0	0	0	0	0	0	0	0	0	0	0	0	0	0	0	6	12	12	12	12	9	57_41.cif
.0073437899102420088945617802426801820668	0	0	0	0	0	0	0	0	0	0	0	0	0	0	0	0	0	0	0	0	0	0	0	0	0	6	12	12	12	12	9	57_42.cif
.0068938245172733392037208109796986763061	0	0	0	0	0	0	0	0	0	0	0	0	0	0	0	0	0	0	0	0	0	0	0	0	0	6	12	12	12	12	9	57_43.cif
.0059231049337957464409623728244850358150	0	0	0	0	0	0	0	0	0	0	0	0	0	0	0	0	0	0	0	0	0	0	0	0	0	6	12	12	12	12	9	57_44.cif
.0055600430886117483969362188045568166135	0	0	0	0	0	0	0	0	0	0	0	0	0	0	0	0	0	0	0	0	0	0	0	0	0	6	12	12	12	12	9	57_45.cif
.0000178356879651304562034623993449261326	0	0	0	0	0	0	0	0	0	0	0	0	0	0	0	0	0	0	0	0	0	0	0	0	1	5	12	12	12	11	10	57_46.cif
.0000149412974096369850158216923928171196	0	0	0	0	0	0	0	0	0	0	0	0	0	0	0	0	0	0	0	0	0	0	0	0	1	5	12	12	12	11	10	57_47.cif
.0000142042414070314210512460585314992151	0	0	0	0	0	0	0	0	0	0	0	0	0	0	0	0	0	0	0	0	0	0	0	0	1	5	12	12	12	11	10	57_48.cif
.0000140258209536707332473540077963490282	0	0	0	0	0	0	0	0	0	0	0	0	0	0	0	0	0	0	0	0	0	0	0	0	1	5	12	12	12	11	10	57_49.cif
.0000138496416518974631911921021381345382	0	0	0	0	0	0	0	0	0	0	0	0	0	0	0	0	0	0	0	0	0	0	0	0	1	5	12	12	12	11	10	57_50.cif
.0000135035444658970852400669238807465921	0	0	0	0	0	0	0	0	0	0	0	0	0	0	0	0	0	0	0	0	0	0	0	0	1	5	12	12	12	11	10	57_51.cif
.0000131664371594359830801193031441101430	0	0	0	0	0	0	0	0	0	0	0	0	0	0	0	0	0	0	0	0	0	0	0	0	1	5	12	12	12	11	10	57_52.cif
.0000128374129893479944057583738832488636	0	0	0	0	0	0	0	0	0	0	0	0	0	0	0	0	0	0	0	0	0	0	0	0	1	5	12	12	12	11	10	57_53.cif
.0000122041418588487948079659028194804297	0	0	0	0	0	0	0	0	0	0	0	0	0	0	0	0	0	0	0	0	0	0	0	0	1	5	12	12	12	11	10	57_54.cif
.0000114563751669253703869938942449328161	0	0	0	0	0	0	0	0	0	0	0	0	0	0	0	0	0	0	0	0	0	0	0	0	1	5	12	12	12	11	10	57_55.cif
.0000098429477606673918073751421833537749	0	0	0	0	0	0	0	0	0	0	0	0	0	0	0	0	0	0	0	0	0	0	0	0	1	5	12	12	12	11	10	57_56.cif
.0000097193098167927902113386928575581919	0	0	0	0	0	0	0	0	0	0	0	0	0	0	0	0	0	0	0	0	0	0	0	0	1	5	12	12	12	11	10	57_57.cif
.0000092398550917278964357837894959661472	0	0	0	0	0	0	0	0	0	0	0	0	0	0	0	0	0	0	0	0	0	0	0	0	1	5	12	12	12	11	10	57_58.cif
.0000079385852557081111768650757792037611	0	0	0	0	0	0	0	0	0	0	0	0	0	0	0	0	0	0	0	0	0	0	0	0	1	5	12	12	12	11	10	57_59.cif
.0000077404035783402057250946122493306821	0	0	0	0	0	0	0	0	0	0	0	0	0	0	0	0	0	0	0	0	0	0	0	0	1	5	12	12	12	11	10	57_60.cif
.0000070845590976530130706707050427216697	0	0	0	0	0	0	0	0	0	0	0	0	0	0	0	0	0	0	0	0	0	0	0	0	1	5	12	12	12	11	10	57_61.cif
.0000064842843270583899958478355277755128	0	0	0	0	0	0	0	0	0	0	0	0	0	0	0	0	0	0	0	0	0	0	0	0	1	5	12	12	12	11	10	57_62.cif
.0000064028347856009592347914896079644649	0	0	0	0	0	0	0	0	0	0	0	0	0	0	0	0	0	0	0	0	0	0	0	0	1	5	12	12	12	11	10	57_63.cif
.0000059348708444064136465376099416298731	0	0	0	0	0	0	0	0	0	0	0	0	0	0	0	0	0	0	0	0	0	0	0	0	1	5	12	12	12	11	10	57_64.cif
.0000055712321068661088448553519183551431	0	0	0	0	0	0	0	0	0	0	0	0	0	0	0	0	0	0	0	0	0	0	0	0	1	5	12	12	12	11	10	57_65.cif
.0000052962653648169393032505426910556801	0	0	0	0	0	0	0	0	0	0	0	0	0	0	0	0	0	0	0	0	0	0	0	0	1	5	12	12	12	11	10	57_66.cif
.0000052297386112627953078934127908542590	0	0	0	0	0	0	0	0	0	0	0	0	0	0	0	0	0	0	0	0	0	0	0	0	1	5	12	12	12	11	10	57_67.cif
.0000050349999558296005354049764585001300	0	0	0	0	0	0	0	0	0	0	0	0	0	0	0	0	0	0	0	0	0	0	0	0	1	5	12	12	12	11	10	57_68.cif
.0000049717549750490388712139795464475090	0	0	0	0	0	0	0	0	0	0	0	0	0	0	0	0	0	0	0	0	0	0	0	0	1	5	12	12	12	11	10	57_69.cif
.0000047866228009669077160324920467427355	0	0	0	0	0	0	0	0	0	0	0	0	0	0	0	0	0	0	0	0	0	0	0	0	1	5	12	12	12	11	10	57_70.cif
.0000047264977027133426859932441626150068	0	0	0	0	0	0	0	0	0	0	0	0	0	0	0	0	0	0	0	0	0	0	0	0	1	5	12	12	12	11	10	57_71.cif
.0000046671278399546803680703171258404787	0	0	0	0	0	0	0	0	0	0	0	0	0	0	0	0	0	0	0	0	0	0	0	0	1	5	12	12	12	11	10	57_72.cif
.0000046083843539594979883759610095920463	0	0	0	0	0	0	0	0	0	0	0	0	0	0	0	0	0	0	0	0	0	0	0	0	1	5	12	12	12	11	10	57_73.cif
.0000045504981210990277678018214872448058	0	0	0	0	0	0	0	0	0	0	0	0	0	0	0	0	0	0	0	0	0	0	0	0	1	5	12	12	12	11	10	57_74.cif
.0000043810521981717003786469682057829995	0	0	0	0	0	0	0	0	0	0	0	0	0	0	0	0	0	0	0	0	0	0	0	0	1	5	12	12	12	11	10	57_75.cif
.0000043260215001572545919856744266134928	0	0	0	0	0	0	0	0	0	0	0	0	0	0	0	0	0	0	0	0	0	0	0	0	1	5	12	12	12	11	10	57_76.cif
.0000042716820465258866717077833666402650	0	0	0	0	0	0	0	0	0	0	0	0	0	0	0	0	0	0	0	0	0	0	0	0	1	5	12	12	12	11	10	57_77.cif
.0000042179158967479105680387076738490694	0	0	0	0	0	0	0	0	0	0	0	0	0	0	0	0	0	0	0	0	0	0	0	0	1	5	12	12	12	11	10	57_78.cif
.0000041649343650370739164767671823054382	0	0	0	0	0	0	0	0	0	0	0	0	0	0	0	0	0	0	0	0	0	0	0	0	1	5	12	12	12	11	10	57_79.cif
.0000041126183379904224067693469506201318	0	0	0	0	0	0	0	0	0	0	0	0	0	0	0	0	0	0	0	0	0	0	0	0	1	5	12	12	12	11	10	57_80.cif
.0000040609594561580920858517231291401901	0	0	0	0	0	0	0	0	0	0	0	0	0	0	0	0	0	0	0	0	0	0	0	0	1	5	12	12	12	11	10	57_81.cif
.0000040098455970309457429356684315712599	0	0	0	0	0	0	0	0	0	0	0	0	0	0	0	0	0	0	0	0	0	0	0	0	1	5	12	12	12	11	10	57_82.cif
.0000039594776506670898767264771500846936	0	0	0	0	0	0	0	0	0	0	0	0	0	0	0	0	0	0	0	0	0	0	0	0	1	5	12	12	11	12	10	57_83.cif
.0000039097423795420987459788450791008350	0	0	0	0	0	0	0	0	0	0	0	0	0	0	0	0	0	0	0	0	0	0	0	0	1	5	12	12	12	11	10	57_84.cif
.0000038605318362286692785041483218666376	0	0	0	0	0	0	0	0	0	0	0	0	0	0	0	0	0	0	0	0	0	0	0	0	1	5	12	12	12	11	10	57_85.cif
.0000038120394302848842615764679294886749	0	0	0	0	0	0	0	0	0	0	0	0	0	0	0	0	0	0	0	0	0	0	0	0	1	5	12	12	12	11	10	57_86.cif
.0000037641561407877373368776765625607830	0	0	0	0	0	0	0	0	0	0	0	0	0	0	0	0	0	0	0	0	0	0	0	0	1	5	12	12	12	11	10	57_87.cif
.0000037168743165836438560129922815744869	0	0	0	0	0	0	0	0	0	0	0	0	0	0	0	0	0	0	0	0	0	0	0	0	1	5	12	12	12	11	10	57_88.cif
.0000036700913353049042213610065418942626	0	0	0	0	0	0	0	0	0	0	0	0	0	0	0	0	0	0	0	0	0	0	0	0	1	5	12	12	12	11	10	57_89.cif
.0000036239910655927826939706539255295439	0	0	0	0	0	0	0	0	0	0	0	0	0	0	0	0	0	0	0	0	0	0	0	0	1	5	12	12	11	12	10	57_90.cif
.0000035784698645395488585334326616835443	0	0	0	0	0	0	0	0	0	0	0	0	0	0	0	0	0	0	0	0	0	0	0	0	1	5	12	12	11	12	10	57_91.cif
.0000035334289311046073347846263443812554	0	0	0	0	0	0	0	0	0	0	0	0	0	0	0	0	0	0	0	0	0	0	0	0	1	5	12	12	12	11	10	57_92.cif
.0000034452191494028758996538512922162989	0	0	0	0	0	0	0	0	0	0	0	0	0	0	0	0	0	0	0	0	0	0	0	0	1	5	12	12	12	11	10	57_93.cif
.0000034019435146858332058082977893901321	0	0	0	0	0	0	0	0	0	0	0	0	0	0	0	0	0	0	0	0	0	0	0	0	1	5	12	12	12	11	10	57_94.cif
.0000033591244559275692990816222132519547	0	0	0	0	0	0	0	0	0	0	0	0	0	0	0	0	0	0	0	0	0	0	0	0	1	5	12	12	12	11	10	57_95.cif
.0000033169302625773432508833351604082238	0	0	0	0	0	0	0	0	0	0	0	0	0	0	0	0	0	0	0	0	0	0	0	0	1	5	12	12	12	11	10	57_96.cif
.0000032340414587446292983330050462801169	0	0	0	0	0	0	0	0	0	0	0	0	0	0	0	0	0	0	0	0	0	0	0	0	1	5	12	12	12	11	10	57_97.cif
.0000031533056928207816322557096497056414	0	0	0	0	0	0	0	0	0	0	0	0	0	0	0	0	0	0	0	0	0	0	0	0	1	5	12	12	12	11	10	57_98.cif
.0000031136968031113026852796846758265505	0	0	0	0	0	0	0	0	0	0	0	0	0	0	0	0	0	0	0	0	0	0	0	0	1	5	12	12	11	12	10	57_99.cif
.0000030745058036745722188479721177554901	0	0	0	0	0	0	0	0	0	0	0	0	0	0	0	0	0	0	0	0	0	0	0	0	1	5	12	12	12	11	10	57_100.cif
.0000029977527428176050499529290094502984	0	0	0	0	0	0	0	0	0	0	0	0	0	0	0	0	0	0	0	0	0	0	0	0	1	5	12	12	12	11	10	57_101.cif
.0000029228400617034374665553753594334483	0	0	0	0	0	0	0	0	0	0	0	0	0	0	0	0	0	0	0	0	0	0	0	0	1	5	12	12	11	12	10	57_102.cif
.0000028498732385922292360209783471018994	0	0	0	0	0	0	0	0	0	0	0	0	0	0	0	0	0	0	0	0	0	0	0	0	1	5	12	12	12	11	10	57_103.cif
.0000028140028929706459837582769505129531	0	0	0	0	0	0	0	0	0	0	0	0	0	0	0	0	0	0	0	0	0	0	0	0	1	5	12	12	12	11	10	57_104.cif
.0000027437531198078437548480993740344922	0	0	0	0	0	0	0	0	0	0	0	0	0	0	0	0	0	0	0	0	0	0	0	0	1	5	12	12	11	12	10	57_105.cif
.0000026084034476088450534128088986900620	0	0	0	0	0	0	0	0	0	0	0	0	0	0	0	0	0	0	0	0	0	0	0	0	1	5	12	12	12	11	10	57_106.cif
.0000025432204547299337625178084220534730	0	0	0	0	0	0	0	0	0	0	0	0	0	0	0	0	0	0	0	0	0	0	0	0	1	5	12	12	12	11	10	57_107.cif
.0000025112748876611801547104194768705942	0	0	0	0	0	0	0	0	0	0	0	0	0	0	0	0	0	0	0	0	0	0	0	0	1	5	12	12	12	11	10	57_108.cif
.0000024485190999131359361896055421003488	0	0	0	0	0	0	0	0	0	0	0	0	0	0	0	0	0	0	0	0	0	0	0	0	1	5	12	12	11	12	10	57_109.cif
.0000023873933946825689357829760984609770	0	0	0	0	0	0	0	0	0	0	0	0	0	0	0	0	0	0	0	0	0	0	0	0	1	5	12	12	11	12	10	57_110.cif
.0000023573441191420711571888786395275708	0	0	0	0	0	0	0	0	0	0	0	0	0	0	0	0	0	0	0	0	0	0	0	0	1	5	12	12	11	12	10	57_111.cif
.0000022696229906882872806046852864588340	0	0	0	0	0	0	0	0	0	0	0	0	0	0	0	0	0	0	0	0	0	0	0	0	1	5	12	12	12	11	10	57_112.cif
.0000022410560495330743572568229170113799	0	0	0	0	0	0	0	0	0	0	0	0	0	0	0	0	0	0	0	0	0	0	0	0	1	5	12	12	11	12	10	57_113.cif
.0000022129059903425519945896083115431315	0	0	0	0	0	0	0	0	0	0	0	0	0	0	0	0	0	0	0	0	0	0	0	0	1	5	12	12	12	11	10	57_114.cif
.0000021851095259818398970557809634151263	0	0	0	0	0	0	0	0	0	0	0	0	0	0	0	0	0	0	0	0	0	0	0	0	1	5	12	12	12	11	10	57_115.cif
.0000021305044844180877054128453187387087	0	0	0	0	0	0	0	0	0	0	0	0	0	0	0	0	0	0	0	0	0	0	0	0	1	5	12	12	11	12	10	57_116.cif
.0000021037430710413280800743199684561955	0	0	0	0	0	0	0	0	0	0	0	0	0	0	0	0	0	0	0	0	0	0	0	0	1	5	12	12	12	11	10	57_117.cif
.0000020511713457031895343343504592293867	0	0	0	0	0	0	0	0	0	0	0	0	0	0	0	0	0	0	0	0	0	0	0	0	1	5	12	12	11	12	10	57_118.cif
.0000019748434716197764988935046670500794	0	0	0	0	0	0	0	0	0	0	0	0	0	0	0	0	0	0	0	0	0	0	0	0	1	5	12	12	12	11	10	57_119.cif
.0000019499868159214615826764707669861271	0	0	0	0	0	0	0	0	0	0	0	0	0	0	0	0	0	0	0	0	0	0	0	0	1	5	12	12	12	11	10	57_120.cif
.0000019013066486653696322375974923566509	0	0	0	0	0	0	0	0	0	0	0	0	0	0	0	0	0	0	0	0	0	0	0	0	1	5	12	12	11	12	10	57_121.cif
.0000018305081006213243383403077060980912	0	0	0	0	0	0	0	0	0	0	0	0	0	0	0	0	0	0	0	0	0	0	0	0	1	5	12	12	11	12	10	57_122.cif
.0000017623458629318783351825508747587637	0	0	0	0	0	0	0	0	0	0	0	0	0	0	0	0	0	0	0	0	0	0	0	0	1	5	12	12	11	12	10	57_123.cif
.0000017402089153236108426095090163579249	0	0	0	0	0	0	0	0	0	0	0	0	0	0	0	0	0	0	0	0	0	0	0	0	1	5	12	12	11	12	10	57_124.cif
.0000016754091290373227399017654435093718	0	0	0	0	0	0	0	0	0	0	0	0	0	0	0	0	0	0	0	0	0	0	0	0	1	5	12	12	11	12	10	57_125.cif
.0000016335413031734153619410324600100524	0	0	0	0	0	0	0	0	0	0	0	0	0	0	0	0	0	0	0	0	0	0	0	0	1	5	12	12	12	11	10	57_126.cif
.0000015927609947072584865928603960328771	0	0	0	0	0	0	0	0	0	0	0	0	0	0	0	0	0	0	0	0	0	0	0	0	1	5	12	12	12	11	10	57_127.cif
.0000015529585137409858827639468270215614	0	0	0	0	0	0	0	0	0	0	0	0	0	0	0	0	0	0	0	0	0	0	0	0	1	5	12	12	11	12	10	57_128.cif
.0000014951313305127158519644355594599438	0	0	0	0	0	0	0	0	0	0	0	0	0	0	0	0	0	0	0	0	0	0	0	0	1	5	12	12	12	11	10	57_129.cif
.0000014763508830266717266586367507726292	0	0	0	0	0	0	0	0	0	0	0	0	0	0	0	0	0	0	0	0	0	0	0	0	1	5	12	12	11	12	10	57_130.cif
.0000014578063380333237514352855340010311	0	0	0	0	0	0	0	0	0	0	0	0	0	0	0	0	0	0	0	0	0	0	0	0	1	5	12	12	12	11	10	57_131.cif
.0000013174922004344159248177120505636793	0	0	0	0	0	0	0	0	0	0	0	0	0	0	0	0	0	0	0	0	0	0	0	0	1	5	12	12	12	11	10	57_132.cif
.0000013009430902802956989393406594959518	0	0	0	0	0	0	0	0	0	0	0	0	0	0	0	0	0	0	0	0	0	0	0	0	1	5	12	12	12	11	10	57_133.cif
.0000012684658823789820557289132591749850	0	0	0	0	0	0	0	0	0	0	0	0	0	0	0	0	0	0	0	0	0	0	0	0	1	5	12	12	11	12	10	57_134.cif
.0000012058923074694316047956558745877961	0	0	0	0	0	0	0	0	0	0	0	0	0	0	0	0	0	0	0	0	0	0	0	0	1	5	12	12	11	12	10	57_135.cif
.0000011177572648272819040122930984477608	0	0	0	0	0	0	0	0	0	0	0	0	0	0	0	0	0	0	0	0	0	0	0	0	1	5	12	12	11	12	10	57_136.cif
.0000010898249432761895731406452525244463	0	0	0	0	0	0	0	0	0	0	0	0	0	0	0	0	0	0	0	0	0	0	0	0	1	5	12	12	11	12	10	57_137.cif
.0000010492433655173889868581005697172784	0	0	0	0	0	0	0	0	0	0	0	0	0	0	0	0	0	0	0	0	0	0	0	0	1	5	12	12	11	12	10	57_138.cif
.0000010230496794325962331138732594550545	0	0	0	0	0	0	0	0	0	0	0	0	0	0	0	0	0	0	0	0	0	0	0	0	1	5	12	12	11	12	10	57_139.cif
.0000009246049026592174237182856890928049	0	0	0	0	0	0	0	0	0	0	0	0	0	0	0	0	0	0	0	0	0	0	0	0	1	5	12	12	12	11	10	57_140.cif
.0000008789940313366267837782396510040748	0	0	0	0	0	0	0	0	0	0	0	0	0	0	0	0	0	0	0	0	0	0	0	0	1	5	12	12	11	12	10	57_141.cif
.0000008356115047354771465209262909340793	0	0	0	0	0	0	0	0	0	0	0	0	0	0	0	0	0	0	0	0	0	0	0	0	1	5	12	12	11	12	10	57_142.cif
.0000008045168573527957331280880321511390	0	0	0	0	0	0	0	0	0	0	0	0	0	0	0	0	0	0	0	0	0	0	0	0	1	5	12	12	12	11	10	57_143.cif
.0000006326482685989374207532274233244371	0	0	0	0	0	0	0	0	0	0	0	0	0	0	0	0	0	0	0	0	0	0	0	0	1	5	12	12	11	12	10	57_144.cif
.0000000315753474539777118140241664241678	0	0	0	0	0	0	0	0	0	0	0	0	0	0	0	0	0	0	0	0	0	0	0	0	1	5	12	11	12	12	10	57_145.cif
.0000000278238260062121843161427889906189	0	0	0	0	0	0	0	0	0	0	0	0	0	0	0	0	0	0	0	0	0	0	0	0	1	5	12	11	12	12	10	57_146.cif
.0000000271285193602676769512316381269032	0	0	0	0	0	0	0	0	0	0	0	0	0	0	0	0	0	0	0	0	0	0	0	0	1	5	12	11	12	12	10	57_147.cif
.0000000239053332219518614681203815297686	0	0	0	0	0	0	0	0	0	0	0	0	0	0	0	0	0	0	0	0	0	0	0	0	1	5	12	11	12	12	10	57_148.cif
.0000000233085519462757399995074718905161	0	0	0	0	0	0	0	0	0	0	0	0	0	0	0	0	0	0	0	0	0	0	0	0	1	5	12	11	12	12	10	57_149.cif
.0000000227260802519814368911308873413164	0	0	0	0	0	0	0	0	0	0	0	0	0	0	0	0	0	0	0	0	0	0	0	0	1	5	12	11	12	12	10	57_150.cif
.0000000210656450382412707058702716688477	0	0	0	0	0	0	0	0	0	0	0	0	0	0	0	0	0	0	0	0	0	0	0	0	1	5	12	11	12	12	10	57_151.cif
.0000000205392227197245124768078474826199	0	0	0	0	0	0	0	0	0	0	0	0	0	0	0	0	0	0	0	0	0	0	0	0	1	5	12	11	12	12	10	57_152.cif
.0000000195260203866619691165977690349332	0	0	0	0	0	0	0	0	0	0	0	0	0	0	0	0	0	0	0	0	0	0	0	0	1	5	12	11	12	12	10	57_153.cif
.0000000192807527014764948163040296090561	0	0	0	0	0	0	0	0	0	0	0	0	0	0	0	0	0	0	0	0	0	0	0	0	1	5	12	11	12	12	10	57_154.cif
.0000000190380726924569095555897319842307	0	0	0	0	0	0	0	0	0	0	0	0	0	0	0	0	0	0	0	0	0	0	0	0	1	5	12	11	12	12	10	57_155.cif
.0000000169899732446841628372627956365316	0	0	0	0	0	0	0	0	0	0	0	0	0	0	0	0	0	0	0	0	0	0	0	0	1	5	12	11	12	12	10	57_156.cif
.0000000157482271889758015100116897310773	0	0	0	0	0	0	0	0	0	0	0	0	0	0	0	0	0	0	0	0	0	0	0	0	1	5	12	11	12	12	10	57_157.cif
.0000000142328259906146212485909804075115	0	0	0	0	0	0	0	0	0	0	0	0	0	0	0	0	0	0	0	0	0	0	0	0	1	5	12	11	12	12	10	57_158.cif
.0000000138771531762562882975114753750447	0	0	0	0	0	0	0	0	0	0	0	0	0	0	0	0	0	0	0	0	0	0	0	0	1	5	12	11	12	12	10	57_159.cif
.0000000133604125986364634025711329864900	0	0	0	0	0	0	0	0	0	0	0	0	0	0	0	0	0	0	0	0	0	0	0	0	1	5	12	11	12	12	10	57_160.cif
.0000000131925915369812776271355085536103	0	0	0	0	0	0	0	0	0	0	0	0	0	0	0	0	0	0	0	0	0	0	0	0	1	5	12	11	12	12	10	57_161.cif
.0000000114791326037162006372683346550500	0	0	0	0	0	0	0	0	0	0	0	0	0	0	0	0	0	0	0	0	0	0	0	0	1	5	11	12	12	12	10	57_162.cif
.0000000106401573193920949425872447433825	0	0	0	0	0	0	0	0	0	0	0	0	0	0	0	0	0	0	0	0	0	0	0	0	1	5	12	11	12	12	10	57_163.cif
.0000000097386166721971702071070549317256	0	0	0	0	0	0	0	0	0	0	0	0	0	0	0	0	0	0	0	0	0	0	0	0	1	5	11	12	12	12	10	57_164.cif
.0000000096162892383013173683717710519132	0	0	0	0	0	0	0	0	0	0	0	0	0	0	0	0	0	0	0	0	0	0	0	0	1	5	11	12	12	12	10	57_165.cif
.0000000091419165307940195207059846060337	0	0	0	0	0	0	0	0	0	0	0	0	0	0	0	0	0	0	0	0	0	0	0	0	1	5	11	12	12	12	10	57_166.cif
.0000000086909446861405052802247479675486	0	0	0	0	0	0	0	0	0	0	0	0	0	0	0	0	0	0	0	0	0	0	0	0	1	5	11	12	12	12	10	57_167.cif
.0000000085817771321262341281638634539705	0	0	0	0	0	0	0	0	0	0	0	0	0	0	0	0	0	0	0	0	0	0	0	0	1	5	12	11	12	12	10	57_168.cif
.0000000072805708184735926256580655873443	0	0	0	0	0	0	0	0	0	0	0	0	0	0	0	0	0	0	0	0	0	0	0	0	1	5	11	12	12	12	10	57_169.cif
.0000000070986321708115459303206893048839	0	0	0	0	0	0	0	0	0	0	0	0	0	0	0	0	0	0	0	0	0	0	0	0	1	5	12	11	12	12	10	57_170.cif
.0000000064155536522400437150616552435223	0	0	0	0	0	0	0	0	0	0	0	0	0	0	0	0	0	0	0	0	0	0	0	0	1	5	11	12	12	12	10	57_171.cif
.0000000063349674415166854480415792527865	0	0	0	0	0	0	0	0	0	0	0	0	0	0	0	0	0	0	0	0	0	0	0	0	1	5	12	11	12	12	10	57_172.cif
.0000000054427995490577224240004626126847	0	0	0	0	0	0	0	0	0	0	0	0	0	0	0	0	0	0	0	0	0	0	0	0	1	5	11	12	12	12	10	57_173.cif
.0000000052402629255269790898287295682298	0	0	0	0	0	0	0	0	0	0	0	0	0	0	0	0	0	0	0	0	0	0	0	0	1	5	11	12	12	12	10	57_174.cif
.0000000047962553899672438851239937949614	0	0	0	0	0	0	0	0	0	0	0	0	0	0	0	0	0	0	0	0	0	0	0	0	1	5	11	12	12	12	10	57_175.cif
.0000000046763988236004610255808547758176	0	0	0	0	0	0	0	0	0	0	0	0	0	0	0	0	0	0	0	0	0	0	0	0	1	5	12	11	12	12	10	57_176.cif
.0000000045595374264507479714607499595203	0	0	0	0	0	0	0	0	0	0	0	0	0	0	0	0	0	0	0	0	0	0	0	0	1	5	12	11	12	12	10	57_177.cif
.0000000043898686177996440410032108364897	0	0	0	0	0	0	0	0	0	0	0	0	0	0	0	0	0	0	0	0	0	0	0	0	1	5	11	12	12	12	10	57_178.cif
.0000000034960666341709803411968608558702	0	0	0	0	0	0	0	0	0	0	0	0	0	0	0	0	0	0	0	0	0	0	0	0	1	5	11	12	12	12	10	57_179.cif
.0000000032405496365304038213325797668906	0	0	0	0	0	0	0	0	0	0	0	0	0	0	0	0	0	0	0	0	0	0	0	0	1	5	11	12	12	12	10	57_180.cif
.0000000030806929322655201028933048631721	0	0	0	0	0	0	0	0	0	0	0	0	0	0	0	0	0	0	0	0	0	0	0	0	1	5	11	12	12	12	10	57_181.cif
.0000000017001362469577701386913792466965	0	0	0	0	0	0	0	0	0	0	0	0	0	0	0	0	0	0	0	0	0	0	0	0	2	4	12	12	12	10	11	57_182.cif
.0000000015959249237102642653938257817168	0	0	0	0	0	0	0	0	0	0	0	0	0	0	0	0	0	0	0	0	0	0	0	0	2	4	12	12	12	10	11	57_183.cif
.0000000015171977548119472783582454947043	0	0	0	0	0	0	0	0	0	0	0	0	0	0	0	0	0	0	0	0	0	0	0	0	2	4	12	12	11	11	11	57_184.cif
.0000000012871536430590951616627197737203	0	0	0	0	0	0	0	0	0	0	0	0	0	0	0	0	0	0	0	0	0	0	0	0	2	4	12	12	12	10	11	57_185.cif
.0000000007567230694538089207172093829565	0	0	0	0	0	0	0	0	0	0	0	0	0	0	0	0	0	0	0	0	0	0	0	0	2	4	12	12	12	10	11	57_186.cif
.0000000007014164557690703327836046716812	0	0	0	0	0	0	0	0	0	0	0	0	0	0	0	0	0	0	0	0	0	0	0	0	2	4	12	12	11	11	11	57_187.cif
.0000000006501520361719002975019591606823	0	0	0	0	0	0	0	0	0	0	0	0	0	0	0	0	0	0	0	0	0	0	0	0	2	4	12	12	11	11	11	57_188.cif
.0000000006026499890447644501765823512483	0	0	0	0	0	0	0	0	0	0	0	0	0	0	0	0	0	0	0	0	0	0	0	0	2	4	12	12	12	10	11	57_189.cif
.0000000005729063522863203800925819114804	0	0	0	0	0	0	0	0	0	0	0	0	0	0	0	0	0	0	0	0	0	0	0	0	2	4	12	12	12	10	11	57_190.cif
.0000000005515874488166024458458487090826	0	0	0	0	0	0	0	0	0	0	0	0	0	0	0	0	0	0	0	0	0	0	0	0	2	4	12	12	11	11	11	57_191.cif
.0000000005446448128559403738256159856495	0	0	0	0	0	0	0	0	0	0	0	0	0	0	0	0	0	0	0	0	0	0	0	0	2	4	12	12	11	11	11	57_192.cif
.0000000004922353960892795135491755464124	0	0	0	0	0	0	0	0	0	0	0	0	0	0	0	0	0	0	0	0	0	0	0	0	2	4	12	12	11	11	11	57_193.cif
.0000000004392697580102677221251845780203	0	0	0	0	0	0	0	0	0	0	0	0	0	0	0	0	0	0	0	0	0	0	0	0	2	4	12	12	12	10	11	57_194.cif
.0000000003368140670303688496048141944491	0	0	0	0	0	0	0	0	0	0	0	0	0	0	0	0	0	0	0	0	0	0	0	0	2	4	12	12	11	11	11	57_195.cif
.0000000003161687571756929923431259613903	0	0	0	0	0	0	0	0	0	0	0	0	0	0	0	0	0	0	0	0	0	0	0	0	2	4	12	12	12	10	11	57_196.cif
.0000000003043956489500198015700597338154	0	0	0	0	0	0	0	0	0	0	0	0	0	0	0	0	0	0	0	0	0	0	0	0	2	4	12	12	11	11	11	57_197.cif
.0000000002893797748880444087632017463202	0	0	0	0	0	0	0	0	0	0	0	0	0	0	0	0	0	0	0	0	1	0	0	1	0	5	12	12	12	10	11	57_198.cif
.0000000002716490274516171217260471553243	0	0	0	0	0	0	0	0	0	0	0	0	0	0	0	0	0	0	0	0	0	0	0	0	2	4	12	12	11	11	11	57_199.cif
.0000000002582485481762338602812166350645	0	0	0	0	0	0	0	0	0	0	0	0	0	0	0	0	0	0	0	0	0	0	0	0	2	4	12	12	10	12	11	57_200.cif
.0000000002486322023552195037706840162713	0	0	0	0	0	0	0	0	0	0	0	0	0	0	0	0	0	0	0	0	1	0	1	0	0	5	12	12	11	11	11	57_201.cif
.0000000002393739383418373595393299367403	0	0	0	0	0	0	0	0	0	0	0	0	0	0	0	0	0	0	0	0	0	0	0	0	2	4	12	12	11	11	11	57_202.cif
.0000000002190917819021967013526249224703	0	0	0	0	0	0	0	0	0	0	0	0	0	0	0	0	0	0	0	0	0	0	0	0	2	4	12	12	12	10	11	57_203.cif
.0000000002082839578862977670555047672697	0	0	0	0	0	0	0	0	0	0	0	0	0	0	0	0	0	0	0	0	1	0	0	1	0	5	12	12	12	10	11	57_204.cif
.0000000002030790223706129469548566769099	0	0	0	0	0	0	0	0	0	0	0	0	0	0	0	0	0	0	0	0	0	0	0	0	2	4	12	12	10	12	11	57_205.cif
.0000000001858721345620993084720607507168	0	0	0	0	0	0	0	0	0	0	0	0	0	0	0	0	0	0	0	0	0	0	0	0	2	4	12	12	12	10	11	57_206.cif
.0000000001679862574994078772414942949240	0	0	0	0	0	0	0	0	0	0	0	0	0	0	0	0	0	0	0	0	0	0	0	0	2	4	12	12	11	11	11	57_207.cif
.0000000001658761705639258679528747503279	0	0	0	0	0	0	0	0	0	0	0	0	0	0	0	0	0	0	0	0	0	0	0	0	2	4	12	12	10	12	11	57_208.cif
.0000000001617309892444634874860194616224	0	0	0	0	0	0	0	0	0	0	0	0	0	0	0	0	0	0	0	0	0	0	0	0	2	4	12	12	10	12	11	57_209.cif
.0000000001337833090178688316226113423346	0	0	0	0	0	0	0	0	0	0	0	0	0	0	0	0	0	0	0	0	1	1	0	0	0	5	12	12	11	11	11	57_210.cif
.0000000001164074806739191723743953771620	0	0	0	0	0	0	0	0	0	0	0	0	0	0	0	0	0	0	0	0	0	0	0	0	2	4	12	12	10	12	11	57_211.cif
.0000000000892541785619128570852631662824	0	0	0	0	0	0	0	0	0	0	0	0	0	0	0	0	0	0	0	0	1	0	0	1	0	5	12	12	10	12	11	57_212.cif
.0000000000766862956951289065787375253419	0	0	0	0	0	0	0	0	0	0	0	0	0	0	0	0	0	0	0	0	1	1	0	0	0	5	12	12	11	11	11	57_213.cif
.0000000000693052251335665069537802049862	0	0	0	0	0	0	0	0	0	0	0	0	0	0	0	0	0	0	0	0	0	0	0	0	2	4	12	12	11	11	11	57_214.cif
Average: 0 0 0 0 0 0 0 0 0 0 0 0 0 0 0 0 0 0 0 0 .0000000010460197184044722748760025638201 .0000000002104696047129977382013488676765 .0000000002486322023552195037706840162713 .0000000005869179113362550329039696798723 .0004353047819702368459826394237264011447 5.9995646941720100449833894002125278044546 11.9999999079504801132863455692477571974026 11.9999996147899741711935361484589652752335 11.9999453929125876110876087688923417261511 11.9996197774729484326483368403232584277831 9.0004353068740096740056936609441166829140
