.2976611218084667472636368465238652130606	0	0	6	4	2	0	0	0	0	0	0	0	0	0	0	0	0	0	0	0	0	0	0	0	0	0	6	5	1	0	0	12_1.cif
.2225308737553891513534406890074186131736	0	0	6	3	2	1	0	0	0	0	0	0	0	0	0	0	0	0	0	0	0	0	0	0	0	0	8	3	1	0	0	12_2.cif
.1167465544967202012368423667776025342196	0	0	6	4	1	1	0	0	0	0	0	0	0	0	0	0	0	0	0	0	0	0	0	0	0	0	5	6	0	1	0	12_3.cif
.0740458000764786907057265278595777349495	0	1	4	4	0	0	1	0	0	1	0	0	0	0	0	0	0	0	0	0	0	0	0	0	0	0	3	8	0	1	0	12_4.cif
.0644287026884370928819718363197534769799	0	0	6	4	1	1	0	0	0	0	0	0	0	0	0	0	0	0	0	0	0	0	0	0	0	0	5	6	1	0	0	12_5.cif
.0364665106517682600224589004379867122753	0	0	6	4	2	0	0	0	0	0	0	0	0	0	0	0	0	0	0	0	0	0	0	0	0	0	7	3	0	2	0	12_6.cif
.0351086150128979108459960633165841687852	0	1	4	2	2	0	1	0	1	0	0	0	0	0	0	0	0	0	0	0	0	0	0	0	0	0	6	5	1	0	0	12_7.cif
.0325434748731688131859221560204145566323	0	0	6	5	1	0	0	0	0	0	0	0	0	0	0	0	0	0	0	0	0	0	0	0	0	0	4	7	0	1	0	12_8.cif
.0305486944044425795668345192796365830564	0	1	4	0	3	1	1	0	1	0	0	0	0	0	0	0	0	0	0	0	0	0	0	0	0	0	7	4	0	1	0	12_9.cif
.0196223047095950994010374934396446347401	0	0	6	1	3	2	0	0	0	0	0	0	0	0	0	0	0	0	0	0	0	0	0	0	0	0	6	5	0	1	0	12_10.cif
.0186538508570184080105892208809168752848	0	1	4	0	1	3	1	1	0	0	0	0	0	0	0	0	0	0	0	0	0	0	0	0	0	0	4	7	1	0	0	12_11.cif
.0113905408587701545419513947690312309763	0	1	4	1	2	1	1	0	1	0	0	0	0	0	0	0	0	0	0	0	0	0	0	0	0	0	4	7	0	1	0	12_12.cif
.0106926247614572210602610833088222072988	0	1	4	1	2	1	1	1	0	0	0	0	0	0	0	0	0	0	0	0	0	0	0	0	0	0	5	6	0	1	0	12_13.cif
.0056811875802280888233404573348634085603	0	2	2	0	0	2	2	1	1	0	0	0	0	0	0	0	0	0	0	0	0	0	0	0	0	0	5	6	1	0	0	12_14.cif
.0044676336545179196628223862954896353054	0	1	4	1	3	0	1	0	1	0	0	0	0	0	0	0	0	0	0	0	0	0	0	0	0	0	6	5	0	1	0	12_15.cif
.0039368264005324480892151355721446537632	0	1	4	1	2	1	1	0	1	0	0	0	0	0	0	0	0	0	0	0	0	0	0	0	0	0	8	3	1	0	0	12_16.cif
.0029430874984647007998672110370378736754	0	1	4	2	1	1	1	0	0	1	0	0	0	0	0	0	0	0	0	0	0	0	0	0	0	0	4	7	1	0	0	12_17.cif
.0016241961935584600362735152182384432854	0	1	4	2	1	1	1	0	0	1	0	0	0	0	0	0	0	0	0	0	0	0	0	0	0	0	7	4	1	0	0	12_18.cif
.0010171970503149426448077468089167410365	0	1	4	1	1	2	1	0	1	0	0	0	0	0	0	0	0	0	0	0	0	0	0	0	0	0	4	7	1	0	0	12_19.cif
.0009793199018352191780047823404062581871	0	1	4	2	2	0	1	0	1	0	0	0	0	0	0	0	0	0	0	0	0	0	0	0	0	0	9	2	0	1	0	12_20.cif
.0009670185971851807444619284754663810226	0	1	4	2	2	0	1	1	0	0	0	0	0	0	0	0	0	0	0	0	0	0	0	0	0	0	7	3	0	2	0	12_21.cif
.0009310099330065967381113872986027787766	0	1	4	2	2	0	1	1	0	0	0	0	0	0	0	0	0	0	0	0	0	0	0	0	0	0	8	2	0	2	0	12_22.cif
.0006370308230802504753442493726802640140	0	1	4	3	1	0	1	0	1	0	0	0	0	0	0	0	0	0	0	0	0	0	0	0	0	0	4	7	1	0	0	12_23.cif
.0005757313980018138619153567586215578117	0	1	4	1	3	0	1	0	1	0	0	0	0	0	0	0	0	0	0	0	0	0	0	0	0	0	7	3	1	1	0	12_24.cif
.0005613440931351069303732444480832763042	0	1	4	3	1	0	1	1	0	0	0	0	0	0	0	0	0	0	0	0	0	0	0	0	0	0	3	6	2	1	0	12_25.cif
.0004946626470547938296631984433314227178	0	1	4	0	2	2	1	1	0	0	0	0	0	0	0	0	0	0	0	0	0	0	0	0	0	0	5	6	1	0	0	12_26.cif
.0003989578825309614769404723939845946129	0	0	6	3	2	1	0	0	0	0	0	0	0	0	0	0	0	0	0	0	0	0	0	0	0	0	5	5	0	2	0	12_27.cif
.0003889880794164009079895211149833218005	0	1	4	3	0	1	1	0	1	0	0	0	0	0	0	0	0	0	0	0	0	0	0	0	0	0	6	6	0	0	0	12_28.cif
.0003841019733940813201941438939991913062	0	1	4	1	2	1	1	0	1	0	0	0	0	0	0	0	0	0	0	0	0	0	0	0	0	0	6	5	1	0	0	12_29.cif
.0003651541767375372486148531623299658003	0	0	6	3	3	0	0	0	0	0	0	0	0	0	0	0	0	0	0	0	0	0	0	0	0	0	8	1	1	2	0	12_30.cif
.0002661666716686234929654017996259194905	0	1	4	1	2	1	1	0	1	0	0	0	0	0	0	0	0	0	0	0	0	0	0	0	0	0	5	5	0	2	0	12_31.cif
.0002562554803807360569153236353503350222	0	0	6	1	4	1	0	0	0	0	0	0	0	0	0	0	0	0	0	0	0	0	0	0	0	0	5	4	2	1	0	12_32.cif
.0002345429506976792391595699593529421436	0	0	6	2	4	0	0	0	0	0	0	0	0	0	0	0	0	0	0	0	0	0	0	0	0	0	4	5	3	0	0	12_33.cif
.0002286877367159862404619876148266467585	0	0	6	5	0	1	0	0	0	0	0	0	0	0	0	0	0	0	0	0	0	0	0	0	0	0	5	5	0	2	0	12_34.cif
.0002229729186622386552365840825840265782	0	1	4	1	1	2	1	1	0	0	0	0	0	0	0	0	0	0	0	0	0	0	0	0	0	0	7	3	0	2	0	12_35.cif
.0001989805300507885395254945551594631218	0	1	4	2	2	0	1	0	1	0	0	0	0	0	0	0	0	0	0	0	0	0	0	0	0	0	6	4	1	1	0	12_36.cif
.0001625284973125870735079384969767322581	0	0	6	5	1	0	0	0	0	0	0	0	0	0	0	0	0	0	0	0	0	0	0	0	0	0	5	5	2	0	0	12_37.cif
.0001545109469450105897475763299239995826	0	2	2	1	1	0	2	1	1	0	0	0	0	0	0	0	0	0	0	0	0	0	0	0	0	0	6	5	1	0	0	12_38.cif
.0001327508183933845250509683169854640498	0	2	2	1	1	0	2	0	2	0	0	0	0	0	0	0	0	0	0	0	0	0	0	0	0	0	7	4	0	1	0	12_39.cif
.0001230516476138576366123678545380784685	0	2	2	1	1	0	2	0	2	0	0	0	0	0	0	0	0	0	0	0	0	0	0	0	0	0	5	6	1	0	0	12_40.cif
.0001017878928137834783902075879476341033	0	2	2	1	1	0	2	1	1	0	0	0	0	0	0	0	0	0	0	0	0	0	0	0	0	0	7	4	0	1	0	12_41.cif
.0000770624456063517085841914661006207599	0	2	2	0	2	0	2	0	1	1	0	0	0	0	0	0	0	0	0	0	0	0	0	0	0	0	3	7	1	1	0	12_42.cif
.0000741948096786545089402573295853692495	0	1	4	1	2	1	1	1	0	0	0	0	0	0	0	0	0	0	0	0	0	0	0	0	0	0	5	6	1	0	0	12_43.cif
.0000670535451205513644957099729768695466	0	1	4	1	1	2	1	0	1	0	0	0	0	0	0	0	0	0	0	0	0	0	0	0	0	0	8	4	0	0	0	12_44.cif
.0000653795964738576332151779642620556800	0	1	4	1	2	1	1	0	1	0	0	0	0	0	0	0	0	0	0	0	0	0	0	0	0	0	7	3	1	1	0	12_45.cif
.0000598399825424959314026565103012699376	0	1	4	2	1	1	1	0	1	0	0	0	0	0	0	0	0	0	0	0	0	0	0	0	0	0	4	6	1	1	0	12_46.cif
.0000470563929176929571322795352797833833	0	1	4	2	1	1	1	0	1	0	0	0	0	0	0	0	0	0	0	0	0	0	0	0	0	0	5	6	1	0	0	12_47.cif
.0000414666158710501013557534493193780450	0	1	4	1	0	3	1	1	0	0	0	0	0	0	0	0	0	0	0	0	0	0	0	0	0	0	7	4	0	1	0	12_48.cif
.0000370047145408396067568061230171455186	0	1	4	3	1	0	1	1	0	0	0	0	0	0	0	0	0	0	0	0	0	0	0	0	0	0	4	5	3	0	0	12_49.cif
.0000360799810428016118044107022553681846	0	1	4	3	1	0	1	0	1	0	0	0	0	0	0	0	0	0	0	0	0	0	0	0	0	0	2	7	2	1	0	12_50.cif
.0000347373783120566644186506593616864174	0	1	4	3	0	1	1	0	1	0	0	0	0	0	0	0	0	0	0	0	0	0	0	0	0	0	4	6	1	1	0	12_51.cif
.0000343001512279998737718185280678181246	0	1	4	2	2	0	1	0	1	0	0	0	0	0	0	0	0	0	0	0	0	0	0	0	0	0	6	4	1	1	0	12_52.cif
.0000338693046690692133553051047665363774	0	0	6	2	3	1	0	0	0	0	0	0	0	0	0	0	0	0	0	0	0	0	0	0	0	0	1	8	2	1	0	12_53.cif
.0000317940798639942674021883720373573669	0	1	4	1	2	1	1	0	1	0	0	0	0	0	0	0	0	0	0	0	0	0	0	0	0	0	5	5	1	1	0	12_54.cif
.0000302256740710700890500653268842801004	0	1	4	3	1	0	1	1	0	0	0	0	0	0	0	0	0	0	0	0	0	0	0	0	0	0	2	8	0	2	0	12_55.cif
.0000291001671259455634735256447034488427	0	1	4	0	3	1	1	0	0	1	0	0	0	0	0	0	0	0	0	0	0	0	0	0	0	0	5	4	0	3	0	12_56.cif
.0000250019243149702465520536444816091729	0	1	4	3	1	0	1	0	1	0	0	0	0	0	0	0	0	0	0	0	0	0	0	0	0	0	2	7	2	1	0	12_57.cif
.0000237685763741714061877602932878671723	0	0	6	4	1	1	0	0	0	0	0	0	0	0	0	0	0	0	0	0	0	0	0	0	0	0	4	6	2	0	0	12_58.cif
.0000231752091452821716126940733421899447	0	2	2	1	0	1	2	0	2	0	0	0	0	0	0	0	0	0	0	0	0	0	0	0	0	0	5	6	1	0	0	12_59.cif
.0000212115734184272296225236740270788544	0	1	4	1	2	1	1	0	1	0	0	0	0	0	0	0	0	0	0	0	0	0	0	0	0	0	5	5	1	1	0	12_60.cif
.0000191699554382655192905592150735088011	0	1	4	1	1	2	1	0	1	0	0	0	0	0	0	0	0	0	0	0	0	0	0	0	0	0	8	3	0	1	0	12_61.cif
.0000186913898246895038446714154854645020	0	0	6	1	4	1	0	0	0	0	0	0	0	0	0	0	0	0	0	0	0	0	0	0	0	0	6	5	0	1	0	12_62.cif
.0000184566059914035119422802305969192854	0	0	6	0	3	3	0	0	0	0	0	0	0	0	0	0	0	0	0	0	0	0	0	0	0	0	4	5	2	1	0	12_63.cif
.0000173252923472977991554569514625994054	0	1	4	3	1	0	1	1	0	0	0	0	0	0	0	0	0	0	0	0	0	0	0	0	0	0	6	3	2	1	0	12_64.cif
.0000166801541506327243629357884221037538	0	1	4	0	3	1	1	1	0	0	0	0	0	0	0	0	0	0	0	0	0	0	0	0	0	0	5	5	1	1	0	12_65.cif
.0000154614523324909888523511990174074739	0	1	4	1	1	2	1	0	1	0	0	0	0	0	0	0	0	0	0	0	0	0	0	0	0	0	6	5	1	0	0	12_66.cif
.0000136244505346964495311990423474786506	0	1	4	2	1	1	1	0	1	0	0	0	0	0	0	0	0	0	0	0	0	0	0	0	0	0	4	6	2	0	0	12_67.cif
.0000132839807875810967588417397660767148	0	1	4	3	1	0	1	1	0	0	0	0	0	0	0	0	0	0	0	0	0	0	0	0	0	0	3	7	1	1	0	12_68.cif
.0000124700506904066245966257113259443066	0	2	2	1	0	1	2	0	1	1	0	0	0	0	0	0	0	0	0	0	0	0	0	0	0	0	5	6	1	0	0	12_69.cif
.0000115586521828109401741436856423779473	0	1	4	0	4	0	1	0	0	1	0	0	0	0	0	0	0	0	0	0	0	0	0	0	0	0	5	4	1	2	0	12_70.cif
.0000114134631576740717974037998802660198	0	1	4	1	3	0	1	0	1	0	0	0	0	0	0	0	0	0	0	0	0	0	0	0	0	0	6	4	1	1	0	12_71.cif
.0000103151823455520486548302135648236042	0	1	4	3	0	1	1	1	0	0	0	0	0	0	0	0	0	0	0	0	0	0	0	0	0	0	6	4	0	2	0	12_72.cif
.0000098060791474095767542546140687655772	0	1	4	2	1	1	1	0	1	0	0	0	0	0	0	0	0	0	0	0	0	0	0	0	0	0	3	6	2	1	0	12_73.cif
.0000096829043127221354743635145291002336	0	1	4	1	1	2	1	1	0	0	0	0	0	0	0	0	0	0	0	0	0	0	0	0	0	0	5	5	2	0	0	12_74.cif
.0000086412258142688740584081485047405096	0	0	6	2	2	2	0	0	0	0	0	0	0	0	0	0	0	0	0	0	0	0	0	0	0	0	3	6	1	2	0	12_75.cif
.0000083194543412661339297173973647550159	0	1	4	0	3	1	1	0	1	0	0	0	0	0	0	0	0	0	0	0	0	0	0	0	0	0	6	4	0	2	0	12_76.cif
.0000082149531030270081346014083519554769	0	1	4	2	2	0	1	0	1	0	0	0	0	0	0	0	0	0	0	0	0	0	0	0	0	0	7	3	1	1	0	12_77.cif
.0000077114104400112989582509978023484282	0	1	4	3	1	0	1	0	0	1	0	0	0	0	0	0	0	0	0	0	0	0	0	0	0	0	5	5	0	2	0	12_78.cif
.0000067952044758365171407445644556513993	0	1	4	2	2	0	1	1	0	0	0	0	0	0	0	0	0	0	0	0	0	0	0	0	0	0	7	2	1	2	0	12_79.cif
.0000065423423672227268246159995940179122	0	1	4	3	0	1	1	1	0	0	0	0	0	0	0	0	0	0	0	0	0	0	0	0	0	0	6	4	1	1	0	12_80.cif
.0000059880096261863626398535722633373643	0	0	6	2	1	3	0	0	0	0	0	0	0	0	0	0	0	0	0	0	0	0	0	0	0	0	6	4	2	0	0	12_81.cif
.0000044202786249682714015988208120171143	0	0	6	4	2	0	0	0	0	0	0	0	0	0	0	0	0	0	0	0	0	0	0	0	0	0	6	2	2	2	0	12_82.cif
.0000040457483682517789585339161570429212	0	1	4	2	1	1	1	0	1	0	0	0	0	0	0	0	0	0	0	0	0	0	0	0	0	0	6	4	2	0	0	12_83.cif
.0000038950977036549584632762003370501410	0	0	6	2	4	0	0	0	0	0	0	0	0	0	0	0	0	0	0	0	0	0	0	0	0	0	5	5	1	1	0	12_84.cif
.0000037029520643236423867243881866066602	0	1	4	2	2	0	1	0	1	0	0	0	0	0	0	0	0	0	0	0	0	0	0	0	0	0	4	5	2	1	0	12_85.cif
.0000034759764114983100837550985449979599	0	0	6	4	2	0	0	0	0	0	0	0	0	0	0	0	0	0	0	0	0	0	0	0	0	0	4	5	2	1	0	12_86.cif
.0000033892008950135959400661182111893499	0	1	4	2	0	2	1	0	1	0	0	0	0	0	0	0	0	0	0	0	0	0	0	0	0	0	7	5	0	0	0	12_87.cif
.0000033466289094431850414577734001482148	0	2	2	1	0	1	2	0	1	1	0	0	0	0	0	0	0	0	0	0	0	0	0	0	0	0	4	6	0	2	0	12_88.cif
.0000033045060760401777623183283066852024	0	1	4	1	3	0	1	1	0	0	0	0	0	0	0	0	0	0	0	0	0	0	0	0	0	0	5	5	1	1	0	12_89.cif
.0000032220112062456904056712211154109811	0	2	2	0	2	0	2	0	0	2	0	0	0	0	0	0	0	0	0	0	0	0	0	0	0	0	3	6	2	1	0	12_90.cif
.0000022898850948259941145107209538406230	0	1	4	3	1	0	1	1	0	0	0	0	0	0	0	0	0	0	0	0	0	0	0	0	0	0	6	3	1	2	0	12_91.cif
.0000022327195855501349600484624559012514	0	1	4	1	1	2	1	0	1	0	0	0	0	0	0	0	0	0	0	0	0	0	0	0	0	0	6	4	2	0	0	12_92.cif
.0000020695368248164098328365062497255045	0	2	2	1	0	1	2	0	2	0	0	0	0	0	0	0	0	0	0	0	0	0	0	0	0	0	6	5	1	0	0	12_93.cif
.0000020435412304056026350057725227945401	0	1	4	3	1	0	1	1	0	0	0	0	0	0	0	0	0	0	0	0	0	0	0	0	0	0	6	3	1	2	0	12_94.cif
.0000018468499978931955989076491755932732	0	1	4	2	1	1	1	0	1	0	0	0	0	0	0	0	0	0	0	0	0	0	0	0	0	0	4	6	2	0	0	12_95.cif
.0000018236515880330131686944789428301277	0	0	6	4	1	1	0	0	0	0	0	0	0	0	0	0	0	0	0	0	0	0	0	0	0	0	4	4	2	2	0	12_96.cif
.0000017781252985230330471723157961343478	0	1	4	1	2	1	1	1	0	0	0	0	0	0	0	0	0	0	0	0	0	0	0	0	0	0	4	6	1	1	0	12_97.cif
.0000016069803999889475652566441406657308	0	0	6	4	2	0	0	0	0	0	0	0	0	0	0	0	0	0	0	0	0	0	0	0	0	0	5	3	2	2	0	12_98.cif
.0000015085182195600757825300589499946953	0	1	4	2	2	0	1	1	0	0	0	0	0	0	0	0	0	0	0	0	0	0	0	0	0	0	6	3	2	1	0	12_99.cif
.0000014341028339156221775601310624834030	0	1	4	3	1	0	1	0	1	0	0	0	0	0	0	0	0	0	0	0	0	0	0	0	0	0	5	4	2	1	0	12_100.cif
.0000014160522892061822583660380557456306	0	1	4	0	3	1	1	1	0	0	0	0	0	0	0	0	0	0	0	0	0	0	0	0	0	0	7	1	1	3	0	12_101.cif
.0000013461982590541832461876759763687114	0	1	4	4	0	0	1	0	1	0	0	0	0	0	0	0	0	0	0	0	0	0	0	0	0	0	4	6	2	0	0	12_102.cif
.0000012478409986192526046575800820049437	0	1	4	2	1	1	1	1	0	0	0	0	0	0	0	0	0	0	0	0	0	0	0	0	0	0	6	4	1	1	0	12_103.cif
.0000012321348656954721716917354093998310	0	1	4	3	0	1	1	0	0	1	0	0	0	0	0	0	0	0	0	0	0	0	0	0	0	0	7	2	2	1	0	12_104.cif
.0000011135704946325129336199435775451670	0	1	4	0	1	3	1	0	1	0	0	0	0	0	0	0	0	0	0	0	0	0	0	0	0	0	4	6	2	0	0	12_105.cif
.0000010721047088688052508501357936635978	0	1	4	2	1	1	1	0	1	0	0	0	0	0	0	0	0	0	0	0	0	0	0	0	0	0	6	4	1	1	0	12_106.cif
.0000010586379278753612900878346500603050	0	1	4	0	2	2	1	0	1	0	0	0	0	0	0	0	0	0	0	0	0	0	0	0	0	0	6	4	0	2	0	12_107.cif
.0000010192176543226738174139072580116400	0	1	4	1	2	1	1	0	1	0	0	0	0	0	0	0	0	0	0	0	0	0	0	0	0	0	6	4	1	1	0	12_108.cif
.0000009567686085366139539018170566759939	0	1	5	2	2	1	0	0	0	0	0	0	0	0	0	0	0	0	0	0	0	0	0	0	0	0	8	3	0	0	1	12_109.cif
.0000008538181497770032588409790611232538	0	1	4	2	1	1	1	0	1	0	0	0	0	0	0	0	0	0	0	0	0	0	0	0	0	0	6	4	1	1	0	12_110.cif
.0000008325031285686211326680041172933873	0	1	4	1	1	2	1	0	1	0	0	0	0	0	0	0	0	0	0	0	0	0	0	0	0	0	6	4	2	0	0	12_111.cif
.0000008220247063888483176585326986127352	0	1	4	3	1	0	1	1	0	0	0	0	0	0	0	0	0	0	0	0	0	0	0	0	0	0	3	6	3	0	0	12_112.cif
.0000008015033880553500437539700544970961	0	0	6	3	3	0	0	0	0	0	0	0	0	0	0	0	0	0	0	0	0	0	0	0	0	0	4	4	2	2	0	12_113.cif
.0000006630008011698873926554596214852929	0	2	2	1	1	0	2	1	1	0	0	0	0	0	0	0	0	0	0	0	0	0	0	0	0	0	7	2	2	1	0	12_114.cif
.0000006383127824813627544405933401427159	0	1	4	3	1	0	1	0	1	0	0	0	0	0	0	0	0	0	0	0	0	0	0	0	0	0	5	4	3	0	0	12_115.cif
.0000006302785654459442565913772521969322	0	1	4	2	1	1	1	0	1	0	0	0	0	0	0	0	0	0	0	0	0	0	0	0	0	0	4	7	0	1	0	12_116.cif
.0000006223615930313018423624652765525417	0	2	2	0	1	1	2	0	1	1	0	0	0	0	0	0	0	0	0	0	0	0	0	0	0	0	6	4	1	1	0	12_117.cif
.0000005991868478233550301088403238915406	0	3	0	0	0	0	3	0	1	2	0	0	0	0	0	0	0	0	0	0	0	0	0	0	0	0	5	5	0	2	0	12_118.cif
.0000005842285333714145302991868437520826	0	1	4	2	0	2	1	0	1	0	0	0	0	0	0	0	0	0	0	0	0	0	0	0	0	0	5	5	2	0	0	12_119.cif
.0000005768899985772383924321902600609061	0	1	4	3	1	0	1	1	0	0	0	0	0	0	0	0	0	0	0	0	0	0	0	0	0	0	6	2	2	2	0	12_120.cif
.0000005696288883796416072336107729400716	0	2	2	1	1	0	2	2	0	0	0	0	0	0	0	0	0	0	0	0	0	0	0	0	0	0	6	4	0	2	0	12_121.cif
.0000005415290266389234496081234254736819	0	1	4	2	2	0	1	0	1	0	0	0	0	0	0	0	0	0	0	0	0	0	0	0	0	0	5	4	3	0	0	12_122.cif
.0000005347268432859244158511440285657016	0	0	6	2	3	1	0	0	0	0	0	0	0	0	0	0	0	0	0	0	0	0	0	0	0	0	7	3	1	1	0	12_123.cif
.0000005019502984563546278956113392693393	0	0	6	2	3	1	0	0	0	0	0	0	0	0	0	0	0	0	0	0	0	0	0	0	0	0	5	6	0	1	0	12_124.cif
.0000004894194319481347226408818392039297	0	1	4	1	3	0	1	0	0	1	0	0	0	0	0	0	0	0	0	0	0	0	0	0	0	0	7	2	2	1	0	12_125.cif
.0000004771890297161790558290059531546897	0	1	4	3	1	0	1	1	0	0	0	0	0	0	0	0	0	0	0	0	0	0	0	0	0	0	5	4	1	2	0	12_126.cif
.0000004711950254901905405786274844126937	0	1	4	1	3	0	1	0	1	0	0	0	0	0	0	0	0	0	0	0	0	0	0	0	0	0	4	5	1	2	0	12_127.cif
.0000004423241757789426168223416618528845	0	2	2	0	2	0	2	0	2	0	0	0	0	0	0	0	0	0	0	0	0	0	0	0	0	0	6	5	0	1	0	12_128.cif
.0000003947290975012817337194635927087597	0	1	4	1	3	0	1	0	1	0	0	0	0	0	0	0	0	0	0	0	0	0	0	0	0	0	8	2	0	2	0	12_129.cif
.0000003752570635312768985201704615066020	0	1	4	1	3	0	1	0	1	0	0	0	0	0	0	0	0	0	0	0	0	0	0	0	0	0	3	6	2	1	0	12_130.cif
.0000003522644814830581950176223834487456	0	1	4	1	2	1	1	0	1	0	0	0	0	0	0	0	0	0	0	0	0	0	0	0	0	0	3	7	1	1	0	12_131.cif
.0000003265185297886021789993075129408879	0	1	4	1	2	1	1	0	1	0	0	0	0	0	0	0	0	0	0	0	0	0	0	0	0	0	5	5	0	2	0	12_132.cif
.0000003224171080761614974797395242105309	0	1	4	2	2	0	1	0	1	0	0	0	0	0	0	0	0	0	0	0	0	0	0	0	0	0	3	7	1	1	0	12_133.cif
.0000002950987029477018340789686820849789	0	0	6	2	2	2	0	0	0	0	0	0	0	0	0	0	0	0	0	0	0	0	0	0	0	0	6	3	2	1	0	12_134.cif
.0000002841101758139835877879719273821747	0	2	2	0	1	1	2	0	2	0	0	0	0	0	0	0	0	0	0	0	0	0	0	0	0	0	4	6	2	0	0	12_135.cif
.0000002633454173813000478214026046618593	0	1	4	1	2	1	1	1	0	0	0	0	0	0	0	0	0	0	0	0	0	0	0	0	0	0	4	6	1	1	0	12_136.cif
.0000002178384088080273404842819268572525	0	1	4	2	1	1	1	1	0	0	0	0	0	0	0	0	0	0	0	0	0	0	0	0	0	0	8	1	2	1	0	12_137.cif
.0000001824874072481013416703846171147799	0	1	4	2	1	1	1	0	1	0	0	0	0	0	0	0	0	0	0	0	0	0	0	0	0	0	6	4	0	2	0	12_138.cif
.0000001801951703731560155291324183478218	0	1	4	1	1	2	1	0	1	0	0	0	0	0	0	0	0	0	0	0	0	0	0	0	0	0	4	6	2	0	0	12_139.cif
.0000001779271175513336373828837469141785	0	1	4	0	3	1	1	0	1	0	0	0	0	0	0	0	0	0	0	0	0	0	0	0	0	0	4	5	1	2	0	12_140.cif
.0000001734852814470724535535038866736406	0	2	2	2	0	0	2	0	2	0	0	0	0	0	0	0	0	0	0	0	0	0	0	0	0	0	6	4	2	0	0	12_141.cif
.0000001713016836219151006639814233933453	0	1	4	2	1	1	1	0	1	0	0	0	0	0	0	0	0	0	0	0	0	0	0	0	0	0	4	5	3	0	0	12_142.cif
.0000001670252472163569418649115130336540	0	2	2	0	2	0	2	1	1	0	0	0	0	0	0	0	0	0	0	0	0	0	0	0	0	0	7	3	2	0	0	12_143.cif
.0000001649272315971439838959312199223278	0	1	4	3	1	0	1	1	0	0	0	0	0	0	0	0	0	0	0	0	0	0	0	0	0	0	3	5	3	1	0	12_144.cif
.0000001608057638952858770013024390554676	0	1	4	2	2	0	1	0	1	0	0	0	0	0	0	0	0	0	0	0	0	0	0	0	0	0	4	6	1	1	0	12_145.cif
.0000001490529541541276748837856385070732	0	2	2	1	1	0	2	0	2	0	0	0	0	0	0	0	0	0	0	0	0	0	0	0	0	0	6	3	1	2	0	12_146.cif
.0000001381627007076305022259409278262030	0	1	4	1	1	2	1	0	1	0	0	0	0	0	0	0	0	0	0	0	0	0	0	0	0	0	4	5	3	0	0	12_147.cif
.0000001364236957023264096483021914237128	0	1	4	1	2	1	1	0	1	0	0	0	0	0	0	0	0	0	0	0	0	0	0	0	0	0	4	6	1	1	0	12_148.cif
.0000001347100682766266212449619695960688	0	2	2	1	1	0	2	0	2	0	0	0	0	0	0	0	0	0	0	0	0	0	0	0	0	0	2	7	3	0	0	12_149.cif
.0000001330179658428939021509442294790625	0	1	4	3	1	0	1	0	1	0	0	0	0	0	0	0	0	0	0	0	0	0	0	0	0	0	6	3	1	2	0	12_150.cif
.0000001313471180242235449782519196923344	0	2	2	2	0	0	2	0	2	0	0	0	0	0	0	0	0	0	0	0	0	0	0	0	0	0	8	2	2	0	0	12_151.cif
.0000001248645144586391491769399662151638	0	1	4	1	3	0	1	0	1	0	0	0	0	0	0	0	0	0	0	0	0	0	0	0	0	0	6	4	0	2	0	12_152.cif
.0000001232960827036462883681734822078256	0	2	3	0	2	1	0	0	0	0	1	0	0	0	1	0	0	0	0	0	0	0	0	0	0	0	4	5	1	2	0	12_153.cif
.0000001202180752632738356343088713114143	0	1	4	3	0	1	1	0	0	1	0	0	0	0	0	0	0	0	0	0	0	0	0	0	0	0	2	7	2	1	0	12_154.cif
.0000001142877031165195291791417785771917	0	1	4	4	0	0	1	0	0	1	0	0	0	0	0	0	0	0	0	0	0	0	0	0	0	0	6	3	3	0	0	12_155.cif
.0000001128492042543345115922210279963462	0	0	6	1	3	2	0	0	0	0	0	0	0	0	0	0	0	0	0	0	0	0	0	0	0	0	6	3	2	1	0	12_156.cif
.0000001100319964183820728420673317278240	0	1	4	0	2	2	1	0	1	0	0	0	0	0	0	0	0	0	0	0	0	0	0	0	0	0	6	3	2	1	0	12_157.cif
.0000001019900886657025945769457660572721	0	2	2	2	0	0	2	0	2	0	0	0	0	0	0	0	0	0	0	0	0	0	0	0	0	0	6	4	1	1	0	12_158.cif
.0000001007089841465254269527533882460914	0	2	2	0	2	0	2	0	2	0	0	0	0	0	0	0	0	0	0	0	0	0	0	0	0	0	5	5	1	1	0	12_159.cif
.0000000994413958132566499490876554437469	0	1	4	2	1	1	1	0	0	1	0	0	0	0	0	0	0	0	0	0	0	0	0	0	0	0	8	1	2	1	0	12_160.cif
.0000000957409978166616806311260492339896	0	2	2	0	2	0	2	0	2	0	0	0	0	0	0	0	0	0	0	0	0	0	0	0	0	0	4	6	1	1	0	12_161.cif
.0000000921759108074378760601993019265323	0	2	2	1	0	1	2	1	1	0	0	0	0	0	0	0	0	0	0	0	0	0	0	0	0	0	7	2	2	1	0	12_162.cif
.0000000898724704622427076714676638561269	0	1	4	1	3	0	1	1	0	0	0	0	0	0	0	0	0	0	0	0	0	0	0	0	0	0	7	1	4	0	0	12_163.cif
.0000000876288620141759655053401927851898	0	1	4	0	3	1	1	0	1	0	0	0	0	0	0	0	0	0	0	0	0	0	0	0	0	0	5	4	2	1	0	12_164.cif
.0000000854390506589221184316161596415002	0	2	2	1	0	1	2	0	2	0	0	0	0	0	0	0	0	0	0	0	0	0	0	0	0	0	6	5	0	1	0	12_165.cif
.0000000822575750473160625162460527098374	0	1	4	3	1	0	1	0	1	0	0	0	0	0	0	0	0	0	0	0	0	0	0	0	0	0	6	4	2	0	0	12_166.cif
.0000000791945673609641262484379092705100	0	2	2	1	1	0	2	2	0	0	0	0	0	0	0	0	0	0	0	0	0	0	0	0	0	0	3	6	1	2	0	12_167.cif
.0000000772175258992331112045893114228123	0	1	4	1	2	1	1	1	0	0	0	0	0	0	0	0	0	0	0	0	0	0	0	0	0	0	4	5	3	0	0	12_168.cif
.0000000762456162351326567490058873927157	0	1	4	2	1	1	1	1	0	0	0	0	0	0	0	0	0	0	0	0	0	0	0	0	0	0	7	2	2	1	0	12_169.cif
.0000000655094693186697776046370086705585	0	2	2	2	0	0	2	2	0	0	0	0	0	0	0	0	0	0	0	0	0	0	0	0	0	0	6	3	2	1	0	12_170.cif
.0000000622778792990716268040769381468634	0	3	1	0	1	0	1	0	1	0	1	0	0	0	1	0	0	0	0	0	0	0	0	0	0	0	8	3	1	0	0	12_171.cif
.0000000599588512597326692152269999565942	0	2	2	1	0	1	2	1	1	0	0	0	0	0	0	0	0	0	0	0	0	0	0	0	0	0	3	7	2	0	0	12_172.cif
.0000000584620170842525387561961314585803	0	0	6	3	1	2	0	0	0	0	0	0	0	0	0	0	0	0	0	0	0	0	0	0	0	0	4	4	3	1	0	12_173.cif
.0000000555766391170577253347559904645098	0	2	2	1	1	0	2	0	2	0	0	0	0	0	0	0	0	0	0	0	0	0	0	0	0	0	4	5	1	2	0	12_174.cif
.0000000521713722772059962110422876439732	0	1	4	0	2	2	1	1	0	0	0	0	0	0	0	0	0	0	0	0	0	0	0	0	0	0	3	6	3	0	0	12_175.cif
.0000000508689475081266769319197339808317	0	0	6	1	4	1	0	0	0	0	0	0	0	0	0	0	0	0	0	0	0	0	0	0	0	0	4	6	1	1	0	12_176.cif
.0000000477508913279142726895683894204479	0	2	3	0	0	3	0	0	0	0	1	0	0	1	0	0	0	0	0	0	0	0	0	0	0	0	7	4	1	0	0	12_177.cif
.0000000471510890973716448956638226452165	0	1	4	3	0	1	1	0	0	1	0	0	0	0	0	0	0	0	0	0	0	0	0	0	0	0	4	5	1	2	0	12_178.cif
.0000000465588210239046066228890588863997	0	2	2	1	1	0	2	1	1	0	0	0	0	0	0	0	0	0	0	0	0	0	0	0	0	0	7	3	2	0	0	12_179.cif
.0000000453953341016519325665170668952701	0	1	4	3	1	0	1	0	1	0	0	0	0	0	0	0	0	0	0	0	0	0	0	0	0	0	6	3	2	1	0	12_180.cif
.0000000431559767973573964897286361329950	0	1	4	0	3	1	1	0	0	1	0	0	0	0	0	0	0	0	0	0	0	0	0	0	0	0	3	6	2	1	0	12_181.cif
.0000000415489869418177080066074656360957	0	2	2	1	0	1	2	0	1	1	0	0	0	0	0	0	0	0	0	0	0	0	0	0	0	0	4	5	1	2	0	12_182.cif
.0000000390032160979852444872776772295579	0	1	4	2	1	1	1	0	1	0	0	0	0	0	0	0	0	0	0	0	0	0	0	0	0	0	6	2	1	3	0	12_183.cif
.0000000385122964237897940256448369042760	0	1	4	1	2	1	1	0	1	0	0	0	0	0	0	0	0	0	0	0	0	0	0	0	0	0	4	5	1	2	0	12_184.cif
.0000000380285408193199712791910000982940	0	2	2	1	0	1	2	1	1	0	0	0	0	0	0	0	0	0	0	0	0	0	0	0	0	0	5	6	0	1	0	12_185.cif
.0000000370782222987347144750626625264009	0	1	4	3	0	1	1	0	1	0	0	0	0	0	0	0	0	0	0	0	0	0	0	0	0	0	7	2	2	1	0	12_186.cif
.0000000366124801979933272690543448819118	0	1	5	1	2	2	0	0	0	0	0	0	0	0	0	0	0	0	0	0	0	0	0	0	0	0	5	6	0	0	1	12_187.cif
.0000000352491491224254641946080316305437	0	2	2	0	2	0	2	1	1	0	0	0	0	0	0	0	0	0	0	0	0	0	0	0	0	0	5	4	1	2	0	12_188.cif
.0000000330893791085034933771777536224528	0	1	4	2	1	1	1	1	0	0	0	0	0	0	0	0	0	0	0	0	0	0	0	0	0	0	5	3	1	3	0	12_189.cif
.0000000326737411414494879889001695722780	0	1	4	1	1	2	1	0	1	0	0	0	0	0	0	0	0	0	0	0	0	0	0	0	0	0	4	5	3	0	0	12_190.cif
.0000000314570760476807321294511132955316	0	2	3	1	1	1	0	0	0	0	1	0	1	0	0	0	0	0	0	0	0	0	0	0	0	0	4	5	2	1	0	12_191.cif
.0000000310619415516526322064966897874148	0	1	4	1	3	0	1	1	0	0	0	0	0	0	0	0	0	0	0	0	0	0	0	0	0	0	4	5	1	2	0	12_192.cif
.0000000302857156511606631974871542236273	0	2	3	1	2	0	0	0	0	0	1	0	0	1	0	0	0	0	0	0	0	0	0	0	0	0	7	3	0	2	0	12_193.cif
.0000000299052946936459546793688806564399	0	1	4	2	2	0	1	0	1	0	0	0	0	0	0	0	0	0	0	0	0	0	0	0	0	0	6	3	1	2	0	12_194.cif
.0000000238164082040137837126277632726513	0	2	2	0	1	1	2	1	1	0	0	0	0	0	0	0	0	0	0	0	0	0	0	0	0	0	3	6	2	1	0	12_195.cif
.0000000235166395047699215940635569221423	0	2	2	0	1	1	2	1	1	0	0	0	0	0	0	0	0	0	0	0	0	0	0	0	0	0	7	3	0	2	0	12_196.cif
.0000000232212453783448476263313481595068	0	1	4	2	2	0	1	0	1	0	0	0	0	0	0	0	0	0	0	0	0	0	0	0	0	0	3	6	0	3	0	12_197.cif
.0000000226415419158994336471545780708194	0	1	4	1	2	1	1	0	0	1	0	0	0	0	0	0	0	0	0	0	0	0	0	0	0	0	4	5	1	2	0	12_198.cif
.0000000223565608427306968672515525653731	0	1	4	2	2	0	1	0	1	0	0	0	0	0	0	0	0	0	0	0	0	0	0	0	0	0	7	1	4	0	0	12_199.cif
.0000000217984436738303303275574961926757	0	1	4	3	0	1	1	1	0	0	0	0	0	0	0	0	0	0	0	0	0	0	0	0	0	0	6	3	2	1	0	12_200.cif
.0000000202052609734968384121504432746578	0	1	5	2	2	1	0	0	0	0	0	0	0	0	0	0	0	0	0	0	0	0	0	0	0	0	5	5	1	0	1	12_201.cif
.0000000194528820025513903842325869011618	0	2	3	1	1	1	1	1	0	0	0	0	0	0	0	0	0	0	0	0	0	0	0	0	0	0	5	5	1	0	1	12_202.cif
.0000000182609737642119923860423091033434	0	1	4	1	1	2	1	0	1	0	0	0	0	0	0	0	0	0	0	0	0	0	0	0	0	0	3	6	0	3	0	12_203.cif
.0000000180311293516820805201759490219457	0	1	4	1	3	0	1	0	1	0	0	0	0	0	0	0	0	0	0	0	0	0	0	0	0	0	4	5	0	3	0	12_204.cif
.0000000178046390956139336347305709763036	0	2	3	1	0	2	0	0	0	0	1	0	0	1	0	0	0	0	0	0	0	0	0	0	0	0	4	5	2	1	0	12_205.cif
.0000000160913560004367667286426879090387	0	0	6	2	4	0	0	0	0	0	0	0	0	0	0	0	0	0	0	0	0	0	0	0	0	0	6	2	2	2	0	12_206.cif
.0000000156892392402591877130275589378623	0	1	4	3	1	0	1	0	1	0	0	0	0	0	0	0	0	0	0	0	0	0	0	0	0	0	4	7	0	1	0	12_207.cif
.0000000152975674688909552725636253083199	0	1	4	2	1	1	1	0	1	0	0	0	0	0	0	0	0	0	0	0	0	0	0	0	0	0	4	5	1	2	0	12_208.cif
.0000000149152871769738917642169893738592	0	1	4	2	1	1	1	1	0	0	0	0	0	0	0	0	0	0	0	0	0	0	0	0	0	0	4	5	1	2	0	12_209.cif
.0000000145429366213089162254487152173909	0	1	4	0	3	1	1	0	1	0	0	0	0	0	0	0	0	0	0	0	0	0	0	0	0	0	6	3	2	1	0	12_210.cif
.0000000141795142622815056128076113008816	0	1	4	1	3	0	1	1	0	0	0	0	0	0	0	0	0	0	0	0	0	0	0	0	0	0	4	5	3	0	0	12_211.cif
.0000000140014044082868924596077917072934	0	2	2	2	0	0	2	0	1	1	0	0	0	0	0	0	0	0	0	0	0	0	0	0	0	0	6	3	2	1	0	12_212.cif
.0000000138255318044196950332907683439177	0	0	6	2	1	3	0	0	0	0	0	0	0	0	0	0	0	0	0	0	0	0	0	0	0	0	5	4	1	2	0	12_213.cif
.0000000134800371141788958620127486106149	0	2	2	0	2	0	2	0	1	1	0	0	0	0	0	0	0	0	0	0	0	0	0	0	0	0	5	4	2	1	0	12_214.cif
.0000000129780838622226002855090535575527	0	1	4	0	1	3	1	1	0	0	0	0	0	0	0	0	0	0	0	0	0	0	0	0	0	0	4	5	1	2	0	12_215.cif
.0000000128150652581242124580416720786759	0	2	2	1	1	0	2	1	1	0	0	0	0	0	0	0	0	0	0	0	0	0	0	0	0	0	7	2	0	3	0	12_216.cif
.0000000126540943419252335127163475334215	0	1	4	2	1	1	1	0	1	0	0	0	0	0	0	0	0	0	0	0	0	0	0	0	0	0	6	3	2	1	0	12_217.cif
.0000000118784506732307439075630606510452	0	1	4	1	3	0	1	0	1	0	0	0	0	0	0	0	0	0	0	0	0	0	0	0	0	0	6	2	3	1	0	12_218.cif
.0000000117292446372581881238961036404898	0	1	4	1	3	0	1	0	1	0	0	0	0	0	0	0	0	0	0	0	0	0	0	0	0	0	6	3	1	2	0	12_219.cif
.0000000115819127885667071532796965089852	0	1	4	2	1	1	1	0	1	0	0	0	0	0	0	0	0	0	0	0	0	0	0	0	0	0	5	4	1	2	0	12_220.cif
.0000000112924852694022997729722198067564	0	1	4	3	1	0	1	1	0	0	0	0	0	0	0	0	0	0	0	0	0	0	0	0	0	0	4	4	2	2	0	12_221.cif
.0000000108719894164878532689711026914863	0	1	4	2	2	0	1	1	0	0	0	0	0	0	0	0	0	0	0	0	0	0	0	0	0	0	6	3	2	1	0	12_222.cif
.0000000106005771900667252442113998807699	0	2	2	1	1	0	2	0	2	0	0	0	0	0	0	0	0	0	0	0	0	0	0	0	0	0	5	5	1	1	0	12_223.cif
.0000000103356728677979074760173411581211	0	2	2	1	1	0	2	0	1	1	0	0	0	0	0	0	0	0	0	0	0	0	0	0	0	0	8	2	1	1	0	12_224.cif
.0000000094599311915496546856235869682188	0	2	2	0	1	1	2	1	1	0	0	0	0	0	0	0	0	0	0	0	0	0	0	0	0	0	7	3	0	2	0	12_225.cif
.0000000088803065415953177212127556479136	0	1	4	0	3	1	1	1	0	0	0	0	0	0	0	0	0	0	0	0	0	0	0	0	0	0	4	5	3	0	0	12_226.cif
.0000000083359804634947562720071470601997	0	1	4	1	1	2	1	1	0	0	0	0	0	0	0	0	0	0	0	0	0	0	0	0	0	0	4	5	1	2	0	12_227.cif
.0000000080255753461754471773948220453200	0	1	4	2	2	0	1	0	0	1	0	0	0	0	0	0	0	0	0	0	0	0	0	0	0	0	4	4	2	2	0	12_228.cif
.0000000076296727467501433953165153143194	0	1	4	3	1	0	1	1	0	0	0	0	0	0	0	0	0	0	0	0	0	0	0	0	0	0	6	3	0	3	0	12_229.cif
.0000000074392028715753552057600825049253	0	1	4	2	2	0	1	0	1	0	0	0	0	0	0	0	0	0	0	0	0	0	0	0	0	0	5	4	1	2	0	12_230.cif
.0000000073455682584497908312763062825182	0	1	4	1	3	0	1	0	1	0	0	0	0	0	0	0	0	0	0	0	0	0	0	0	0	0	4	4	4	0	0	12_231.cif
.0000000070722260970177043918277950913833	0	2	2	1	1	0	2	1	1	0	0	0	0	0	0	0	0	0	0	0	0	0	0	0	0	0	5	5	2	0	0	12_232.cif
.0000000068088791300991751069838966049962	0	1	4	2	2	0	1	1	0	0	0	0	0	0	0	0	0	0	0	0	0	0	0	0	0	0	5	4	0	3	0	12_233.cif
.0000000067231781787779542996441264179117	0	1	4	2	2	0	1	1	0	0	0	0	0	0	0	0	0	0	0	0	0	0	0	0	0	0	7	2	2	1	0	12_234.cif
.0000000066387278752166222370400009966065	0	1	4	2	1	1	1	0	1	0	0	0	0	0	0	0	0	0	0	0	0	0	0	0	0	0	4	7	0	1	0	12_235.cif
.0000000064729963017031316734420314074948	0	1	4	1	2	1	1	1	0	0	0	0	0	0	0	0	0	0	0	0	0	0	0	0	0	0	5	4	2	1	0	12_236.cif
.0000000063112386287381146958758824767574	0	0	6	2	4	0	0	0	0	0	0	0	0	0	0	0	0	0	0	0	0	0	0	0	0	0	6	3	1	2	0	12_237.cif
.0000000060762283890233365691372855163350	0	1	4	2	0	2	1	1	0	0	0	0	0	0	0	0	0	0	0	0	0	0	0	0	0	0	4	5	2	1	0	12_238.cif
.0000000057039284555760067126905700800520	0	2	3	2	1	0	0	0	0	0	1	0	0	0	1	0	0	0	0	0	0	0	0	0	0	0	8	2	1	1	0	12_239.cif
.0000000052206345345339316117131346597226	0	1	4	1	1	2	1	0	0	1	0	0	0	0	0	0	0	0	0	0	0	0	0	0	0	0	4	4	2	2	0	12_240.cif
.0000000050901728975506353296040332176727	0	1	5	3	2	0	0	0	0	0	0	0	0	0	0	0	0	0	0	0	0	0	0	0	0	0	3	7	1	0	1	12_241.cif
.0000000050262348856540130188223113521338	0	1	4	3	0	1	1	0	1	0	0	0	0	0	0	0	0	0	0	0	0	0	0	0	0	0	2	6	4	0	0	12_242.cif
.0000000048390740548209526740711886595283	0	2	2	1	0	1	2	1	1	0	0	0	0	0	0	0	0	0	0	0	0	0	0	0	0	0	7	3	1	1	0	12_243.cif
.0000000046588824917191124630949175715096	0	1	4	2	1	1	1	0	1	0	0	0	0	0	0	0	0	0	0	0	0	0	0	0	0	0	6	3	2	1	0	12_244.cif
.0000000044855168697089019514711332352578	0	1	5	2	2	1	0	0	0	0	0	0	0	0	0	0	0	0	0	0	0	0	0	0	0	0	8	2	0	1	1	12_245.cif
.0000000043734255387284512236275832812870	0	1	4	1	2	1	1	1	0	0	0	0	0	0	0	0	0	0	0	0	0	0	0	0	0	0	5	3	1	3	0	12_246.cif
.0000000043184906397078762734626230830297	0	2	2	0	2	0	2	1	1	0	0	0	0	0	0	0	0	0	0	0	0	0	0	0	0	0	2	7	2	1	0	12_247.cif
.0000000040537850169666275841027090962588	0	1	5	2	1	2	0	0	0	0	0	0	0	0	0	0	0	0	0	0	0	0	0	0	0	0	5	5	1	0	1	12_248.cif
.0000000038538113133376102515421466060448	0	2	2	1	0	1	2	1	1	0	0	0	0	0	0	0	0	0	0	0	0	0	0	0	0	0	7	1	3	1	0	12_249.cif
.0000000038054033243441348837282437813186	0	2	2	1	0	1	2	1	1	0	0	0	0	0	0	0	0	0	0	0	0	0	0	0	0	0	4	5	2	1	0	12_250.cif
.0000000036176823195581684426097332529899	0	2	3	1	2	0	0	0	0	0	1	1	0	0	0	0	0	0	0	0	0	0	0	0	0	0	4	5	2	1	0	12_251.cif
.0000000034392216145707591867787986833300	0	1	4	2	2	0	1	0	1	0	0	0	0	0	0	0	0	0	0	0	0	0	0	0	0	0	5	3	2	2	0	12_252.cif
.0000000033532767971702642734237235761130	0	1	4	2	2	0	1	1	0	0	0	0	0	0	0	0	0	0	0	0	0	0	0	0	0	0	2	6	2	2	0	12_253.cif
.0000000033111560566639233257039016231539	0	2	3	1	1	1	0	0	0	0	1	0	1	0	0	0	0	0	0	0	0	0	0	0	0	0	3	7	1	1	0	12_254.cif
.0000000032694797075017394051668066160257	0	2	3	1	2	0	0	0	0	0	1	0	0	0	1	0	0	0	0	0	0	0	0	0	0	0	6	3	1	2	0	12_255.cif
.0000000032284115480027561101286670196716	0	2	2	2	0	0	2	1	1	0	0	0	0	0	0	0	0	0	0	0	0	0	0	0	0	0	5	5	1	1	0	12_256.cif
.0000000030691536171083623002495613689295	0	1	5	2	2	1	0	0	0	0	0	0	0	0	0	0	0	0	0	0	0	0	0	0	0	0	7	1	3	0	1	12_257.cif
.0000000029548682018819807124343915541629	0	2	2	0	1	1	2	0	2	0	0	0	0	0	0	0	0	0	0	0	0	0	0	0	0	0	4	5	2	1	0	12_258.cif
.0000000027389767168583743288768501704178	0	1	4	2	2	0	1	1	0	0	0	0	0	0	0	0	0	0	0	0	0	0	0	0	0	0	2	6	1	3	0	12_259.cif
.0000000026369860280780353293408936687390	0	1	4	2	1	1	1	0	1	0	0	0	0	0	0	0	0	0	0	0	0	0	0	0	0	0	6	3	1	2	0	12_260.cif
.0000000023532403878980687258896582078737	0	1	4	1	3	0	1	1	0	0	0	0	0	0	0	0	0	0	0	0	0	0	0	0	0	0	5	3	3	1	0	12_261.cif
.0000000022371547558461023550921977376002	0	1	4	0	1	3	1	0	0	1	0	0	0	0	0	0	0	0	0	0	0	0	0	0	0	0	5	4	3	0	0	12_262.cif
.0000000021267956420190510639415520303756	0	1	4	0	4	0	1	0	0	1	0	0	0	0	0	0	0	0	0	0	0	0	0	0	0	0	5	3	2	2	0	12_263.cif
.0000000019221409449594887197186981073738	0	2	2	0	1	1	2	1	1	0	0	0	0	0	0	0	0	0	0	0	0	0	0	0	0	0	5	5	1	1	0	12_264.cif
.0000000018979476373079694112771416090910	0	2	2	1	1	0	2	1	1	0	0	0	0	0	0	0	0	0	0	0	0	0	0	0	0	0	4	5	2	1	0	12_265.cif
.0000000018043216515346981790994831235164	0	1	4	3	1	0	1	0	1	0	0	0	0	0	0	0	0	0	0	0	0	0	0	0	0	0	6	3	2	1	0	12_266.cif
.0000000017153142469275807976905043243096	0	2	3	2	0	1	0	0	0	0	1	0	0	0	1	0	0	0	0	0	0	0	0	0	0	0	3	6	3	0	0	12_267.cif
.0000000016102142837454788896849761693571	0	1	4	1	2	1	1	0	0	1	0	0	0	0	0	0	0	0	0	0	0	0	0	0	0	0	6	3	2	1	0	12_268.cif
.0000000015502550796849525969454156047090	0	2	2	1	0	1	2	2	0	0	0	0	0	0	0	0	0	0	0	0	0	0	0	0	0	0	4	5	2	1	0	12_269.cif
.0000000014552308523536301146523122773383	0	2	2	2	0	0	2	1	1	0	0	0	0	0	0	0	0	0	0	0	0	0	0	0	0	0	4	5	2	1	0	12_270.cif
.0000000013660666019675709667070242091980	0	1	4	0	3	1	1	1	0	0	0	0	0	0	0	0	0	0	0	0	0	0	0	0	0	0	6	2	3	1	0	12_271.cif
.0000000013489073454145744576450898625283	0	3	1	0	1	0	1	1	0	0	1	0	0	0	0	1	0	0	0	0	0	0	0	0	0	0	7	3	1	1	0	12_272.cif
.0000000012662249017836758886289845129618	0	1	4	3	1	0	1	0	1	0	0	0	0	0	0	0	0	0	0	0	0	0	0	0	0	0	6	2	2	2	0	12_273.cif
.0000000012037618747170743139209214915435	0	1	4	2	1	1	1	0	1	0	0	0	0	0	0	0	0	0	0	0	0	0	0	0	0	0	5	3	4	0	0	12_274.cif
.0000000011443801563064839619962275898150	0	0	6	2	2	2	0	0	0	0	0	0	0	0	0	0	0	0	0	0	0	0	0	0	0	0	5	3	2	2	0	12_275.cif
.0000000011300055184462668363229016021051	0	0	6	2	4	0	0	0	0	0	0	0	0	0	0	0	0	0	0	0	0	0	0	0	0	0	5	3	3	1	0	12_276.cif
.0000000011158114414009796827413910383284	0	2	2	2	0	0	2	1	1	0	0	0	0	0	0	0	0	0	0	0	0	0	0	0	0	0	5	4	1	2	0	12_277.cif
.0000000011017671177764870658647546419770	0	1	4	2	2	0	1	1	0	0	0	0	0	0	0	0	0	0	0	0	0	0	0	0	0	0	4	4	1	3	0	12_278.cif
.0000000010084143777180298646374827662481	0	1	4	0	3	1	1	0	1	0	0	0	0	0	0	0	0	0	0	0	0	0	0	0	0	0	4	5	1	2	0	12_279.cif
.0000000009347366152425186836575487187989	0	1	4	1	3	0	1	1	0	0	0	0	0	0	0	0	0	0	0	0	0	0	0	0	0	0	6	2	3	1	0	12_280.cif
.0000000008664195267817264201506691250789	0	1	4	0	3	1	1	0	1	0	0	0	0	0	0	0	0	0	0	0	0	0	0	0	0	0	6	2	2	2	0	12_281.cif
.0000000008555363715086525501671323558213	0	2	2	1	1	0	2	0	1	1	0	0	0	0	0	0	0	0	0	0	0	0	0	0	0	0	2	7	2	1	0	12_282.cif
.0000000008030955288874664173835579694129	0	1	4	3	0	1	1	1	0	0	0	0	0	0	0	0	0	0	0	0	0	0	0	0	0	0	3	5	2	2	0	12_283.cif
.0000000007830467653011406686314101480941	0	2	2	1	0	1	2	1	1	0	0	0	0	0	0	0	0	0	0	0	0	0	0	0	0	0	5	4	2	1	0	12_284.cif
.0000000007731908328586543518465642361850	0	3	0	0	0	0	3	1	2	0	0	0	0	0	0	0	0	0	0	0	0	0	0	0	0	0	5	5	1	1	0	12_285.cif
.0000000007538886207836203558840943798778	0	1	4	1	2	1	1	0	0	1	0	0	0	0	0	0	0	0	0	0	0	0	0	0	0	0	6	2	3	1	0	12_286.cif
.0000000007444189739612921943905753512060	0	1	4	3	0	1	1	1	0	0	0	0	0	0	0	0	0	0	0	0	0	0	0	0	0	0	2	6	2	2	0	12_287.cif
.0000000006900116296177617829757076883380	0	1	4	1	3	0	1	1	0	0	0	0	0	0	0	0	0	0	0	0	0	0	0	0	0	0	7	1	2	2	0	12_288.cif
.0000000006813443460752837782331439138179	0	1	4	2	2	0	1	0	1	0	0	0	0	0	0	0	0	0	0	0	0	0	0	0	0	0	3	5	4	0	0	12_289.cif
.0000000006727685059817416259503804313876	0	1	4	1	1	2	1	1	0	0	0	0	0	0	0	0	0	0	0	0	0	0	0	0	0	0	6	4	1	1	0	12_290.cif
.0000000006157648230390354023298018804073	0	2	2	0	0	2	2	1	1	0	0	0	0	0	0	0	0	0	0	0	0	0	0	0	0	0	6	3	2	1	0	12_291.cif
.0000000006003926500934489786408680248762	0	2	2	1	1	0	2	1	0	1	0	0	0	0	0	0	0	0	0	0	0	0	0	0	0	0	7	2	2	1	0	12_292.cif
.0000000005928357203409703252554155730515	0	1	4	2	1	1	1	1	0	0	0	0	0	0	0	0	0	0	0	0	0	0	0	0	0	0	6	3	1	2	0	12_293.cif
.0000000005158379858072058317154688948291	0	1	4	2	1	1	1	1	0	0	0	0	0	0	0	0	0	0	0	0	0	0	0	0	0	0	5	4	2	1	0	12_294.cif
.0000000004966427016537818356904792194313	0	2	2	0	1	1	2	0	2	0	0	0	0	0	0	0	0	0	0	0	0	0	0	0	0	0	4	5	2	1	0	12_295.cif
.0000000004842317927068019762251507554870	0	1	4	1	1	2	1	0	1	0	0	0	0	0	0	0	0	0	0	0	0	0	0	0	0	0	4	5	2	1	0	12_296.cif
.0000000004781493238504477180452386685957	0	1	4	2	2	0	1	1	0	0	0	0	0	0	0	0	0	0	0	0	0	0	0	0	0	0	2	6	3	1	0	12_297.cif
.0000000004662005572590788350573338771232	0	2	2	2	0	0	2	1	1	0	0	0	0	0	0	0	0	0	0	0	0	0	0	0	0	0	7	1	3	1	0	12_298.cif
.0000000004603445799914723934032513943668	0	1	4	1	2	1	1	0	1	0	0	0	0	0	0	0	0	0	0	0	0	0	0	0	0	0	3	4	3	2	0	12_299.cif
.0000000004545621600571311418595214310692	0	1	4	2	2	0	1	1	0	0	0	0	0	0	0	0	0	0	0	0	0	0	0	0	0	0	1	7	4	0	0	12_300.cif
.0000000004488407470599000167591058295747	0	0	6	4	1	1	0	0	0	0	0	0	0	0	0	0	0	0	0	0	0	0	0	0	0	0	3	4	3	2	0	12_301.cif
.0000000004432028275623100520716157015098	0	1	4	3	1	0	1	0	0	1	0	0	0	0	0	0	0	0	0	0	0	0	0	0	0	0	4	4	2	2	0	12_302.cif
.0000000004376357263593368706121492886333	0	0	6	2	3	1	0	0	0	0	0	0	0	0	0	0	0	0	0	0	0	0	0	0	0	0	4	4	2	2	0	12_303.cif
.0000000004005548464311292678074964572567	1	0	3	1	0	2	2	1	1	0	0	0	0	0	0	0	0	0	0	0	0	0	0	0	0	0	5	5	1	1	0	12_304.cif
.0000000003485306267805687713395568863087	0	1	4	2	1	1	1	0	0	1	0	0	0	0	0	0	0	0	0	0	0	0	0	0	0	0	3	7	2	0	0	12_305.cif
.0000000003441437951583659203328098052296	0	1	5	4	0	1	0	0	0	0	0	0	0	0	0	0	0	0	0	0	0	0	0	0	0	0	3	6	2	0	1	12_306.cif
.0000000003313375689411064166685493067095	0	1	4	1	1	2	1	1	0	0	0	0	0	0	0	0	0	0	0	0	0	0	0	0	0	0	7	2	1	2	0	12_307.cif
.0000000003271671402517224414258403755040	0	1	4	1	3	0	1	0	1	0	0	0	0	0	0	0	0	0	0	0	0	0	0	0	0	0	6	3	1	2	0	12_308.cif
.0000000003189996229238552332009706008928	0	2	2	0	2	0	2	0	2	0	0	0	0	0	0	0	0	0	0	0	0	0	0	0	0	0	5	5	1	1	0	12_309.cif
.0000000003149844875934551312076215515931	0	2	3	1	0	2	0	0	0	0	1	0	0	0	1	0	0	0	0	0	0	0	0	0	0	0	3	7	1	1	0	12_310.cif
.0000000003071211023572436708367796451986	0	2	2	0	2	0	2	0	1	1	0	0	0	0	0	0	0	0	0	0	0	0	0	0	0	0	5	4	2	1	0	12_311.cif
.0000000002994462648445623693476231738091	0	2	3	1	2	0	0	0	0	0	1	0	0	0	0	1	0	0	0	0	0	0	0	0	0	0	6	4	2	0	0	12_312.cif
.0000000002919707813500973401851794349390	0	1	4	2	1	1	1	0	1	0	0	0	0	0	0	0	0	0	0	0	0	0	0	0	0	0	5	3	1	3	0	12_313.cif
.0000000002846745444972285888780314984048	0	2	2	1	1	0	2	0	2	0	0	0	0	0	0	0	0	0	0	0	0	0	0	0	0	0	2	7	0	3	0	12_314.cif
.0000000002706315148955720029024292048858	0	2	2	1	1	0	2	0	2	0	0	0	0	0	0	0	0	0	0	0	0	0	0	0	0	0	7	3	2	0	0	12_315.cif
.0000000002605540671976866661138984939865	0	1	4	1	2	1	1	1	0	0	0	0	0	0	0	0	0	0	0	0	0	0	0	0	0	0	2	6	3	1	0	12_316.cif
.0000000002572812296372542116997512251200	0	2	3	0	1	2	1	0	1	0	0	0	0	0	0	0	0	0	0	0	0	0	0	0	0	0	5	5	0	1	1	12_317.cif
.0000000002477009036492867335102331369796	0	1	4	2	1	1	1	1	0	0	0	0	0	0	0	0	0	0	0	0	0	0	0	0	0	0	2	6	1	3	0	12_318.cif
.0000000002384773182061508047003775618575	0	1	4	2	1	1	1	1	0	0	0	0	0	0	0	0	0	0	0	0	0	0	0	0	0	0	3	5	2	2	0	12_319.cif
.0000000002354817882083629889106012849895	0	1	4	1	3	0	1	0	0	1	0	0	0	0	0	0	0	0	0	0	0	0	0	0	0	0	4	3	3	2	0	12_320.cif
.0000000002295971894366622349657449419292	0	2	2	1	1	0	2	1	1	0	0	0	0	0	0	0	0	0	0	0	0	0	0	0	0	0	4	5	2	1	0	12_321.cif
.0000000002238654432053300186886719475036	0	2	2	1	1	0	2	1	1	0	0	0	0	0	0	0	0	0	0	0	0	0	0	0	0	0	7	1	2	2	0	12_322.cif
.0000000002182711324005102310926953437736	0	1	4	1	2	1	1	0	1	0	0	0	0	0	0	0	0	0	0	0	0	0	0	0	0	0	5	3	2	2	0	12_323.cif
.0000000002128221339018140303313897345151	0	2	3	1	1	1	0	0	0	0	1	0	0	0	0	1	0	0	0	0	0	0	0	0	0	0	6	4	2	0	0	12_324.cif
.0000000002101434170397433654545877729501	0	1	4	1	2	1	1	1	0	0	0	0	0	0	0	0	0	0	0	0	0	0	0	0	0	0	3	5	1	3	0	12_325.cif
.0000000002075037911234705839579642793889	0	1	4	2	1	1	1	1	0	0	0	0	0	0	0	0	0	0	0	0	0	0	0	0	0	0	4	4	3	1	0	12_326.cif
.0000000001997770169413632637116200155032	0	2	2	1	0	1	2	0	1	1	0	0	0	0	0	0	0	0	0	0	0	0	0	0	0	0	6	4	0	2	0	12_327.cif
.0000000001972676040897850651668658628098	0	2	2	1	1	0	2	0	2	0	0	0	0	0	0	0	0	0	0	0	0	0	0	0	0	0	5	4	3	0	0	12_328.cif
.0000000001899219926096547926536895900427	0	3	1	0	1	0	1	0	1	0	1	0	0	0	0	1	0	0	0	0	0	0	0	0	0	0	7	4	1	0	0	12_329.cif
.0000000001851807121608024516438539578697	0	2	3	1	1	1	0	0	0	0	1	0	0	1	0	0	0	0	0	0	0	0	0	0	0	0	6	4	2	0	0	12_330.cif
.0000000001694903483740567531200305754202	1	0	3	2	0	1	2	1	1	0	0	0	0	0	0	0	0	0	0	0	0	0	0	0	0	0	3	6	2	1	0	12_331.cif
.0000000001611293690542667537674951899658	0	2	2	1	0	1	2	0	2	0	0	0	0	0	0	0	0	0	0	0	0	0	0	0	0	0	4	5	2	1	0	12_332.cif
.0000000001531768700724549416011857763741	0	1	4	1	3	0	1	1	0	0	0	0	0	0	0	0	0	0	0	0	0	0	0	0	0	0	1	6	3	2	0	12_333.cif
.0000000001366982344419032955587993723781	0	1	4	3	1	0	1	0	0	1	0	0	0	0	0	0	0	0	0	0	0	0	0	0	0	0	4	4	3	1	0	12_334.cif
.0000000001299548940559471202377541924794	0	1	4	0	3	1	1	0	1	0	0	0	0	0	0	0	0	0	0	0	0	0	0	0	0	0	3	5	4	0	0	12_335.cif
.0000000001235442034642367764992648879016	0	1	5	4	0	1	0	0	0	0	0	0	0	0	0	0	0	0	0	0	0	0	0	0	0	0	5	4	1	1	1	12_336.cif
.0000000001219891963089029239194642148577	0	1	4	0	3	1	1	1	0	0	0	0	0	0	0	0	0	0	0	0	0	0	0	0	0	0	6	2	2	2	0	12_337.cif
.0000000001204568816229693229040560436703	0	1	4	2	1	1	1	0	0	1	0	0	0	0	0	0	0	0	0	0	0	0	0	0	0	0	6	3	2	1	0	12_338.cif
.0000000001189438144472068863756038401051	0	2	2	1	1	0	2	0	1	1	0	0	0	0	0	0	0	0	0	0	0	0	0	0	0	0	3	6	2	1	0	12_339.cif
.0000000001174467107599290770920969897642	0	2	2	0	2	0	2	0	2	0	0	0	0	0	0	0	0	0	0	0	0	0	0	0	0	0	3	7	2	0	0	12_340.cif
.0000000001088657037353349617483694225985	0	2	3	1	1	1	1	0	1	0	0	0	0	0	0	0	0	0	0	0	0	0	0	0	0	0	6	4	1	0	1	12_341.cif
.0000000001074982341423249800186789464345	0	1	4	1	2	1	1	0	1	0	0	0	0	0	0	0	0	0	0	0	0	0	0	0	0	0	5	3	2	2	0	12_342.cif
.0000000001021926861681658289244573864524	0	1	4	1	2	1	1	0	1	0	0	0	0	0	0	0	0	0	0	0	0	0	0	0	0	0	3	5	3	1	0	12_343.cif
.0000000001009090368078244341500117443763	0	0	6	5	1	0	0	0	0	0	0	0	0	0	0	0	0	0	0	0	0	0	0	0	0	0	4	4	2	2	0	12_344.cif
.0000000000983899075761046024416625928972	0	2	3	1	1	1	0	0	0	0	1	0	0	0	1	0	0	0	0	0	0	0	0	0	0	0	7	2	2	1	0	12_345.cif
.0000000000947261836820837537202001085820	0	3	1	0	1	0	1	0	1	0	1	0	0	1	0	0	0	0	0	0	0	0	0	0	0	0	5	5	1	1	0	12_346.cif
.0000000000911988850892172606713113281521	0	1	4	3	1	0	1	1	0	0	0	0	0	0	0	0	0	0	0	0	0	0	0	0	0	0	3	5	3	1	0	12_347.cif
.0000000000900533296204435089237437381214	0	2	2	1	1	0	2	1	1	0	0	0	0	0	0	0	0	0	0	0	0	0	0	0	0	0	7	2	2	1	0	12_348.cif
.0000000000878029317578150606882000531200	0	2	2	1	0	1	2	2	0	0	0	0	0	0	0	0	0	0	0	0	0	0	0	0	0	0	2	6	2	2	0	12_349.cif
.0000000000856087704670209648752851586252	0	1	5	3	2	0	0	0	0	0	0	0	0	0	0	0	0	0	0	0	0	0	0	0	0	0	6	2	2	1	1	12_350.cif
.0000000000845334328125358904589738450135	0	2	2	1	1	0	2	1	1	0	0	0	0	0	0	0	0	0	0	0	0	0	0	0	0	0	5	4	2	1	0	12_351.cif
.0000000000803633883801730714238372273317	0	2	2	1	1	0	2	1	1	0	0	0	0	0	0	0	0	0	0	0	0	0	0	0	0	0	4	5	1	2	0	12_352.cif
.0000000000793539383308875360932926984106	0	1	4	0	4	0	1	0	1	0	0	0	0	0	0	0	0	0	0	0	0	0	0	0	0	0	6	3	1	2	0	12_353.cif
.0000000000783571680531066822481779914859	0	2	2	1	0	1	2	0	2	0	0	0	0	0	0	0	0	0	0	0	0	0	0	0	0	0	5	4	1	2	0	12_354.cif
.0000000000754393989857669410804309642934	0	2	2	0	1	1	2	2	0	0	0	0	0	0	0	0	0	0	0	0	0	0	0	0	0	0	6	3	0	3	0	12_355.cif
.0000000000726302782596300707221054875000	0	2	3	1	1	1	0	0	0	0	1	0	0	0	0	1	0	0	0	0	0	0	0	0	0	0	5	5	2	0	0	12_356.cif
.0000000000708152757089584080338890977148	0	2	2	1	1	0	2	0	1	1	0	0	0	0	0	0	0	0	0	0	0	0	0	0	0	0	5	5	1	1	0	12_357.cif
.0000000000690474178764584751048373683537	0	2	2	1	1	0	2	0	2	0	0	0	0	0	0	0	0	0	0	0	0	0	0	0	0	0	5	3	3	1	0	12_358.cif
.0000000000681783424698870900585187287713	0	1	4	3	1	0	1	1	0	0	0	0	0	0	0	0	0	0	0	0	0	0	0	0	0	0	1	6	5	0	0	12_359.cif
.0000000000673219496204360921772950209197	0	2	3	1	1	1	0	0	0	0	1	0	0	1	0	0	0	0	0	0	0	0	0	0	0	0	6	5	0	1	0	12_360.cif
.0000000000664763139804745260815766379551	0	3	1	1	0	0	1	1	0	0	1	0	0	1	0	0	0	0	0	0	0	0	0	0	0	0	5	5	1	1	0	12_361.cif
.0000000000656413004279540541380610340578	0	1	4	1	3	0	1	1	0	0	0	0	0	0	0	0	0	0	0	0	0	0	0	0	0	0	6	2	0	4	0	12_362.cif
.0000000000648150966159683680166519533456	0	1	4	1	2	1	1	1	0	0	0	0	0	0	0	0	0	0	0	0	0	0	0	0	0	0	5	3	1	3	0	12_363.cif
.0000000000631970293971425254677118191834	0	2	2	1	1	0	2	1	1	0	0	0	0	0	0	0	0	0	0	0	0	0	0	0	0	0	5	4	1	2	0	12_364.cif
.0000000000616177600855110880935991809465	1	0	3	2	0	1	2	1	1	0	0	0	0	0	0	0	0	0	0	0	0	0	0	0	0	0	5	3	2	2	0	12_365.cif
.0000000000608437751626636935287393567290	0	1	4	0	4	0	1	1	0	0	0	0	0	0	0	0	0	0	0	0	0	0	0	0	0	0	5	2	3	2	0	12_366.cif
.0000000000593233127638006463297880649635	0	1	4	1	2	1	1	0	1	0	0	0	0	0	0	0	0	0	0	0	0	0	0	0	0	0	5	3	4	0	0	12_367.cif
.0000000000542968478180850328522914589108	0	2	2	0	1	1	2	0	0	2	0	0	0	0	0	0	0	0	0	0	0	0	0	0	0	0	5	4	1	2	0	12_368.cif
.0000000000522750077369033264413751486582	0	1	4	3	1	0	1	0	1	0	0	0	0	0	0	0	0	0	0	0	0	0	0	0	0	0	6	2	2	2	0	12_369.cif
.0000000000516183777689534215432213713037	0	2	2	1	1	0	2	1	1	0	0	0	0	0	0	0	0	0	0	0	0	0	0	0	0	0	5	3	3	1	0	12_370.cif
.0000000000490720369702735378290036133247	0	2	2	0	2	0	2	1	0	1	0	0	0	0	0	0	0	0	0	0	0	0	0	0	0	0	6	2	0	4	0	12_371.cif
.0000000000454855093474311976898320794258	0	2	2	0	2	0	2	0	2	0	0	0	0	0	0	0	0	0	0	0	0	0	0	0	0	0	5	4	3	0	0	12_372.cif
.0000000000449141627357710284560986062092	0	2	2	1	1	0	2	1	1	0	0	0	0	0	0	0	0	0	0	0	0	0	0	0	0	0	5	3	1	3	0	12_373.cif
.0000000000443499928482003299675271076871	0	1	4	2	0	2	1	0	1	0	0	0	0	0	0	0	0	0	0	0	0	0	0	0	0	0	4	4	3	1	0	12_374.cif
.0000000000437929095373941592619447007656	0	1	4	1	2	1	1	0	1	0	0	0	0	0	0	0	0	0	0	0	0	0	0	0	0	0	6	3	0	3	0	12_375.cif
.0000000000432417036873904483914289063611	0	2	2	1	1	0	2	0	1	1	0	0	0	0	0	0	0	0	0	0	0	0	0	0	0	0	6	4	2	0	0	12_376.cif
.0000000000426985416729675219754517081757	0	1	4	3	0	1	1	0	0	1	0	0	0	0	0	0	0	0	0	0	0	0	0	0	0	0	4	4	1	3	0	12_377.cif
.0000000000405922174643170793062008498879	0	2	3	3	0	0	1	0	0	1	0	0	0	0	0	0	0	0	0	0	0	0	0	0	0	0	3	6	1	1	1	12_378.cif
.0000000000381040823498070044207802213789	0	2	2	0	2	0	2	0	2	0	0	0	0	0	0	0	0	0	0	0	0	0	0	0	0	0	4	4	2	2	0	12_379.cif
.0000000000362244033734961830328745287739	1	0	3	0	1	2	2	0	1	1	0	0	0	0	0	0	0	0	0	0	0	0	0	0	0	0	6	4	0	2	0	12_380.cif
.0000000000357693861510051459547747768207	0	2	2	1	0	1	2	1	1	0	0	0	0	0	0	0	0	0	0	0	0	0	0	0	0	0	3	5	0	4	0	12_381.cif
.0000000000348764264210923867742168428676	0	1	4	1	2	1	1	1	0	0	0	0	0	0	0	0	0	0	0	0	0	0	0	0	0	0	4	4	1	3	0	12_382.cif
.0000000000344374491877090938850926220761	0	0	6	2	1	3	0	0	0	0	0	0	0	0	0	0	0	0	0	0	0	0	0	0	0	0	4	3	3	2	0	12_383.cif
.0000000000319213464252155766474676822827	0	2	2	1	1	0	2	0	1	1	0	0	0	0	0	0	0	0	0	0	0	0	0	0	0	0	4	4	2	2	0	12_384.cif
.0000000000307326980921848976350252956863	0	2	3	1	2	0	1	0	1	0	0	0	0	0	0	0	0	0	0	0	0	0	0	0	0	0	6	3	1	1	1	12_385.cif
.0000000000277746700493722924497821458001	0	2	2	1	1	0	2	2	0	0	0	0	0	0	0	0	0	0	0	0	0	0	0	0	0	0	8	0	4	0	0	12_386.cif
.0000000000270812932673106707662639827527	0	1	4	3	0	1	1	1	0	0	0	0	0	0	0	0	0	0	0	0	0	0	0	0	0	0	6	2	2	2	0	12_387.cif
.0000000000267411232797775502890485610665	0	2	2	1	1	0	2	1	1	0	0	0	0	0	0	0	0	0	0	0	0	0	0	0	0	0	8	2	0	2	0	12_388.cif
.0000000000251020029756861085195880758565	0	2	2	1	0	1	2	1	1	0	0	0	0	0	0	0	0	0	0	0	0	0	0	0	0	0	7	2	2	1	0	12_389.cif
.0000000000247866949896527124253874528321	0	1	4	0	4	0	1	1	0	0	0	0	0	0	0	0	0	0	0	0	0	0	0	0	0	0	3	6	2	1	0	12_390.cif
.0000000000241672850726464364161323066320	0	2	2	0	1	1	2	1	1	0	0	0	0	0	0	0	0	0	0	0	0	0	0	0	0	0	5	5	2	0	0	12_391.cif
.0000000000235639643374207749296899353377	0	1	4	2	1	1	1	1	0	0	0	0	0	0	0	0	0	0	0	0	0	0	0	0	0	0	5	3	3	1	0	12_392.cif
.0000000000232673730597625876744946740756	0	2	2	0	1	1	2	1	0	1	0	0	0	0	0	0	0	0	0	0	0	0	0	0	0	0	2	6	1	3	0	12_393.cif
.0000000000229751099862991875150644095487	0	2	2	0	1	1	2	0	2	0	0	0	0	0	0	0	0	0	0	0	0	0	0	0	0	0	5	3	2	2	0	12_394.cif
.0000000000212964799173290483080365702635	0	2	2	0	2	0	2	1	1	0	0	0	0	0	0	0	0	0	0	0	0	0	0	0	0	0	3	5	2	2	0	12_395.cif
.0000000000210284286633950121371408124929	0	2	2	1	1	0	2	0	1	1	0	0	0	0	0	0	0	0	0	0	0	0	0	0	0	0	4	4	3	1	0	12_396.cif
.0000000000202453975736645849061175121569	0	2	2	2	0	0	2	0	1	1	0	0	0	0	0	0	0	0	0	0	0	0	0	0	0	0	3	5	3	1	0	12_397.cif
.0000000000199910937421503945893821480323	0	2	2	1	1	0	2	0	2	0	0	0	0	0	0	0	0	0	0	0	0	0	0	0	0	0	4	5	1	2	0	12_398.cif
.0000000000192466896704820226233496375907	0	1	4	1	2	1	1	0	1	0	0	0	0	0	0	0	0	0	0	0	0	0	0	0	0	0	3	6	2	1	0	12_399.cif
.0000000000173946426914067181828812851165	0	1	4	1	2	1	1	0	1	0	0	0	0	0	0	0	0	0	0	0	0	0	0	0	0	0	3	5	3	1	0	12_400.cif
.0000000000161233205626759558607128040870	0	1	4	1	2	1	1	0	1	0	0	0	0	0	0	0	0	0	0	0	0	0	0	0	0	0	5	3	1	3	0	12_401.cif
.0000000000159207944240362466350292214036	0	1	4	3	1	0	1	0	1	0	0	0	0	0	0	0	0	0	0	0	0	0	0	0	0	0	4	4	3	1	0	12_402.cif
.0000000000155233420263667252226810688030	0	2	2	0	2	0	2	1	1	0	0	0	0	0	0	0	0	0	0	0	0	0	0	0	0	0	4	5	2	1	0	12_403.cif
.0000000000153279552154210977627350170127	0	1	4	2	1	1	1	0	1	0	0	0	0	0	0	0	0	0	0	0	0	0	0	0	0	0	3	5	2	2	0	12_404.cif
.0000000000151354197156179225514940857015	0	2	2	2	0	0	2	0	2	0	0	0	0	0	0	0	0	0	0	0	0	0	0	0	0	0	4	4	4	0	0	12_405.cif
.0000000000145718253366390471437102537598	0	1	4	0	3	1	1	1	0	0	0	0	0	0	0	0	0	0	0	0	0	0	0	0	0	0	3	4	3	2	0	12_406.cif
.0000000000143887876362540846050855915506	0	1	4	4	0	0	1	1	0	0	0	0	0	0	0	0	0	0	0	0	0	0	0	0	0	0	4	4	2	2	0	12_407.cif
.0000000000142080490850140117380074445903	0	1	4	2	1	1	1	1	0	0	0	0	0	0	0	0	0	0	0	0	0	0	0	0	0	0	5	3	2	2	0	12_408.cif
.0000000000140292174007178967619347958791	0	2	3	0	1	2	1	1	0	0	0	0	0	0	0	0	0	0	0	0	0	0	0	0	0	0	5	5	0	1	1	12_409.cif
.0000000000133371544149166668900160873944	0	2	2	2	0	0	2	1	1	0	0	0	0	0	0	0	0	0	0	0	0	0	0	0	0	0	6	2	3	1	0	12_410.cif
.0000000000131696255009070131068022677143	0	2	2	0	2	0	2	1	1	0	0	0	0	0	0	0	0	0	0	0	0	0	0	0	0	0	4	5	2	1	0	12_411.cif
.0000000000128405216553993372655450291761	0	2	2	1	1	0	2	0	2	0	0	0	0	0	0	0	0	0	0	0	0	0	0	0	0	0	3	5	4	0	0	12_412.cif
.0000000000125199662871596135686408289427	0	1	4	3	1	0	1	0	0	1	0	0	0	0	0	0	0	0	0	0	0	0	0	0	0	0	6	1	4	1	0	12_413.cif
.0000000000123623819034721382407975599526	0	2	3	0	1	2	1	1	0	0	0	0	0	0	0	0	0	0	0	0	0	0	0	0	0	0	5	4	2	0	1	12_414.cif
.0000000000122070971740290305474928965207	0	1	4	0	4	0	1	0	1	0	0	0	0	0	0	0	0	0	0	0	0	0	0	0	0	0	4	4	3	1	0	12_415.cif
.0000000000120537629867538077182927955573	0	2	2	2	0	0	2	1	1	0	0	0	0	0	0	0	0	0	0	0	0	0	0	0	0	0	5	2	3	2	0	12_416.cif
.0000000000114591494053628514815628726245	0	1	4	1	1	2	1	1	0	0	0	0	0	0	0	0	0	0	0	0	0	0	0	0	0	0	3	6	0	3	0	12_417.cif
.0000000000113149171482457694449003589407	0	2	3	0	1	2	0	0	0	0	1	0	0	0	0	1	0	0	0	0	0	0	0	0	0	0	5	4	3	0	0	12_418.cif
.0000000000111727896956435295959685753010	0	1	4	4	0	0	1	0	0	1	0	0	0	0	0	0	0	0	0	0	0	0	0	0	0	0	6	1	2	3	0	12_419.cif
.0000000000110324475157497455676558697417	0	1	4	3	1	0	1	0	1	0	0	0	0	0	0	0	0	0	0	0	0	0	0	0	0	0	5	2	4	1	0	12_420.cif
Average: .0000000006678873582641932920540007423973 .2145479479999918072484448961126788962069 5.5709054862033420417815219833997939726898 3.3378108402323793300115401462555452052177 1.6552623012540664983484166434167520428557 .5778323447168962134215651937274967246164 .2145462316768113982503423909070282397102 .0387437810223372914994313667720910399503 .0970375811053374638426383371743433045698 .0787648695491366429082726869605938951901 .0000003334519673981067735547661722442832 .0000000036176823195581684426097332529899 .0000000347682321043446554551550149186855 .0000000962549512341326663454090403457053 .0000001966760588078928018214475855195666 .0000000021350429321784814901447982073359 0 0 0 0 0 0 0 0 0 0 5.9696734006188084973262166819720898212017 4.9864523643931950783746382102397728697638 .6603766402404329532079408772908573119624 .3834965439925431490808144851953205349220 .0000010507550203293129419797813076527249
