1 0
2 .0000011039468084967349500559740706638754
3 0
4 0
5 0
6 0
7 .0000000005917287901059985555044171122518
8 .0000000011571629589706518861934450197014
9 .0000000004745338319315993352038058312441
10 .0000000009986245201589059826816435000373
11 .0000000042144790106495553340020219764381
12 .0000010507550203293129419797813076527249
13 .0000000328693863751434859704691893547203
14 .0000016480726607718279652462967599202416
15 .0000000017881334696395703770819829563814
16 .0000034421006995385545185056511305093027
17 .0000000764318823207467475032811023126481
18 .0000215713311955886699984091062529308983
19 .0000000104534037233648659896449938822635
20 .0000000177627791228853607657655139404502
21 .0000252919777542679667068372569136702750
22 .0000003008776090350804080424240885048441
23 .0000052140843907851132708804960084659131
24 .0000000246480798822455624838023187148299
25 .0000000760655032147428835394818751785808
26 .0006927323564468225214943696068063406579
27 .0000399682401826095120464060069105602193
28 .0011562339099131229700833908869254598613
29 .0006013240701119846352961796278326675357
30 .0000353688493792308177644125738336069736
31 .0000478831296870713408930388471916428420
32 .0005338836508844133896676887691828767329
33 .0047942962217319878895857087145500753061
34 .0000464882087680748640308110782947167181
35 .0006577743105011804300492070880146858055
36 .0001407052510995430706129395327165019196
37 .0006885765756812130089456855711737582095
38 .0000529651915765439443267210197846842576
39 .0000510006747743944762549349231801532293
40 .0026900653810943831938759462673961621468
41 .0004137916173730119830462149703869715686
42 .0282731910691414275850126554372901330347
43 .7226269134276111094980165346818969751347
44 .0027289740381627703359678968140841144171
45 .0033996901658110711916831825237155977939
46 1.0013295515982652227347766566870012574603
47 1.0002414803544953571517601946860248398979
48 2.0006144430853820365752736711237439139434
49 2.0014891491230451692458750649879326861279
50 2.0026352912775392532709796181181397784167
51 3.0069251215234159796116387091690295257214
52 4.0007299538690422041793821062465524594030
53 5.0003824739931893086233976248938221311874
54 6.0006149235293105611081860954889141059180
55 7.0005230972669859422722600597494710209265
56 8.0004151961038987881725096317217070165908
57 9.0004353068740096740056936609441166829140
58 10.0003554769949045867739308879440136839785
59 11.0002122506707933563806412620418094584836
