.0505398368035113507933231437582556652777	0	0	0	0	0	0	0	0	0	0	0	0	0	0	0	0	0	0	0	0	0	0	0	0	0	6	12	12	12	12	10	58_1.cif
.0474431826500274036770782640969361804843	0	0	0	0	0	0	0	0	0	0	0	0	0	0	0	0	0	0	0	0	0	0	0	0	0	6	12	12	12	12	10	58_2.cif
.0462575958729264357852285646267735524106	0	0	0	0	0	0	0	0	0	0	0	0	0	0	0	0	0	0	0	0	0	0	0	0	0	6	12	12	12	12	10	58_3.cif
.0439757030914968776394835524370170076112	0	0	0	0	0	0	0	0	0	0	0	0	0	0	0	0	0	0	0	0	0	0	0	0	0	6	12	12	12	12	10	58_4.cif
.0434233212600703965398744532607941633220	0	0	0	0	0	0	0	0	0	0	0	0	0	0	0	0	0	0	0	0	0	0	0	0	0	6	12	12	12	12	10	58_5.cif
.0428767672868820340267944274008106838142	0	0	0	0	0	0	0	0	0	0	0	0	0	0	0	0	0	0	0	0	0	0	0	0	0	6	12	12	12	12	10	58_6.cif
.0423381892636882553256457088428331183450	0	0	0	0	0	0	0	0	0	0	0	0	0	0	0	0	0	0	0	0	0	0	0	0	0	6	12	12	12	12	10	58_7.cif
.0418063763560902147151518707460587080818	0	0	0	0	0	0	0	0	0	0	0	0	0	0	0	0	0	0	0	0	0	0	0	0	0	6	12	12	12	12	10	58_8.cif
.0407616511872095288752283366934824319260	0	0	0	0	0	0	0	0	0	0	0	0	0	0	0	0	0	0	0	0	0	0	0	0	0	6	12	12	12	12	10	58_9.cif
.0392438183210813766601544707905110365542	0	0	0	0	0	0	0	0	0	0	0	0	0	0	0	0	0	0	0	0	0	0	0	0	0	6	12	12	12	12	10	58_10.cif
.0387508740197415172585390499915651433686	0	0	0	0	0	0	0	0	0	0	0	0	0	0	0	0	0	0	0	0	0	0	0	0	0	6	12	12	12	12	10	58_11.cif
.0382641216256782468982582784083599378475	0	0	0	0	0	0	0	0	0	0	0	0	0	0	0	0	0	0	0	0	0	0	0	0	0	6	12	12	12	12	10	58_12.cif
.0377834833619183504186742572322754820028	0	0	0	0	0	0	0	0	0	0	0	0	0	0	0	0	0	0	0	0	0	0	0	0	0	6	12	12	12	12	10	58_13.cif
.0373079160318960363929554881950458711047	0	0	0	0	0	0	0	0	0	0	0	0	0	0	0	0	0	0	0	0	0	0	0	0	0	6	12	12	12	12	10	58_14.cif
.0368392887323727934477593515697577924029	0	0	0	0	0	0	0	0	0	0	0	0	0	0	0	0	0	0	0	0	0	0	0	0	0	6	12	12	12	12	10	58_15.cif
.0354675120360370569127252952117450267966	0	0	0	0	0	0	0	0	0	0	0	0	0	0	0	0	0	0	0	0	0	0	0	0	0	6	12	12	12	12	10	58_16.cif
.0350220021776990526284209733345574553567	0	0	0	0	0	0	0	0	0	0	0	0	0	0	0	0	0	0	0	0	0	0	0	0	0	6	12	12	12	12	10	58_17.cif
.0341468158944395058431963719058723804924	0	0	0	0	0	0	0	0	0	0	0	0	0	0	0	0	0	0	0	0	0	0	0	0	0	6	12	12	12	12	10	58_18.cif
.0332943625878673835970792006919563439739	0	0	0	0	0	0	0	0	0	0	0	0	0	0	0	0	0	0	0	0	0	0	0	0	0	6	12	12	12	12	10	58_19.cif
.0304733308780539642573126268857342972251	0	0	0	0	0	0	0	0	0	0	0	0	0	0	0	0	0	0	0	0	0	0	0	0	0	6	12	12	12	12	10	58_20.cif
.0268527419188824856296959459767135756981	0	0	0	0	0	0	0	0	0	0	0	0	0	0	0	0	0	0	0	0	0	0	0	0	0	6	12	12	12	12	10	58_21.cif
.0265154427805580083655151083133001584205	0	0	0	0	0	0	0	0	0	0	0	0	0	0	0	0	0	0	0	0	0	0	0	0	0	6	12	12	12	12	10	58_22.cif
.0261817022885360683585507328849740130475	0	0	0	0	0	0	0	0	0	0	0	0	0	0	0	0	0	0	0	0	0	0	0	0	0	6	12	12	12	12	10	58_23.cif
.0255280929225399883915916399417973481583	0	0	0	0	0	0	0	0	0	0	0	0	0	0	0	0	0	0	0	0	0	0	0	0	0	6	12	12	12	12	10	58_24.cif
.0150076850261817065961948063032751668572	0	0	0	0	0	0	0	0	0	0	0	0	0	0	0	0	0	0	0	0	0	0	0	0	0	6	12	12	12	12	10	58_25.cif
.0130584810427448267112493638642998130987	0	0	0	0	0	0	0	0	0	0	0	0	0	0	0	0	0	0	0	0	0	0	0	0	0	6	12	12	12	12	10	58_26.cif
.0128944525641317326042189633423921411888	0	0	0	0	0	0	0	0	0	0	0	0	0	0	0	0	0	0	0	0	0	0	0	0	0	6	12	12	12	12	10	58_27.cif
.0127321546542411881786289941490580294153	0	0	0	0	0	0	0	0	0	0	0	0	0	0	0	0	0	0	0	0	0	0	0	0	0	6	12	12	12	12	10	58_28.cif
.0124143045985186298688651528385656226527	0	0	0	0	0	0	0	0	0	0	0	0	0	0	0	0	0	0	0	0	0	0	0	0	0	6	12	12	12	12	10	58_29.cif
.0122580501411026768610246704477159026900	0	0	0	0	0	0	0	0	0	0	0	0	0	0	0	0	0	0	0	0	0	0	0	0	0	6	12	12	12	12	10	58_30.cif
.0113624404327674744715088345218447946839	0	0	0	0	0	0	0	0	0	0	0	0	0	0	0	0	0	0	0	0	0	0	0	0	0	6	12	12	12	12	10	58_31.cif
.0088228529459093126545380698291365564681	0	0	0	0	0	0	0	0	0	0	0	0	0	0	0	0	0	0	0	0	0	0	0	0	0	6	12	12	12	12	10	58_32.cif
.0000214278531968903762564179454656479248	0	0	0	0	0	0	0	0	0	0	0	0	0	0	0	0	0	0	0	0	0	0	0	0	1	5	12	12	12	11	11	58_33.cif
.0000188819730299382120147712231557309488	0	0	0	0	0	0	0	0	0	0	0	0	0	0	0	0	0	0	0	0	0	0	0	0	1	5	12	12	12	11	11	58_34.cif
.0000175023997565811415180452813927433295	0	0	0	0	0	0	0	0	0	0	0	0	0	0	0	0	0	0	0	0	0	0	0	0	1	5	12	12	12	11	11	58_35.cif
.0000146620954939723877107394170928154486	0	0	0	0	0	0	0	0	0	0	0	0	0	0	0	0	0	0	0	0	0	0	0	0	1	5	12	12	12	11	11	58_36.cif
.0000124389649075680865953375064621877979	0	0	0	0	0	0	0	0	0	0	0	0	0	0	0	0	0	0	0	0	0	0	0	0	1	5	12	12	12	11	11	58_37.cif
.0000116768102434005603302518072962642531	0	0	0	0	0	0	0	0	0	0	0	0	0	0	0	0	0	0	0	0	0	0	0	0	1	5	12	12	12	11	11	58_38.cif
.0000099063215697717016850038389097027821	0	0	0	0	0	0	0	0	0	0	0	0	0	0	0	0	0	0	0	0	0	0	0	0	1	5	12	12	12	11	11	58_39.cif
.0000087293344315738259974972108387521279	0	0	0	0	0	0	0	0	0	0	0	0	0	0	0	0	0	0	0	0	0	0	0	0	1	5	12	12	12	11	11	58_40.cif
.0000085114122093855855876541778544456304	0	0	0	0	0	0	0	0	0	0	0	0	0	0	0	0	0	0	0	0	0	0	0	0	1	5	12	12	12	11	11	58_41.cif
.0000075001566562733452991877844486049462	0	0	0	0	0	0	0	0	0	0	0	0	0	0	0	0	0	0	0	0	0	0	0	0	1	5	12	12	12	11	11	58_42.cif
.0000074059466726112793664766516501906913	0	0	0	0	0	0	0	0	0	0	0	0	0	0	0	0	0	0	0	0	0	0	0	0	1	5	12	12	12	11	11	58_43.cif
.0000072208749308663614155645742337473324	0	0	0	0	0	0	0	0	0	0	0	0	0	0	0	0	0	0	0	0	0	0	0	0	1	5	12	12	12	11	11	58_44.cif
.0000069519927591915068409708641558890548	0	0	0	0	0	0	0	0	0	0	0	0	0	0	0	0	0	0	0	0	0	0	0	0	1	5	12	12	12	11	11	58_45.cif
.0000068646682999464568008975857543198900	0	0	0	0	0	0	0	0	0	0	0	0	0	0	0	0	0	0	0	0	0	0	0	0	1	5	12	12	12	11	11	58_46.cif
.0000066931228952960797229009928234405147	0	0	0	0	0	0	0	0	0	0	0	0	0	0	0	0	0	0	0	0	0	0	0	0	1	5	12	12	12	11	11	58_47.cif
.0000062830248790702515269584060691203483	0	0	0	0	0	0	0	0	0	0	0	0	0	0	0	0	0	0	0	0	0	0	0	0	1	5	12	12	12	11	11	58_48.cif
.0000062041033713827473853331565200730334	0	0	0	0	0	0	0	0	0	0	0	0	0	0	0	0	0	0	0	0	0	0	0	0	1	5	12	12	12	11	11	58_49.cif
.0000061260145184506568931720801775219265	0	0	0	0	0	0	0	0	0	0	0	0	0	0	0	0	0	0	0	0	0	0	0	0	1	5	12	12	12	11	11	58_50.cif
.0000059730825042767535740136804501058277	0	0	0	0	0	0	0	0	0	0	0	0	0	0	0	0	0	0	0	0	0	0	0	0	1	5	12	12	12	11	11	58_51.cif
.0000058238174836763794099562941230767545	0	0	0	0	0	0	0	0	0	0	0	0	0	0	0	0	0	0	0	0	0	0	0	0	1	5	12	12	12	11	11	58_52.cif
.0000057506641116692641620924291270338936	0	0	0	0	0	0	0	0	0	0	0	0	0	0	0	0	0	0	0	0	0	0	0	0	1	5	12	12	12	11	11	58_53.cif
.0000056071024790961851037647555031158989	0	0	0	0	0	0	0	0	0	0	0	0	0	0	0	0	0	0	0	0	0	0	0	0	1	5	12	12	12	11	11	58_54.cif
.0000055365278650617134088413708441005909	0	0	0	0	0	0	0	0	0	0	0	0	0	0	0	0	0	0	0	0	0	0	0	0	1	5	12	12	12	11	11	58_55.cif
.0000054669831577153996706814231838269267	0	0	0	0	0	0	0	0	0	0	0	0	0	0	0	0	0	0	0	0	0	0	0	0	1	5	12	12	12	11	11	58_56.cif
.0000053983120062217359243609493419197041	0	0	0	0	0	0	0	0	0	0	0	0	0	0	0	0	0	0	0	0	0	0	0	0	1	5	12	12	12	11	11	58_57.cif
.0000051972962194218959922751826859627213	0	0	0	0	0	0	0	0	0	0	0	0	0	0	0	0	0	0	0	0	0	0	0	0	1	5	12	12	12	11	11	58_58.cif
.0000050037656143781657251462023817587076	0	0	0	0	0	0	0	0	0	0	0	0	0	0	0	0	0	0	0	0	0	0	0	0	1	5	12	12	11	12	11	58_59.cif
.0000049409129703090477877394073995080614	0	0	0	0	0	0	0	0	0	0	0	0	0	0	0	0	0	0	0	0	0	0	0	0	1	5	12	12	12	11	11	58_60.cif
.0000048174414669822849771962923915652021	0	0	0	0	0	0	0	0	0	0	0	0	0	0	0	0	0	0	0	0	0	0	0	0	1	5	12	12	11	12	11	58_61.cif
.0000047569292533450210146953284105859299	0	0	0	0	0	0	0	0	0	0	0	0	0	0	0	0	0	0	0	0	0	0	0	0	1	5	12	12	11	12	11	58_62.cif
.0000046380554319158555859636450461570912	0	0	0	0	0	0	0	0	0	0	0	0	0	0	0	0	0	0	0	0	0	0	0	0	1	5	12	12	11	12	11	58_63.cif
.0000045797964986042332877473489261598288	0	0	0	0	0	0	0	0	0	0	0	0	0	0	0	0	0	0	0	0	0	0	0	0	1	5	12	12	12	11	11	58_64.cif
.0000042450729439413025307038133797427477	0	0	0	0	0	0	0	0	0	0	0	0	0	0	0	0	0	0	0	0	0	0	0	0	1	5	12	12	12	11	11	58_65.cif
.0000041390974269592962253133815770100279	0	0	0	0	0	0	0	0	0	0	0	0	0	0	0	0	0	0	0	0	0	0	0	0	1	5	12	12	11	12	11	58_66.cif
.0000040870000728538985309826089716221870	0	0	0	0	0	0	0	0	0	0	0	0	0	0	0	0	0	0	0	0	0	0	0	0	1	5	12	12	11	12	11	58_67.cif
.0000039849707434770372521214805710142719	0	0	0	0	0	0	0	0	0	0	0	0	0	0	0	0	0	0	0	0	0	0	0	0	1	5	12	12	12	11	11	58_68.cif
.0000038365832422634816262172373345829515	0	0	0	0	0	0	0	0	0	0	0	0	0	0	0	0	0	0	0	0	0	0	0	0	1	5	12	12	11	12	11	58_69.cif
.0000036473241283673665196465658678305810	0	0	0	0	0	0	0	0	0	0	0	0	0	0	0	0	0	0	0	0	0	0	0	0	1	5	12	12	12	11	11	58_70.cif
.0000036015098391076429094263825877252437	0	0	0	0	0	0	0	0	0	0	0	0	0	0	0	0	0	0	0	0	0	0	0	0	1	5	12	12	11	12	11	58_71.cif
.0000035115095017706074180099344139284277	0	0	0	0	0	0	0	0	0	0	0	0	0	0	0	0	0	0	0	0	0	0	0	0	1	5	12	12	12	11	11	58_72.cif
.0000033382863146853178780377664094970735	0	0	0	0	0	0	0	0	0	0	0	0	0	0	0	0	0	0	0	0	0	0	0	0	1	5	12	12	11	12	11	58_73.cif
.0000032139792629002040192256927674111909	0	0	0	0	0	0	0	0	0	0	0	0	0	0	0	0	0	0	0	0	0	0	0	0	1	5	12	12	12	11	11	58_74.cif
.0000030554332783699385252356143145544672	0	0	0	0	0	0	0	0	0	0	0	0	0	0	0	0	0	0	0	0	0	0	0	0	1	5	12	12	11	12	11	58_75.cif
.0000030170537707905872918189022916950898	0	0	0	0	0	0	0	0	0	0	0	0	0	0	0	0	0	0	0	0	0	0	0	0	1	5	12	12	11	12	11	58_76.cif
.0000029790791829908089064166441006261419	0	0	0	0	0	0	0	0	0	0	0	0	0	0	0	0	0	0	0	0	0	0	0	0	1	5	12	12	11	12	11	58_77.cif
.0000029416587644555755620003985473985737	0	0	0	0	0	0	0	0	0	0	0	0	0	0	0	0	0	0	0	0	0	0	0	0	1	5	12	12	11	12	11	58_78.cif
.0000029047083863715484302601849361164949	0	0	0	0	0	0	0	0	0	0	0	0	0	0	0	0	0	0	0	0	0	0	0	0	1	5	12	12	12	11	11	58_79.cif
.0000028682221445282879054786164918397260	0	0	0	0	0	0	0	0	0	0	0	0	0	0	0	0	0	0	0	0	0	0	0	0	1	5	12	12	11	12	11	58_80.cif
.0000028321208477230550003053412518370922	0	0	0	0	0	0	0	0	0	0	0	0	0	0	0	0	0	0	0	0	0	0	0	0	1	5	12	12	11	12	11	58_81.cif
.0000027965463829457340586816337040092917	0	0	0	0	0	0	0	0	0	0	0	0	0	0	0	0	0	0	0	0	0	0	0	0	1	5	12	12	11	12	11	58_82.cif
.0000027614187714674911944279783938294185	0	0	0	0	0	0	0	0	0	0	0	0	0	0	0	0	0	0	0	0	0	0	0	0	1	5	12	12	11	12	11	58_83.cif
.0000024333298482174135869417595249949388	0	0	0	0	0	0	0	0	0	0	0	0	0	0	0	0	0	0	0	0	0	0	0	0	1	5	12	12	11	12	11	58_84.cif
.0000023132933934319582730639470063368835	0	0	0	0	0	0	0	0	0	0	0	0	0	0	0	0	0	0	0	0	0	0	0	0	1	5	12	12	11	12	11	58_85.cif
.0000022271537833012991237565609702088169	0	0	0	0	0	0	0	0	0	0	0	0	0	0	0	0	0	0	0	0	0	0	0	0	1	5	12	12	11	12	11	58_86.cif
.0000021442217353650980395958420044470875	0	0	0	0	0	0	0	0	0	0	0	0	0	0	0	0	0	0	0	0	0	0	0	0	1	5	12	12	11	12	11	58_87.cif
.0000021172880186556439719719709961087369	0	0	0	0	0	0	0	0	0	0	0	0	0	0	0	0	0	0	0	0	0	0	0	0	1	5	12	12	11	12	11	58_88.cif
.0000019875070163889031737903978989807324	0	0	0	0	0	0	0	0	0	0	0	0	0	0	0	0	0	0	0	0	0	0	0	0	1	5	12	12	11	12	11	58_89.cif
.0000019625418040442217359085441689457769	0	0	0	0	0	0	0	0	0	0	0	0	0	0	0	0	0	0	0	0	0	0	0	0	1	5	12	12	11	12	11	58_90.cif
.0000019378901814490484217294970644198495	0	0	0	0	0	0	0	0	0	0	0	0	0	0	0	0	0	0	0	0	0	0	0	0	1	5	12	12	11	12	11	58_91.cif
.0000018894630556478989890833491141537642	0	0	0	0	0	0	0	0	0	0	0	0	0	0	0	0	0	0	0	0	0	0	0	0	1	5	12	12	11	12	11	58_92.cif
.0000018191055249378277334243585910865026	0	0	0	0	0	0	0	0	0	0	0	0	0	0	0	0	0	0	0	0	0	0	0	0	1	5	12	12	11	12	11	58_93.cif
.0000017962556153108573087805540509685492	0	0	0	0	0	0	0	0	0	0	0	0	0	0	0	0	0	0	0	0	0	0	0	0	1	5	12	12	12	11	11	58_94.cif
.0000017514132486476209850211652103866927	0	0	0	0	0	0	0	0	0	0	0	0	0	0	0	0	0	0	0	0	0	0	0	0	1	5	12	12	12	11	11	58_95.cif
.0000017076461092431386068713613725971652	0	0	0	0	0	0	0	0	0	0	0	0	0	0	0	0	0	0	0	0	0	0	0	0	1	5	12	12	11	12	11	58_96.cif
.0000015433248222010409623335790781168557	0	0	0	0	0	0	0	0	0	0	0	0	0	0	0	0	0	0	0	0	0	0	0	0	1	5	12	12	11	12	11	58_97.cif
.0000011684637790624207286799507257461319	0	0	0	0	0	0	0	0	0	0	0	0	0	0	0	0	0	0	0	0	0	0	0	0	1	5	12	12	11	12	11	58_98.cif
.0000010968417800604190974211199611620026	0	0	0	0	0	0	0	0	0	0	0	0	0	0	0	0	0	0	0	0	0	0	0	0	1	5	12	12	12	11	11	58_99.cif
.0000009788444869349503034962496074952889	0	0	0	0	0	0	0	0	0	0	0	0	0	0	0	0	0	0	0	0	0	0	0	0	1	5	12	12	12	11	11	58_100.cif
.0000009188453666176532273886987165418535	0	0	0	0	0	0	0	0	0	0	0	0	0	0	0	0	0	0	0	0	0	0	0	0	1	5	12	12	11	12	11	58_101.cif
.0000009073036867642585453368005201001698	0	0	0	0	0	0	0	0	0	0	0	0	0	0	0	0	0	0	0	0	0	0	0	0	1	5	12	12	11	12	11	58_102.cif
.0000000374572535878191367090807858023127	0	0	0	0	0	0	0	0	0	0	0	0	0	0	0	0	0	0	0	0	0	0	0	0	1	5	12	11	12	12	11	58_103.cif
.0000000302102183494082360120473599358802	0	0	0	0	0	0	0	0	0	0	0	0	0	0	0	0	0	0	0	0	0	0	0	0	1	5	12	11	12	12	11	58_104.cif
.0000000294560396697963411281375701055000	0	0	0	0	0	0	0	0	0	0	0	0	0	0	0	0	0	0	0	0	0	0	0	0	1	5	12	11	12	12	11	58_105.cif
.0000000290852869256775898511262053071417	0	0	0	0	0	0	0	0	0	0	0	0	0	0	0	0	0	0	0	0	0	0	0	0	1	5	12	11	12	12	11	58_106.cif
.0000000280029696815362992789290777687645	0	0	0	0	0	0	0	0	0	0	0	0	0	0	0	0	0	0	0	0	0	0	0	0	1	5	12	11	12	12	11	58_107.cif
.0000000276505062149844985692231553447716	0	0	0	0	0	0	0	0	0	0	0	0	0	0	0	0	0	0	0	0	0	0	0	0	1	5	12	11	12	12	11	58_108.cif
.0000000269602291032261857213014354828725	0	0	0	0	0	0	0	0	0	0	0	0	0	0	0	0	0	0	0	0	0	0	0	0	1	5	12	11	12	12	11	58_109.cif
.0000000225851002804481221917981723883918	0	0	0	0	0	0	0	0	0	0	0	0	0	0	0	0	0	0	0	0	0	0	0	0	1	5	12	11	12	12	11	58_110.cif
.0000000223014072822962190351818567767822	0	0	0	0	0	0	0	0	0	0	0	0	0	0	0	0	0	0	0	0	0	0	0	0	1	5	12	11	12	12	11	58_111.cif
.0000000220207073633556769018453952983184	0	0	0	0	0	0	0	0	0	0	0	0	0	0	0	0	0	0	0	0	0	0	0	0	1	5	12	11	12	12	11	58_112.cif
.0000000212007270044152768628177195257761	0	0	0	0	0	0	0	0	0	0	0	0	0	0	0	0	0	0	0	0	0	0	0	0	1	5	12	11	12	12	11	58_113.cif
.0000000189199710701589886402385163098443	0	0	0	0	0	0	0	0	0	0	0	0	0	0	0	0	0	0	0	0	0	0	0	0	1	5	12	11	12	12	11	58_114.cif
.0000000137910670303807150155203223299400	0	0	0	0	0	0	0	0	0	0	0	0	0	0	0	0	0	0	0	0	0	0	0	0	1	5	12	11	12	12	11	58_115.cif
.0000000136178364887855753596173817598219	0	0	0	0	0	0	0	0	0	0	0	0	0	0	0	0	0	0	0	0	0	0	0	0	1	5	12	11	12	12	11	58_116.cif
.0000000115530409872614206575049067360697	0	0	0	0	0	0	0	0	0	0	0	0	0	0	0	0	0	0	0	0	0	0	0	0	1	5	11	12	12	12	11	58_117.cif
.0000000111228428769431258012571187281543	0	0	0	0	0	0	0	0	0	0	0	0	0	0	0	0	0	0	0	0	0	0	0	0	1	5	11	12	12	12	11	58_118.cif
.0000000098013187456949194360674587250018	0	0	0	0	0	0	0	0	0	0	0	0	0	0	0	0	0	0	0	0	0	0	0	0	1	5	11	12	12	12	11	58_119.cif
.0000000096782037067408629538546304468296	0	0	0	0	0	0	0	0	0	0	0	0	0	0	0	0	0	0	0	0	0	0	0	0	1	5	12	11	12	12	11	58_120.cif
.0000000094363491409238095103626974975789	0	0	0	0	0	0	0	0	0	0	0	0	0	0	0	0	0	0	0	0	0	0	0	0	1	5	11	12	12	12	11	58_121.cif
.0000000092007767510407631829209919634901	0	0	0	0	0	0	0	0	0	0	0	0	0	0	0	0	0	0	0	0	0	0	0	0	1	5	11	12	12	12	11	58_122.cif
.0000000090852051613901862333767961096382	0	0	0	0	0	0	0	0	0	0	0	0	0	0	0	0	0	0	0	0	0	0	0	0	1	5	11	12	12	12	11	58_123.cif
.0000000086370308954267338495057732084939	0	0	0	0	0	0	0	0	0	0	0	0	0	0	0	0	0	0	0	0	0	0	0	0	1	5	11	12	12	12	11	58_124.cif
.0000000084211948353005156198370945946520	0	0	0	0	0	0	0	0	0	0	0	0	0	0	0	0	0	0	0	0	0	0	0	0	1	5	11	12	12	12	11	58_125.cif
.0000000083154156277175451901502611896489	0	0	0	0	0	0	0	0	0	0	0	0	0	0	0	0	0	0	0	0	0	0	0	0	1	5	11	12	12	12	11	58_126.cif
.0000000073274467662525809353789801045057	0	0	0	0	0	0	0	0	0	0	0	0	0	0	0	0	0	0	0	0	0	0	0	0	1	5	12	11	12	12	11	58_127.cif
.0000000068783045725588501441016171963124	0	0	0	0	0	0	0	0	0	0	0	0	0	0	0	0	0	0	0	0	0	0	0	0	1	5	11	12	12	12	11	58_128.cif
.0000000064568601878776920576613978664919	0	0	0	0	0	0	0	0	0	0	0	0	0	0	0	0	0	0	0	0	0	0	0	0	1	5	11	12	12	12	11	58_129.cif
.0000000063757551229188953291284608503355	0	0	0	0	0	0	0	0	0	0	0	0	0	0	0	0	0	0	0	0	0	0	0	0	1	5	11	12	12	12	11	58_130.cif
.0000000050137053097902095576177661658523	0	0	0	0	0	0	0	0	0	0	0	0	0	0	0	0	0	0	0	0	0	0	0	0	1	5	11	12	12	12	11	58_131.cif
.0000000048271360753970619060797137470633	0	0	0	0	0	0	0	0	0	0	0	0	0	0	0	0	0	0	0	0	0	0	0	0	1	5	11	12	12	12	11	58_132.cif
.0000000044743352148149375273151182042775	0	0	0	0	0	0	0	0	0	0	0	0	0	0	0	0	0	0	0	0	0	0	0	0	1	5	11	12	12	12	11	58_133.cif
.0000000033449176303230488325934723231459	0	0	0	0	0	0	0	0	0	0	0	0	0	0	0	0	0	0	0	0	0	0	0	0	2	4	12	12	12	10	12	58_134.cif
.0000000024075375796973997891059947796809	0	0	0	0	0	0	0	0	0	0	0	0	0	0	0	0	0	0	0	0	0	0	0	0	2	4	12	12	11	11	12	58_135.cif
.0000000023474349517729058672900583917535	0	0	0	0	0	0	0	0	0	0	0	0	0	0	0	0	0	0	0	0	0	0	0	0	2	4	12	12	12	10	12	58_136.cif
.0000000021485367623812622007902588009604	0	0	0	0	0	0	0	0	0	0	0	0	0	0	0	0	0	0	0	0	0	0	0	0	2	4	12	12	12	10	12	58_137.cif
.0000000016266325277718330947651938580656	0	0	0	0	0	0	0	0	0	0	0	0	0	0	0	0	0	0	0	0	0	0	0	0	2	4	12	12	12	10	12	58_138.cif
.0000000015661025271846864997700308900474	0	0	0	0	0	0	0	0	0	0	0	0	0	0	0	0	0	0	0	0	0	0	0	0	1	5	11	12	12	12	11	58_139.cif
.0000000014334066427583878127143609059408	0	0	0	0	0	0	0	0	0	0	0	0	0	0	0	0	0	0	0	0	0	0	0	0	2	4	12	12	12	10	12	58_140.cif
.0000000013975863653878928584480316933440	0	0	0	0	0	0	0	0	0	0	0	0	0	0	0	0	0	0	0	0	0	0	0	0	2	4	12	12	11	11	12	58_141.cif
.0000000013119540820851840776124803357788	0	0	0	0	0	0	0	0	0	0	0	0	0	0	0	0	0	0	0	0	0	0	0	0	2	4	12	12	11	11	12	58_142.cif
.0000000012631011292081245656197867047145	0	0	0	0	0	0	0	0	0	0	0	0	0	0	0	0	0	0	0	0	0	0	0	0	2	4	12	12	12	10	12	58_143.cif
.0000000010715842511998765382887066999417	0	0	0	0	0	0	0	0	0	0	0	0	0	0	0	0	0	0	0	0	0	0	0	0	2	4	12	12	11	11	12	58_144.cif
.0000000010316818981811924390910185323148	0	0	0	0	0	0	0	0	0	0	0	0	0	0	0	0	0	0	0	0	0	0	0	0	2	4	12	12	12	10	12	58_145.cif
.0000000009324064707904986981670497509545	0	0	0	0	0	0	0	0	0	0	0	0	0	0	0	0	0	0	0	0	0	0	0	0	2	4	12	12	12	10	12	58_146.cif
.0000000008426839981438785824400460257171	0	0	0	0	0	0	0	0	0	0	0	0	0	0	0	0	0	0	0	0	0	0	0	0	2	4	12	12	12	10	12	58_147.cif
.0000000008011142949177721919437964177058	0	0	0	0	0	0	0	0	0	0	0	0	0	0	0	0	0	0	0	0	0	0	0	0	2	4	12	12	11	11	12	58_148.cif
.0000000007615952301636348836150978349855	0	0	0	0	0	0	0	0	0	0	0	0	0	0	0	0	0	0	0	0	0	0	0	0	2	4	12	12	11	11	12	58_149.cif
.0000000007149125911361095845659123656144	0	0	0	0	0	0	0	0	0	0	0	0	0	0	0	0	0	0	0	0	0	0	0	0	2	4	12	12	12	10	12	58_150.cif
.0000000006711087883393859888447689558633	0	0	0	0	0	0	0	0	0	0	0	0	0	0	0	0	0	0	0	0	0	0	0	0	2	4	12	12	11	11	12	58_151.cif
.0000000006543380393927832533715540656737	0	0	0	0	0	0	0	0	0	0	0	0	0	0	0	0	0	0	0	0	0	0	0	0	2	4	12	12	11	11	12	58_152.cif
.0000000006380029108987930113051834992324	0	0	0	0	0	0	0	0	0	0	0	0	0	0	0	0	0	0	0	0	0	0	0	0	2	4	12	12	12	10	12	58_153.cif
.0000000006220594650196810398968219675785	0	0	0	0	0	0	0	0	0	0	0	0	0	0	0	0	0	0	0	0	0	0	0	0	2	4	12	12	12	10	12	58_154.cif
.0000000005765950092503981812270706101766	0	0	0	0	0	0	0	0	0	0	0	0	0	0	0	0	0	0	0	0	0	0	0	0	2	4	12	12	11	11	12	58_155.cif
.0000000004365447725621355395684534837301	0	0	0	0	0	0	0	0	0	0	0	0	0	0	0	0	0	0	0	0	0	0	0	0	2	4	12	12	12	10	12	58_156.cif
.0000000002205024041162123398632053262696	0	0	0	0	0	0	0	0	0	0	0	0	0	0	0	0	0	0	0	0	0	0	0	0	2	4	12	12	10	12	12	58_157.cif
.0000000002096249939364252296940337565770	0	0	0	0	0	0	0	0	0	0	0	0	0	0	0	0	0	0	0	0	0	0	0	0	2	4	12	12	10	12	12	58_158.cif
.0000000001329533917207437648025446131589	0	0	0	0	0	0	0	0	0	0	0	0	0	0	0	0	0	0	0	0	0	0	0	0	2	4	12	12	10	12	12	58_159.cif
.0000000001019405771549689168549212214061	0	0	0	0	0	0	0	0	0	0	0	0	0	0	0	0	0	0	0	0	1	1	0	0	0	5	12	12	11	11	12	58_160.cif
.0000000000489497084631507741044841736278	0	0	0	0	0	0	0	0	0	0	0	0	0	0	0	0	0	0	0	0	1	0	0	1	0	5	12	12	10	12	12	58_161.cif
Average: 0 0 0 0 0 0 0 0 0 0 0 0 0 0 0 0 0 0 0 0 .0000000001508902856181196909594053950339 .0000000001019405771549689168549212214061 0 .0000000000489497084631507741044841736278 .0003554766931240151879489607041829022347 5.9996445231559856994037768755290236977370 11.9999998788346259681783385517280203169031 11.9999996397350294751373858882866593025580 11.9999114414406536960892929375523065567075 11.9997335629947862758495584973509160915737 10.0003554769949045867739308879440136839785
