.0505785988586007188772462560766460455065	0	0	0	0	0	0	0	0	0	0	0	0	0	0	0	0	0	0	0	0	0	0	0	0	0	6	12	12	12	12	7	55_1.cif
.0392739167769508111770831731921308697628	0	0	0	0	0	0	0	0	0	0	0	0	0	0	0	0	0	0	0	0	0	0	0	0	0	6	12	12	12	12	7	55_2.cif
.0378124617986560240167735147859886116196	0	0	0	0	0	0	0	0	0	0	0	0	0	0	0	0	0	0	0	0	0	0	0	0	0	6	12	12	12	12	7	55_3.cif
.0359462373746508872909120146310952998067	0	0	0	0	0	0	0	0	0	0	0	0	0	0	0	0	0	0	0	0	0	0	0	0	0	6	12	12	12	12	7	55_4.cif
.0341730051511237461484795378357802843748	0	0	0	0	0	0	0	0	0	0	0	0	0	0	0	0	0	0	0	0	0	0	0	0	0	6	12	12	12	12	7	55_5.cif
.0337437556828105432568780438635921155854	0	0	0	0	0	0	0	0	0	0	0	0	0	0	0	0	0	0	0	0	0	0	0	0	0	6	12	12	12	12	7	55_6.cif
.0333198980465949956200043335707568932462	0	0	0	0	0	0	0	0	0	0	0	0	0	0	0	0	0	0	0	0	0	0	0	0	0	6	12	12	12	12	7	55_7.cif
.0329005122848627726895476482691060375619	0	0	0	0	0	0	0	0	0	0	0	0	0	0	0	0	0	0	0	0	0	0	0	0	0	6	12	12	12	12	7	55_8.cif
.0324872466869718321677757807715177694883	0	0	0	0	0	0	0	0	0	0	0	0	0	0	0	0	0	0	0	0	0	0	0	0	0	6	12	12	12	12	7	55_9.cif
.0320791721466827130851775908956734400874	0	0	0	0	0	0	0	0	0	0	0	0	0	0	0	0	0	0	0	0	0	0	0	0	0	6	12	12	12	12	7	55_10.cif
.0316762234587638090611032405490128543368	0	0	0	0	0	0	0	0	0	0	0	0	0	0	0	0	0	0	0	0	0	0	0	0	0	6	12	12	12	12	7	55_11.cif
.0312775260472208185872256312059155736857	0	0	0	0	0	0	0	0	0	0	0	0	0	0	0	0	0	0	0	0	0	0	0	0	0	6	12	12	12	12	7	55_12.cif
.0304967027170815410642350778152538627163	0	0	0	0	0	0	0	0	0	0	0	0	0	0	0	0	0	0	0	0	0	0	0	0	0	6	12	12	12	12	7	55_13.cif
.0293611035363729114009442077842209102388	0	0	0	0	0	0	0	0	0	0	0	0	0	0	0	0	0	0	0	0	0	0	0	0	0	6	12	12	12	12	7	55_14.cif
.0289922966952320312834868084195034147423	0	0	0	0	0	0	0	0	0	0	0	0	0	0	0	0	0	0	0	0	0	0	0	0	0	6	12	12	12	12	7	55_15.cif
.0286273809197727772966030860196063225312	0	0	0	0	0	0	0	0	0	0	0	0	0	0	0	0	0	0	0	0	0	0	0	0	0	6	12	12	12	12	7	55_16.cif
.0279127167590205628525763165264387627349	0	0	0	0	0	0	0	0	0	0	0	0	0	0	0	0	0	0	0	0	0	0	0	0	0	6	12	12	12	12	7	55_17.cif
.0262017826182448330777299739850158320819	0	0	0	0	0	0	0	0	0	0	0	0	0	0	0	0	0	0	0	0	0	0	0	0	0	6	12	12	12	12	7	55_18.cif
.0255476719597267735624664789863437349386	0	0	0	0	0	0	0	0	0	0	0	0	0	0	0	0	0	0	0	0	0	0	0	0	0	6	12	12	12	12	7	55_19.cif
.0239817052875966079817101571404903219590	0	0	0	0	0	0	0	0	0	0	0	0	0	0	0	0	0	0	0	0	0	0	0	0	0	6	12	12	12	12	7	55_20.cif
.0230893017420168184706164330371469205567	0	0	0	0	0	0	0	0	0	0	0	0	0	0	0	0	0	0	0	0	0	0	0	0	0	6	12	12	12	12	7	55_21.cif
.0227986848744201777606097073457613432675	0	0	0	0	0	0	0	0	0	0	0	0	0	0	0	0	0	0	0	0	0	0	0	0	0	6	12	12	12	12	7	55_22.cif
.0222295303633004428603079201235575994878	0	0	0	0	0	0	0	0	0	0	0	0	0	0	0	0	0	0	0	0	0	0	0	0	0	6	12	12	12	12	7	55_23.cif
.0216740230008558565882981642966298729312	0	0	0	0	0	0	0	0	0	0	0	0	0	0	0	0	0	0	0	0	0	0	0	0	0	6	12	12	12	12	7	55_24.cif
.0203460220100880388644635513455975114920	0	0	0	0	0	0	0	0	0	0	0	0	0	0	0	0	0	0	0	0	0	0	0	0	0	6	12	12	12	12	7	55_25.cif
.0200899338333778665150947709097245639081	0	0	0	0	0	0	0	0	0	0	0	0	0	0	0	0	0	0	0	0	0	0	0	0	0	6	12	12	12	12	7	55_26.cif
.0190988949752470366044871392597483139668	0	0	0	0	0	0	0	0	0	0	0	0	0	0	0	0	0	0	0	0	0	0	0	0	0	6	12	12	12	12	7	55_27.cif
.0188589924417344139016035459672982516943	0	0	0	0	0	0	0	0	0	0	0	0	0	0	0	0	0	0	0	0	0	0	0	0	0	6	12	12	12	12	7	55_28.cif
.0174806453930429408175430866657340427549	0	0	0	0	0	0	0	0	0	0	0	0	0	0	0	0	0	0	0	0	0	0	0	0	0	6	12	12	12	12	7	55_29.cif
.0154041387948970580650920403016065996641	0	0	0	0	0	0	0	0	0	0	0	0	0	0	0	0	0	0	0	0	0	0	0	0	0	6	12	12	12	12	7	55_30.cif
.0146438714469820454482364008107539775139	0	0	0	0	0	0	0	0	0	0	0	0	0	0	0	0	0	0	0	0	0	0	0	0	0	6	12	12	12	12	7	55_31.cif
.0125818675831041453642269039887503189646	0	0	0	0	0	0	0	0	0	0	0	0	0	0	0	0	0	0	0	0	0	0	0	0	0	6	12	12	12	12	7	55_32.cif
.0113711549749951612131304064737506817787	0	0	0	0	0	0	0	0	0	0	0	0	0	0	0	0	0	0	0	0	0	0	0	0	0	6	12	12	12	12	7	55_33.cif
.0108102145291224667502041893557492561851	0	0	0	0	0	0	0	0	0	0	0	0	0	0	0	0	0	0	0	0	0	0	0	0	0	6	12	12	12	12	7	55_34.cif
.0106741501855748108765286673137995668168	0	0	0	0	0	0	0	0	0	0	0	0	0	0	0	0	0	0	0	0	0	0	0	0	0	6	12	12	12	12	7	55_35.cif
.0097697293224527660811751357225161146560	0	0	0	0	0	0	0	0	0	0	0	0	0	0	0	0	0	0	0	0	0	0	0	0	0	6	12	12	12	12	7	55_36.cif
.0094061796506443591856555062422171826534	0	0	0	0	0	0	0	0	0	0	0	0	0	0	0	0	0	0	0	0	0	0	0	0	0	6	12	12	12	12	7	55_37.cif
.0091711228607341293227466145982057575539	0	0	0	0	0	0	0	0	0	0	0	0	0	0	0	0	0	0	0	0	0	0	0	0	0	6	12	12	12	12	7	55_38.cif
.0089419400490525756458868676759671695988	0	0	0	0	0	0	0	0	0	0	0	0	0	0	0	0	0	0	0	0	0	0	0	0	0	6	12	12	12	12	7	55_39.cif
.0088296197250199046723073176139866191615	0	0	0	0	0	0	0	0	0	0	0	0	0	0	0	0	0	0	0	0	0	0	0	0	0	6	12	12	12	12	7	55_40.cif
.0081845013696854183618241567684205202991	0	0	0	0	0	0	0	0	0	0	0	0	0	0	0	0	0	0	0	0	0	0	0	0	0	6	12	12	12	12	7	55_41.cif
.0076828252720302123715427029027062020514	0	0	0	0	0	0	0	0	0	0	0	0	0	0	0	0	0	0	0	0	0	0	0	0	0	6	12	12	12	12	7	55_42.cif
.0066849769297865253706678966614784482278	0	0	0	0	0	0	0	0	0	0	0	0	0	0	0	0	0	0	0	0	0	0	0	0	0	6	12	12	12	12	7	55_43.cif
.0063552062118700961877070625578461372182	0	0	0	0	0	0	0	0	0	0	0	0	0	0	0	0	0	0	0	0	0	0	0	0	0	6	12	12	12	12	7	55_44.cif
.0061185587606887010272315252828621171762	0	0	0	0	0	0	0	0	0	0	0	0	0	0	0	0	0	0	0	0	0	0	0	0	0	6	12	12	12	12	7	55_45.cif
.0056001332093147461868533437050457030517	0	0	0	0	0	0	0	0	0	0	0	0	0	0	0	0	0	0	0	0	0	0	0	0	0	6	12	12	12	12	7	55_46.cif
.0051908363126122308501756439303938202745	0	0	0	0	0	0	0	0	0	0	0	0	0	0	0	0	0	0	0	0	0	0	0	0	0	6	12	12	12	12	7	55_47.cif
.0000166517657243303712420088951438992268	0	0	0	0	0	0	0	0	0	0	0	0	0	0	0	0	0	0	0	0	0	0	0	0	1	5	12	12	12	11	8	55_48.cif
.0000164421758437515359140279473755180293	0	0	0	0	0	0	0	0	0	0	0	0	0	0	0	0	0	0	0	0	0	0	0	0	1	5	12	12	12	11	8	55_49.cif
.0000130944562047791525184818649235785562	0	0	0	0	0	0	0	0	0	0	0	0	0	0	0	0	0	0	0	0	0	0	0	0	1	5	12	12	12	11	8	55_50.cif
.0000127675615237630661189444074889839223	0	0	0	0	0	0	0	0	0	0	0	0	0	0	0	0	0	0	0	0	0	0	0	0	1	5	12	12	12	11	8	55_51.cif
.0000121377361744827692667055102027734133	0	0	0	0	0	0	0	0	0	0	0	0	0	0	0	0	0	0	0	0	0	0	0	0	1	5	12	12	12	11	8	55_52.cif
.0000119849627859171218463555130051677940	0	0	0	0	0	0	0	0	0	0	0	0	0	0	0	0	0	0	0	0	0	0	0	0	1	5	12	12	12	11	8	55_53.cif
.0000118344188439706151526067629868401083	0	0	0	0	0	0	0	0	0	0	0	0	0	0	0	0	0	0	0	0	0	0	0	0	1	5	12	12	12	11	8	55_54.cif
.0000112506255355882431078440033468257021	0	0	0	0	0	0	0	0	0	0	0	0	0	0	0	0	0	0	0	0	0	0	0	0	1	5	12	12	12	11	8	55_55.cif
.0000111093056543549302337221022306157719	0	0	0	0	0	0	0	0	0	0	0	0	0	0	0	0	0	0	0	0	0	0	0	0	1	5	12	12	12	11	8	55_56.cif
.0000109694767566898651471636589636990683	0	0	0	0	0	0	0	0	0	0	0	0	0	0	0	0	0	0	0	0	0	0	0	0	1	5	12	12	12	11	8	55_57.cif
.0000108316884046072762746715880089935765	0	0	0	0	0	0	0	0	0	0	0	0	0	0	0	0	0	0	0	0	0	0	0	0	1	5	12	12	12	11	8	55_58.cif
.0000101680140635567599153964233317520647	0	0	0	0	0	0	0	0	0	0	0	0	0	0	0	0	0	0	0	0	0	0	0	0	1	5	12	12	12	11	8	55_59.cif
.0000095447568379911083508400894323806893	0	0	0	0	0	0	0	0	0	0	0	0	0	0	0	0	0	0	0	0	0	0	0	0	1	5	12	12	12	11	8	55_60.cif
.0000089599347891730568443176899485607962	0	0	0	0	0	0	0	0	0	0	0	0	0	0	0	0	0	0	0	0	0	0	0	0	1	5	12	12	12	11	8	55_61.cif
.0000080977491124096567457636263949671587	0	0	0	0	0	0	0	0	0	0	0	0	0	0	0	0	0	0	0	0	0	0	0	0	1	5	12	12	12	11	8	55_62.cif
.0000078953894953752282407043206476512478	0	0	0	0	0	0	0	0	0	0	0	0	0	0	0	0	0	0	0	0	0	0	0	0	1	5	12	12	12	11	8	55_63.cif
.0000069573246625642923073636035176059075	0	0	0	0	0	0	0	0	0	0	0	0	0	0	0	0	0	0	0	0	0	0	0	0	1	5	12	12	12	11	8	55_64.cif
.0000066982562557261108785002050881339832	0	0	0	0	0	0	0	0	0	0	0	0	0	0	0	0	0	0	0	0	0	0	0	0	1	5	12	12	12	11	8	55_65.cif
.0000066141189981545019222083785477310373	0	0	0	0	0	0	0	0	0	0	0	0	0	0	0	0	0	0	0	0	0	0	0	0	1	5	12	12	12	11	8	55_66.cif
.0000065310385944626799039195222607373180	0	0	0	0	0	0	0	0	0	0	0	0	0	0	0	0	0	0	0	0	0	0	0	0	1	5	12	12	12	11	8	55_67.cif
.0000064490017694363645141124422518551548	0	0	0	0	0	0	0	0	0	0	0	0	0	0	0	0	0	0	0	0	0	0	0	0	1	5	12	12	12	11	8	55_68.cif
.0000062878437105484226382173522379701773	0	0	0	0	0	0	0	0	0	0	0	0	0	0	0	0	0	0	0	0	0	0	0	0	1	5	12	12	12	11	8	55_69.cif
.0000060537046223865000635350680514966499	0	0	0	0	0	0	0	0	0	0	0	0	0	0	0	0	0	0	0	0	0	0	0	0	1	5	12	12	12	11	8	55_70.cif
.0000059776636222171271029536276044655466	0	0	0	0	0	0	0	0	0	0	0	0	0	0	0	0	0	0	0	0	0	0	0	0	1	5	12	12	12	11	8	55_71.cif
.0000059025777782814058427763502740884731	0	0	0	0	0	0	0	0	0	0	0	0	0	0	0	0	0	0	0	0	0	0	0	0	1	5	12	12	12	11	8	55_72.cif
.0000056827847550398826063727208875753805	0	0	0	0	0	0	0	0	0	0	0	0	0	0	0	0	0	0	0	0	0	0	0	0	1	5	12	12	12	11	8	55_73.cif
.0000055407741628672186565209040040590991	0	0	0	0	0	0	0	0	0	0	0	0	0	0	0	0	0	0	0	0	0	0	0	0	1	5	12	12	12	11	8	55_74.cif
.0000054711761174820859147775608443155898	0	0	0	0	0	0	0	0	0	0	0	0	0	0	0	0	0	0	0	0	0	0	0	0	1	5	12	12	12	11	8	55_75.cif
.0000053344535432836699488498160594117463	0	0	0	0	0	0	0	0	0	0	0	0	0	0	0	0	0	0	0	0	0	0	0	0	1	5	12	12	12	11	8	55_76.cif
.0000052674471053930093919745981858821371	0	0	0	0	0	0	0	0	0	0	0	0	0	0	0	0	0	0	0	0	0	0	0	0	1	5	12	12	12	11	8	55_77.cif
.0000051359486747320931801635429666520571	0	0	0	0	0	0	0	0	0	0	0	0	0	0	0	0	0	0	0	0	0	0	0	0	1	5	12	12	11	12	8	55_78.cif
.0000050076033046175084987922011521971297	0	0	0	0	0	0	0	0	0	0	0	0	0	0	0	0	0	0	0	0	0	0	0	0	1	5	12	12	12	11	8	55_79.cif
.0000049447024550573164325652695463539758	0	0	0	0	0	0	0	0	0	0	0	0	0	0	0	0	0	0	0	0	0	0	0	0	1	5	12	12	12	11	8	55_80.cif
.0000048211362539729703098880831102528952	0	0	0	0	0	0	0	0	0	0	0	0	0	0	0	0	0	0	0	0	0	0	0	0	1	5	12	12	11	12	8	55_81.cif
.0000046416126369155158674562262210163444	0	0	0	0	0	0	0	0	0	0	0	0	0	0	0	0	0	0	0	0	0	0	0	0	1	5	12	12	12	11	8	55_82.cif
.0000045257377614250048895517884921280835	0	0	0	0	0	0	0	0	0	0	0	0	0	0	0	0	0	0	0	0	0	0	0	0	1	5	12	12	12	11	8	55_83.cif
.0000044687739022973064698378733417342183	0	0	0	0	0	0	0	0	0	0	0	0	0	0	0	0	0	0	0	0	0	0	0	0	1	5	12	12	11	12	8	55_84.cif
.0000043572138347023400541998330128271023	0	0	0	0	0	0	0	0	0	0	0	0	0	0	0	0	0	0	0	0	0	0	0	0	1	5	12	12	12	11	8	55_85.cif
.0000043024825720111685306639653881282385	0	0	0	0	0	0	0	0	0	0	0	0	0	0	0	0	0	0	0	0	0	0	0	0	1	5	12	12	12	11	8	55_86.cif
.0000042483287469220515000831783612274089	0	0	0	0	0	0	0	0	0	0	0	0	0	0	0	0	0	0	0	0	0	0	0	0	1	5	12	12	12	11	8	55_87.cif
.0000041949651973082119631017111233756087	0	0	0	0	0	0	0	0	0	0	0	0	0	0	0	0	0	0	0	0	0	0	0	0	1	5	12	12	12	11	8	55_88.cif
.0000040901346401970840875651684355494955	0	0	0	0	0	0	0	0	0	0	0	0	0	0	0	0	0	0	0	0	0	0	0	0	1	5	12	12	12	11	8	55_89.cif
.0000040387581776392900548046064744237262	0	0	0	0	0	0	0	0	0	0	0	0	0	0	0	0	0	0	0	0	0	0	0	0	1	5	12	12	12	11	8	55_90.cif
.0000039880270583616441849112452377261129	0	0	0	0	0	0	0	0	0	0	0	0	0	0	0	0	0	0	0	0	0	0	0	0	1	5	12	12	12	11	8	55_91.cif
.0000039379331761628142257831411729381735	0	0	0	0	0	0	0	0	0	0	0	0	0	0	0	0	0	0	0	0	0	0	0	0	1	5	12	12	12	11	8	55_92.cif
.0000038883678052716387595618455515832109	0	0	0	0	0	0	0	0	0	0	0	0	0	0	0	0	0	0	0	0	0	0	0	0	1	5	12	12	12	11	8	55_93.cif
.0000038395257498059917618310068448551238	0	0	0	0	0	0	0	0	0	0	0	0	0	0	0	0	0	0	0	0	0	0	0	0	1	5	12	12	12	11	8	55_94.cif
.0000037912972027586778093966892543611247	0	0	0	0	0	0	0	0	0	0	0	0	0	0	0	0	0	0	0	0	0	0	0	0	1	5	12	12	12	11	8	55_95.cif
.0000036965541526389578308127618365945435	0	0	0	0	0	0	0	0	0	0	0	0	0	0	0	0	0	0	0	0	0	0	0	0	1	5	12	12	12	11	8	55_96.cif
.0000036501214816580430499147048405921334	0	0	0	0	0	0	0	0	0	0	0	0	0	0	0	0	0	0	0	0	0	0	0	0	1	5	12	12	12	11	8	55_97.cif
.0000036042720546512176866838067989204673	0	0	0	0	0	0	0	0	0	0	0	0	0	0	0	0	0	0	0	0	0	0	0	0	1	5	12	12	12	11	8	55_98.cif
.0000035142026906165400393669669020948631	0	0	0	0	0	0	0	0	0	0	0	0	0	0	0	0	0	0	0	0	0	0	0	0	1	5	12	12	12	11	8	55_99.cif
.0000034700605488932397025065833023459411	0	0	0	0	0	0	0	0	0	0	0	0	0	0	0	0	0	0	0	0	0	0	0	0	1	5	12	12	12	11	8	55_100.cif
.0000034264728796484685076148151272101747	0	0	0	0	0	0	0	0	0	0	0	0	0	0	0	0	0	0	0	0	0	0	0	0	1	5	12	12	11	12	8	55_101.cif
.0000033833450784566210210774139321044075	0	0	0	0	0	0	0	0	0	0	0	0	0	0	0	0	0	0	0	0	0	0	0	0	1	5	12	12	11	12	8	55_102.cif
.0000033408466482007780154494185823231068	0	0	0	0	0	0	0	0	0	0	0	0	0	0	0	0	0	0	0	0	0	0	0	0	1	5	12	12	12	11	8	55_103.cif
.0000032988820436506577756379738184994301	0	0	0	0	0	0	0	0	0	0	0	0	0	0	0	0	0	0	0	0	0	0	0	0	1	5	12	12	12	11	8	55_104.cif
.0000032573601831453683387303059094612914	0	0	0	0	0	0	0	0	0	0	0	0	0	0	0	0	0	0	0	0	0	0	0	0	1	5	12	12	12	11	8	55_105.cif
.0000031760422802579482947671096375689338	0	0	0	0	0	0	0	0	0	0	0	0	0	0	0	0	0	0	0	0	0	0	0	0	1	5	12	12	11	12	8	55_106.cif
.0000031361477947097217712989127302441047	0	0	0	0	0	0	0	0	0	0	0	0	0	0	0	0	0	0	0	0	0	0	0	0	1	5	12	12	12	11	8	55_107.cif
.0000030966742125892153885443433803569106	0	0	0	0	0	0	0	0	0	0	0	0	0	0	0	0	0	0	0	0	0	0	0	0	1	5	12	12	12	11	8	55_108.cif
.0000030577766747983542892967410082467625	0	0	0	0	0	0	0	0	0	0	0	0	0	0	0	0	0	0	0	0	0	0	0	0	1	5	12	12	12	11	8	55_109.cif
.0000030193677316552738458593459914106110	0	0	0	0	0	0	0	0	0	0	0	0	0	0	0	0	0	0	0	0	0	0	0	0	1	5	12	12	12	11	8	55_110.cif
.0000029439149003336009415327042572421427	0	0	0	0	0	0	0	0	0	0	0	0	0	0	0	0	0	0	0	0	0	0	0	0	1	5	12	12	12	11	8	55_111.cif
.0000029069361827716203208539744035521019	0	0	0	0	0	0	0	0	0	0	0	0	0	0	0	0	0	0	0	0	0	0	0	0	1	5	12	12	12	11	8	55_112.cif
.0000028342929723530965797974752152790292	0	0	0	0	0	0	0	0	0	0	0	0	0	0	0	0	0	0	0	0	0	0	0	0	1	5	12	12	11	12	8	55_113.cif
.0000027986912233688868360630314259309145	0	0	0	0	0	0	0	0	0	0	0	0	0	0	0	0	0	0	0	0	0	0	0	0	1	5	12	12	11	12	8	55_114.cif
.0000027635366704025546599039884809901255	0	0	0	0	0	0	0	0	0	0	0	0	0	0	0	0	0	0	0	0	0	0	0	0	1	5	12	12	12	11	8	55_115.cif
.0000027287530126023128314696816815436883	0	0	0	0	0	0	0	0	0	0	0	0	0	0	0	0	0	0	0	0	0	0	0	0	1	5	12	12	12	11	8	55_116.cif
.0000026944769583121598968660466857136493	0	0	0	0	0	0	0	0	0	0	0	0	0	0	0	0	0	0	0	0	0	0	0	0	1	5	12	12	12	11	8	55_117.cif
.0000026606314478976438054597275235235424	0	0	0	0	0	0	0	0	0	0	0	0	0	0	0	0	0	0	0	0	0	0	0	0	1	5	12	12	11	12	8	55_118.cif
.0000026272110732675274731931999267346809	0	0	0	0	0	0	0	0	0	0	0	0	0	0	0	0	0	0	0	0	0	0	0	0	1	5	12	12	11	12	8	55_119.cif
.0000025941432975002415082154630622910906	0	0	0	0	0	0	0	0	0	0	0	0	0	0	0	0	0	0	0	0	0	0	0	0	1	5	12	12	11	12	8	55_120.cif
.0000025615580851006928524149258672839618	0	0	0	0	0	0	0	0	0	0	0	0	0	0	0	0	0	0	0	0	0	0	0	0	1	5	12	12	12	11	8	55_121.cif
.0000025293821777954876214175234273866846	0	0	0	0	0	0	0	0	0	0	0	0	0	0	0	0	0	0	0	0	0	0	0	0	1	5	12	12	12	11	8	55_122.cif
.0000024976104342751814796577471596427827	0	0	0	0	0	0	0	0	0	0	0	0	0	0	0	0	0	0	0	0	0	0	0	0	1	5	12	12	11	12	8	55_123.cif
.0000024661738958732914219379014138859644	0	0	0	0	0	0	0	0	0	0	0	0	0	0	0	0	0	0	0	0	0	0	0	0	1	5	12	12	12	11	8	55_124.cif
.0000024351961159300282415045073197290003	0	0	0	0	0	0	0	0	0	0	0	0	0	0	0	0	0	0	0	0	0	0	0	0	1	5	12	12	11	12	8	55_125.cif
.0000024046074500114569121842448541748490	0	0	0	0	0	0	0	0	0	0	0	0	0	0	0	0	0	0	0	0	0	0	0	0	1	5	12	12	12	11	8	55_126.cif
.0000023445172402571496035905420432088169	0	0	0	0	0	0	0	0	0	0	0	0	0	0	0	0	0	0	0	0	0	0	0	0	1	5	12	12	12	11	8	55_127.cif
.0000022572149544365248394165705836189608	0	0	0	0	0	0	0	0	0	0	0	0	0	0	0	0	0	0	0	0	0	0	0	0	1	5	12	12	11	12	8	55_128.cif
.0000022288619221300106092236242332482663	0	0	0	0	0	0	0	0	0	0	0	0	0	0	0	0	0	0	0	0	0	0	0	0	1	5	12	12	12	11	8	55_129.cif
.0000022008650342125782412696296494782508	0	0	0	0	0	0	0	0	0	0	0	0	0	0	0	0	0	0	0	0	0	0	0	0	1	5	12	12	11	12	8	55_130.cif
.0000021458662685944627183165200238024842	0	0	0	0	0	0	0	0	0	0	0	0	0	0	0	0	0	0	0	0	0	0	0	0	1	5	12	12	11	12	8	55_131.cif
.0000021189118947899944309803784744744073	0	0	0	0	0	0	0	0	0	0	0	0	0	0	0	0	0	0	0	0	0	0	0	0	1	5	12	12	11	12	8	55_132.cif
.0000020659611064156920672244232250640141	0	0	0	0	0	0	0	0	0	0	0	0	0	0	0	0	0	0	0	0	0	0	0	0	1	5	12	12	12	11	8	55_133.cif
.0000020400104268496741449475238761375260	0	0	0	0	0	0	0	0	0	0	0	0	0	0	0	0	0	0	0	0	0	0	0	0	1	5	12	12	11	12	8	55_134.cif
.0000019890313556296349477847357460993033	0	0	0	0	0	0	0	0	0	0	0	0	0	0	0	0	0	0	0	0	0	0	0	0	1	5	12	12	12	11	8	55_135.cif
.0000019393764665405993041940588479998233	0	0	0	0	0	0	0	0	0	0	0	0	0	0	0	0	0	0	0	0	0	0	0	0	1	5	12	12	11	12	8	55_136.cif
.0000019150158253432501388915492859117247	0	0	0	0	0	0	0	0	0	0	0	0	0	0	0	0	0	0	0	0	0	0	0	0	1	5	12	12	12	11	8	55_137.cif
.0000018909121990501044580836186536514239	0	0	0	0	0	0	0	0	0	0	0	0	0	0	0	0	0	0	0	0	0	0	0	0	1	5	12	12	12	11	8	55_138.cif
.0000018671603208503460873791996277903997	0	0	0	0	0	0	0	0	0	0	0	0	0	0	0	0	0	0	0	0	0	0	0	0	1	5	12	12	12	11	8	55_139.cif
.0000018205007068978556485148756076549585	0	0	0	0	0	0	0	0	0	0	0	0	0	0	0	0	0	0	0	0	0	0	0	0	1	5	12	12	12	11	8	55_140.cif
.0000017527565133101537206431233068205090	0	0	0	0	0	0	0	0	0	0	0	0	0	0	0	0	0	0	0	0	0	0	0	0	1	5	12	12	11	12	8	55_141.cif
.0000017306951875390560246046746087870040	0	0	0	0	0	0	0	0	0	0	0	0	0	0	0	0	0	0	0	0	0	0	0	0	1	5	12	12	12	11	8	55_142.cif
.0000017089558062415077983258884185573090	0	0	0	0	0	0	0	0	0	0	0	0	0	0	0	0	0	0	0	0	0	0	0	0	1	5	12	12	12	11	8	55_143.cif
.0000016874894948077939998984316091208809	0	0	0	0	0	0	0	0	0	0	0	0	0	0	0	0	0	0	0	0	0	0	0	0	1	5	12	12	11	12	8	55_144.cif
.0000016453197852775722247257171621172229	0	0	0	0	0	0	0	0	0	0	0	0	0	0	0	0	0	0	0	0	0	0	0	0	1	5	12	12	11	12	8	55_145.cif
.0000016246528102804269534501117615452325	0	0	0	0	0	0	0	0	0	0	0	0	0	0	0	0	0	0	0	0	0	0	0	0	1	5	12	12	12	11	8	55_146.cif
.0000016042454345778106604618067985134711	0	0	0	0	0	0	0	0	0	0	0	0	0	0	0	0	0	0	0	0	0	0	0	0	1	5	12	12	11	12	8	55_147.cif
.0000015641559619028793639369822849164835	0	0	0	0	0	0	0	0	0	0	0	0	0	0	0	0	0	0	0	0	0	0	0	0	1	5	12	12	12	11	8	55_148.cif
.0000015445084912740441754292689764301915	0	0	0	0	0	0	0	0	0	0	0	0	0	0	0	0	0	0	0	0	0	0	0	0	1	5	12	12	11	12	8	55_149.cif
.0000015251078138752404242298575865837320	0	0	0	0	0	0	0	0	0	0	0	0	0	0	0	0	0	0	0	0	0	0	0	0	1	5	12	12	11	12	8	55_150.cif
.0000014498365060548060334900379891615638	0	0	0	0	0	0	0	0	0	0	0	0	0	0	0	0	0	0	0	0	0	0	0	0	1	5	12	12	12	11	8	55_151.cif
.0000014316250099744084288858621648579775	0	0	0	0	0	0	0	0	0	0	0	0	0	0	0	0	0	0	0	0	0	0	0	0	1	5	12	12	12	11	8	55_152.cif
.0000014136422697489649966900980055560300	0	0	0	0	0	0	0	0	0	0	0	0	0	0	0	0	0	0	0	0	0	0	0	0	1	5	12	12	11	12	8	55_153.cif
.0000013958854119604465536638377051526149	0	0	0	0	0	0	0	0	0	0	0	0	0	0	0	0	0	0	0	0	0	0	0	0	1	5	12	12	12	11	8	55_154.cif
.0000013783158964124914492774741767696288	0	0	0	0	0	0	0	0	0	0	0	0	0	0	0	0	0	0	0	0	0	0	0	0	1	5	12	12	12	11	8	55_155.cif
.0000012938643446191514195874996793689245	0	0	0	0	0	0	0	0	0	0	0	0	0	0	0	0	0	0	0	0	0	0	0	0	1	5	12	12	11	12	8	55_156.cif
.0000012776120255871824684275770835681308	0	0	0	0	0	0	0	0	0	0	0	0	0	0	0	0	0	0	0	0	0	0	0	0	1	5	12	12	12	11	8	55_157.cif
.0000012456849954177494304006797386936622	0	0	0	0	0	0	0	0	0	0	0	0	0	0	0	0	0	0	0	0	0	0	0	0	1	5	12	12	11	12	8	55_158.cif
.0000012145558093786355378271903560110900	0	0	0	0	0	0	0	0	0	0	0	0	0	0	0	0	0	0	0	0	0	0	0	0	1	5	12	12	12	11	8	55_159.cif
.0000011842352044085599644132400218197469	0	0	0	0	0	0	0	0	0	0	0	0	0	0	0	0	0	0	0	0	0	0	0	0	1	5	12	12	12	11	8	55_160.cif
.0000011693599445476801115990302222400585	0	0	0	0	0	0	0	0	0	0	0	0	0	0	0	0	0	0	0	0	0	0	0	0	1	5	12	12	12	11	8	55_161.cif
.0000011401380919971440693349846891385010	0	0	0	0	0	0	0	0	0	0	0	0	0	0	0	0	0	0	0	0	0	0	0	0	1	5	12	12	12	11	8	55_162.cif
.0000011116752774999931568179073290913126	0	0	0	0	0	0	0	0	0	0	0	0	0	0	0	0	0	0	0	0	0	0	0	0	1	5	12	12	12	11	8	55_163.cif
.0000010838949424588894223876074703880386	0	0	0	0	0	0	0	0	0	0	0	0	0	0	0	0	0	0	0	0	0	0	0	0	1	5	12	12	12	11	8	55_164.cif
.0000010568088272413402158008142424779268	0	0	0	0	0	0	0	0	0	0	0	0	0	0	0	0	0	0	0	0	0	0	0	0	1	5	12	12	12	11	8	55_165.cif
.0000010046763203800300283506206842178928	0	0	0	0	0	0	0	0	0	0	0	0	0	0	0	0	0	0	0	0	0	0	0	0	1	5	12	12	12	11	8	55_166.cif
.0000009920565120124943006619911373198107	0	0	0	0	0	0	0	0	0	0	0	0	0	0	0	0	0	0	0	0	0	0	0	0	1	5	12	12	11	12	8	55_167.cif
.0000009795952219259240117341902532393502	0	0	0	0	0	0	0	0	0	0	0	0	0	0	0	0	0	0	0	0	0	0	0	0	1	5	12	12	11	12	8	55_168.cif
.0000009431182446682454438863893179789947	0	0	0	0	0	0	0	0	0	0	0	0	0	0	0	0	0	0	0	0	0	0	0	0	1	5	12	12	11	12	8	55_169.cif
.0000009079995527921975101903991849659133	0	0	0	0	0	0	0	0	0	0	0	0	0	0	0	0	0	0	0	0	0	0	0	0	1	5	12	12	12	11	8	55_170.cif
.0000008741885681162352168251895229111514	0	0	0	0	0	0	0	0	0	0	0	0	0	0	0	0	0	0	0	0	0	0	0	0	1	5	12	12	11	12	8	55_171.cif
.0000008523650125097054910650883754468372	0	0	0	0	0	0	0	0	0	0	0	0	0	0	0	0	0	0	0	0	0	0	0	0	1	5	12	12	12	11	8	55_172.cif
.0000008416365958277160072969227241470678	0	0	0	0	0	0	0	0	0	0	0	0	0	0	0	0	0	0	0	0	0	0	0	0	1	5	12	12	11	12	8	55_173.cif
.0000008102967543522957289084358667889941	0	0	0	0	0	0	0	0	0	0	0	0	0	0	0	0	0	0	0	0	0	0	0	0	1	5	12	12	12	11	8	55_174.cif
.0000008001185610841453213857454485473108	0	0	0	0	0	0	0	0	0	0	0	0	0	0	0	0	0	0	0	0	0	0	0	0	1	5	12	12	12	11	8	55_175.cif
.0000007510940564128386734615183501945297	0	0	0	0	0	0	0	0	0	0	0	0	0	0	0	0	0	0	0	0	0	0	0	0	1	5	12	12	12	11	8	55_176.cif
.0000007323245065660036063570113237719978	0	0	0	0	0	0	0	0	0	0	0	0	0	0	0	0	0	0	0	0	0	0	0	0	1	5	12	12	12	11	8	55_177.cif
.0000006702746430359839932579878703166989	0	0	0	0	0	0	0	0	0	0	0	0	0	0	0	0	0	0	0	0	0	0	0	0	1	5	12	12	11	12	8	55_178.cif
.0000006618552771395797444695311724962183	0	0	0	0	0	0	0	0	0	0	0	0	0	0	0	0	0	0	0	0	0	0	0	0	1	5	12	12	11	12	8	55_179.cif
.0000006535416674773311854825837616217722	0	0	0	0	0	0	0	0	0	0	0	0	0	0	0	0	0	0	0	0	0	0	0	0	1	5	12	12	12	11	8	55_180.cif
.0000006372099140837760426329315730513661	0	0	0	0	0	0	0	0	0	0	0	0	0	0	0	0	0	0	0	0	0	0	0	0	1	5	12	12	11	12	8	55_181.cif
.0000006292058765221169956527654319790855	0	0	0	0	0	0	0	0	0	0	0	0	0	0	0	0	0	0	0	0	0	0	0	0	1	5	12	12	11	12	8	55_182.cif
.0000006057762721972088634646534869261485	0	0	0	0	0	0	0	0	0	0	0	0	0	0	0	0	0	0	0	0	0	0	0	0	1	5	12	12	12	11	8	55_183.cif
.0000005758932556546834052100080842905692	0	0	0	0	0	0	0	0	0	0	0	0	0	0	0	0	0	0	0	0	0	0	0	0	1	5	12	12	11	12	8	55_184.cif
.0000005686594208572540289314831287181193	0	0	0	0	0	0	0	0	0	0	0	0	0	0	0	0	0	0	0	0	0	0	0	0	1	5	12	12	11	12	8	55_185.cif
.0000005615019060278592976288878280100271	0	0	0	0	0	0	0	0	0	0	0	0	0	0	0	0	0	0	0	0	0	0	0	0	1	5	12	12	11	12	8	55_186.cif
.0000005405933799367936843246902947627994	0	0	0	0	0	0	0	0	0	0	0	0	0	0	0	0	0	0	0	0	0	0	0	0	1	5	12	12	11	12	8	55_187.cif
.0000005270978137421968591789575541703618	0	0	0	0	0	0	0	0	0	0	0	0	0	0	0	0	0	0	0	0	0	0	0	0	1	5	12	12	11	12	8	55_188.cif
.0000004948017135279658764395928667556915	0	0	0	0	0	0	0	0	0	0	0	0	0	0	0	0	0	0	0	0	0	0	0	0	1	5	12	12	11	12	8	55_189.cif
.0000004885738195156808919440575851662820	0	0	0	0	0	0	0	0	0	0	0	0	0	0	0	0	0	0	0	0	0	0	0	0	1	5	12	12	12	11	8	55_190.cif
.0000003793838698019358833618994436351690	0	0	0	0	0	0	0	0	0	0	0	0	0	0	0	0	0	0	0	0	0	0	0	0	1	5	12	12	11	12	8	55_191.cif
.0000003138168821911310647808050286153220	0	0	0	0	0	0	0	0	0	0	0	0	0	0	0	0	0	0	0	0	0	0	0	0	1	5	12	12	11	12	8	55_192.cif
.0000002836192940034705800380164716461926	0	0	0	0	0	0	0	0	0	0	0	0	0	0	0	0	0	0	0	0	0	0	0	0	1	5	12	12	11	12	8	55_193.cif
.0000002147304749583956181182642471141960	0	0	0	0	0	0	0	0	0	0	0	0	0	0	0	0	0	0	0	0	0	0	0	0	1	5	12	12	11	12	8	55_194.cif
.0000000206873186795680727367659672088536	0	0	0	0	0	0	0	0	0	0	0	0	0	0	0	0	0	0	0	0	0	0	0	0	1	5	12	11	12	12	8	55_195.cif
.0000000199169894291728349886294331412685	0	0	0	0	0	0	0	0	0	0	0	0	0	0	0	0	0	0	0	0	0	0	0	0	1	5	12	11	12	12	8	55_196.cif
.0000000186966446092928691382166023615294	0	0	0	0	0	0	0	0	0	0	0	0	0	0	0	0	0	0	0	0	0	0	0	0	1	5	12	11	12	12	8	55_197.cif
.0000000182294226948515766090557851830655	0	0	0	0	0	0	0	0	0	0	0	0	0	0	0	0	0	0	0	0	0	0	0	0	1	5	12	11	12	12	8	55_198.cif
.0000000175506175902764609190314232185855	0	0	0	0	0	0	0	0	0	0	0	0	0	0	0	0	0	0	0	0	0	0	0	0	1	5	12	11	12	12	8	55_199.cif
.0000000162683171166942725290264839264832	0	0	0	0	0	0	0	0	0	0	0	0	0	0	0	0	0	0	0	0	0	0	0	0	1	5	12	11	12	12	8	55_200.cif
.0000000150793147373651304249588532951875	0	0	0	0	0	0	0	0	0	0	0	0	0	0	0	0	0	0	0	0	0	0	0	0	1	5	12	11	12	12	8	55_201.cif
.0000000126322307648000211790601853857822	0	0	0	0	0	0	0	0	0	0	0	0	0	0	0	0	0	0	0	0	0	0	0	0	1	5	12	11	12	12	8	55_202.cif
.0000000115619017125728019856806546068109	0	0	0	0	0	0	0	0	0	0	0	0	0	0	0	0	0	0	0	0	0	0	0	0	1	5	12	11	12	12	8	55_203.cif
.0000000107168770829685712587041754272521	0	0	0	0	0	0	0	0	0	0	0	0	0	0	0	0	0	0	0	0	0	0	0	0	1	5	11	12	12	12	8	55_204.cif
.0000000093249649083938042359502179823705	0	0	0	0	0	0	0	0	0	0	0	0	0	0	0	0	0	0	0	0	0	0	0	0	1	5	12	11	12	12	8	55_205.cif
.0000000088649632652041795271545830807375	0	0	0	0	0	0	0	0	0	0	0	0	0	0	0	0	0	0	0	0	0	0	0	0	1	5	11	12	12	12	8	55_206.cif
.0000000080119163924157038080239546228187	0	0	0	0	0	0	0	0	0	0	0	0	0	0	0	0	0	0	0	0	0	0	0	0	1	5	12	11	12	12	8	55_207.cif
.0000000075208190403675635177898090384617	0	0	0	0	0	0	0	0	0	0	0	0	0	0	0	0	0	0	0	0	0	0	0	0	1	5	11	12	12	12	8	55_208.cif
.0000000074263495150776160614149075401734	0	0	0	0	0	0	0	0	0	0	0	0	0	0	0	0	0	0	0	0	0	0	0	0	1	5	11	12	12	12	8	55_209.cif
.0000000064618123441594763688064921676255	0	0	0	0	0	0	0	0	0	0	0	0	0	0	0	0	0	0	0	0	0	0	0	0	1	5	12	11	12	12	8	55_210.cif
.0000000063003341539660353974546291231085	0	0	0	0	0	0	0	0	0	0	0	0	0	0	0	0	0	0	0	0	0	0	0	0	1	5	11	12	12	12	8	55_211.cif
.0000000059895379105550465310165671104993	0	0	0	0	0	0	0	0	0	0	0	0	0	0	0	0	0	0	0	0	0	0	0	0	1	5	12	11	12	12	8	55_212.cif
.0000000059143029128667328691373569217286	0	0	0	0	0	0	0	0	0	0	0	0	0	0	0	0	0	0	0	0	0	0	0	0	1	5	11	12	12	12	8	55_213.cif
.0000000056225496371207875899633677329043	0	0	0	0	0	0	0	0	0	0	0	0	0	0	0	0	0	0	0	0	0	0	0	0	2	4	12	12	12	10	9	55_214.cif
.0000000053451885856424408940225992549475	0	0	0	0	0	0	0	0	0	0	0	0	0	0	0	0	0	0	0	0	0	0	0	0	1	5	12	11	12	12	8	55_215.cif
.0000000052780473041462957135723547789582	0	0	0	0	0	0	0	0	0	0	0	0	0	0	0	0	0	0	0	0	0	0	0	0	1	5	12	11	12	12	8	55_216.cif
.0000000050815097882733826314543054546402	0	0	0	0	0	0	0	0	0	0	0	0	0	0	0	0	0	0	0	0	0	0	0	0	1	5	11	12	12	12	8	55_217.cif
.0000000049545248248672106893888148913083	0	0	0	0	0	0	0	0	0	0	0	0	0	0	0	0	0	0	0	0	0	0	0	0	1	5	12	11	12	12	8	55_218.cif
.0000000048308382977688091999070286150002	0	0	0	0	0	0	0	0	0	0	0	0	0	0	0	0	0	0	0	0	0	0	0	0	1	5	12	11	12	12	8	55_219.cif
.0000000040983656179831544190164427493997	0	0	0	0	0	0	0	0	0	0	0	0	0	0	0	0	0	0	0	0	0	0	0	0	1	5	12	11	12	12	8	55_220.cif
.0000000038472524028225231078650883138332	0	0	0	0	0	0	0	0	0	0	0	0	0	0	0	0	0	0	0	0	0	0	0	0	1	5	12	11	12	12	8	55_221.cif
.0000000036573722400949263603686706586519	0	0	0	0	0	0	0	0	0	0	0	0	0	0	0	0	0	0	0	0	0	0	0	0	1	5	12	11	12	12	8	55_222.cif
.0000000036114317358126276902968712598220	0	0	0	0	0	0	0	0	0	0	0	0	0	0	0	0	0	0	0	0	0	0	0	0	1	5	11	12	12	12	8	55_223.cif
.0000000034769536265422484060488528676978	0	0	0	0	0	0	0	0	0	0	0	0	0	0	0	0	0	0	0	0	0	0	0	0	1	5	11	12	12	12	8	55_224.cif
.0000000031423775736899751248656530918681	0	0	0	0	0	0	0	0	0	0	0	0	0	0	0	0	0	0	0	0	0	0	0	0	1	5	11	12	12	12	8	55_225.cif
.0000000028761238871629854627043202050646	0	0	0	0	0	0	0	0	0	0	0	0	0	0	0	0	0	0	0	0	0	0	0	0	1	5	11	12	12	12	8	55_226.cif
.0000000028399966971804850191744682250871	0	0	0	0	0	0	0	0	0	0	0	0	0	0	0	0	0	0	0	0	0	0	0	0	2	4	12	12	12	10	9	55_227.cif
.0000000027690262786058015635711470168343	0	0	0	0	0	0	0	0	0	0	0	0	0	0	0	0	0	0	0	0	0	0	0	0	1	5	11	12	12	12	8	55_228.cif
.0000000027342443490511588961298076400033	0	0	0	0	0	0	0	0	0	0	0	0	0	0	0	0	0	0	0	0	1	0	0	1	0	5	12	12	12	10	9	55_229.cif
.0000000025993637456600064541890838235945	0	0	0	0	0	0	0	0	0	0	0	0	0	0	0	0	0	0	0	0	0	0	0	0	1	5	12	11	12	12	8	55_230.cif
.0000000024400334943218905690076538994473	0	0	0	0	0	0	0	0	0	0	0	0	0	0	0	0	0	0	0	0	0	0	0	0	1	5	11	12	12	12	8	55_231.cif
.0000000023791196267797008888380887609588	0	0	0	0	0	0	0	0	0	0	0	0	0	0	0	0	0	0	0	0	0	0	0	0	1	5	11	12	12	12	8	55_232.cif
.0000000022905288593107448997819232965808	0	0	0	0	0	0	0	0	0	0	0	0	0	0	0	0	0	0	0	0	0	0	0	0	2	4	12	12	12	10	9	55_233.cif
.0000000022332894293973005540220873621914	0	0	0	0	0	0	0	0	0	0	0	0	0	0	0	0	0	0	0	0	0	0	0	0	2	4	12	12	11	11	9	55_234.cif
.0000000021231209925899893199841361577912	0	0	0	0	0	0	0	0	0	0	0	0	0	0	0	0	0	0	0	0	0	0	0	0	1	5	11	12	12	12	8	55_235.cif
.0000000020440627913773038400024423309845	0	0	0	0	0	0	0	0	0	0	0	0	0	0	0	0	0	0	0	0	0	0	0	0	2	4	12	12	12	10	9	55_236.cif
.0000000020183871780527713861779502486835	0	0	0	0	0	0	0	0	0	0	0	0	0	0	0	0	0	0	0	0	0	0	0	0	2	4	12	12	12	10	9	55_237.cif
.0000000019930340778733203072229774772031	0	0	0	0	0	0	0	0	0	0	0	0	0	0	0	0	0	0	0	0	0	0	0	0	1	5	11	12	12	12	8	55_238.cif
.0000000019188198952138412172542174447200	0	0	0	0	0	0	0	0	0	0	0	0	0	0	0	0	0	0	0	0	0	0	0	0	1	5	11	12	12	12	8	55_239.cif
.0000000018708693284867904781241165389255	0	0	0	0	0	0	0	0	0	0	0	0	0	0	0	0	0	0	0	0	0	0	0	0	2	4	12	12	12	10	9	55_240.cif
.0000000018012508254639217371612733269377	0	0	0	0	0	0	0	0	0	0	0	0	0	0	0	0	0	0	0	0	0	0	0	0	2	4	12	12	12	10	9	55_241.cif
.0000000017341780346568727580664952570975	0	0	0	0	0	0	0	0	0	0	0	0	0	0	0	0	0	0	0	0	0	0	0	0	2	4	12	12	12	10	9	55_242.cif
.0000000016908415965811496742435813011409	0	0	0	0	0	0	0	0	0	0	0	0	0	0	0	0	0	0	0	0	0	0	0	0	1	5	11	12	12	12	8	55_243.cif
.0000000014712344306746783946461633267266	0	0	0	0	0	0	0	0	0	0	0	0	0	0	0	0	0	0	0	0	0	0	0	0	1	5	11	12	12	12	8	55_244.cif
.0000000013810896162343436162586999652651	0	0	0	0	0	0	0	0	0	0	0	0	0	0	0	0	0	0	0	0	0	0	0	0	2	4	12	12	12	10	9	55_245.cif
.0000000013129602989552981904860594492867	0	0	0	0	0	0	0	0	0	0	0	0	0	0	0	0	0	0	0	0	0	0	0	0	2	4	12	12	12	10	9	55_246.cif
.0000000012964345324499050210250591785390	0	0	0	0	0	0	0	0	0	0	0	0	0	0	0	0	0	0	0	0	0	0	0	0	2	4	12	12	12	10	9	55_247.cif
.0000000012801499291118021164000567612500	0	0	0	0	0	0	0	0	0	0	0	0	0	0	0	0	0	0	0	0	1	0	0	1	0	5	12	12	12	10	9	55_248.cif
.0000000012640698777963749879570027025612	0	0	0	0	0	0	0	0	0	0	0	0	0	0	0	0	0	0	0	0	0	0	0	0	1	5	11	12	12	12	8	55_249.cif
.0000000012324812606603331480088174630562	0	0	0	0	0	0	0	0	0	0	0	0	0	0	0	0	0	0	0	0	0	0	0	0	2	4	12	12	11	11	9	55_250.cif
.0000000012169999787682418697482265144313	0	0	0	0	0	0	0	0	0	0	0	0	0	0	0	0	0	0	0	0	0	0	0	0	1	5	11	12	12	12	8	55_251.cif
.0000000011865876201960255342554998122564	0	0	0	0	0	0	0	0	0	0	0	0	0	0	0	0	0	0	0	0	0	0	0	0	2	4	12	12	12	10	9	55_252.cif
.0000000011280531098315617668132061092964	0	0	0	0	0	0	0	0	0	0	0	0	0	0	0	0	0	0	0	0	1	0	0	1	0	5	12	12	12	10	9	55_253.cif
.0000000010456341847126944018738138156506	0	0	0	0	0	0	0	0	0	0	0	0	0	0	0	0	0	0	0	0	0	0	0	0	1	5	11	12	12	12	8	55_254.cif
.0000000010324731573759436343926034593289	0	0	0	0	0	0	0	0	0	0	0	0	0	0	0	0	0	0	0	0	0	0	0	0	2	4	12	12	12	10	9	55_255.cif
.0000000010066981287562062317643033868993	0	0	0	0	0	0	0	0	0	0	0	0	0	0	0	0	0	0	0	0	0	0	0	0	2	4	12	12	12	10	9	55_256.cif
.0000000009570375886927327058720434670116	0	0	0	0	0	0	0	0	0	0	0	0	0	0	0	0	0	0	0	0	0	0	0	0	2	4	12	12	12	10	9	55_257.cif
.0000000009214005851874949144370204818976	0	0	0	0	0	0	0	0	0	0	0	0	0	0	0	0	0	0	0	0	0	0	0	0	2	4	12	12	12	10	9	55_258.cif
.0000000008540581870620635510079400630854	0	0	0	0	0	0	0	0	0	0	0	0	0	0	0	0	0	0	0	0	0	0	0	0	2	4	12	12	11	11	9	55_259.cif
.0000000008433303034274902732720652975823	0	0	0	0	0	0	0	0	0	0	0	0	0	0	0	0	0	0	0	0	0	0	0	0	2	4	12	12	12	10	9	55_260.cif
.0000000008327156034305031035386036764560	0	0	0	0	0	0	0	0	0	0	0	0	0	0	0	0	0	0	0	0	0	0	0	0	2	4	12	12	11	11	9	55_261.cif
.0000000008222558054569878240562020773393	0	0	0	0	0	0	0	0	0	0	0	0	0	0	0	0	0	0	0	0	0	0	0	0	2	4	12	12	11	11	9	55_262.cif
.0000000007816938274390380214079837726135	0	0	0	0	0	0	0	0	0	0	0	0	0	0	0	0	0	0	0	0	0	0	0	0	2	4	12	12	11	11	9	55_263.cif
.0000000007718749175033139260982226354167	0	0	0	0	0	0	0	0	0	0	0	0	0	0	0	0	0	0	0	0	0	0	0	0	2	4	12	12	12	10	9	55_264.cif
.0000000007525860619786245249733600650494	0	0	0	0	0	0	0	0	0	0	0	0	0	0	0	0	0	0	0	0	1	1	0	0	0	5	12	12	11	11	9	55_265.cif
.0000000006716235022258930977056737384875	0	0	0	0	0	0	0	0	0	0	0	0	0	0	0	0	0	0	0	0	0	0	0	0	2	4	12	12	12	10	9	55_266.cif
.0000000006147168354640667333284706399230	0	0	0	0	0	0	0	0	0	0	0	0	0	0	0	0	0	0	0	0	0	0	0	0	2	4	12	12	11	11	9	55_267.cif
.0000000006069796122609763968419269659280	0	0	0	0	0	0	0	0	0	0	0	0	0	0	0	0	0	0	0	0	1	1	0	0	0	5	12	12	11	11	9	55_268.cif
.0000000005770372348080253444629115117727	0	0	0	0	0	0	0	0	0	0	0	0	0	0	0	0	0	0	0	0	0	0	0	0	2	4	12	12	12	10	9	55_269.cif
.0000000005697890304097615719258075006558	0	0	0	0	0	0	0	0	0	0	0	0	0	0	0	0	0	0	0	0	0	0	0	0	2	4	12	12	10	12	9	55_270.cif
.0000000005626318712055163251891938188654	0	0	0	0	0	0	0	0	0	0	0	0	0	0	0	0	0	0	0	0	0	0	0	0	2	4	12	12	11	11	9	55_271.cif
.0000000005485719184448123663008070835031	0	0	0	0	0	0	0	0	0	0	0	0	0	0	0	0	0	0	0	0	0	0	0	0	2	4	12	12	11	11	9	55_272.cif
.0000000005416812688433901728021877068740	0	0	0	0	0	0	0	0	0	0	0	0	0	0	0	0	0	0	0	0	1	0	0	1	0	5	12	12	12	10	9	55_273.cif
.0000000005215107995696997372580772142954	0	0	0	0	0	0	0	0	0	0	0	0	0	0	0	0	0	0	0	0	0	0	0	0	2	4	12	12	11	11	9	55_274.cif
.0000000005084784464780836964027898264661	0	0	0	0	0	0	0	0	0	0	0	0	0	0	0	0	0	0	0	0	1	0	0	1	0	5	12	12	12	10	9	55_275.cif
.0000000004895570243754346849813848749985	0	0	0	0	0	0	0	0	0	0	0	0	0	0	0	0	0	0	0	0	0	0	0	0	2	4	12	12	12	10	9	55_276.cif
.0000000004833951434089341486521479574931	0	0	0	0	0	0	0	0	0	0	0	0	0	0	0	0	0	0	0	0	0	0	0	0	2	4	12	12	12	10	9	55_277.cif
.0000000004654071173398582271929326993371	0	0	0	0	0	0	0	0	0	0	0	0	0	0	0	0	0	0	0	0	0	0	0	0	2	4	12	12	12	10	9	55_278.cif
.0000000004595492027043384847623584316745	0	0	0	0	0	0	0	0	0	0	0	0	0	0	0	0	0	0	0	0	1	1	0	0	0	5	12	12	11	11	9	55_279.cif
.0000000004480768522928411790542968234495	0	0	0	0	0	0	0	0	0	0	0	0	0	0	0	0	0	0	0	0	0	0	0	0	2	4	12	12	11	11	9	55_280.cif
.0000000004424370675686915374777837400560	0	0	0	0	0	0	0	0	0	0	0	0	0	0	0	0	0	0	0	0	0	0	0	0	2	4	12	12	12	10	9	55_281.cif
.0000000004313919106098425250634018484428	0	0	0	0	0	0	0	0	0	0	0	0	0	0	0	0	0	0	0	0	0	0	0	0	2	4	12	12	12	10	9	55_282.cif
.0000000004101112956489632682498599988236	0	0	0	0	0	0	0	0	0	0	0	0	0	0	0	0	0	0	0	0	0	0	0	0	2	4	12	12	11	11	9	55_283.cif
.0000000004049493699467834645077947961969	0	0	0	0	0	0	0	0	0	0	0	0	0	0	0	0	0	0	0	0	0	0	0	0	2	4	12	12	12	10	9	55_284.cif
.0000000003898804559897882099046208381262	0	0	0	0	0	0	0	0	0	0	0	0	0	0	0	0	0	0	0	0	0	0	0	0	2	4	12	12	11	11	9	55_285.cif
.0000000003849731687048412776809956838886	0	0	0	0	0	0	0	0	0	0	0	0	0	0	0	0	0	0	0	0	0	0	0	0	2	4	12	12	12	10	9	55_286.cif
.0000000003523543878683683943621310611081	0	0	0	0	0	0	0	0	0	0	0	0	0	0	0	0	0	0	0	0	0	0	0	0	2	4	12	12	11	11	9	55_287.cif
.0000000003479284401654533184612841134414	0	0	0	0	0	0	0	0	0	0	0	0	0	0	0	0	0	0	0	0	0	0	0	0	2	4	12	12	12	10	9	55_288.cif
.0000000003435580870960759331648273990300	0	0	0	0	0	0	0	0	0	0	0	0	0	0	0	0	0	0	0	0	0	0	0	0	2	4	12	12	11	11	9	55_289.cif
.0000000003392426303322202624968685457679	0	0	0	0	0	0	0	0	0	0	0	0	0	0	0	0	0	0	0	0	0	0	0	0	2	4	12	12	12	10	9	55_290.cif
.0000000003349727034334355217579278800408	0	0	0	0	0	0	0	0	0	0	0	0	0	0	0	0	0	0	0	0	0	0	0	0	2	4	12	12	12	10	9	55_291.cif
.0000000003184484595872897936925484038156	0	0	0	0	0	0	0	0	0	0	0	0	0	0	0	0	0	0	0	0	0	0	0	0	2	4	12	12	12	10	9	55_292.cif
.0000000002951740192486245319418864181894	0	0	0	0	0	0	0	0	0	0	0	0	0	0	0	0	0	0	0	0	0	0	0	0	2	4	12	12	12	10	9	55_293.cif
.0000000002914663180891268082971630242073	0	0	0	0	0	0	0	0	0	0	0	0	0	0	0	0	0	0	0	0	0	0	0	0	2	4	12	12	12	10	9	55_294.cif
.0000000002841900488352799871758958107038	0	0	0	0	0	0	0	0	0	0	0	0	0	0	0	0	0	0	0	0	0	0	0	0	2	4	12	12	11	11	9	55_295.cif
.0000000002806130492916189815700266550708	0	0	0	0	0	0	0	0	0	0	0	0	0	0	0	0	0	0	0	0	1	0	0	1	0	5	12	12	12	10	9	55_296.cif
.0000000002701639213374278676978066437125	0	0	0	0	0	0	0	0	0	0	0	0	0	0	0	0	0	0	0	0	0	0	0	0	2	4	12	12	11	11	9	55_297.cif
.0000000002667703737381267451852452269989	0	0	0	0	0	0	0	0	0	0	0	0	0	0	0	0	0	0	0	0	0	0	0	0	2	4	12	12	11	11	9	55_298.cif
.0000000002634194527236475797627143228757	0	0	0	0	0	0	0	0	0	0	0	0	0	0	0	0	0	0	0	0	0	0	0	0	2	4	12	12	11	11	9	55_299.cif
.0000000002601106228585263285193814527609	0	0	0	0	0	0	0	0	0	0	0	0	0	0	0	0	0	0	0	0	0	0	0	0	2	4	12	12	11	11	9	55_300.cif
.0000000002568367025257084513887513259548	0	0	0	0	0	0	0	0	0	0	0	0	0	0	0	0	0	0	0	0	0	0	0	0	2	4	12	12	10	12	9	55_301.cif
.0000000002536105590386217957785374841030	0	0	0	0	0	0	0	0	0	0	0	0	0	0	0	0	0	0	0	0	1	0	0	1	0	5	12	12	12	10	9	55_302.cif
.0000000002504249393617885825930021271932	0	0	0	0	0	0	0	0	0	0	0	0	0	0	0	0	0	0	0	0	0	0	0	0	2	4	12	12	11	11	9	55_303.cif
.0000000002472729292984888225848189627201	0	0	0	0	0	0	0	0	0	0	0	0	0	0	0	0	0	0	0	0	0	0	0	0	2	4	12	12	12	10	9	55_304.cif
.0000000002441669170247589493594376039134	0	0	0	0	0	0	0	0	0	0	0	0	0	0	0	0	0	0	0	0	0	0	0	0	2	4	12	12	11	11	9	55_305.cif
.0000000002410999195848482489765109993376	0	0	0	0	0	0	0	0	0	0	0	0	0	0	0	0	0	0	0	0	1	0	1	0	0	5	12	12	11	11	9	55_306.cif
.0000000002380714469107454608812280623626	0	0	0	0	0	0	0	0	0	0	0	0	0	0	0	0	0	0	0	0	0	0	0	0	2	4	12	12	11	11	9	55_307.cif
.0000000002321221335700960460663870978555	0	0	0	0	0	0	0	0	0	0	0	0	0	0	0	0	0	0	0	0	0	0	0	0	2	4	12	12	11	11	9	55_308.cif
.0000000002263214912678450271123283537717	0	0	0	0	0	0	0	0	0	0	0	0	0	0	0	0	0	0	0	0	0	0	0	0	2	4	12	12	11	11	9	55_309.cif
.0000000002206715207354234430278821641998	0	0	0	0	0	0	0	0	0	0	0	0	0	0	0	0	0	0	0	0	0	0	0	0	2	4	12	12	12	10	9	55_310.cif
.0000000002151570248172932757988039303456	0	0	0	0	0	0	0	0	0	0	0	0	0	0	0	0	0	0	0	0	1	0	0	1	0	5	12	12	12	10	9	55_311.cif
.0000000002124544226288627771905291069231	0	0	0	0	0	0	0	0	0	0	0	0	0	0	0	0	0	0	0	0	0	0	0	0	2	4	12	12	11	11	9	55_312.cif
.0000000002097857680124212097825168648239	0	0	0	0	0	0	0	0	0	0	0	0	0	0	0	0	0	0	0	0	0	0	0	0	2	4	12	12	11	11	9	55_313.cif
.0000000002071506345501817172229790887838	0	0	0	0	0	0	0	0	0	0	0	0	0	0	0	0	0	0	0	0	0	0	0	0	2	4	12	12	10	12	9	55_314.cif
.0000000001994370107836786411307689520804	0	0	0	0	0	0	0	0	0	0	0	0	0	0	0	0	0	0	0	0	0	0	0	0	2	4	12	12	10	12	9	55_315.cif
.0000000001969267677280682709673816371734	0	0	0	0	0	0	0	0	0	0	0	0	0	0	0	0	0	0	0	0	0	0	0	0	2	4	12	12	10	12	9	55_316.cif
.0000000001944531570529143125922121349609	0	0	0	0	0	0	0	0	0	0	0	0	0	0	0	0	0	0	0	0	0	0	0	0	2	4	12	12	10	12	9	55_317.cif
.0000000001920106175715997050220561790963	0	0	0	0	0	0	0	0	0	0	0	0	0	0	0	0	0	0	0	0	0	0	0	0	2	4	12	12	12	10	9	55_318.cif
.0000000001779771389080438223156584611961	0	0	0	0	0	0	0	0	0	0	0	0	0	0	0	0	0	0	0	0	0	0	0	0	2	4	12	12	10	12	9	55_319.cif
.0000000001757415558239593768388374943781	0	0	0	0	0	0	0	0	0	0	0	0	0	0	0	0	0	0	0	0	0	0	0	0	2	4	12	12	10	12	9	55_320.cif
.0000000001670722036869927670484545727509	0	0	0	0	0	0	0	0	0	0	0	0	0	0	0	0	0	0	0	0	1	0	0	1	0	5	12	12	12	10	9	55_321.cif
.0000000001649693250014227529131135032023	0	0	0	0	0	0	0	0	0	0	0	0	0	0	0	0	0	0	0	0	0	0	0	0	2	4	12	12	11	11	9	55_322.cif
.0000000001628971339625693827450463154000	0	0	0	0	0	0	0	0	0	0	0	0	0	0	0	0	0	0	0	0	0	0	0	0	2	4	12	12	10	12	9	55_323.cif
.0000000001608509718578919096822836137748	0	0	0	0	0	0	0	0	0	0	0	0	0	0	0	0	0	0	0	0	0	0	0	0	2	4	12	12	10	12	9	55_324.cif
.0000000001588305117361577349793171908604	0	0	0	0	0	0	0	0	0	0	0	0	0	0	0	0	0	0	0	0	1	0	0	1	0	5	12	12	12	10	9	55_325.cif
.0000000001568313683096791423242859196678	0	0	0	0	0	0	0	0	0	0	0	0	0	0	0	0	0	0	0	0	0	0	0	0	2	4	12	12	11	11	9	55_326.cif
.0000000001548613987046048246684539330225	0	0	0	0	0	0	0	0	0	0	0	0	0	0	0	0	0	0	0	0	0	0	0	0	2	4	12	12	10	12	9	55_327.cif
.0000000001509953834429118272036842596789	0	0	0	0	0	0	0	0	0	0	0	0	0	0	0	0	0	0	0	0	0	0	0	0	2	4	12	12	10	12	9	55_328.cif
.0000000001472220672357390506210826870098	0	0	0	0	0	0	0	0	0	0	0	0	0	0	0	0	0	0	0	0	0	0	0	0	2	4	12	12	10	12	9	55_329.cif
.0000000001453728007224358303712279220301	0	0	0	0	0	0	0	0	0	0	0	0	0	0	0	0	0	0	0	0	0	0	0	0	2	4	12	12	12	10	9	55_330.cif
.0000000001435430447405637392055654335152	0	0	0	0	0	0	0	0	0	0	0	0	0	0	0	0	0	0	0	0	1	1	0	0	0	5	12	12	11	11	9	55_331.cif
.0000000001417399906818861076686103787394	0	0	0	0	0	0	0	0	0	0	0	0	0	0	0	0	0	0	0	0	0	0	0	0	2	4	12	12	11	11	9	55_332.cif
.0000000001399595849092636428351141055855	0	0	0	0	0	0	0	0	0	0	0	0	0	0	0	0	0	0	0	0	0	0	0	0	2	4	12	12	11	11	9	55_333.cif
.0000000001382015429360173302917368655123	0	0	0	0	0	0	0	0	0	0	0	0	0	0	0	0	0	0	0	0	0	0	0	0	2	4	12	12	11	11	9	55_334.cif
.0000000001364620490373343742230935028349	0	0	0	0	0	0	0	0	0	0	0	0	0	0	0	0	0	0	0	0	0	0	0	0	2	4	12	12	11	11	9	55_335.cif
.0000000001330553617115499035337490808550	0	0	0	0	0	0	0	0	0	0	0	0	0	0	0	0	0	0	0	0	0	0	0	0	2	4	12	12	11	11	9	55_336.cif
.0000000001313806409742318841259970007529	0	0	0	0	0	0	0	0	0	0	0	0	0	0	0	0	0	0	0	0	0	0	0	0	2	4	12	12	11	11	9	55_337.cif
.0000000001297303597058611292816847661450	0	0	0	0	0	0	0	0	0	0	0	0	0	0	0	0	0	0	0	0	0	0	0	0	2	4	12	12	11	11	9	55_338.cif
.0000000001217815794441051118577742653457	0	0	0	0	0	0	0	0	0	0	0	0	0	0	0	0	0	0	0	0	0	0	0	0	2	4	12	12	10	12	9	55_339.cif
.0000000001187383048950837117589704136937	0	0	0	0	0	0	0	0	0	0	0	0	0	0	0	0	0	0	0	0	0	0	0	0	2	4	12	12	12	10	9	55_340.cif
.0000000001172468248798135412746426874616	0	0	0	0	0	0	0	0	0	0	0	0	0	0	0	0	0	0	0	0	0	0	0	0	2	4	12	12	10	12	9	55_341.cif
.0000000001157740794476074954710398507850	0	0	0	0	0	0	0	0	0	0	0	0	0	0	0	0	0	0	0	0	0	0	0	0	2	4	12	12	11	11	9	55_342.cif
.0000000001114630248727022741270899991682	0	0	0	0	0	0	0	0	0	0	0	0	0	0	0	0	0	0	0	0	1	1	0	0	0	5	12	12	11	11	9	55_343.cif
.0000000001100600792356584359899529982140	0	0	0	0	0	0	0	0	0	0	0	0	0	0	0	0	0	0	0	0	0	0	0	0	2	4	12	12	12	10	9	55_344.cif
.0000000001086776070098330810458401604225	0	0	0	0	0	0	0	0	0	0	0	0	0	0	0	0	0	0	0	0	0	0	0	0	2	4	12	12	10	12	9	55_345.cif
.0000000001073125001127304705674153101245	0	0	0	0	0	0	0	0	0	0	0	0	0	0	0	0	0	0	0	0	0	0	0	0	2	4	12	12	11	11	9	55_346.cif
.0000000001033165275533903396294161795285	0	0	0	0	0	0	0	0	0	0	0	0	0	0	0	0	0	0	0	0	1	0	1	0	0	5	12	12	11	11	9	55_347.cif
.0000000001007346875063837830772166568007	0	0	0	0	0	0	0	0	0	0	0	0	0	0	0	0	0	0	0	0	0	0	0	0	2	4	12	12	12	10	9	55_348.cif
.0000000000994693521675223143723575433007	0	0	0	0	0	0	0	0	0	0	0	0	0	0	0	0	0	0	0	0	1	0	1	0	0	5	12	12	11	11	9	55_349.cif
.0000000000982199107928891081933989595101	0	0	0	0	0	0	0	0	0	0	0	0	0	0	0	0	0	0	0	0	0	0	0	0	2	4	12	12	12	10	9	55_350.cif
.0000000000922018245870687678600382290967	0	0	0	0	0	0	0	0	0	0	0	0	0	0	0	0	0	0	0	0	0	0	0	0	2	4	12	12	10	12	9	55_351.cif
.0000000000910413128597076997887146435477	0	0	0	0	0	0	0	0	0	0	0	0	0	0	0	0	0	0	0	0	0	0	0	0	2	4	12	12	11	11	9	55_352.cif
.0000000000802245375788105468574249236126	0	0	0	0	0	0	0	0	0	0	0	0	0	0	0	0	0	0	0	0	0	0	0	0	2	4	12	12	10	12	9	55_353.cif
.0000000000743630935583326114605195811124	0	0	0	0	0	0	0	0	0	0	0	0	0	0	0	0	0	0	0	0	1	0	1	0	0	5	12	12	11	11	9	55_354.cif
.0000000000725047886238294372154178053851	0	0	0	0	0	0	0	0	0	0	0	0	0	0	0	0	0	0	0	0	0	0	0	0	2	4	12	12	11	11	9	55_355.cif
.0000000000680623078197786818241855832368	0	0	0	0	0	0	0	0	0	0	0	0	0	0	0	0	0	0	0	0	1	0	0	1	0	5	12	12	12	10	9	55_356.cif
.0000000000638903697331281574544977801278	0	0	0	0	0	0	0	0	0	0	0	0	0	0	0	0	0	0	0	0	0	0	0	0	2	4	12	12	10	12	9	55_357.cif
.0000000000592223487392959497417856980360	0	0	0	0	0	0	0	0	0	0	0	0	0	0	0	0	0	0	0	0	0	0	0	0	2	4	12	12	10	12	9	55_358.cif
.0000000000584769379999572946806416697270	0	0	0	0	0	0	0	0	0	0	0	0	0	0	0	0	0	0	0	0	0	0	0	0	2	4	12	12	11	11	9	55_359.cif
.0000000000570170988363182038697409791411	0	0	0	0	0	0	0	0	0	0	0	0	0	0	0	0	0	0	0	0	0	0	0	0	2	4	12	12	11	11	9	55_360.cif
.0000000000555922635981839679403457876261	0	0	0	0	0	0	0	0	0	0	0	0	0	0	0	0	0	0	0	0	1	0	0	1	0	5	12	12	12	10	9	55_361.cif
.0000000000535221863973305202066389436773	0	0	0	0	0	0	0	0	0	0	0	0	0	0	0	0	0	0	0	0	1	0	1	0	0	5	12	12	11	11	9	55_362.cif
.0000000000515305269913222464984006446090	0	0	0	0	0	0	0	0	0	0	0	0	0	0	0	0	0	0	0	0	0	0	0	0	2	4	12	12	11	11	9	55_363.cif
.0000000000471643448701817274943426910197	0	0	0	0	0	0	0	0	0	0	0	0	0	0	0	0	0	0	0	0	0	0	0	0	2	4	12	12	10	12	9	55_364.cif
.0000000000426247676964366194762837597411	0	0	0	0	0	0	0	0	0	0	0	0	0	0	0	0	0	0	0	0	0	0	0	0	2	4	12	12	10	12	9	55_365.cif
.0000000000390131706587177919138882527673	0	0	0	0	0	0	0	0	0	0	0	0	0	0	0	0	0	0	0	0	0	0	0	0	2	4	12	12	10	12	9	55_366.cif
.0000000000380392319339272891820738167740	0	0	0	0	0	0	0	0	0	0	0	0	0	0	0	0	0	0	0	0	0	0	0	0	2	4	12	12	10	12	9	55_367.cif
.0000000000370886462465247383490626282137	0	0	0	0	0	0	0	0	0	0	0	0	0	0	0	0	0	0	0	0	0	0	0	0	2	4	12	12	11	11	9	55_368.cif
.0000000000253780566822075523881151803951	0	0	0	0	0	0	0	0	0	0	0	0	0	0	0	0	0	0	0	0	0	0	0	0	2	4	12	12	10	12	9	55_369.cif
.0000000000223628460314086090087935434083	0	0	0	0	0	0	0	0	0	0	0	0	0	0	0	0	0	0	0	0	0	0	0	0	2	4	12	12	10	12	9	55_370.cif
.0000000000184984680741472467967558588894	0	0	0	0	0	0	0	0	0	0	0	0	0	0	0	0	0	0	0	0	1	0	0	1	0	5	12	12	10	12	9	55_371.cif
.0000000000158932866856411488051538462119	0	0	0	0	0	0	0	0	0	0	0	0	0	0	0	0	0	0	0	0	0	0	0	0	2	4	12	12	10	12	9	55_372.cif
Average: 0 0 0 0 0 0 0 0 0 0 0 0 0 0 0 0 0 0 0 0 .0000000100559355171974205548402192490646 .0000000020741209465572054199103008953353 .0000000005717710792614240346454432469565 .0000000074100434913787911002844751067728 .0005230771551149072575443451592109856403 5.9994769127889495760763561899232739400011 11.9999999147560229852130410384729359213922 11.9999997849780580919592038872927050528382 11.9999190106917209462948784988927188637775 11.9995581923072120391310598398836240758706 7.0005230972669859422722600597494710209265
