.5610467499446441415584667352739221688158	0	0	0	0	0	0	0	0	0	0	2	0	0	1	0	1	3	0	1	2	1	1	0	0	0	0	11	11	5	2	0	29_1.cif
.1988751303389739216445890202292389976510	0	0	0	0	0	0	0	0	0	0	1	0	0	0	0	1	5	1	0	4	0	0	0	0	0	0	12	10	3	4	0	29_2.cif
.1030254505049581780052124486000507488578	0	0	0	0	0	0	0	0	0	0	2	0	0	0	1	1	3	0	0	3	1	0	0	1	0	0	11	11	2	5	0	29_3.cif
.0770216257353996814971337440983009250791	0	0	0	0	0	0	0	0	0	0	3	0	0	0	1	2	2	0	0	2	0	0	0	0	1	0	11	12	3	3	0	29_4.cif
.0369851131946808083525192564855532177234	0	0	0	0	0	0	0	0	0	0	2	0	0	0	0	2	3	1	1	1	1	1	0	0	0	0	11	11	4	3	0	29_5.cif
.0114071219803930873452139840258721792472	0	0	0	0	0	0	1	1	0	0	1	0	0	0	0	1	2	0	0	2	2	0	2	0	0	0	12	10	3	4	0	29_6.cif
.0043075346680682784857698456022466473872	0	0	0	0	0	0	0	0	0	0	2	0	0	0	1	1	3	1	1	1	1	0	0	1	0	0	12	9	5	3	0	29_7.cif
.0020424058644746853269157321310336741343	0	0	0	0	0	0	1	0	1	0	1	0	0	0	0	1	2	0	0	2	2	1	0	1	0	0	10	11	5	3	0	29_8.cif
.0010580497618924082483435466105045986270	0	0	0	0	0	0	0	0	0	0	1	1	0	0	0	0	5	1	0	4	0	0	0	0	0	0	11	10	5	3	0	29_9.cif
.0008976469139734284675871993035195601839	0	0	0	0	0	0	1	0	1	0	1	0	0	0	0	1	2	0	0	2	2	0	2	0	0	0	11	10	5	3	0	29_10.cif
.0006142026332600773599452320421111673421	0	0	0	0	0	0	0	0	0	0	2	0	0	0	2	0	3	1	0	2	1	0	1	0	0	0	11	10	4	4	0	29_11.cif
.0005621612373599504456622541688183026900	0	0	0	0	0	0	0	0	0	0	2	0	0	0	0	2	4	0	0	4	0	0	0	0	0	0	11	11	4	2	1	29_12.cif
.0005277167468214012803443899963349959974	0	0	0	0	0	0	0	0	0	0	2	0	0	1	1	0	3	0	0	3	1	0	1	0	0	0	11	10	5	3	0	29_13.cif
.0004202706439493172755974233834225479631	0	0	0	0	0	0	0	0	0	0	3	0	0	1	1	1	1	0	0	1	2	0	2	0	0	0	12	9	3	5	0	29_14.cif
.0002439689941746124793308679611794162489	0	0	0	0	0	0	0	0	0	0	2	1	0	0	0	1	3	1	0	2	1	1	0	0	0	0	11	10	4	4	0	29_15.cif
.0002096102850940200005691878425645183574	0	0	0	0	0	0	1	1	0	0	0	0	0	0	0	0	4	1	0	3	1	0	0	1	0	0	11	10	4	4	0	29_16.cif
.0001508690778750808248408017107202501125	0	0	0	0	0	0	1	0	1	0	1	0	0	0	1	0	2	1	0	1	2	0	2	0	0	0	11	9	6	3	0	29_17.cif
.0001398461330121429965265234096526105034	0	0	0	0	0	0	0	0	0	0	2	0	0	0	1	1	3	1	0	2	1	0	0	1	0	0	12	9	3	5	0	29_18.cif
.0001142242062990780070172415782977651773	0	0	0	0	0	0	0	0	0	0	2	0	0	2	0	0	3	0	0	3	1	1	0	0	0	0	10	11	3	5	0	29_19.cif
.0000646506613028955636171027787790161184	0	0	0	0	0	0	0	0	0	0	2	0	0	0	1	1	3	0	0	3	1	1	0	0	0	0	11	10	2	6	0	29_20.cif
.0000375299989134932174681416470010573087	0	0	0	0	0	0	0	0	0	0	2	0	0	0	2	0	3	2	1	0	1	0	1	0	0	0	9	10	6	4	0	29_21.cif
.0000326555880198115898425586020586268761	0	0	0	0	0	0	1	0	1	0	0	0	0	0	0	0	4	0	0	4	1	0	1	0	0	0	10	10	6	3	0	29_22.cif
.0000306547295154765606578494775782200197	0	0	0	0	0	0	1	0	1	0	1	0	0	0	0	1	2	1	0	1	2	1	1	0	0	0	12	9	3	5	0	29_23.cif
.0000253574851102234090275367053648516523	0	0	0	0	0	0	0	0	0	0	2	1	0	0	0	1	3	1	0	2	1	0	1	0	0	0	9	12	5	3	0	29_24.cif
.0000223447186033448215955575935390470941	0	0	0	0	0	0	0	0	0	0	2	0	0	2	0	0	4	0	0	4	0	0	0	0	0	0	11	11	5	1	1	29_25.cif
.0000212424509406648071097525487886724369	0	0	0	0	0	0	0	0	0	0	1	0	0	0	1	0	5	1	1	3	0	0	0	0	0	0	11	9	3	6	0	29_26.cif
.0000129712093891340269431139794721741381	0	0	0	0	0	0	1	0	1	0	1	0	0	1	0	0	2	0	0	2	2	1	1	0	0	0	10	11	3	5	0	29_27.cif
.0000128079453682584873591269190965056755	0	0	0	0	0	0	1	0	1	0	0	0	0	0	0	0	5	0	0	5	0	0	0	0	0	0	11	11	4	2	1	29_28.cif
.0000092186454797140962305802336466472724	0	0	0	0	0	0	0	0	0	0	2	1	0	0	0	1	3	0	0	3	1	0	1	0	0	0	12	8	5	4	0	29_29.cif
.0000084375495463959931961276289718090646	0	0	0	0	0	0	0	0	0	0	2	0	0	1	1	0	3	1	0	2	1	0	1	0	0	0	10	10	4	5	0	29_30.cif
.0000080213242100043982548098296850698863	0	0	0	0	0	0	1	0	1	0	0	0	0	0	0	0	4	1	1	2	1	0	0	1	0	0	10	11	5	3	0	29_31.cif
.0000074350697435680027643830041397697000	0	0	0	0	0	0	0	0	0	0	1	0	0	1	0	0	5	1	1	3	0	0	0	0	0	0	9	11	5	4	0	29_32.cif
.0000068050962020735369282658265272878104	0	0	0	0	0	0	1	1	0	0	0	0	0	0	0	0	4	0	0	4	1	0	1	0	0	0	10	10	7	2	0	29_33.cif
.0000047756353545776448574817693460270209	0	0	0	0	0	0	0	0	0	0	2	0	0	0	0	1	3	0	1	2	1	0	1	0	0	0	9	11	4	5	0	29_34.cif
.0000039503888734174179172372018153875774	0	0	0	0	0	0	0	0	0	0	2	0	0	0	1	1	3	2	0	1	1	0	0	1	0	0	11	9	5	4	0	29_35.cif
.0000036616668294545131996828625931701593	0	0	0	0	0	0	0	0	0	0	2	0	0	0	1	1	3	1	0	2	1	1	0	0	0	0	10	10	5	4	0	29_36.cif
.0000035702556710617844001346748284399242	0	0	0	0	0	0	0	0	0	0	3	0	0	1	1	1	1	0	0	1	2	1	1	0	0	0	11	9	6	3	0	29_37.cif
.0000035254094439954746473360659800295455	0	0	0	0	0	0	1	0	1	0	1	0	0	0	1	0	3	0	0	3	1	0	0	1	0	0	12	10	4	2	1	29_38.cif
.0000034810363632909523481202050148450910	0	0	0	0	0	0	0	0	0	0	2	0	0	1	1	0	3	1	0	2	1	0	1	0	0	0	10	10	5	4	0	29_39.cif
.0000033515005710843945715888525082751150	0	0	0	0	0	0	0	0	0	0	2	0	0	1	1	0	3	1	0	2	1	0	0	1	0	0	10	10	6	3	0	29_40.cif
.0000031860881137805125105601429550828814	0	0	0	0	0	0	0	0	0	0	2	0	1	0	0	1	3	0	0	3	1	0	1	0	0	0	11	9	4	5	0	29_41.cif
.0000021527094123096858496266438940372858	0	0	0	0	0	0	0	0	0	0	2	0	0	2	0	0	3	0	1	2	1	0	1	0	0	0	10	10	4	5	0	29_42.cif
.0000019210730275077351017947782488942606	0	0	0	0	0	0	0	0	0	0	3	0	2	0	0	1	1	0	0	1	2	0	2	0	0	0	11	9	4	5	0	29_43.cif
.0000018969422970670903910345154518474346	0	0	0	0	0	0	0	0	0	0	2	0	0	2	0	0	3	0	0	3	1	1	0	0	0	0	9	11	7	2	0	29_44.cif
.0000015299317355520350399878019251031102	0	0	0	0	0	0	0	0	0	0	1	0	0	1	0	0	5	2	1	2	0	0	0	0	0	0	9	11	5	4	0	29_45.cif
.0000015107141577845260244173475360884771	0	0	0	0	0	0	1	0	1	0	1	0	0	0	0	1	3	1	0	2	0	0	0	0	1	0	10	11	5	3	0	29_46.cif
.0000013145020138695304453252331028983415	0	0	0	0	0	0	1	0	1	0	2	1	0	0	0	1	1	0	0	1	1	0	1	0	1	0	11	10	5	3	0	29_47.cif
.0000012031242437154068671630964033279989	0	0	0	0	0	0	0	0	0	0	2	0	0	0	1	1	3	2	0	1	1	0	0	1	0	0	8	11	7	3	0	29_48.cif
.0000010601789788627018670899492102324293	0	0	0	0	0	0	0	0	0	0	2	0	0	1	1	0	3	0	0	3	1	1	0	0	0	0	11	9	5	4	0	29_49.cif
.0000009581613691491124424593414907430825	0	0	0	0	0	0	0	0	0	0	2	0	0	0	2	0	3	0	0	3	1	0	0	1	0	0	8	11	8	2	0	29_50.cif
.0000009224825196719543356809866780663978	0	0	0	0	0	0	0	0	0	0	2	1	0	1	0	0	3	0	0	3	1	0	1	0	0	0	11	9	4	5	0	29_51.cif
.0000007534697697014848251601215177044692	0	0	0	0	0	0	0	0	0	0	2	1	0	1	0	0	3	0	0	3	1	0	1	0	0	0	11	9	6	3	0	29_52.cif
.0000005221231722197102067976945414589766	0	0	0	0	0	0	0	0	0	0	2	0	0	1	1	0	3	0	1	2	1	0	0	1	0	0	10	9	5	5	0	29_53.cif
.0000003758033223163007852572023950300499	0	0	0	0	0	0	0	0	0	0	3	0	0	2	1	0	2	1	0	1	0	0	0	0	1	0	10	10	4	5	0	29_54.cif
.0000003710828309348367031317326977419581	0	0	0	0	0	0	1	1	0	0	1	0	0	0	1	0	2	0	0	2	2	1	1	0	0	0	12	8	4	5	0	29_55.cif
.0000003527681323016951901474214872751316	0	0	0	0	0	0	0	0	0	0	2	0	0	0	2	0	3	1	0	2	1	0	0	1	0	0	9	11	2	7	0	29_56.cif
.0000003228780845553724480896620204820828	0	0	0	0	0	0	0	0	0	0	2	0	0	1	1	0	3	1	0	2	1	0	1	0	0	0	7	12	7	3	0	29_57.cif
.0000002881431385680199903361190777071805	0	0	0	0	0	0	0	0	0	0	2	0	0	0	2	0	3	0	1	2	1	0	1	0	0	0	10	9	7	3	0	29_58.cif
.0000002127038925878723086408022962838582	0	0	0	0	0	0	1	0	1	0	1	0	0	1	0	0	2	0	0	2	2	1	1	0	0	0	10	10	3	6	0	29_59.cif
.0000002100321043621156869928766559155003	0	0	0	0	0	0	0	0	0	0	3	0	0	1	2	0	1	0	0	1	2	0	2	0	0	0	11	9	4	5	0	29_60.cif
.0000002073938766520432937200976486418024	0	0	0	0	0	0	1	0	1	0	1	0	0	0	1	0	2	1	0	1	2	0	1	1	0	0	9	10	6	4	0	29_61.cif
.0000001759479165021000364844129731657288	0	0	0	0	0	0	0	0	0	0	3	0	0	2	0	1	2	0	1	1	1	0	1	0	0	0	11	10	3	4	1	29_62.cif
.0000001693961816578192659356440754874864	0	0	0	0	0	0	0	0	0	0	3	0	1	2	0	0	1	0	0	1	2	0	1	1	0	0	11	9	4	5	0	29_63.cif
.0000001672683845680010019402085599993375	0	0	0	0	0	0	0	0	0	0	3	0	0	2	1	0	1	1	0	0	2	1	1	0	0	0	12	8	4	5	0	29_64.cif
.0000001401239293906741305421026136738305	0	0	0	0	0	0	0	0	0	0	2	0	0	1	0	1	3	1	0	2	1	1	0	0	0	0	10	9	4	6	0	29_65.cif
.0000001315383190010502509591433183209963	0	0	0	0	0	0	1	0	1	0	2	0	0	1	0	1	1	0	0	1	1	0	1	0	1	0	10	10	4	5	0	29_66.cif
.0000001266402548176814517365281645622186	0	0	0	0	0	0	0	0	0	0	2	0	0	2	0	0	3	0	0	3	1	1	0	0	0	0	10	10	2	7	0	29_67.cif
.0000001188777307525853176759424670747776	0	0	0	0	0	0	0	0	0	0	2	0	0	1	1	0	3	2	0	1	1	0	1	0	0	0	10	9	4	6	0	29_68.cif
.0000001159100246282103732760724914234343	0	0	0	0	0	0	0	0	0	0	3	0	0	1	2	0	2	0	0	2	0	0	0	0	1	0	10	10	5	4	0	29_69.cif
.0000001115939078917611288398063718482601	0	0	0	0	0	0	0	0	0	0	3	0	0	1	1	1	1	0	0	1	2	0	1	1	0	0	11	9	4	5	0	29_70.cif
.0000001074385094688694104101242360177996	0	0	0	0	0	0	0	0	0	0	2	0	0	0	1	1	4	1	0	3	0	0	0	0	0	0	11	10	5	2	1	29_71.cif
.0000000995861518787304221015370557431929	0	0	0	0	0	0	0	0	0	0	3	0	0	1	2	0	2	0	0	2	0	0	0	0	1	0	11	9	2	7	0	29_72.cif
.0000000971000476188119656779401219194433	0	0	0	0	0	0	1	0	1	0	2	0	0	0	0	2	0	0	0	0	3	3	0	0	0	0	11	9	3	6	0	29_73.cif
.0000000923100905629694982871704871226222	0	0	0	0	0	0	1	1	0	0	0	0	0	0	0	0	4	1	0	3	1	1	0	0	0	0	11	9	5	4	0	29_74.cif
.0000000888727595115790587066904348909747	0	0	0	0	0	0	1	0	1	0	1	0	0	0	1	0	2	0	1	1	2	2	0	0	0	0	8	12	4	5	0	29_75.cif
.0000000631619179185752670518505997378129	0	0	0	0	0	0	2	0	2	0	0	0	0	0	0	0	2	0	0	2	2	0	1	1	0	0	11	10	5	2	1	29_76.cif
.0000000615851212431378294939591811983321	0	0	0	0	0	0	0	0	0	0	3	0	0	0	2	1	2	1	0	1	1	0	0	1	0	0	10	11	4	3	1	29_77.cif
.0000000570840499175596932221592878635732	0	0	0	0	0	0	0	0	0	0	3	0	0	2	1	0	2	0	0	2	0	0	0	0	1	0	11	8	8	2	0	29_78.cif
.0000000556575415978108013969721820318016	0	0	0	0	0	0	1	0	1	0	1	0	0	1	0	0	3	0	2	1	0	0	0	0	1	0	11	9	5	4	0	29_79.cif
.0000000472197265705760273624474240846837	0	0	0	0	0	0	0	0	0	0	2	0	0	0	1	1	3	0	0	3	1	0	1	0	0	0	9	10	4	6	0	29_80.cif
.0000000390599927759169410928337733784058	0	0	0	0	0	0	0	0	0	0	3	0	0	0	3	0	2	0	0	2	0	0	0	0	1	0	9	10	9	1	0	29_81.cif
.0000000385683584737748591143098617090859	0	0	0	0	0	0	1	0	1	0	1	0	0	0	1	0	2	1	0	1	2	1	0	1	0	0	11	9	6	3	0	29_82.cif
.0000000380838986700389134102089653844108	0	0	0	0	0	0	1	1	0	0	2	0	0	1	0	1	2	0	0	2	0	0	0	0	0	1	11	10	5	3	0	29_83.cif
.0000000344192077184603757941984896974155	0	0	0	0	0	0	0	0	0	0	3	0	0	1	2	0	1	0	0	1	2	2	0	0	0	0	9	10	4	6	0	29_84.cif
.0000000315028678683076551442592990249732	0	0	0	0	0	0	0	0	0	0	2	0	0	1	1	0	3	1	0	2	1	0	0	1	0	0	9	10	6	4	0	29_85.cif
.0000000303298023315804790393122208152730	0	0	0	0	0	0	0	0	0	0	3	1	0	1	0	1	2	0	0	2	0	0	0	0	1	0	10	10	4	5	0	29_86.cif
.0000000281130882806953187741072570623174	0	0	0	0	0	0	1	0	1	0	1	0	0	1	0	0	2	0	1	1	2	1	1	0	0	0	10	10	5	4	0	29_87.cif
.0000000226739137039183032856288813450178	0	0	0	0	0	0	0	0	0	0	2	0	0	1	1	0	3	0	0	3	1	0	1	0	0	0	10	9	6	4	0	29_88.cif
.0000000204920759906226253951997339041517	0	0	0	0	0	0	0	0	0	0	2	0	0	0	1	1	4	1	0	3	0	0	0	0	0	0	9	11	5	3	1	29_89.cif
.0000000199805044874190706264446489740182	0	0	0	0	0	0	1	0	1	0	1	0	0	0	1	0	2	1	0	1	2	1	0	1	0	0	10	10	5	4	0	29_90.cif
.0000000165273753629041637180479661437272	0	0	0	0	0	0	0	0	0	0	2	0	0	2	0	0	3	2	0	1	1	1	0	0	0	0	9	10	5	5	0	29_91.cif
.0000000145641066608937233047962400921847	0	0	0	0	0	0	0	0	0	0	2	0	0	1	1	0	3	2	0	1	1	1	0	0	0	0	9	10	6	4	0	29_92.cif
.0000000129969759578324806387690116727537	0	0	0	0	0	0	1	0	0	1	1	0	0	0	0	1	3	1	0	2	0	0	0	0	1	0	9	10	8	2	0	29_93.cif
.0000000123558335668603318989235658073214	0	0	0	0	0	0	1	1	0	0	1	0	0	0	1	0	2	0	0	2	2	1	1	0	0	0	11	8	6	4	0	29_94.cif
.0000000107510530850477552648149922131130	0	0	0	0	0	0	0	0	0	0	2	1	0	0	0	1	3	1	0	2	1	0	0	1	0	0	9	10	6	4	0	29_95.cif
.0000000103507184263012907378669697986510	0	0	0	0	0	0	0	0	0	0	3	0	0	1	1	1	2	1	0	1	1	1	0	0	0	0	9	12	4	3	1	29_96.cif
.0000000098401162384039587798459365054610	0	0	0	0	0	0	1	1	0	0	2	0	0	0	1	1	0	0	0	0	3	1	2	0	0	0	12	7	6	4	0	29_97.cif
.0000000088932335346714846019904348062524	0	0	0	0	0	0	0	0	0	0	1	0	0	1	0	0	5	1	1	3	0	0	0	0	0	0	8	10	7	4	0	29_98.cif
.0000000087812975523048791169824826268255	0	0	0	0	0	0	1	0	0	1	1	0	0	1	0	0	3	0	1	2	0	0	0	0	1	0	9	10	8	2	0	29_99.cif
.0000000080372581137067612368442793757749	0	0	0	0	0	0	1	0	1	0	1	0	0	0	1	0	2	1	0	1	2	1	1	0	0	0	11	8	5	5	0	29_100.cif
.0000000076407792019506121762166750348835	0	0	0	0	0	0	0	0	0	0	1	0	0	0	1	0	5	3	1	1	0	0	0	0	0	0	9	9	7	4	0	29_101.cif
.0000000075448028488194909022107625740707	0	0	0	0	0	0	0	0	0	0	3	0	0	1	0	2	2	0	1	1	1	1	0	0	0	0	10	11	3	4	1	29_102.cif
.0000000074500320612618386405655212410555	0	0	0	0	0	0	0	0	0	0	3	0	0	1	1	1	2	1	0	1	1	1	0	0	0	0	10	11	4	3	1	29_103.cif
.0000000064824189920102996086581866030326	0	0	0	0	0	0	0	0	0	0	3	0	0	1	2	0	1	0	1	0	2	1	0	1	0	0	10	9	5	5	0	29_104.cif
.0000000064008270788828976755191985347349	0	0	0	0	0	0	0	0	0	0	3	0	0	0	3	0	1	1	0	0	2	1	0	1	0	0	10	9	3	7	0	29_105.cif
.0000000058584849297906340972106262377447	0	0	0	0	0	0	0	0	0	0	2	1	0	0	1	0	3	1	0	2	1	0	1	0	0	0	11	8	7	3	0	29_106.cif
.0000000055694851618794929675059226774659	0	0	0	0	0	0	0	0	0	0	2	0	0	2	0	0	3	1	0	2	1	0	1	0	0	0	10	9	4	6	0	29_107.cif
.0000000054304465453119766759128707685328	0	0	0	0	0	0	0	0	0	0	3	0	0	0	3	0	2	0	0	2	0	0	0	0	1	0	9	10	7	3	0	29_108.cif
.0000000051625619625133476625809540859002	0	0	0	0	0	0	0	0	0	0	2	0	0	0	2	0	4	0	0	4	0	0	0	0	0	0	10	11	3	4	1	29_109.cif
.0000000045491890786197930294997995191113	0	0	1	1	0	0	0	0	0	0	1	0	0	1	0	0	1	0	0	1	3	1	2	0	0	0	10	10	4	5	0	29_110.cif
.0000000044919300460641445423240081927671	0	0	0	0	0	0	0	0	0	0	4	0	0	0	3	1	0	0	0	0	2	0	2	0	0	0	10	10	5	3	1	29_111.cif
.0000000042167025282472003702661453179411	0	0	0	0	0	0	1	0	1	0	1	0	0	1	0	0	2	1	0	1	2	1	1	0	0	0	10	10	4	5	0	29_112.cif
.0000000041637362377415633940770160600651	0	0	0	0	0	0	0	0	0	0	1	0	0	0	0	1	5	2	1	2	0	0	0	0	0	0	8	11	6	4	0	29_113.cif
.0000000041113287636467933677971861040140	0	0	0	0	0	0	0	0	0	0	2	0	0	0	1	1	4	1	0	3	0	0	0	0	0	0	11	9	6	2	1	29_114.cif
.0000000037157088338271033807879658812436	0	0	0	0	0	0	0	0	0	0	3	0	0	0	1	1	1	1	0	0	2	0	1	1	0	0	10	9	5	5	0	29_115.cif
.0000000035773477806145389828454099496772	0	0	0	0	0	0	0	0	0	0	2	1	0	0	1	0	3	1	0	2	1	0	1	0	0	0	10	9	5	5	0	29_116.cif
.0000000035324124690723022194705623865425	0	0	0	0	0	0	1	0	1	0	2	0	0	1	1	0	0	0	0	0	3	1	0	2	0	0	10	10	3	6	0	29_117.cif
.0000000030736213601273915586390339697782	0	0	0	0	0	0	0	0	0	0	3	0	0	0	0	3	2	1	0	1	1	1	0	0	0	0	10	10	3	5	1	29_118.cif
.0000000026744182193175216250207153225853	0	0	0	0	0	0	0	0	0	0	2	1	0	0	1	0	3	0	0	3	1	1	0	0	0	0	10	9	7	3	0	29_119.cif
.0000000026075855428368905661876402086849	0	0	0	0	0	0	0	0	0	0	3	0	0	1	0	2	2	0	0	2	1	0	1	0	0	0	10	10	3	5	1	29_120.cif
.0000000023866447909909760868776521977970	0	0	0	0	0	0	2	0	2	0	2	0	0	0	0	2	0	0	0	0	0	0	0	0	2	0	11	11	3	3	1	29_121.cif
.0000000022122694033433221627293292425879	0	0	0	0	0	0	1	1	0	0	0	0	0	0	0	0	5	2	0	3	0	0	0	0	0	0	12	8	5	3	1	29_122.cif
.0000000020248237923630497593059948337979	0	0	0	0	0	0	2	0	2	0	0	0	0	0	0	0	1	0	0	1	3	3	0	0	0	0	9	10	5	5	0	29_123.cif
.0000000019249389905641671821378684365158	0	0	0	0	0	0	0	0	0	0	2	0	0	0	2	0	3	0	0	3	1	0	0	1	0	0	9	10	2	8	0	29_124.cif
.0000000014390433567683973069103407808058	0	0	0	0	0	0	1	0	1	0	2	0	0	2	0	0	1	0	0	1	1	0	1	0	1	0	10	9	6	4	0	29_125.cif
.0000000014209674341785993027013612529252	0	0	0	0	0	0	0	0	0	0	3	0	0	0	2	1	2	0	0	2	0	0	0	0	1	0	9	10	7	3	0	29_126.cif
.0000000013508709393325195801673717347485	0	0	0	0	0	0	0	0	0	0	2	0	0	0	2	0	3	0	0	3	1	0	1	0	0	0	9	10	5	5	0	29_127.cif
.0000000013171131972548667453615544268683	0	0	0	0	0	0	0	0	0	0	2	0	0	0	2	0	3	1	2	0	1	1	0	0	0	0	10	8	6	5	0	29_128.cif
.0000000012521398444373558295843584990351	0	0	0	0	0	0	1	1	0	0	0	0	0	0	0	0	4	1	1	2	1	0	1	0	0	0	8	11	5	5	0	29_129.cif
.0000000012364116297222143065850442361503	0	0	0	0	0	0	0	0	0	0	2	1	0	1	0	0	3	1	1	1	1	1	0	0	0	0	8	11	5	5	0	29_130.cif
.0000000011316504586794179608072386931238	0	0	0	0	0	0	1	1	0	0	1	0	0	0	1	0	3	1	0	2	1	1	0	0	0	0	12	8	5	3	1	29_131.cif
.0000000010622849640235308854064912599245	0	0	0	0	0	0	0	0	0	0	2	0	0	0	1	1	3	1	0	2	1	0	0	1	0	0	11	8	4	6	0	29_132.cif
.0000000010357657028161874791453618387097	0	0	0	0	0	0	0	0	0	0	2	0	0	1	1	0	3	0	1	2	1	1	0	0	0	0	9	10	4	6	0	29_133.cif
.0000000010098823186745282282057420376309	0	0	0	0	0	0	1	0	1	0	1	0	0	1	0	0	2	0	0	2	2	1	1	0	0	0	9	10	7	3	0	29_134.cif
.0000000009722775472886505653184691115698	0	0	0	0	0	0	0	0	0	0	3	0	0	1	2	0	2	0	0	2	1	1	0	0	0	0	11	10	4	3	1	29_135.cif
.0000000009360973040539557012003887688429	0	0	0	0	0	0	1	0	1	0	2	1	0	1	0	0	0	0	0	0	3	2	0	1	0	0	11	8	6	4	0	29_136.cif
.0000000007455026188644371842243051801631	0	0	0	0	0	0	0	0	0	0	2	0	0	2	0	0	3	2	1	0	1	0	0	1	0	0	8	10	6	5	0	29_137.cif
.0000000007361192413028188797443152612863	0	0	0	0	0	0	0	0	0	0	2	0	0	2	0	0	3	1	0	2	1	1	0	0	0	0	9	10	3	7	0	29_138.cif
.0000000006998063903795951815954963516749	0	0	0	0	0	0	0	0	0	0	2	0	0	0	1	1	3	0	0	3	1	0	0	1	0	0	8	10	6	5	0	29_139.cif
.0000000006486596456202851091505096224396	0	0	0	0	0	0	0	0	0	0	3	1	0	2	0	0	1	0	0	1	2	1	0	1	0	0	10	9	4	6	0	29_140.cif
.0000000006166611870965922206072139441626	0	0	0	0	0	0	0	0	0	0	3	0	0	2	0	1	2	2	0	0	1	0	0	1	0	0	9	11	6	2	1	29_141.cif
.0000000005862412163897472285973778897747	0	0	0	0	0	0	0	0	0	0	2	1	0	1	0	0	3	2	0	1	1	0	0	1	0	0	12	6	7	4	0	29_142.cif
.0000000005788774001457342474172072551802	0	0	0	0	0	0	1	0	1	0	1	0	0	1	0	0	2	0	0	2	2	2	0	0	0	0	10	9	4	6	0	29_143.cif
.0000000005433946087075717337593709381110	0	0	0	0	0	0	0	0	0	0	3	0	0	0	2	1	2	1	0	1	0	0	0	0	1	0	11	8	5	5	0	29_144.cif
.0000000004911054950608684139378035645305	0	0	0	0	0	0	0	0	0	0	2	0	0	0	1	1	4	1	0	3	0	0	0	0	0	0	11	9	6	2	1	29_145.cif
.0000000004728183050322803477552207432405	0	0	0	0	0	0	0	0	0	0	2	0	1	0	1	0	3	1	0	2	1	1	0	0	0	0	10	8	6	5	0	29_146.cif
.0000000004494941210399949154513975928932	0	0	0	0	0	0	0	0	0	0	3	0	0	2	1	0	1	0	0	1	2	0	2	0	0	0	10	8	7	4	0	29_147.cif
.0000000004438479944668982713695273038368	0	0	0	0	0	0	0	0	0	0	2	0	0	2	0	0	3	3	0	0	1	1	0	0	0	0	11	7	5	6	0	29_148.cif
.0000000004114084791995166295639834489329	0	0	0	0	0	0	1	0	1	0	1	0	0	1	0	0	2	1	0	1	2	2	0	0	0	0	9	10	3	7	0	29_149.cif
.0000000003911136493193986509479036419057	0	0	0	0	0	0	0	0	0	0	4	0	1	1	2	0	0	0	0	0	1	1	0	0	1	0	8	10	7	4	0	29_150.cif
.0000000003862008438673189525165249827605	0	0	0	0	0	0	0	0	0	0	3	1	0	2	0	0	1	0	0	1	2	1	1	0	0	0	11	7	5	6	0	29_151.cif
.0000000003625283287669945203042006184597	0	0	0	0	0	0	1	0	1	0	1	0	0	0	0	1	3	2	0	1	1	1	0	0	0	0	11	9	4	4	1	29_152.cif
.0000000003403156560312980131904342158593	0	0	0	0	0	0	0	0	0	0	2	0	0	0	1	0	3	1	1	1	1	1	0	0	0	0	10	8	5	6	0	29_153.cif
.0000000003276433949099342239785771808107	0	0	0	0	0	0	1	0	1	0	3	0	0	0	1	2	0	0	0	0	1	1	0	0	1	0	11	10	3	4	1	29_154.cif
.0000000002961153259200982478571079674159	0	0	0	0	0	0	0	0	0	0	2	0	0	0	1	1	4	2	0	2	0	0	0	0	0	0	10	10	2	6	1	29_155.cif
.0000000002815079211915008493300557148100	0	0	0	0	0	0	0	0	0	0	3	0	1	1	1	0	1	1	0	0	2	2	0	0	0	0	8	11	5	5	0	29_156.cif
.0000000002744731471655717103957823957427	0	0	0	0	0	0	1	0	1	0	0	0	0	0	0	0	5	3	0	2	0	0	0	0	0	0	9	11	5	3	1	29_157.cif
.0000000002642526494304785155286515157552	0	0	0	0	0	0	0	0	0	0	3	0	1	0	1	1	2	0	0	2	1	0	0	1	0	0	9	12	2	5	1	29_158.cif
.0000000002544193202967667936681997689296	0	0	0	0	0	0	1	0	0	1	1	0	0	0	1	0	2	1	0	1	2	1	1	0	0	0	9	10	5	5	0	29_159.cif
.0000000002512170343746177087773028517781	0	0	0	0	0	0	0	0	0	0	2	0	0	0	1	1	3	2	0	1	1	1	0	0	0	0	7	10	9	3	0	29_160.cif
.0000000002480614799257290302343956520654	0	0	0	0	0	0	1	0	1	0	2	1	0	0	0	1	0	0	0	0	3	2	0	1	0	0	9	10	5	5	0	29_161.cif
.0000000002449455626133294814791945068242	0	0	0	0	0	0	1	0	1	0	1	0	0	1	0	0	3	0	1	2	1	1	0	0	0	0	10	11	2	5	1	29_162.cif
.0000000002418625195255065622187697767369	0	0	0	0	0	0	1	1	0	0	1	0	1	0	0	0	2	0	0	2	2	0	2	0	0	0	10	8	6	5	0	29_163.cif
.0000000002358245772136157340272322364929	0	0	0	0	0	0	0	0	0	0	3	0	0	1	0	2	2	0	1	1	1	0	1	0	0	0	8	12	5	3	1	29_164.cif
.0000000002078058527762487997183373934358	0	0	0	0	0	0	1	0	1	0	2	0	0	1	0	0	1	0	0	1	1	0	1	0	1	0	11	8	4	6	0	29_165.cif
.0000000001926179478677607416945543543438	0	0	0	0	0	0	1	0	1	0	2	0	0	0	1	1	0	0	0	0	3	0	3	0	0	0	10	9	5	5	0	29_166.cif
.0000000001808159475839209899024205361208	0	0	0	0	0	0	1	0	1	0	2	0	0	0	1	1	1	1	0	0	1	1	0	0	1	0	11	8	5	5	0	29_167.cif
.0000000001740829429099322473244379938519	0	0	0	0	0	0	1	1	0	0	1	0	0	0	1	0	3	1	0	2	1	1	0	0	0	0	12	8	4	4	1	29_168.cif
.0000000001476915567742489643866386549897	0	0	0	0	0	0	1	0	0	1	1	0	0	0	1	0	3	1	0	2	0	0	0	0	1	0	9	10	4	6	0	29_169.cif
.0000000001421919979391071492964615528936	0	0	0	0	0	0	0	0	0	0	1	0	0	1	0	0	5	0	0	5	0	0	0	0	0	0	9	8	9	3	0	29_170.cif
.0000000001368972249972267684098119805842	0	0	0	0	0	0	0	0	0	0	2	0	0	0	1	1	3	0	1	2	1	0	0	1	0	0	9	9	8	3	0	29_171.cif
.0000000001351776495374817499873770326841	0	0	0	0	0	0	0	0	0	0	3	0	1	0	1	1	2	0	0	2	1	0	1	0	0	0	12	8	3	5	1	29_172.cif
.0000000001317996123802056969584296841947	0	0	0	0	0	0	1	0	1	0	1	0	0	1	0	0	2	0	1	1	2	0	2	0	0	0	9	10	3	7	0	29_173.cif
.0000000001301440683831853144045376811221	0	0	0	0	0	0	0	0	0	0	3	0	0	1	1	1	1	1	0	0	2	1	1	0	0	0	11	7	5	6	0	29_174.cif
.0000000001237240457991046261751324353154	0	0	0	0	0	0	0	0	0	0	3	0	0	1	2	0	2	0	0	2	1	0	0	1	0	0	10	10	5	3	1	29_175.cif
.0000000001104110596068685076579691178597	0	0	0	0	0	0	1	0	1	0	2	0	0	0	2	0	2	0	0	2	0	0	0	0	1	0	10	10	4	4	1	29_176.cif
.0000000001010559293068645714710581196011	0	0	0	0	0	0	0	0	0	0	3	0	0	0	1	1	2	0	1	1	1	0	1	0	0	0	10	10	5	3	1	29_177.cif
.0000000000997865588276504604130677943061	0	0	0	0	0	0	0	0	0	0	4	0	1	0	1	2	0	0	0	0	2	1	0	1	0	0	9	12	2	5	1	29_178.cif
.0000000000960708281304120690224412145672	0	0	0	0	0	0	1	1	0	0	2	0	0	0	1	1	1	0	0	1	2	1	1	0	0	0	10	10	3	5	1	29_179.cif
.0000000000924934593005094007361343288514	0	0	1	0	0	1	0	0	0	0	1	0	0	0	1	0	2	1	0	1	1	0	0	1	1	0	9	10	5	5	0	29_180.cif
.0000000000804803727387987343656828344360	0	0	0	0	0	0	0	0	0	0	2	0	0	1	1	0	4	0	1	3	0	0	0	0	0	0	9	10	7	2	1	29_181.cif
.0000000000755492155313773145455537376892	0	0	0	0	0	0	0	0	0	0	2	0	0	1	0	1	4	1	2	1	0	0	0	0	0	0	10	10	3	5	1	29_182.cif
.0000000000718205032356839445320876453351	0	0	0	0	0	0	0	0	0	0	3	0	0	1	2	0	1	0	0	1	2	1	0	1	0	0	9	9	5	6	0	29_183.cif
.0000000000709183609543256361252493356052	0	0	0	0	0	0	0	0	0	0	2	0	0	1	0	1	3	1	0	2	1	1	0	0	0	0	9	8	8	4	0	29_184.cif
.0000000000700275505442178483834190263249	0	0	0	0	0	0	1	1	0	0	1	0	0	1	0	0	2	0	0	2	2	0	2	0	0	0	10	9	4	6	0	29_185.cif
.0000000000586634203062484543347876577873	0	0	0	0	0	0	0	0	0	0	3	0	0	2	1	0	1	0	1	0	2	1	1	0	0	0	11	7	6	5	0	29_186.cif
.0000000000579265450485843493025303233489	0	0	0	0	0	0	0	0	0	0	4	0	0	1	2	1	0	0	0	0	2	0	2	0	0	0	10	10	4	4	1	29_187.cif
.0000000000571974441315964275556497126045	0	0	0	0	0	0	0	0	0	0	3	0	0	1	1	1	2	1	0	1	1	1	0	0	0	0	10	10	6	2	1	29_188.cif
.0000000000550690215974600316880746910336	0	0	0	0	0	0	0	0	0	0	1	0	0	1	0	0	5	3	0	2	0	0	0	0	0	0	10	7	6	6	0	29_189.cif
.0000000000536928680557498926085870227034	0	0	0	0	0	0	0	0	0	0	2	1	0	1	0	0	3	1	0	2	1	1	0	0	0	0	10	7	6	6	0	29_190.cif
.0000000000530184282468066133506593605139	0	0	0	0	0	0	1	0	1	0	1	0	0	1	0	0	2	1	0	1	2	1	1	0	0	0	8	10	7	4	0	29_191.cif
.0000000000523511040585681550987496648549	0	0	0	0	0	0	1	0	1	0	1	1	0	0	0	0	2	2	0	0	2	1	1	0	0	0	11	7	5	6	0	29_192.cif
.0000000000510441924011127158255467073295	0	0	0	0	0	0	2	1	1	0	0	0	0	0	0	0	1	0	0	1	3	2	0	1	0	0	11	8	4	6	0	29_193.cif
.0000000000504030227892580220145811598411	0	0	0	0	0	0	1	0	0	1	2	0	0	0	1	0	1	0	0	1	1	1	0	0	1	0	9	10	6	4	0	29_194.cif
.0000000000485261762358547136561681177499	0	0	0	0	0	0	0	0	0	0	2	0	0	1	0	1	4	0	0	4	0	0	0	0	0	0	10	9	5	4	1	29_195.cif
.0000000000479153944334564395638561207073	0	0	0	0	0	0	0	0	0	0	2	1	0	0	1	0	3	2	0	1	1	0	1	0	0	0	10	8	7	4	0	29_196.cif
.0000000000473135258680896552882120968168	0	0	0	0	0	0	0	0	0	0	2	1	1	0	0	0	3	0	1	2	1	1	0	0	0	0	11	6	6	6	0	29_197.cif
.0000000000467192174151723208000703213446	0	0	0	0	0	0	1	0	1	0	1	0	0	0	1	0	3	1	0	2	1	0	1	0	0	0	9	10	5	4	1	29_198.cif
.0000000000438555225338738092182843212703	0	0	0	0	0	0	0	0	0	0	2	0	0	1	1	0	3	2	0	1	1	1	0	0	0	0	8	10	7	4	0	29_199.cif
.0000000000433046502986983206937170569162	0	0	0	0	0	0	0	0	0	0	2	0	0	1	1	0	4	0	1	3	0	0	0	0	0	0	10	10	2	6	1	29_200.cif
.0000000000422235775435930306714617228274	0	0	0	0	0	0	1	0	1	0	0	0	0	0	0	0	4	1	1	2	1	0	1	0	0	0	9	9	6	5	0	29_201.cif
.0000000000386459733519558721579567833216	0	0	0	0	0	0	0	0	0	0	2	0	0	0	2	0	3	1	0	2	1	1	0	0	0	0	9	8	9	3	0	29_202.cif
.0000000000372069215277864546532049441268	0	0	0	0	0	0	1	0	1	0	1	0	0	0	1	0	2	1	0	1	2	1	1	0	0	0	10	8	6	5	0	29_203.cif
.0000000000367395628271762975816716003648	0	0	0	0	0	0	1	1	0	0	1	0	0	0	0	1	2	1	0	1	2	1	1	0	0	0	9	9	7	4	0	29_204.cif
.0000000000349262910587196716692272917790	0	0	0	0	0	0	0	0	0	0	2	0	0	1	1	0	3	1	0	2	1	1	0	0	0	0	9	9	3	8	0	29_205.cif
.0000000000340543786557786350452964976821	0	0	0	0	0	0	1	1	0	0	2	0	0	0	1	0	1	0	0	1	1	1	0	0	1	0	10	9	6	4	0	29_206.cif
.0000000000336266192630332542336365030759	0	0	0	0	0	0	1	1	0	0	1	0	0	1	0	0	3	1	0	2	0	0	0	0	1	0	10	8	5	6	0	29_207.cif
.0000000000311689507761365539750358245897	0	0	0	0	0	0	0	0	0	0	2	1	0	1	0	0	3	1	0	2	1	0	0	1	0	0	10	8	7	4	0	29_208.cif
.0000000000307774354414631840343474758862	0	0	0	0	0	0	1	0	1	0	2	0	0	0	0	2	1	1	0	0	2	0	2	0	0	0	10	10	3	5	1	29_209.cif
.0000000000288909058887530291627562872246	0	0	0	0	0	0	1	0	1	0	2	0	0	1	1	0	1	0	0	1	2	0	0	2	0	0	10	10	3	5	1	29_210.cif
.0000000000271207152950211330163660806399	0	0	0	0	0	0	1	0	1	0	2	0	0	0	2	0	1	1	0	0	2	1	1	0	0	0	11	9	4	4	1	29_211.cif
.0000000000264429791136926980820984793169	0	0	0	0	0	0	0	0	0	0	2	0	0	1	0	1	4	1	0	3	0	0	0	0	0	0	9	11	2	6	1	29_212.cif
.0000000000235982662167996098929551258549	0	0	0	0	0	0	0	0	0	0	4	0	0	2	2	0	1	0	0	1	0	0	0	0	1	0	11	8	2	7	1	29_213.cif
.0000000000227195426370556325956747102121	0	0	0	0	0	0	0	0	0	0	3	0	0	2	0	1	2	0	0	2	1	1	0	0	0	0	11	9	2	6	1	29_214.cif
.0000000000221517900574917222888626044692	0	0	0	0	0	0	0	0	0	0	2	0	0	0	2	0	4	1	1	2	0	0	0	0	0	0	10	9	5	4	1	29_215.cif
.0000000000215987848596022387546883534869	0	0	0	0	0	0	0	0	0	0	3	0	0	1	2	0	2	1	0	1	1	1	0	0	0	0	9	11	3	5	1	29_216.cif
.0000000000213269286003733675440501910239	0	0	0	0	0	0	1	1	0	0	1	0	0	0	1	0	2	1	0	1	2	0	1	1	0	0	9	10	5	5	0	29_217.cif
.0000000000205333141984340808676830526902	0	0	0	0	0	0	1	0	0	1	1	0	0	0	1	0	2	1	0	1	2	1	0	1	0	0	10	8	5	6	0	29_218.cif
.0000000000169846457788717153664465172240	0	0	0	0	0	0	0	0	0	0	4	0	0	1	1	2	1	0	0	1	0	0	0	0	1	0	10	10	6	2	1	29_219.cif
.0000000000167713004749446177032642655988	0	0	0	0	0	0	1	0	1	0	0	0	0	0	0	0	4	1	2	1	1	0	1	0	0	0	9	9	6	5	0	29_220.cif
.0000000000159439702004942539186260419038	0	0	0	0	0	0	1	0	0	1	1	0	0	1	0	0	3	1	0	2	1	1	0	0	0	0	11	9	2	6	1	29_221.cif
.0000000000153502680004599291563760429308	0	0	0	0	0	0	1	0	1	0	1	0	0	1	0	0	3	0	0	3	1	1	0	0	0	0	9	11	5	3	1	29_222.cif
.0000000000145930374293017860204870782697	0	0	0	0	0	0	1	0	1	0	1	0	0	1	0	0	3	1	2	0	0	0	0	0	1	0	6	12	5	6	0	29_223.cif
.0000000000135264762047683899275209881097	0	0	0	0	0	0	0	0	0	0	2	0	0	0	1	1	3	2	0	1	1	0	1	0	0	0	10	8	5	6	0	29_224.cif
.0000000000131887964221886732821326794018	0	0	0	0	0	0	0	0	0	0	2	0	0	2	0	0	3	1	0	2	1	1	0	0	0	0	9	9	6	5	0	29_225.cif
.0000000000128592135027760268873116344727	0	0	0	0	0	0	0	0	0	0	3	0	0	1	1	1	2	1	0	1	1	0	1	0	0	0	11	8	5	4	1	29_226.cif
.0000000000123803777265355170889631893304	0	0	0	0	0	0	0	0	0	0	2	0	0	1	1	0	3	2	0	1	1	0	1	0	0	0	11	7	8	3	0	29_227.cif
.0000000000117696522006530274322142893981	0	0	0	0	0	0	1	0	1	0	2	0	1	0	1	0	1	0	0	1	1	1	0	0	1	0	10	9	5	5	0	29_228.cif
.0000000000113313881850222204560697745499	0	0	0	0	0	0	1	0	1	0	2	1	0	0	1	0	1	0	0	1	1	0	0	1	1	0	10	9	3	7	0	29_229.cif
.0000000000103712795389476611857802426142	0	0	0	0	0	0	0	0	0	0	3	0	0	1	1	1	2	0	0	2	1	1	0	0	0	0	9	10	4	5	1	29_230.cif
Average: 0 0 .0000000046416825379203024302359338479627 .0000000045491890786197930294997995191113 0 .0000000000924934593005094007361343288514 .0148195098921742694089673092441667683339 .0116240663893543833097558958768124928924 .0031954212355551917026495427601312975079 .0000000222672646943965618706072229779336 1.8623977898092694839352036112254346616405 .0013396428175118985097409523307103776577 .0000071995759528847350199042450009645424 .5623240016469454624941563188181999345889 .1870220945851479267088448015055726772147 1.1117000710990130604560327303289314129529 3.3083726653366441517985659768002376176477 .2427882937179800445178386499372158196354 .6024233515519792399892796236903813123057 2.4631610200666848672914477031726404857066 .7373845992758041399731988961270479208608 .6005528043552004625850290927246970444045 .0270843166169965397647697952769055525788 .1097474783036071376234000081254453238775 .0770253929605267505890545884920747540422 .0000000380838986700389134102089653844108 11.2127850906443210445661323932701714821534 10.8528393086435464444152041772709621724664 4.0762393223618688510311482945680970042425 2.8575349542801516930625490298765979556119 .0006013240701119846352961796278326675357
