.0442707794190404960172876562883443032162	0	0	0	0	0	0	0	0	0	0	0	0	0	0	0	0	0	0	0	0	0	0	0	0	0	6	12	12	12	12	8	56_1.cif
.0385208733247356902076329787545979270483	0	0	0	0	0	0	0	0	0	0	0	0	0	0	0	0	0	0	0	0	0	0	0	0	0	6	12	12	12	12	8	56_2.cif
.0352569993024594808722271349868854412089	0	0	0	0	0	0	0	0	0	0	0	0	0	0	0	0	0	0	0	0	0	0	0	0	0	6	12	12	12	12	8	56_3.cif
.0348141337090481847374535799597428465615	0	0	0	0	0	0	0	0	0	0	0	0	0	0	0	0	0	0	0	0	0	0	0	0	0	6	12	12	12	12	8	56_4.cif
.0343759405319802650403002397647833387899	0	0	0	0	0	0	0	0	0	0	0	0	0	0	0	0	0	0	0	0	0	0	0	0	0	6	12	12	12	12	8	56_5.cif
.0330967482958365948519225180014319277657	0	0	0	0	0	0	0	0	0	0	0	0	0	0	0	0	0	0	0	0	0	0	0	0	0	6	12	12	12	12	8	56_6.cif
.0326801712410239217925693297683612744630	0	0	0	0	0	0	0	0	0	0	0	0	0	0	0	0	0	0	0	0	0	0	0	0	0	6	12	12	12	12	8	56_7.cif
.0322696733621409273034206081667139215130	0	0	0	0	0	0	0	0	0	0	0	0	0	0	0	0	0	0	0	0	0	0	0	0	0	6	12	12	12	12	8	56_8.cif
.0318643317753509162895047204140263917920	0	0	0	0	0	0	0	0	0	0	0	0	0	0	0	0	0	0	0	0	0	0	0	0	0	6	12	12	12	12	8	56_9.cif
.0314632667110158995813597586442194157517	0	0	0	0	0	0	0	0	0	0	0	0	0	0	0	0	0	0	0	0	0	0	0	0	0	6	12	12	12	12	8	56_10.cif
.0310680544536398182595828522172687156865	0	0	0	0	0	0	0	0	0	0	0	0	0	0	0	0	0	0	0	0	0	0	0	0	0	6	12	12	12	12	8	56_11.cif
.0306778064846135417545822362837438456986	0	0	0	0	0	0	0	0	0	0	0	0	0	0	0	0	0	0	0	0	0	0	0	0	0	6	12	12	12	12	8	56_12.cif
.0302924604471696367207484531459997836602	0	0	0	0	0	0	0	0	0	0	0	0	0	0	0	0	0	0	0	0	0	0	0	0	0	6	12	12	12	12	8	56_13.cif
.0299111799708124248701678491622530622648	0	0	0	0	0	0	0	0	0	0	0	0	0	0	0	0	0	0	0	0	0	0	0	0	0	6	12	12	12	12	8	56_14.cif
.0295354635817412241151987984378708709845	0	0	0	0	0	0	0	0	0	0	0	0	0	0	0	0	0	0	0	0	0	0	0	0	0	6	12	12	12	12	8	56_15.cif
.0291644665920770159872964981138401079212	0	0	0	0	0	0	0	0	0	0	0	0	0	0	0	0	0	0	0	0	0	0	0	0	0	6	12	12	12	12	8	56_16.cif
.0287973837750729553847335736183606552647	0	0	0	0	0	0	0	0	0	0	0	0	0	0	0	0	0	0	0	0	0	0	0	0	0	6	12	12	12	12	8	56_17.cif
.0284356578566295540580188400663324187739	0	0	0	0	0	0	0	0	0	0	0	0	0	0	0	0	0	0	0	0	0	0	0	0	0	6	12	12	12	12	8	56_18.cif
.0280784756023292469504013604276468546632	0	0	0	0	0	0	0	0	0	0	0	0	0	0	0	0	0	0	0	0	0	0	0	0	0	6	12	12	12	12	8	56_19.cif
.0263573811297377088723415704387529358699	0	0	0	0	0	0	0	0	0	0	0	0	0	0	0	0	0	0	0	0	0	0	0	0	0	6	12	12	12	12	8	56_20.cif
.0260263042523593577286446442975563473075	0	0	0	0	0	0	0	0	0	0	0	0	0	0	0	0	0	0	0	0	0	0	0	0	0	6	12	12	12	12	8	56_21.cif
.0253765742984344695209828538018076757006	0	0	0	0	0	0	0	0	0	0	0	0	0	0	0	0	0	0	0	0	0	0	0	0	0	6	12	12	12	12	8	56_22.cif
.0241241199354920732903068960972951236469	0	0	0	0	0	0	0	0	0	0	0	0	0	0	0	0	0	0	0	0	0	0	0	0	0	6	12	12	12	12	8	56_23.cif
.0226459977071235754033385328051187310607	0	0	0	0	0	0	0	0	0	0	0	0	0	0	0	0	0	0	0	0	0	0	0	0	0	6	12	12	12	12	8	56_24.cif
.0220806549329761979938648222495138488204	0	0	0	0	0	0	0	0	0	0	0	0	0	0	0	0	0	0	0	0	0	0	0	0	0	6	12	12	12	12	8	56_25.cif
.0218027335457119619860088629448487104027	0	0	0	0	0	0	0	0	0	0	0	0	0	0	0	0	0	0	0	0	0	0	0	0	0	6	12	12	12	12	8	56_26.cif
.0212584423192383503954537241701714720861	0	0	0	0	0	0	0	0	0	0	0	0	0	0	0	0	0	0	0	0	0	0	0	0	0	6	12	12	12	12	8	56_27.cif
.0209908698310864730836009464484438015240	0	0	0	0	0	0	0	0	0	0	0	0	0	0	0	0	0	0	0	0	0	0	0	0	0	6	12	12	12	12	8	56_28.cif
.0204668462603192643275134297417137495813	0	0	0	0	0	0	0	0	0	0	0	0	0	0	0	0	0	0	0	0	0	0	0	0	0	6	12	12	12	12	8	56_29.cif
.0194572142667252043914052676784695958795	0	0	0	0	0	0	0	0	0	0	0	0	0	0	0	0	0	0	0	0	0	0	0	0	0	6	12	12	12	12	8	56_30.cif
.0178086042869964495888648309861293663768	0	0	0	0	0	0	0	0	0	0	0	0	0	0	0	0	0	0	0	0	0	0	0	0	0	6	12	12	12	12	8	56_31.cif
.0126565846317971709936303296178431712802	0	0	0	0	0	0	0	0	0	0	0	0	0	0	0	0	0	0	0	0	0	0	0	0	0	6	12	12	12	12	8	56_32.cif
.0112950001681900237468210624582895944933	0	0	0	0	0	0	0	0	0	0	0	0	0	0	0	0	0	0	0	0	0	0	0	0	0	6	12	12	12	12	8	56_33.cif
.0111528339994137049473792363204468448059	0	0	0	0	0	0	0	0	0	0	0	0	0	0	0	0	0	0	0	0	0	0	0	0	0	6	12	12	12	12	8	56_34.cif
.0103379746791835699980218385860404483825	0	0	0	0	0	0	0	0	0	0	0	0	0	0	0	0	0	0	0	0	0	0	0	0	0	6	12	12	12	12	8	56_35.cif
.0095824031961086566752755026466323021133	0	0	0	0	0	0	0	0	0	0	0	0	0	0	0	0	0	0	0	0	0	0	0	0	0	6	12	12	12	12	8	56_36.cif
.0092255853027228990942306000709312044695	0	0	0	0	0	0	0	0	0	0	0	0	0	0	0	0	0	0	0	0	0	0	0	0	0	6	12	12	12	12	8	56_37.cif
.0086603193886863014102510966199622271155	0	0	0	0	0	0	0	0	0	0	0	0	0	0	0	0	0	0	0	0	0	0	0	0	0	6	12	12	12	12	8	56_38.cif
.0082331047891164189448558545799785280852	0	0	0	0	0	0	0	0	0	0	0	0	0	0	0	0	0	0	0	0	0	0	0	0	0	6	12	12	12	12	8	56_39.cif
.0081294776135897623445730746211604511424	0	0	0	0	0	0	0	0	0	0	0	0	0	0	0	0	0	0	0	0	0	0	0	0	0	6	12	12	12	12	8	56_40.cif
.0078267619986190058256713545495041768130	0	0	0	0	0	0	0	0	0	0	0	0	0	0	0	0	0	0	0	0	0	0	0	0	0	6	12	12	12	12	8	56_41.cif
.0069847656901601375310161450503748773332	0	0	0	0	0	0	0	0	0	0	0	0	0	0	0	0	0	0	0	0	0	0	0	0	0	6	12	12	12	12	8	56_42.cif
.0068970295678748854962880259803931477555	0	0	0	0	0	0	0	0	0	0	0	0	0	0	0	0	0	0	0	0	0	0	0	0	0	6	12	12	12	12	8	56_43.cif
.0056333894348253128480412534687648048109	0	0	0	0	0	0	0	0	0	0	0	0	0	0	0	0	0	0	0	0	0	0	0	0	0	6	12	12	12	12	8	56_44.cif
.0000155263969760440642819476320485595648	0	0	0	0	0	0	0	0	0	0	0	0	0	0	0	0	0	0	0	0	0	0	0	0	1	5	12	12	12	11	9	56_45.cif
.0000153313688356357726323323633818175786	0	0	0	0	0	0	0	0	0	0	0	0	0	0	0	0	0	0	0	0	0	0	0	0	1	5	12	12	12	11	9	56_46.cif
.0000151387904571142730478984257472669925	0	0	0	0	0	0	0	0	0	0	0	0	0	0	0	0	0	0	0	0	0	0	0	0	1	5	12	12	12	11	9	56_47.cif
.0000140323417848540780582882731360657997	0	0	0	0	0	0	0	0	0	0	0	0	0	0	0	0	0	0	0	0	0	0	0	0	1	5	12	12	12	11	9	56_48.cif
.0000128433813104331504239868697847469697	0	0	0	0	0	0	0	0	0	0	0	0	0	0	0	0	0	0	0	0	0	0	0	0	1	5	12	12	12	11	9	56_49.cif
.0000122098157619352531833325355775212024	0	0	0	0	0	0	0	0	0	0	0	0	0	0	0	0	0	0	0	0	0	0	0	0	1	5	12	12	12	11	9	56_50.cif
.0000120561351331179449838915271572448908	0	0	0	0	0	0	0	0	0	0	0	0	0	0	0	0	0	0	0	0	0	0	0	0	1	5	12	12	12	11	9	56_51.cif
.0000116075040783301910644335363791745412	0	0	0	0	0	0	0	0	0	0	0	0	0	0	0	0	0	0	0	0	0	0	0	0	1	5	12	12	12	11	9	56_52.cif
.0000114614045334608495140157013350316051	0	0	0	0	0	0	0	0	0	0	0	0	0	0	0	0	0	0	0	0	0	0	0	0	1	5	12	12	12	11	9	56_53.cif
.0000110349045026946978495080461614854731	0	0	0	0	0	0	0	0	0	0	0	0	0	0	0	0	0	0	0	0	0	0	0	0	1	5	12	12	12	11	9	56_54.cif
.0000107591465089387876123230145092969857	0	0	0	0	0	0	0	0	0	0	0	0	0	0	0	0	0	0	0	0	0	0	0	0	1	5	12	12	12	11	9	56_55.cif
.0000106240001295658878484397336428505456	0	0	0	0	0	0	0	0	0	0	0	0	0	0	0	0	0	0	0	0	0	0	0	0	1	5	12	12	12	11	9	56_56.cif
.0000103585104771020894298324905742384031	0	0	0	0	0	0	0	0	0	0	0	0	0	0	0	0	0	0	0	0	0	0	0	0	1	5	12	12	12	11	9	56_57.cif
.0000100999169222984757885082102548853451	0	0	0	0	0	0	0	0	0	0	0	0	0	0	0	0	0	0	0	0	0	0	0	0	1	5	12	12	12	11	9	56_58.cif
.0000083543995705454177370285186719888856	0	0	0	0	0	0	0	0	0	0	0	0	0	0	0	0	0	0	0	0	0	0	0	0	1	5	12	12	12	11	9	56_59.cif
.0000076465312026569593042793071990348833	0	0	0	0	0	0	0	0	0	0	0	0	0	0	0	0	0	0	0	0	0	0	0	0	1	5	12	12	12	11	9	56_60.cif
.0000074556404669683858238484788573157904	0	0	0	0	0	0	0	0	0	0	0	0	0	0	0	0	0	0	0	0	0	0	0	0	1	5	12	12	12	11	9	56_61.cif
.0000069986405293982487555168489537043983	0	0	0	0	0	0	0	0	0	0	0	0	0	0	0	0	0	0	0	0	0	0	0	0	1	5	12	12	12	11	9	56_62.cif
.0000067382081895052363648171290006426430	0	0	0	0	0	0	0	0	0	0	0	0	0	0	0	0	0	0	0	0	0	0	0	0	1	5	12	12	12	11	9	56_63.cif
.0000066533967482963176706112030480804117	0	0	0	0	0	0	0	0	0	0	0	0	0	0	0	0	0	0	0	0	0	0	0	0	1	5	12	12	12	11	9	56_64.cif
.0000060131618009240383975526219327512755	0	0	0	0	0	0	0	0	0	0	0	0	0	0	0	0	0	0	0	0	0	0	0	0	1	5	12	12	12	11	9	56_65.cif
.0000057892509841401300094097016019090345	0	0	0	0	0	0	0	0	0	0	0	0	0	0	0	0	0	0	0	0	0	0	0	0	1	5	12	12	12	11	9	56_66.cif
.0000057165318043113662668046334406239397	0	0	0	0	0	0	0	0	0	0	0	0	0	0	0	0	0	0	0	0	0	0	0	0	1	5	12	12	12	11	9	56_67.cif
.0000052321700013917374456528695193977570	0	0	0	0	0	0	0	0	0	0	0	0	0	0	0	0	0	0	0	0	0	0	0	0	1	5	12	12	12	11	9	56_68.cif
.0000049740664244097812640566191054270168	0	0	0	0	0	0	0	0	0	0	0	0	0	0	0	0	0	0	0	0	0	0	0	0	1	5	12	12	12	11	9	56_69.cif
.0000049115868339087321747419912968357124	0	0	0	0	0	0	0	0	0	0	0	0	0	0	0	0	0	0	0	0	0	0	0	0	1	5	12	12	12	11	9	56_70.cif
.0000048497664290931997484194421844850078	0	0	0	0	0	0	0	0	0	0	0	0	0	0	0	0	0	0	0	0	0	0	0	0	1	5	12	12	12	11	9	56_71.cif
.0000047888481793833693580673930695626211	0	0	0	0	0	0	0	0	0	0	0	0	0	0	0	0	0	0	0	0	0	0	0	0	1	5	12	12	12	11	9	56_72.cif
.0000046105268664369778063064910805614629	0	0	0	0	0	0	0	0	0	0	0	0	0	0	0	0	0	0	0	0	0	0	0	0	1	5	12	12	12	11	9	56_73.cif
.0000044388456659894166952466253512948294	0	0	0	0	0	0	0	0	0	0	0	0	0	0	0	0	0	0	0	0	0	0	0	0	1	5	12	12	12	11	9	56_74.cif
.0000043830890202503554411583477642089916	0	0	0	0	0	0	0	0	0	0	0	0	0	0	0	0	0	0	0	0	0	0	0	0	1	5	12	12	12	11	9	56_75.cif
.0000043280327375736756827318408406252877	0	0	0	0	0	0	0	0	0	0	0	0	0	0	0	0	0	0	0	0	0	0	0	0	1	5	12	12	12	11	9	56_76.cif
.0000042198768741195090085711983622384434	0	0	0	0	0	0	0	0	0	0	0	0	0	0	0	0	0	0	0	0	0	0	0	0	1	5	12	12	12	11	9	56_77.cif
.0000041668707104370207455439993627495102	0	0	0	0	0	0	0	0	0	0	0	0	0	0	0	0	0	0	0	0	0	0	0	0	1	5	12	12	11	12	9	56_78.cif
.0000041145303608226078646891558856583850	0	0	0	0	0	0	0	0	0	0	0	0	0	0	0	0	0	0	0	0	0	0	0	0	1	5	12	12	12	11	9	56_79.cif
.0000040627422236821256387122688532363614	0	0	0	0	0	0	0	0	0	0	0	0	0	0	0	0	0	0	0	0	0	0	0	0	1	5	12	12	12	11	9	56_80.cif
.0000040117098391523792228266850330497600	0	0	0	0	0	0	0	0	0	0	0	0	0	0	0	0	0	0	0	0	0	0	0	0	1	5	12	12	12	11	9	56_81.cif
.0000039613184759150030573925876278242351	0	0	0	0	0	0	0	0	0	0	0	0	0	0	0	0	0	0	0	0	0	0	0	0	1	5	12	12	12	11	9	56_82.cif
.0000039114587625340578688794415668735205	0	0	0	0	0	0	0	0	0	0	0	0	0	0	0	0	0	0	0	0	0	0	0	0	1	5	12	12	12	11	9	56_83.cif
.0000038138117091177062432308555253669305	0	0	0	0	0	0	0	0	0	0	0	0	0	0	0	0	0	0	0	0	0	0	0	0	1	5	12	12	12	11	9	56_84.cif
.0000037659061579042330163689359802117323	0	0	0	0	0	0	0	0	0	0	0	0	0	0	0	0	0	0	0	0	0	0	0	0	1	5	12	12	12	11	9	56_85.cif
.0000037185060301956749941178228847854708	0	0	0	0	0	0	0	0	0	0	0	0	0	0	0	0	0	0	0	0	0	0	0	0	1	5	12	12	11	12	9	56_86.cif
.0000036717976201707976861777631455457033	0	0	0	0	0	0	0	0	0	0	0	0	0	0	0	0	0	0	0	0	0	0	0	0	1	5	12	12	12	11	9	56_87.cif
.0000036256759176971078789345659351081851	0	0	0	0	0	0	0	0	0	0	0	0	0	0	0	0	0	0	0	0	0	0	0	0	1	5	12	12	12	11	9	56_88.cif
.0000033606861672579293262580481907492346	0	0	0	0	0	0	0	0	0	0	0	0	0	0	0	0	0	0	0	0	0	0	0	0	1	5	12	12	12	11	9	56_89.cif
.0000032355450169650051800364087728068349	0	0	0	0	0	0	0	0	0	0	0	0	0	0	0	0	0	0	0	0	0	0	0	0	1	5	12	12	12	11	9	56_90.cif
.0000031949031134480711324370250364365261	0	0	0	0	0	0	0	0	0	0	0	0	0	0	0	0	0	0	0	0	0	0	0	0	1	5	12	12	12	11	9	56_91.cif
.0000030372981576701833740386444861837114	0	0	0	0	0	0	0	0	0	0	0	0	0	0	0	0	0	0	0	0	0	0	0	0	1	5	12	12	12	11	9	56_92.cif
.0000027799478512231754810751192638545726	0	0	0	0	0	0	0	0	0	0	0	0	0	0	0	0	0	0	0	0	0	0	0	0	1	5	12	12	12	11	9	56_93.cif
.0000027104780300740974507512424346969539	0	0	0	0	0	0	0	0	0	0	0	0	0	0	0	0	0	0	0	0	0	0	0	0	1	5	12	12	11	12	9	56_94.cif
.0000026095485407835436125419385887245263	0	0	0	0	0	0	0	0	0	0	0	0	0	0	0	0	0	0	0	0	0	0	0	0	1	5	12	12	12	11	9	56_95.cif
.0000025767698220634548237257610818276745	0	0	0	0	0	0	0	0	0	0	0	0	0	0	0	0	0	0	0	0	0	0	0	0	1	5	12	12	11	12	9	56_96.cif
.0000025444028390839122085768884019939594	0	0	0	0	0	0	0	0	0	0	0	0	0	0	0	0	0	0	0	0	0	0	0	0	1	5	12	12	11	12	9	56_97.cif
.0000025124424200039572853954960517118762	0	0	0	0	0	0	0	0	0	0	0	0	0	0	0	0	0	0	0	0	0	0	0	0	1	5	12	12	12	11	9	56_98.cif
.0000024808191966481047180566134741244608	0	0	0	0	0	0	0	0	0	0	0	0	0	0	0	0	0	0	0	0	0	0	0	0	1	5	12	12	11	12	9	56_99.cif
.0000023584400865790398373521749009216957	0	0	0	0	0	0	0	0	0	0	0	0	0	0	0	0	0	0	0	0	0	0	0	0	1	5	12	12	11	12	9	56_100.cif
.0000023288155584248541761152417800790358	0	0	0	0	0	0	0	0	0	0	0	0	0	0	0	0	0	0	0	0	0	0	0	0	1	5	12	12	12	11	9	56_101.cif
.0000022995631460065535557440931288360216	0	0	0	0	0	0	0	0	0	0	0	0	0	0	0	0	0	0	0	0	0	0	0	0	1	5	12	12	12	11	9	56_102.cif
.0000022706193587149276991036417784720727	0	0	0	0	0	0	0	0	0	0	0	0	0	0	0	0	0	0	0	0	0	0	0	0	1	5	12	12	11	12	9	56_103.cif
.0000022420979527642427442778808963139597	0	0	0	0	0	0	0	0	0	0	0	0	0	0	0	0	0	0	0	0	0	0	0	0	1	5	12	12	11	12	9	56_104.cif
.0000022139348061555657587265201676183220	0	0	0	0	0	0	0	0	0	0	0	0	0	0	0	0	0	0	0	0	0	0	0	0	1	5	12	12	12	11	9	56_105.cif
.0000021861254187686587041589215339965702	0	0	0	0	0	0	0	0	0	0	0	0	0	0	0	0	0	0	0	0	0	0	0	0	1	5	12	12	11	12	9	56_106.cif
.0000021586094319937183519762361035330215	0	0	0	0	0	0	0	0	0	0	0	0	0	0	0	0	0	0	0	0	0	0	0	0	1	5	12	12	12	11	9	56_107.cif
.0000021047211352462473405932572324453640	0	0	0	0	0	0	0	0	0	0	0	0	0	0	0	0	0	0	0	0	0	0	0	0	1	5	12	12	11	12	9	56_108.cif
.0000020782297553715313162061839594616354	0	0	0	0	0	0	0	0	0	0	0	0	0	0	0	0	0	0	0	0	0	0	0	0	1	5	12	12	11	12	9	56_109.cif
.0000020263480855766172221482068652003626	0	0	0	0	0	0	0	0	0	0	0	0	0	0	0	0	0	0	0	0	0	0	0	0	1	5	12	12	11	12	9	56_110.cif
.0000019757104309785838367258836883609848	0	0	0	0	0	0	0	0	0	0	0	0	0	0	0	0	0	0	0	0	0	0	0	0	1	5	12	12	11	12	9	56_111.cif
.0000019508933963546763749560951621422461	0	0	0	0	0	0	0	0	0	0	0	0	0	0	0	0	0	0	0	0	0	0	0	0	1	5	12	12	12	11	9	56_112.cif
.0000018083084643396205840105361578507740	0	0	0	0	0	0	0	0	0	0	0	0	0	0	0	0	0	0	0	0	0	0	0	0	1	5	12	12	11	12	9	56_113.cif
.0000017855941773335063015969387564316520	0	0	0	0	0	0	0	0	0	0	0	0	0	0	0	0	0	0	0	0	0	0	0	0	1	5	12	12	11	12	9	56_114.cif
.0000016761880538595897687018130852719222	0	0	0	0	0	0	0	0	0	0	0	0	0	0	0	0	0	0	0	0	0	0	0	0	1	5	12	12	11	12	9	56_115.cif
.0000016343007629657654954526010898477788	0	0	0	0	0	0	0	0	0	0	0	0	0	0	0	0	0	0	0	0	0	0	0	0	1	5	12	12	11	12	9	56_116.cif
.0000016137721986658286556638029888340730	0	0	0	0	0	0	0	0	0	0	0	0	0	0	0	0	0	0	0	0	0	0	0	0	1	5	12	12	12	11	9	56_117.cif
.0000015734446558425552353725792244692477	0	0	0	0	0	0	0	0	0	0	0	0	0	0	0	0	0	0	0	0	0	0	0	0	1	5	12	12	12	11	9	56_118.cif
.0000015536805092902155896167559787887725	0	0	0	0	0	0	0	0	0	0	0	0	0	0	0	0	0	0	0	0	0	0	0	0	1	5	12	12	11	12	9	56_119.cif
.0000015341646215422081415831172457161758	0	0	0	0	0	0	0	0	0	0	0	0	0	0	0	0	0	0	0	0	0	0	0	0	1	5	12	12	11	12	9	56_120.cif
.0000014770372624484109905253626441160346	0	0	0	0	0	0	0	0	0	0	0	0	0	0	0	0	0	0	0	0	0	0	0	0	1	5	12	12	11	12	9	56_121.cif
.0000014041748362137577022129355503923613	0	0	0	0	0	0	0	0	0	0	0	0	0	0	0	0	0	0	0	0	0	0	0	0	1	5	12	12	11	12	9	56_122.cif
.0000013181047238833308990985398739969291	0	0	0	0	0	0	0	0	0	0	0	0	0	0	0	0	0	0	0	0	0	0	0	0	1	5	12	12	11	12	9	56_123.cif
.0000013015479197800360722864574668639323	0	0	0	0	0	0	0	0	0	0	0	0	0	0	0	0	0	0	0	0	0	0	0	0	1	5	12	12	12	11	9	56_124.cif
.0000012690227408763060385681609236377361	0	0	0	0	0	0	0	0	0	0	0	0	0	0	0	0	0	0	0	0	0	0	0	0	1	5	12	12	11	12	9	56_125.cif
.0000012530824589376950591829636290053146	0	0	0	0	0	0	0	0	0	0	0	0	0	0	0	0	0	0	0	0	0	0	0	0	1	5	12	12	12	11	9	56_126.cif
.0000012064216960699452993298455916192040	0	0	0	0	0	0	0	0	0	0	0	0	0	0	0	0	0	0	0	0	0	0	0	0	1	5	12	12	11	12	9	56_127.cif
.0000011614984300252267438660034119621103	0	0	0	0	0	0	0	0	0	0	0	0	0	0	0	0	0	0	0	0	0	0	0	0	1	5	12	12	11	12	9	56_128.cif
.0000010630846552201886026965788837531373	0	0	0	0	0	0	0	0	0	0	0	0	0	0	0	0	0	0	0	0	0	0	0	0	1	5	12	12	11	12	9	56_129.cif
.0000010365454302362244164920630550984318	0	0	0	0	0	0	0	0	0	0	0	0	0	0	0	0	0	0	0	0	0	0	0	0	1	5	12	12	11	12	9	56_130.cif
.0000010235253117876498648572679047202983	0	0	0	0	0	0	0	0	0	0	0	0	0	0	0	0	0	0	0	0	0	0	0	0	1	5	12	12	12	11	9	56_131.cif
.0000009730346847564764332998236946640331	0	0	0	0	0	0	0	0	0	0	0	0	0	0	0	0	0	0	0	0	0	0	0	0	1	5	12	12	11	12	9	56_132.cif
.0000008359999940492391861601661003187580	0	0	0	0	0	0	0	0	0	0	0	0	0	0	0	0	0	0	0	0	0	0	0	0	1	5	12	12	11	12	9	56_133.cif
.0000008151297916437025368732359215366542	0	0	0	0	0	0	0	0	0	0	0	0	0	0	0	0	0	0	0	0	0	0	0	0	1	5	12	12	11	12	9	56_134.cif
.0000005169777767559717099518342940732570	0	0	0	0	0	0	0	0	0	0	0	0	0	0	0	0	0	0	0	0	0	0	0	0	1	5	12	12	11	12	9	56_135.cif
.0000004555665564954311050571781757788508	0	0	0	0	0	0	0	0	0	0	0	0	0	0	0	0	0	0	0	0	0	0	0	0	1	5	12	12	11	12	9	56_136.cif
.0000004498325015157794902962059112314486	0	0	0	0	0	0	0	0	0	0	0	0	0	0	0	0	0	0	0	0	0	0	0	0	1	5	12	12	11	12	9	56_137.cif
.0000004117181886938504920430494851567336	0	0	0	0	0	0	0	0	0	0	0	0	0	0	0	0	0	0	0	0	0	0	0	0	1	5	12	12	11	12	9	56_138.cif
.0000003720998729909556449299238856877981	0	0	0	0	0	0	0	0	0	0	0	0	0	0	0	0	0	0	0	0	0	0	0	0	1	5	12	12	11	12	9	56_139.cif
.0000000210748928892115742803789581049542	0	0	0	0	0	0	0	0	0	0	0	0	0	0	0	0	0	0	0	0	0	0	0	0	1	5	12	11	12	12	9	56_140.cif
.0000000205487717368148377261252719115880	0	0	0	0	0	0	0	0	0	0	0	0	0	0	0	0	0	0	0	0	0	0	0	0	1	5	12	11	12	12	9	56_141.cif
.0000000195350983495879573519243458078406	0	0	0	0	0	0	0	0	0	0	0	0	0	0	0	0	0	0	0	0	0	0	0	0	1	5	12	11	12	12	9	56_142.cif
.0000000167839259585017939063699009838992	0	0	0	0	0	0	0	0	0	0	0	0	0	0	0	0	0	0	0	0	0	0	0	0	1	5	12	11	12	12	9	56_143.cif
.0000000155576422625320832466524344785946	0	0	0	0	0	0	0	0	0	0	0	0	0	0	0	0	0	0	0	0	0	0	0	0	1	5	12	11	12	12	9	56_144.cif
.0000000146040231101312575943152628921643	0	0	0	0	0	0	0	0	0	0	0	0	0	0	0	0	0	0	0	0	0	0	0	0	1	5	12	11	12	12	9	56_145.cif
.0000000138836048893835760072696106855714	0	0	0	0	0	0	0	0	0	0	0	0	0	0	0	0	0	0	0	0	0	0	0	0	1	5	12	11	12	12	9	56_146.cif
.0000000137092119733762312251095830900536	0	0	0	0	0	0	0	0	0	0	0	0	0	0	0	0	0	0	0	0	0	0	0	0	1	5	12	11	12	12	9	56_147.cif
.0000000130329348938870197928526289627848	0	0	0	0	0	0	0	0	0	0	0	0	0	0	0	0	0	0	0	0	0	0	0	0	1	5	12	11	12	12	9	56_148.cif
.0000000128688939559334945738121986932879	0	0	0	0	0	0	0	0	0	0	0	0	0	0	0	0	0	0	0	0	0	0	0	0	1	5	12	11	12	12	9	56_149.cif
.0000000125476302914508600154948406054610	0	0	0	0	0	0	0	0	0	0	0	0	0	0	0	0	0	0	0	0	0	0	0	0	1	5	12	11	12	12	9	56_150.cif
.0000000120803968724483094925773301913730	0	0	0	0	0	0	0	0	0	0	0	0	0	0	0	0	0	0	0	0	0	0	0	0	1	5	12	11	12	12	9	56_151.cif
.0000000113399184868568163311725696402815	0	0	0	0	0	0	0	0	0	0	0	0	0	0	0	0	0	0	0	0	0	0	0	0	1	5	12	11	12	12	9	56_152.cif
.0000000105113902159123148810581697041882	0	0	0	0	0	0	0	0	0	0	0	0	0	0	0	0	0	0	0	0	0	0	0	0	1	5	12	11	12	12	9	56_153.cif
.0000000099928620692621773406864707279409	0	0	0	0	0	0	0	0	0	0	0	0	0	0	0	0	0	0	0	0	0	0	0	0	1	5	12	11	12	12	9	56_154.cif
.0000000094999129786023125760369702918025	0	0	0	0	0	0	0	0	0	0	0	0	0	0	0	0	0	0	0	0	0	0	0	0	1	5	12	11	12	12	9	56_155.cif
.0000000085855445456487819514488576422975	0	0	0	0	0	0	0	0	0	0	0	0	0	0	0	0	0	0	0	0	0	0	0	0	1	5	12	11	12	12	9	56_156.cif
.0000000082658464641078137541028290815856	0	0	0	0	0	0	0	0	0	0	0	0	0	0	0	0	0	0	0	0	0	0	0	0	1	5	12	11	12	12	9	56_157.cif
.0000000081620185981011224755000046188234	0	0	0	0	0	0	0	0	0	0	0	0	0	0	0	0	0	0	0	0	0	0	0	0	1	5	12	11	12	12	9	56_158.cif
.0000000077593852366081298527085821997342	0	0	0	0	0	0	0	0	0	0	0	0	0	0	0	0	0	0	0	0	0	0	0	0	1	5	12	11	12	12	9	56_159.cif
.0000000074704506721327585148862732836852	0	0	0	0	0	0	0	0	0	0	0	0	0	0	0	0	0	0	0	0	0	0	0	0	1	5	11	12	12	12	9	56_160.cif
.0000000069246372621217369178450029535517	0	0	0	0	0	0	0	0	0	0	0	0	0	0	0	0	0	0	0	0	0	0	0	0	1	5	11	12	12	12	9	56_161.cif
.0000000065828735532481991552929990669627	0	0	0	0	0	0	0	0	0	0	0	0	0	0	0	0	0	0	0	0	0	0	0	0	1	5	12	11	12	12	9	56_162.cif
.0000000061795306851305603795626784520484	0	0	0	0	0	0	0	0	0	0	0	0	0	0	0	0	0	0	0	0	0	0	0	0	1	5	11	12	12	12	9	56_163.cif
.0000000059494248258742566275946374945943	0	0	0	0	0	0	0	0	0	0	0	0	0	0	0	0	0	0	0	0	0	0	0	0	1	5	12	11	12	12	9	56_164.cif
.0000000053769308300420849816897018441187	0	0	0	0	0	0	0	0	0	0	0	0	0	0	0	0	0	0	0	0	0	0	0	0	2	4	12	12	12	10	10	56_165.cif
.0000000051116861839298084454548527155086	0	0	0	0	0	0	0	0	0	0	0	0	0	0	0	0	0	0	0	0	0	0	0	0	1	5	12	11	12	12	9	56_166.cif
.0000000050473471994291473743540493371258	0	0	0	0	0	0	0	0	0	0	0	0	0	0	0	0	0	0	0	0	0	0	0	0	1	5	12	11	12	12	9	56_167.cif
.0000000049213434214232583719760304310850	0	0	0	0	0	0	0	0	0	0	0	0	0	0	0	0	0	0	0	0	0	0	0	0	1	5	11	12	12	12	9	56_168.cif
.0000000046785729571057593526562522361708	0	0	0	0	0	0	0	0	0	0	0	0	0	0	0	0	0	0	0	0	0	0	0	0	1	5	12	11	12	12	9	56_169.cif
.0000000043366301281111584670204956119406	0	0	0	0	0	0	0	0	0	0	0	0	0	0	0	0	0	0	0	0	0	0	0	0	1	5	11	12	12	12	9	56_170.cif
.0000000042283689448864400294543868718996	0	0	0	0	0	0	0	0	0	0	0	0	0	0	0	0	0	0	0	0	0	0	0	0	1	5	11	12	12	12	9	56_171.cif
.0000000041227036410483376135746676912581	0	0	0	0	0	0	0	0	0	0	0	0	0	0	0	0	0	0	0	0	0	0	0	0	1	5	11	12	12	12	9	56_172.cif
.0000000039691874094572848925408790936752	0	0	0	0	0	0	0	0	0	0	0	0	0	0	0	0	0	0	0	0	0	0	0	0	1	5	11	12	12	12	9	56_173.cif
.0000000037733869160061610406719745099269	0	0	0	0	0	0	0	0	0	0	0	0	0	0	0	0	0	0	0	0	0	0	0	0	1	5	11	12	12	12	9	56_174.cif
.0000000034102860421250024811400209477822	0	0	0	0	0	0	0	0	0	0	0	0	0	0	0	0	0	0	0	0	0	0	0	0	1	5	11	12	12	12	9	56_175.cif
.0000000030433315774762698135625037003611	0	0	0	0	0	0	0	0	0	0	0	0	0	0	0	0	0	0	0	0	0	0	0	0	1	5	12	11	12	12	9	56_176.cif
.0000000029673567611351228617252293589308	0	0	0	0	0	0	0	0	0	0	0	0	0	0	0	0	0	0	0	0	0	0	0	0	2	4	12	12	12	10	10	56_177.cif
.0000000028932036638419983907821522919495	0	0	0	0	0	0	0	0	0	0	0	0	0	0	0	0	0	0	0	0	0	0	0	0	1	5	11	12	12	12	9	56_178.cif
.0000000028568619336097905417914433301995	0	0	0	0	0	0	0	0	0	0	0	0	0	0	0	0	0	0	0	0	1	0	0	1	0	5	12	12	12	10	10	56_179.cif
.0000000022751887480251297900132400323841	0	0	0	0	0	0	0	0	0	0	0	0	0	0	0	0	0	0	0	0	0	0	0	0	1	5	11	12	12	12	9	56_180.cif
.0000000020562546601508623978311414831355	0	0	0	0	0	0	0	0	0	0	0	0	0	0	0	0	0	0	0	0	0	0	0	0	1	5	11	12	12	12	9	56_181.cif
.0000000020048696518260530831259048889840	0	0	0	0	0	0	0	0	0	0	0	0	0	0	0	0	0	0	0	0	0	0	0	0	2	4	12	12	11	11	10	56_182.cif
.0000000019547687349767359146394056264028	0	0	0	0	0	0	0	0	0	0	0	0	0	0	0	0	0	0	0	0	0	0	0	0	1	5	11	12	12	12	9	56_183.cif
.0000000018820281800845035991225115579954	0	0	0	0	0	0	0	0	0	0	0	0	0	0	0	0	0	0	0	0	0	0	0	0	1	5	11	12	12	12	9	56_184.cif
.0000000016169778652288409238906235760718	0	0	0	0	0	0	0	0	0	0	0	0	0	0	0	0	0	0	0	0	0	0	0	0	2	4	12	12	12	10	10	56_185.cif
.0000000013892911760921334005767009328228	0	0	0	0	0	0	0	0	0	0	0	0	0	0	0	0	0	0	0	0	0	0	0	0	1	5	11	12	12	12	9	56_186.cif
.0000000013041333705952418801611987232753	0	0	0	0	0	0	0	0	0	0	0	0	0	0	0	0	0	0	0	0	0	0	0	0	2	4	12	12	12	10	10	56_187.cif
.0000000012556041592705558789648927995886	0	0	0	0	0	0	0	0	0	0	0	0	0	0	0	0	0	0	0	0	0	0	0	0	2	4	12	12	11	11	10	56_188.cif
.0000000010386044686987153061549920483620	0	0	0	0	0	0	0	0	0	0	0	0	0	0	0	0	0	0	0	0	0	0	0	0	2	4	12	12	11	11	10	56_189.cif
.0000000009268722953238887822343252381287	0	0	0	0	0	0	0	0	0	0	0	0	0	0	0	0	0	0	0	0	0	0	0	0	2	4	12	12	11	11	10	56_190.cif
.0000000008376823585642231353802201907072	0	0	0	0	0	0	0	0	0	0	0	0	0	0	0	0	0	0	0	0	0	0	0	0	2	4	12	12	12	10	10	56_191.cif
.0000000008064897601740113736586397411816	0	0	0	0	0	0	0	0	0	0	0	0	0	0	0	0	0	0	0	0	0	0	0	0	2	4	12	12	11	11	10	56_192.cif
.0000000007963387590536949280559970184036	0	0	0	0	0	0	0	0	0	0	0	0	0	0	0	0	0	0	0	0	0	0	0	0	2	4	12	12	12	10	10	56_193.cif
.0000000007475458487126677174077190608100	0	0	0	0	0	0	0	0	0	0	0	0	0	0	0	0	0	0	0	0	0	0	0	0	2	4	12	12	11	11	10	56_194.cif
.0000000007197096442149022127990061901428	0	0	0	0	0	0	0	0	0	0	0	0	0	0	0	0	0	0	0	0	0	0	0	0	2	4	12	12	12	10	10	56_195.cif
.0000000007017425556324863936114565627777	0	0	0	0	0	0	0	0	0	0	0	0	0	0	0	0	0	0	0	0	0	0	0	0	1	5	11	12	12	12	9	56_196.cif
.0000000006422839011428479381230716548664	0	0	0	0	0	0	0	0	0	0	0	0	0	0	0	0	0	0	0	0	0	0	0	0	2	4	12	12	11	11	10	56_197.cif
.0000000006029145533282612901301662035709	0	0	0	0	0	0	0	0	0	0	0	0	0	0	0	0	0	0	0	0	0	0	0	0	2	4	12	12	10	12	10	56_198.cif
.0000000005731727057225623601557492009775	0	0	0	0	0	0	0	0	0	0	0	0	0	0	0	0	0	0	0	0	0	0	0	0	2	4	12	12	12	10	10	56_199.cif
.0000000005588638176042516643907246401299	0	0	0	0	0	0	0	0	0	0	0	0	0	0	0	0	0	0	0	0	0	0	0	0	2	4	12	12	11	11	10	56_200.cif
.0000000005448980270450598016634918079853	0	0	0	0	0	0	0	0	0	0	0	0	0	0	0	0	0	0	0	0	0	0	0	0	2	4	12	12	11	11	10	56_201.cif
.0000000005312812361881197827174653684441	0	0	0	0	0	0	0	0	0	0	0	0	0	0	0	0	0	0	0	0	0	0	0	0	2	4	12	12	12	10	10	56_202.cif
.0000000005246077760358734910583203558440	0	0	0	0	0	0	0	0	0	0	0	0	0	0	0	0	0	0	0	0	0	0	0	0	2	4	12	12	11	11	10	56_203.cif
.0000000005050730687533700840884335705075	0	0	0	0	0	0	0	0	0	0	0	0	0	0	0	0	0	0	0	0	0	0	0	0	2	4	12	12	11	11	10	56_204.cif
.0000000004801577533779478930287815707043	0	0	0	0	0	0	0	0	0	0	0	0	0	0	0	0	0	0	0	0	0	0	0	0	2	4	12	12	11	11	10	56_205.cif
.0000000004073647016083904722167532332974	0	0	0	0	0	0	0	0	0	0	0	0	0	0	0	0	0	0	0	0	0	0	0	0	2	4	12	12	11	11	10	56_206.cif
.0000000003872593204864936680065852274985	0	0	0	0	0	0	0	0	0	0	0	0	0	0	0	0	0	0	0	0	0	0	0	0	2	4	12	12	11	11	10	56_207.cif
.0000000003823949295240063285943415548070	0	0	0	0	0	0	0	0	0	0	0	0	0	0	0	0	0	0	0	0	0	0	0	0	2	4	12	12	11	11	10	56_208.cif
.0000000003728486859416805551737747698805	0	0	0	0	0	0	0	0	0	0	0	0	0	0	0	0	0	0	0	0	0	0	0	0	2	4	12	12	11	11	10	56_209.cif
.0000000003635313415473817322284827526562	0	0	0	0	0	0	0	0	0	0	0	0	0	0	0	0	0	0	0	0	0	0	0	0	2	4	12	12	12	10	10	56_210.cif
.0000000003589649993604913421315717921385	0	0	0	0	0	0	0	0	0	0	0	0	0	0	0	0	0	0	0	0	0	0	0	0	2	4	12	12	11	11	10	56_211.cif
.0000000003499946029218027983553004460349	0	0	0	0	0	0	0	0	0	0	0	0	0	0	0	0	0	0	0	0	0	0	0	0	2	4	12	12	11	11	10	56_212.cif
.0000000003244145498258779924304780042336	0	0	0	0	0	0	0	0	0	0	0	0	0	0	0	0	0	0	0	0	0	0	0	0	2	4	12	12	11	11	10	56_213.cif
.0000000002752325363019089986936004448453	0	0	0	0	0	0	0	0	0	0	0	0	0	0	0	0	0	0	0	0	0	0	0	0	2	4	12	12	11	11	10	56_214.cif
.0000000002717753214813914148173931533967	0	0	0	0	0	0	0	0	0	0	0	0	0	0	0	0	0	0	0	0	0	0	0	0	2	4	12	12	11	11	10	56_215.cif
.0000000002683545817162185516295296416962	0	0	0	0	0	0	0	0	0	0	0	0	0	0	0	0	0	0	0	0	0	0	0	0	2	4	12	12	11	11	10	56_216.cif
.0000000002616552821028973370867414640914	0	0	0	0	0	0	0	0	0	0	0	0	0	0	0	0	0	0	0	0	0	0	0	0	2	4	12	12	12	10	10	56_217.cif
.0000000002219819720377478962714889370565	0	0	0	0	0	0	0	0	0	0	0	0	0	0	0	0	0	0	0	0	0	0	0	0	2	4	12	12	11	11	10	56_218.cif
.0000000002191936412178233225645522089978	0	0	0	0	0	0	0	0	0	0	0	0	0	0	0	0	0	0	0	0	0	0	0	0	2	4	12	12	11	11	10	56_219.cif
.0000000002137160769369979314709250897750	0	0	0	0	0	0	0	0	0	0	0	0	0	0	0	0	0	0	0	0	0	0	0	0	2	4	12	12	11	11	10	56_220.cif
.0000000002083807924696039224010508322064	0	0	0	0	0	0	0	0	0	0	0	0	0	0	0	0	0	0	0	0	0	0	0	0	2	4	12	12	10	12	10	56_221.cif
.0000000002031734370951507573485049250945	0	0	0	0	0	0	0	0	0	0	0	0	0	0	0	0	0	0	0	0	0	0	0	0	2	4	12	12	11	11	10	56_222.cif
.0000000002006213615763961080831438179500	0	0	0	0	0	0	0	0	0	0	0	0	0	0	0	0	0	0	0	0	0	0	0	0	2	4	12	12	12	10	10	56_223.cif
.0000000001980962115166086127331906308600	0	0	0	0	0	0	0	0	0	0	0	0	0	0	0	0	0	0	0	0	0	0	0	0	2	4	12	12	11	11	10	56_224.cif
.0000000001907246856220435843050984179502	0	0	0	0	0	0	0	0	0	0	0	0	0	0	0	0	0	0	0	0	0	0	0	0	2	4	12	12	12	10	10	56_225.cif
.0000000001723673983173507664740327032084	0	0	0	0	0	0	0	0	0	0	0	0	0	0	0	0	0	0	0	0	0	0	0	0	2	4	12	12	10	12	10	56_226.cif
.0000000001618061805991415531807960974237	0	0	0	0	0	0	0	0	0	0	0	0	0	0	0	0	0	0	0	0	0	0	0	0	2	4	12	12	11	11	10	56_227.cif
.0000000001443954708682896680111496878055	0	0	0	0	0	0	0	0	0	0	0	0	0	0	0	0	0	0	0	0	0	0	0	0	2	4	12	12	10	12	10	56_228.cif
.0000000001305007596118435385138923208188	0	0	0	0	0	0	0	0	0	0	0	0	0	0	0	0	0	0	0	0	0	0	0	0	2	4	12	12	10	12	10	56_229.cif
.0000000001272428920441853475068756402008	0	0	0	0	0	0	0	0	0	0	0	0	0	0	0	0	0	0	0	0	0	0	0	0	2	4	12	12	10	12	10	56_230.cif
.0000000001225047757534874956320375756516	0	0	0	0	0	0	0	0	0	0	0	0	0	0	0	0	0	0	0	0	0	0	0	0	2	4	12	12	11	11	10	56_231.cif
.0000000001135512700647763157002456436821	0	0	0	0	0	0	0	0	0	0	0	0	0	0	0	0	0	0	0	0	1	0	1	0	0	5	12	12	11	11	10	56_232.cif
.0000000001052521491837162064355099872609	0	0	0	0	0	0	0	0	0	0	0	0	0	0	0	0	0	0	0	0	0	0	0	0	2	4	12	12	10	12	10	56_233.cif
.0000000001026245969436231069667800131590	0	0	0	0	0	0	0	0	0	0	0	0	0	0	0	0	0	0	0	0	0	0	0	0	2	4	12	12	10	12	10	56_234.cif
.0000000001000600479748239894981082242877	0	0	0	0	0	0	0	0	0	0	0	0	0	0	0	0	0	0	0	0	0	0	0	0	2	4	12	12	10	12	10	56_235.cif
.0000000000939292137110791131308708786427	0	0	0	0	0	0	0	0	0	0	0	0	0	0	0	0	0	0	0	0	0	0	0	0	2	4	12	12	11	11	10	56_236.cif
.0000000000892956742741947130418381417010	0	0	0	0	0	0	0	0	0	0	0	0	0	0	0	0	0	0	0	0	0	0	0	0	2	4	12	12	10	12	10	56_237.cif
.0000000000667555426339892950603675310251	0	0	0	0	0	0	0	0	0	0	0	0	0	0	0	0	0	0	0	0	0	0	0	0	2	4	12	12	12	10	10	56_238.cif
.0000000000634624836675143830311957434139	0	0	0	0	0	0	0	0	0	0	0	0	0	0	0	0	0	0	0	0	0	0	0	0	2	4	12	12	11	11	10	56_239.cif
.0000000000618781835613817514729982600424	0	0	0	0	0	0	0	0	0	0	0	0	0	0	0	0	0	0	0	0	0	0	0	0	2	4	12	12	10	12	10	56_240.cif
.0000000000538414209510745916396673368210	0	0	0	0	0	0	0	0	0	0	0	0	0	0	0	0	0	0	0	0	1	1	0	0	0	5	12	12	11	11	10	56_241.cif
.0000000000499063133945839542236583081592	0	0	0	0	0	0	0	0	0	0	0	0	0	0	0	0	0	0	0	0	0	0	0	0	2	4	12	12	10	12	10	56_242.cif
.0000000000451039895382909158767458891844	0	0	0	0	0	0	0	0	0	0	0	0	0	0	0	0	0	0	0	0	1	1	0	0	0	5	12	12	11	11	10	56_243.cif
.0000000000324632021049257289593328020958	0	0	0	0	0	0	0	0	0	0	0	0	0	0	0	0	0	0	0	0	0	0	0	0	2	4	12	12	10	12	10	56_244.cif
.0000000000312543768081213068603749802099	0	0	0	0	0	0	0	0	0	0	0	0	0	0	0	0	0	0	0	0	0	0	0	0	2	4	12	12	10	12	10	56_245.cif
Average: 0 0 0 0 0 0 0 0 0 0 0 0 0 0 0 0 0 0 0 0 .0000000030693586141639323650081021998870 .0000000000989454104893655075164132260054 .0000000001135512700647763157002456436821 .0000000028568619336097905417914433301995 .0004151899651815594358401070217783810120 5.9995848069654598267068311239829125959546 11.9999999375109971593666585967765680193865 11.9999997092428579251913020475134714887575 11.9999397823135080408033848853569912615018 11.9996453748287380893277784014173318643970 8.0004151961038987881725096317217070165908
