.4077934126265808474156958097636630676618	0	0	0	0	0	0	0	0	0	0	2	0	0	1	0	1	4	0	1	3	0	0	0	0	0	0	11	10	5	2	0	28_1.cif
.3828072780277892743123410279569160471286	0	0	0	0	0	0	0	0	0	0	3	0	0	2	0	1	2	0	1	1	1	0	0	1	0	0	11	10	6	1	0	28_2.cif
.0596367346844855690749725749629976555399	0	0	0	0	0	0	0	0	0	0	2	0	0	2	0	0	4	0	0	4	0	0	0	0	0	0	11	9	7	1	0	28_3.cif
.0333302771403529119106733772987143283844	0	0	0	0	0	0	0	0	0	0	3	0	0	1	0	2	2	0	0	2	1	0	1	0	0	0	11	9	5	3	0	28_4.cif
.0242949677078925067888093514521221381845	0	0	0	0	0	0	0	0	0	0	3	0	0	1	1	1	2	0	0	2	1	1	0	0	0	0	9	11	4	4	0	28_5.cif
.0208739927650410721240169916504485943209	0	0	0	0	0	0	0	0	0	0	2	0	0	1	1	0	4	0	2	2	0	0	0	0	0	0	10	10	5	3	0	28_6.cif
.0139261847477715496754971421455714702146	0	0	0	0	0	0	1	0	1	0	2	0	0	1	0	1	1	0	1	0	2	0	0	2	0	0	10	11	4	3	0	28_7.cif
.0101510169662415396050413572935850841606	0	0	0	0	0	0	1	1	0	0	1	0	0	0	0	1	3	1	0	2	1	1	0	0	0	0	11	10	4	3	0	28_8.cif
.0074933619213542767029493082524248168475	0	0	0	0	0	0	1	1	0	0	1	0	0	0	0	1	3	1	0	2	1	0	0	1	0	0	11	10	5	2	0	28_9.cif
.0073992372868249089648497209057171106651	0	0	0	0	0	0	0	0	0	0	2	0	0	0	1	1	4	0	0	4	0	0	0	0	0	0	10	10	3	5	0	28_10.cif
.0054620303676516590469942338034150065682	0	0	0	0	0	0	0	0	0	0	2	0	0	1	1	0	4	0	1	3	0	0	0	0	0	0	10	10	3	5	0	28_11.cif
.0051925877510891297279890809488202908641	0	0	0	0	0	0	0	0	0	0	3	0	0	2	0	1	2	0	0	2	1	0	1	0	0	0	12	8	5	3	0	28_12.cif
.0025898739494901571537488175806713304095	0	0	0	0	0	0	1	0	0	1	1	0	0	0	1	0	3	0	0	3	1	0	1	0	0	0	10	10	5	3	0	28_13.cif
.0018877513046551030686882157261935621839	0	0	0	0	0	0	1	1	0	0	2	0	0	1	0	1	2	0	0	2	0	0	0	0	1	0	10	10	6	2	0	28_14.cif
.0018406248069279423077797173913591299850	0	0	0	0	0	0	1	0	1	0	2	0	0	2	0	0	1	0	0	1	2	0	2	0	0	0	12	8	4	4	0	28_15.cif
.0016635074079546472575190758842319252720	0	0	0	0	0	0	0	0	0	0	2	0	0	0	2	0	4	2	0	2	0	0	0	0	0	0	11	8	6	3	0	28_16.cif
.0015419266536638406690940839338867901086	0	0	0	0	0	0	0	0	0	0	4	1	0	1	0	2	1	1	0	0	0	0	0	0	1	0	11	9	5	3	0	28_17.cif
.0015225584069048518784371371346668982266	0	0	0	0	0	0	1	0	1	0	1	0	0	0	1	0	3	1	0	2	1	0	0	1	0	0	10	11	4	3	0	28_18.cif
.0015033945032107694676975239350585646437	0	0	0	0	0	0	0	0	0	0	3	0	0	3	0	0	2	0	0	2	1	0	0	1	0	0	12	7	6	3	0	28_19.cif
.0011098169743194031027449494675935225175	0	0	1	0	1	0	0	0	0	0	1	0	0	0	0	1	2	0	0	2	2	0	2	0	0	0	11	10	5	2	0	28_20.cif
.0010958481009300723739976730917475168900	0	0	0	0	0	0	0	0	0	0	3	0	0	2	0	1	2	1	0	1	1	0	1	0	0	0	12	8	4	4	0	28_21.cif
.0010550695691718379946576440426401430338	0	0	0	0	0	0	0	0	0	0	3	0	0	2	0	1	2	0	0	2	1	1	0	0	0	0	10	10	4	4	0	28_22.cif
.0009064817188607614504066932966384956021	0	0	0	0	0	0	0	0	0	0	2	0	0	0	0	2	4	3	1	0	0	0	0	0	0	0	10	9	5	4	0	28_23.cif
.0007404197363941373633388215094939069316	0	0	0	0	0	0	0	0	0	0	4	0	0	1	0	3	1	0	0	1	1	0	1	0	0	0	12	10	1	4	1	28_24.cif
.0005677088360670372294934307856747599364	0	0	0	0	0	0	0	0	0	0	3	0	0	2	1	0	2	1	0	1	1	0	1	0	0	0	10	10	4	4	0	28_25.cif
.0004408218116830068482103888886418302661	0	0	0	0	0	0	0	0	0	0	4	0	0	2	1	1	1	0	0	1	0	0	0	0	1	0	11	9	5	3	0	28_26.cif
.0003692848745665201222560494845640480442	0	0	0	0	0	0	0	0	0	0	3	0	0	1	1	1	2	0	1	1	1	0	0	1	0	0	10	10	4	4	0	28_27.cif
.0003600659150780436737859515290090027590	0	0	0	0	0	0	0	0	0	0	3	0	0	0	2	1	3	1	0	2	0	0	0	0	0	0	12	9	4	2	1	28_28.cif
.0003054711575100869959040324108007603195	0	0	0	0	0	0	0	0	0	0	3	0	0	1	1	1	2	2	0	0	1	0	1	0	0	0	12	8	3	5	0	28_29.cif
.0002591542941528553895083705843199599124	0	0	0	0	0	0	1	0	1	0	2	0	0	0	1	1	2	0	0	2	0	0	0	0	1	0	10	10	6	2	0	28_30.cif
.0002012366505617559245927713672610302817	0	0	0	0	0	0	0	0	0	0	3	0	0	1	2	0	2	1	0	1	1	0	1	0	0	0	10	10	5	3	0	28_31.cif
.0001707242757683090639178925817376668881	0	0	0	0	0	0	1	0	1	0	1	0	0	0	1	0	3	0	0	3	1	0	1	0	0	0	10	11	1	6	0	28_32.cif
.0001602637347160328044825345768581916646	0	0	0	0	0	0	0	0	0	0	3	0	0	1	2	0	2	0	0	2	1	1	0	0	0	0	10	10	5	3	0	28_33.cif
.0001359638513408994455033762937613380517	0	0	0	0	0	0	0	0	0	0	3	0	0	2	1	0	2	0	1	1	1	1	0	0	0	0	11	8	4	5	0	28_34.cif
.0001276331353828056090318861323479761542	0	0	0	0	0	0	0	0	0	0	3	0	0	1	1	1	2	1	0	1	1	0	1	0	0	0	8	11	6	3	0	28_35.cif
.0001213338344848087443378018418485751120	0	0	0	0	0	0	0	0	0	0	2	0	0	1	1	0	4	2	0	2	0	0	0	0	0	0	8	12	4	4	0	28_36.cif
.0000978613280686353188829357367839792729	0	0	0	0	0	0	0	0	0	0	3	0	0	2	0	1	2	1	0	1	1	0	1	0	0	0	12	7	6	3	0	28_37.cif
.0000851510606181237434107781065841572668	0	0	0	0	0	0	1	0	1	0	0	0	0	0	0	0	5	1	0	4	0	0	0	0	0	0	11	9	4	4	0	28_38.cif
.0000779362103114382881700307530323901537	0	0	0	0	0	0	1	0	1	0	1	0	0	1	0	0	3	0	0	3	1	0	1	0	0	0	11	8	5	4	0	28_39.cif
.0000731590428226654692712478681448080739	0	0	0	0	0	0	1	0	1	0	1	0	0	0	0	1	3	0	1	2	1	0	0	1	0	0	10	10	6	2	0	28_40.cif
.0000686764748495536703201824547813730058	0	0	0	0	0	0	1	0	1	0	1	0	0	0	1	0	3	1	0	2	1	0	1	0	0	0	9	11	4	4	0	28_41.cif
.0000568089399562629520058048757033810502	0	0	0	0	0	0	1	1	0	0	2	0	0	1	0	1	1	1	0	0	2	0	0	2	0	0	12	8	3	5	0	28_42.cif
.0000519955178463017973439078673651445637	0	0	0	0	0	0	1	0	1	0	0	0	0	0	0	0	5	0	1	4	0	0	0	0	0	0	11	9	3	5	0	28_43.cif
.0000475899370448829367112101441006824919	0	0	0	0	0	0	0	0	0	0	3	0	0	0	1	2	2	1	0	1	1	0	0	1	0	0	9	11	2	6	0	28_44.cif
.0000342524410869945182152241193303916682	0	0	0	0	0	0	0	0	0	0	2	0	0	1	1	0	4	0	0	4	0	0	0	0	0	0	9	10	5	4	0	28_45.cif
.0000333973509153943597919945233353865781	0	0	0	0	0	0	0	0	0	0	4	0	0	0	1	3	1	0	0	1	1	0	1	0	0	0	10	12	2	3	1	28_46.cif
.0000301828495310036608298374124105240293	0	0	0	0	0	0	1	1	0	0	1	0	0	1	0	0	3	0	1	2	1	1	0	0	0	0	8	12	4	4	0	28_47.cif
.0000249671476363910945311721205432425889	0	0	0	0	0	0	1	0	1	0	2	0	0	0	2	0	2	0	0	2	0	0	0	0	1	0	11	9	5	3	0	28_48.cif
.0000234373717938322634687559111496541920	0	0	0	0	0	0	2	0	2	0	0	0	0	0	0	0	2	1	0	1	2	0	1	1	0	0	11	9	5	3	0	28_49.cif
.0000203933168058624023927666961762777325	0	0	0	0	0	0	0	0	0	0	3	0	0	2	1	0	2	0	1	1	1	0	1	0	0	0	9	10	6	3	0	28_50.cif
.0000162411226058036579173326099910098105	0	0	0	0	0	0	0	0	0	0	3	0	0	2	1	0	2	0	1	1	1	1	0	0	0	0	11	8	6	3	0	28_51.cif
.0000158352632361075713467851542096544712	0	0	0	0	0	0	0	0	0	0	3	0	0	2	0	1	2	0	0	2	1	0	1	0	0	0	11	8	5	4	0	28_52.cif
.0000139538483206309474525449998410807816	0	0	0	0	0	0	0	0	0	0	3	0	0	1	2	0	2	1	0	1	1	0	0	1	0	0	8	11	5	4	0	28_53.cif
.0000134342518623631661422703793357138429	0	0	0	0	0	0	0	0	0	0	3	0	0	1	2	0	2	0	2	0	1	1	0	0	0	0	10	9	4	5	0	28_54.cif
.0000127715385983006229167934012098419050	0	0	0	0	0	0	1	0	1	0	2	0	0	1	1	0	2	0	0	2	0	0	0	0	1	0	11	9	4	4	0	28_55.cif
.0000100434204743247870647641233406166745	0	0	0	0	0	0	1	0	1	0	1	0	0	1	0	0	3	1	1	1	1	1	0	0	0	0	8	11	6	3	0	28_56.cif
.0000096694357793902992786628649910968465	0	0	0	0	0	0	1	0	1	0	2	0	0	0	2	0	1	0	0	1	2	1	1	0	0	0	10	9	6	3	0	28_57.cif
.0000091924413466035024876228124115228083	0	0	0	0	0	0	0	0	0	0	3	0	0	2	1	0	2	0	0	2	1	0	0	1	0	0	11	8	5	4	0	28_58.cif
.0000089629579580027372608225445802165990	0	0	0	0	0	0	0	0	0	0	3	0	1	1	0	1	2	2	0	0	1	1	0	0	0	0	10	9	4	5	0	28_59.cif
.0000088501443790015554706398473716419760	0	0	0	0	0	0	1	0	1	0	2	0	0	2	0	0	1	0	0	1	2	2	0	0	0	0	10	10	5	3	0	28_60.cif
.0000078980534763061438711515212424448413	0	0	0	0	0	0	0	0	0	0	4	0	0	2	1	1	1	0	0	1	1	1	0	0	0	0	10	11	3	3	1	28_61.cif
.0000077986434730483165269225629117848747	0	0	0	0	0	0	0	0	0	0	2	0	0	1	1	0	4	2	0	2	0	0	0	0	0	0	10	9	6	3	0	28_62.cif
.0000077006841759491517345343225416666036	0	0	0	0	0	0	0	0	0	0	3	0	1	0	1	1	2	0	0	2	1	0	1	0	0	0	11	8	5	4	0	28_63.cif
.0000067857526176931707466052894086078619	0	0	0	0	0	0	1	0	1	0	1	0	0	0	0	1	4	0	0	4	0	0	0	0	0	0	11	10	5	1	1	28_64.cif
.0000066163506660027076809605008807134324	0	0	0	0	0	0	0	0	0	0	3	0	0	2	1	0	2	0	1	1	1	1	0	0	0	0	9	10	6	3	0	28_65.cif
.0000064510106229423490031457101269200433	0	0	0	0	0	0	0	0	0	0	3	1	0	1	0	1	2	0	0	2	1	0	0	1	0	0	9	9	7	3	0	28_66.cif
.0000061327814911505444021329364039923534	0	0	0	0	0	0	0	0	0	0	2	0	1	0	1	0	4	2	0	2	0	0	0	0	0	0	8	10	7	3	0	28_67.cif
.0000046431787620016415008041851814667621	0	0	0	0	0	0	0	0	0	0	4	0	0	1	2	1	1	0	0	1	1	0	1	0	0	0	10	11	5	1	1	28_68.cif
.0000041963806192196996490664681034255012	0	0	0	0	0	0	1	0	1	0	2	0	0	1	0	1	1	0	1	0	2	1	1	0	0	0	11	9	4	4	0	28_69.cif
.0000040401208937885202963581056686938115	0	0	0	0	0	0	0	0	0	0	2	0	1	0	0	1	4	1	1	2	0	0	0	0	0	0	9	9	7	3	0	28_70.cif
.0000037448406062803279920159641036204408	0	0	0	0	0	0	0	0	0	0	2	1	0	0	1	0	4	2	0	2	0	0	0	0	0	0	11	7	6	4	0	28_71.cif
.0000035153884166609180369202121908343756	0	0	0	0	0	0	1	0	1	0	0	0	0	0	0	0	5	0	1	4	0	0	0	0	0	0	10	8	7	3	0	28_72.cif
.0000033844866518744992907313397571743764	0	0	0	0	0	0	0	0	0	0	3	0	0	0	3	0	2	0	1	1	1	0	1	0	0	0	9	10	3	6	0	28_73.cif
.0000030977190604787879077880497183141203	0	0	0	0	0	0	0	0	0	0	3	0	0	1	1	1	2	0	1	1	1	0	0	1	0	0	10	9	4	5	0	28_74.cif
.0000027996355289101071709663584641337577	0	0	0	0	0	0	0	0	0	0	4	0	1	2	1	0	0	0	0	0	2	0	0	2	0	0	10	9	5	4	0	28_75.cif
.0000027643975075565410622991151816344603	0	0	0	0	0	0	0	0	0	0	3	0	0	1	2	0	2	1	1	0	1	1	0	0	0	0	9	10	5	4	0	28_76.cif
.0000025624223796229755299651567445577722	0	0	0	0	0	0	1	0	1	0	2	0	0	1	0	1	1	0	0	1	2	1	0	1	0	0	9	10	5	4	0	28_77.cif
.0000022015506000719535627701543999197091	0	0	0	0	0	0	0	0	0	0	3	0	0	2	1	0	2	1	0	1	1	0	1	0	0	0	11	8	5	4	0	28_78.cif
.0000016047451544074724384902079351265572	0	0	0	0	0	0	0	0	0	0	3	0	0	1	1	1	2	0	0	2	1	1	0	0	0	0	10	9	4	5	0	28_79.cif
.0000015255828824654565782241709658992600	0	0	0	0	0	0	1	1	0	0	2	0	0	0	0	1	1	0	0	1	2	2	0	0	0	0	10	9	6	3	0	28_80.cif
.0000014687750797497709464780269226007402	0	0	0	0	0	0	0	0	0	0	2	0	0	1	1	0	4	2	0	2	0	0	0	0	0	0	9	9	7	3	0	28_81.cif
.0000013787809535533673419445630813062830	0	0	0	0	0	0	0	0	0	0	3	0	0	3	0	0	2	0	0	2	1	0	1	0	0	0	11	8	5	4	0	28_82.cif
.0000013274395827908528295266221411422568	0	0	0	0	0	0	0	0	0	0	3	0	0	2	1	0	2	1	0	1	1	0	0	1	0	0	10	9	6	3	0	28_83.cif
.0000012942673812468159939798621365126347	0	0	1	0	1	0	0	0	0	0	0	0	0	0	0	0	4	0	0	4	1	1	0	0	0	0	10	10	6	2	0	28_84.cif
.0000012619568281298575106242627055821935	0	0	0	0	0	0	1	1	0	0	2	0	0	1	0	1	2	1	0	1	0	0	0	0	1	0	10	9	4	5	0	28_85.cif
.0000011405227856386002689126247820452238	0	0	0	0	0	0	0	0	0	0	3	0	0	1	0	2	3	1	0	2	0	0	0	0	0	0	11	9	5	2	1	28_86.cif
.0000011261674290718090559037372226784605	0	0	0	0	0	0	1	0	1	0	2	0	0	0	0	2	2	0	0	2	1	0	0	1	0	0	11	10	5	1	1	28_87.cif
.0000011120215625311596654823328555215335	0	0	0	0	0	0	0	0	0	0	2	0	0	1	0	1	4	2	0	2	0	0	0	0	0	0	12	6	3	7	0	28_88.cif
.0000010706134540200254175141348818828333	0	0	0	0	0	0	1	0	1	0	1	0	0	0	1	0	3	0	1	2	1	0	0	1	0	0	9	10	4	5	0	28_89.cif
.0000010438862774141215053796467681844443	0	0	0	0	0	0	0	0	0	0	3	0	0	2	1	0	2	1	0	1	1	0	1	0	0	0	7	11	7	3	0	28_90.cif
.0000009675917683575731770225252696574906	0	0	0	0	0	0	1	0	1	0	2	0	0	2	0	0	2	1	0	1	0	0	0	0	1	0	10	9	3	6	0	28_91.cif
.0000009554377815988739040105752497170708	0	0	0	0	0	0	1	0	1	0	2	1	0	0	1	0	1	0	0	1	2	1	1	0	0	0	12	6	6	4	0	28_92.cif
.0000009315617611269283300444920542458323	0	0	0	0	0	0	0	0	0	0	3	0	0	1	1	1	2	0	1	1	1	0	0	1	0	0	9	10	6	3	0	28_93.cif
.0000008634767132066776632819680749451291	0	0	0	0	0	0	0	0	0	0	3	0	0	1	1	1	2	0	0	2	1	0	0	1	0	0	10	9	5	4	0	28_94.cif
.0000008526305228173431156955828367089888	0	0	0	0	0	0	0	0	0	0	3	0	0	1	2	0	2	1	0	1	1	0	1	0	0	0	9	9	5	5	0	28_95.cif
.0000007513280209832470505229494316910804	0	0	0	0	0	0	0	0	0	0	2	1	0	0	0	1	4	2	0	2	0	0	0	0	0	0	11	7	4	6	0	28_96.cif
.0000006455335056519564000374009551985876	0	0	0	0	0	0	0	0	0	0	3	1	0	1	1	0	2	2	0	0	1	0	1	0	0	0	10	7	7	4	0	28_97.cif
.0000005688365573369979388529129811426521	0	0	0	0	0	0	1	0	1	0	0	0	0	0	0	0	5	1	1	3	0	0	0	0	0	0	10	9	4	5	0	28_98.cif
.0000005076416108854879144177225682667056	0	0	0	0	0	0	0	0	0	0	2	0	0	1	1	0	4	1	1	2	0	0	0	0	0	0	10	8	6	4	0	28_99.cif
.0000004949558434526463995342552562730402	0	0	0	0	0	0	0	0	0	0	3	0	0	0	3	0	2	2	0	0	1	0	0	1	0	0	8	11	5	4	0	28_100.cif
.0000004705396120210858445611181519538992	0	0	0	0	0	0	1	0	1	0	2	0	1	0	1	0	1	0	0	1	2	2	0	0	0	0	10	9	5	4	0	28_101.cif
.0000004473278362297718339220638291454530	0	0	0	0	0	0	0	0	0	0	3	0	0	0	2	1	2	1	0	1	1	0	1	0	0	0	10	9	3	6	0	28_102.cif
.0000004361492866881993223390322895647889	0	0	0	0	0	0	2	0	2	0	0	0	0	0	0	0	2	0	0	2	2	1	0	1	0	0	10	10	5	3	0	28_103.cif
.0000003941800450852874422751840145881004	0	0	0	0	0	0	1	0	1	0	2	0	0	2	0	0	1	1	0	0	2	1	1	0	0	0	10	10	3	5	0	28_104.cif
.0000003607811655114074200092684265087577	0	0	0	0	0	0	1	0	1	0	0	0	0	0	0	0	5	2	0	3	0	0	0	0	0	0	9	9	6	4	0	28_105.cif
.0000003344127549909361283249139165127763	0	0	0	0	0	0	0	0	0	0	3	0	1	1	0	1	2	0	0	2	1	1	0	0	0	0	10	9	7	2	0	28_106.cif
.0000002984369191020192781784254224836407	0	0	0	0	0	0	1	0	1	0	3	0	0	2	0	1	0	0	0	0	1	1	0	0	1	0	11	8	6	3	0	28_107.cif
.0000002946882324330226082528047576731812	0	0	0	0	0	0	0	0	0	0	2	0	0	0	2	0	4	1	1	2	0	0	0	0	0	0	11	7	6	4	0	28_108.cif
.0000002909790959686907440944578605583099	0	0	0	0	0	0	1	0	1	0	1	0	0	0	1	0	3	1	0	2	1	0	1	0	0	0	10	8	5	5	0	28_109.cif
.0000002468659763789390365174194990816354	0	0	0	0	0	0	0	0	0	0	3	0	0	2	1	0	2	0	0	2	1	0	0	1	0	0	11	7	3	7	0	28_110.cif
.0000002317341126184484445472957232118025	0	0	0	0	0	0	1	0	1	0	1	0	0	1	0	0	3	1	0	2	1	1	0	0	0	0	8	10	6	4	0	28_111.cif
.0000002231050791497136693888930328272013	0	0	0	0	0	0	1	0	1	0	2	0	0	1	1	0	1	0	0	1	2	0	1	1	0	0	11	8	6	3	0	28_112.cif
.0000002175354042780610357386100856569260	0	0	0	0	0	0	0	0	0	0	3	0	0	3	0	0	3	0	0	3	0	0	0	0	0	0	8	12	5	2	1	28_113.cif
.0000001966026727157602263788576724853848	0	0	0	0	0	0	0	0	0	0	2	0	0	1	0	1	4	2	0	2	0	0	0	0	0	0	9	9	6	4	0	28_114.cif
.0000001892818211426459714679561631784516	0	0	0	0	0	0	0	0	0	0	2	0	0	1	1	0	4	3	0	1	0	0	0	0	0	0	10	9	3	6	0	28_115.cif
.0000001868993978641904984700409126493830	0	0	0	0	0	0	0	0	0	0	3	0	0	1	2	0	2	0	1	1	1	0	1	0	0	0	8	10	7	3	0	28_116.cif
.0000001732439703465710382511257996941562	0	0	0	0	0	0	1	1	0	0	1	0	0	1	0	0	3	1	1	1	1	0	1	0	0	0	11	7	6	4	0	28_117.cif
.0000001605820894974991072481629237213551	0	0	0	0	0	0	0	0	0	0	2	0	0	0	2	0	4	0	1	3	0	0	0	0	0	0	9	9	5	5	0	28_118.cif
.0000001526605556621083529707693312226528	0	0	0	0	0	0	0	0	0	0	3	0	0	1	2	0	2	0	1	1	1	1	0	0	0	0	8	10	5	5	0	28_119.cif
.0000001488456274454875944003854673214528	0	0	1	1	0	0	0	0	0	0	1	0	0	0	1	0	2	0	0	2	2	0	1	1	0	0	9	11	3	5	0	28_120.cif
.0000001451297920458721939391485173822204	0	0	0	0	0	0	1	0	1	0	2	0	0	0	2	0	1	0	0	1	2	1	1	0	0	0	10	9	5	4	0	28_121.cif
.0000001397256250946891481143806107098277	0	0	1	1	0	0	0	0	0	0	1	0	0	0	1	0	2	0	0	2	2	0	1	1	0	0	10	9	7	2	0	28_122.cif
.0000001311644194267763347162833578726449	0	0	0	0	0	0	1	0	1	0	1	0	0	1	0	0	3	0	0	3	1	1	0	0	0	0	10	9	5	4	0	28_123.cif
.0000001295134993106181532928367537799897	0	0	0	0	0	0	0	0	0	0	3	1	0	0	1	1	3	0	0	3	0	0	0	0	0	0	10	10	2	5	1	28_124.cif
.0000001155805487067321538911666965593935	0	0	0	0	0	0	0	0	0	0	2	0	0	1	1	0	4	2	0	2	0	0	0	0	0	0	8	10	6	4	0	28_125.cif
.0000001141257772547602394264851893347000	0	0	0	0	0	0	1	0	1	0	0	0	0	0	0	0	5	2	1	2	0	0	0	0	0	0	9	10	4	5	0	28_126.cif
.0000000842484953445191310880328989740669	0	0	0	0	0	0	0	0	0	0	2	0	0	1	1	0	4	1	0	3	0	0	0	0	0	0	10	8	7	3	0	28_127.cif
.0000000821431580443652882213290037493394	0	0	0	0	0	0	1	0	1	0	1	0	0	0	1	0	3	2	0	1	1	0	1	0	0	0	10	9	3	6	0	28_128.cif
.0000000780910261544983065154887985550897	0	0	0	0	0	0	0	0	0	0	3	0	0	3	0	0	3	1	0	2	0	0	0	0	0	0	11	9	5	2	1	28_129.cif
.0000000771101194034352227675010525273864	0	0	0	0	0	0	1	0	1	0	1	0	0	0	0	1	3	1	0	2	1	1	0	0	0	0	9	10	5	4	0	28_130.cif
.0000000751831673559773195799292082679584	0	0	0	0	0	0	0	0	0	0	3	0	0	1	1	1	3	0	0	3	0	0	0	0	0	0	11	9	4	3	1	28_131.cif
.0000000733062679165304751120446844556527	0	0	0	0	0	0	1	0	1	0	1	1	0	0	0	0	3	2	0	1	1	0	1	0	0	0	11	8	5	4	0	28_132.cif
.0000000723835878721039202807387624213781	0	0	0	0	0	0	0	0	0	0	3	0	0	0	1	2	2	1	1	0	1	0	1	0	0	0	9	10	3	6	0	28_133.cif
.0000000705765781346842559195737368819239	0	0	0	0	0	0	0	0	0	0	3	1	0	0	2	0	2	0	1	1	1	1	0	0	0	0	10	7	8	3	0	28_134.cif
.0000000629823792533450175028173089533544	0	0	0	0	0	0	1	0	0	1	1	0	0	1	0	0	3	1	1	1	1	0	1	0	0	0	10	8	6	4	0	28_135.cif
.0000000598754508913463693173862431555833	0	0	0	0	0	0	0	0	0	0	4	0	0	2	1	1	1	0	0	1	1	1	0	0	0	0	10	10	3	4	1	28_136.cif
.0000000569217876800299880050401142683525	0	0	0	0	0	0	1	0	1	0	2	0	0	2	0	0	1	0	0	1	2	1	0	1	0	0	10	9	2	7	0	28_137.cif
.0000000562067891895830213216925985080493	0	0	0	0	0	0	0	0	0	0	2	0	0	1	1	0	4	1	1	2	0	0	0	0	0	0	10	7	7	4	0	28_138.cif
.0000000554993342308123825923553526954881	0	0	0	0	0	0	0	0	0	0	4	0	0	1	0	3	1	1	0	0	1	1	0	0	0	0	11	9	5	2	1	28_139.cif
.0000000534341015023245280837161645890417	0	0	0	0	0	0	0	0	0	0	3	1	0	2	0	0	2	1	0	1	1	0	1	0	0	0	8	10	6	4	0	28_140.cif
.0000000495287636995359423533970073661326	0	0	0	0	0	0	0	0	0	0	2	0	0	0	2	0	4	1	1	2	0	0	0	0	0	0	9	9	4	6	0	28_141.cif
.0000000453321910042183842106464514163586	0	0	0	0	0	0	1	0	1	0	1	0	0	0	1	0	3	1	0	2	1	0	1	0	0	0	8	10	7	3	0	28_142.cif
.0000000394444283593339604891288271422222	0	0	0	0	0	0	0	0	0	0	2	1	1	0	0	0	4	1	0	3	0	0	0	0	0	0	10	8	5	5	0	28_143.cif
.0000000365615536997050015240904597949804	0	0	0	0	0	0	2	0	1	1	1	0	0	1	0	0	1	0	0	1	1	1	0	0	1	0	10	9	7	2	0	28_144.cif
.0000000352001189632354695539018097531324	0	0	0	0	0	0	0	0	0	0	2	0	0	1	1	0	4	3	0	1	0	0	0	0	0	0	8	10	5	5	0	28_145.cif
.0000000347579678476777132792655265393543	0	0	0	0	0	0	0	0	0	0	2	0	0	2	0	0	4	0	1	3	0	0	0	0	0	0	9	9	3	7	0	28_146.cif
.0000000343213706226960983671612647851811	0	0	0	0	0	0	0	0	0	0	3	1	0	0	1	1	3	1	0	2	0	0	0	0	0	0	9	10	6	2	1	28_147.cif
.0000000310187356310291773592232106079543	0	0	0	0	0	0	0	0	0	0	2	0	0	0	2	0	4	2	0	2	0	0	0	0	0	0	9	9	7	3	0	28_148.cif
.0000000283905178184034497942855133656964	0	0	0	0	0	0	0	0	0	0	2	0	0	1	0	1	4	2	1	1	0	0	0	0	0	0	8	10	5	5	0	28_149.cif
.0000000276810497633439289080648751963673	0	0	0	0	0	0	1	0	1	0	2	0	0	1	1	0	1	0	0	1	2	1	1	0	0	0	11	7	5	5	0	28_150.cif
.0000000269893110404638886822888987573294	0	0	0	0	0	0	0	0	0	0	3	0	0	1	1	1	2	1	0	1	1	1	0	0	0	0	8	11	4	5	0	28_151.cif
.0000000228976676129198842145825298143048	0	0	0	0	0	0	0	0	0	0	4	0	0	1	3	0	1	0	0	1	1	0	0	1	0	0	10	9	6	2	1	28_152.cif
.0000000206937627455095371686185124204399	0	0	0	0	0	0	1	1	0	0	2	0	0	1	1	0	1	0	1	0	2	1	1	0	0	0	10	8	6	4	0	28_153.cif
.0000000201771562621301837522815809359272	0	0	0	0	0	0	0	0	0	0	4	0	0	2	0	1	1	0	1	0	0	0	0	0	1	0	8	11	6	3	0	28_154.cif
.0000000194258238202963615924693851733108	0	0	0	0	0	0	0	0	0	0	4	1	0	1	1	1	0	0	0	0	2	1	0	1	0	0	11	7	4	6	0	28_155.cif
.0000000189408706170550687857522948937123	0	0	1	0	0	1	1	0	1	0	0	0	0	0	0	0	1	0	0	1	3	1	1	1	0	0	10	9	7	2	0	28_156.cif
.0000000184675455891788504274757269274707	0	0	0	0	0	0	0	0	0	0	2	0	0	0	1	0	4	3	0	1	0	0	0	0	0	0	9	9	6	4	0	28_157.cif
.0000000180060487706042832806642817152213	0	0	0	0	0	0	1	0	1	0	2	0	0	1	1	0	1	0	0	1	2	1	0	1	0	0	10	9	4	5	0	28_158.cif
.0000000177798735534402368915849295715651	0	0	0	0	0	0	0	0	0	0	3	0	1	1	1	0	2	0	0	2	1	0	1	0	0	0	8	10	6	4	0	28_159.cif
.0000000166904731364635277676920214793805	0	0	0	0	0	0	0	0	0	0	2	1	0	0	1	0	4	0	2	2	0	0	0	0	0	0	8	9	8	3	0	28_160.cif
.0000000143399157926776301390427668154055	0	0	0	0	0	0	0	0	0	0	4	0	0	3	1	0	0	0	0	0	2	0	2	0	0	0	8	10	6	4	0	28_161.cif
.0000000138063010416315580363716979396170	0	0	0	0	0	0	1	0	1	0	1	1	0	0	0	0	3	1	0	2	1	0	1	0	0	0	9	9	7	3	0	28_162.cif
.0000000120128221073629676886884663673996	0	0	0	0	0	0	1	0	0	1	1	0	0	1	0	0	3	1	0	2	1	0	1	0	0	0	9	9	5	5	0	28_163.cif
.0000000109949755575218922570267932318994	0	0	0	0	0	0	0	0	0	0	3	0	0	1	2	0	3	0	1	2	0	0	0	0	0	0	11	8	5	3	1	28_164.cif
.0000000108568669132481025189208580729162	0	0	0	0	0	0	1	0	0	1	2	0	1	0	1	0	1	0	0	1	2	2	0	0	0	0	9	10	4	5	0	28_165.cif
.0000000104525920876669901953328064573911	0	0	0	0	0	0	1	1	0	0	1	0	0	0	0	1	4	1	0	3	0	0	0	0	0	0	10	10	3	4	1	28_166.cif
.0000000103212963594662087694645995813434	0	0	0	0	0	0	1	0	0	1	2	0	0	1	1	0	2	0	0	2	1	0	0	1	0	0	10	10	4	3	1	28_167.cif
.0000000095669438446278320247799266019804	0	0	0	0	0	0	0	0	0	0	3	0	0	1	2	0	3	1	0	2	0	0	0	0	0	0	11	9	3	4	1	28_168.cif
.0000000094467728049276924458194592142362	0	0	0	0	0	0	0	0	0	0	2	0	0	2	0	0	4	2	0	2	0	0	0	0	0	0	8	10	6	4	0	28_169.cif
.0000000086463476408245258930807616989578	0	0	0	0	0	0	0	0	0	0	4	0	0	1	3	0	1	1	0	0	0	0	0	0	1	0	9	10	3	6	0	28_170.cif
.0000000084304971305169697792550513199731	0	0	0	0	0	0	1	0	1	0	3	0	0	1	0	2	0	0	0	0	1	0	1	0	1	0	9	10	4	5	0	28_171.cif
.0000000083243854474644314551180331761303	0	0	0	0	0	0	0	0	0	0	3	0	0	0	3	0	2	1	1	0	1	0	0	1	0	0	8	9	6	5	0	28_172.cif
.0000000068859025465962654241980050610801	0	0	0	0	0	0	1	0	1	0	1	0	0	0	1	0	3	0	0	3	1	1	0	0	0	0	10	8	7	3	0	28_173.cif
.0000000063826326353323748684760577292429	0	0	0	0	0	0	1	0	1	0	1	1	0	0	0	0	3	0	0	3	1	1	0	0	0	0	8	10	8	2	0	28_174.cif
.0000000063024599477668850314190698153967	0	0	0	0	0	0	1	0	1	0	2	0	0	1	1	0	2	0	0	2	0	0	0	0	1	0	10	9	4	5	0	28_175.cif
.0000000058418321016431086409196537953735	0	0	0	0	0	0	0	0	0	0	4	0	0	1	1	1	1	0	1	0	1	0	0	1	0	0	9	10	5	3	1	28_176.cif
.0000000054838939921110228144959938177485	0	0	0	0	0	0	1	0	0	1	1	0	0	0	1	0	3	1	0	2	1	0	0	1	0	0	10	8	5	5	0	28_177.cif
.0000000052796914072510484576109525473894	0	0	0	0	0	0	0	0	0	0	3	0	0	1	1	1	3	0	2	1	0	0	0	0	0	0	10	9	4	4	1	28_178.cif
.0000000048938146382948304071662133980332	0	0	0	0	0	0	1	0	1	0	2	0	0	0	2	0	2	1	0	1	1	1	0	0	0	0	10	9	4	4	1	28_179.cif
.0000000039972973189154925466558028832049	0	0	0	0	0	0	0	0	0	0	4	0	0	2	2	0	0	0	0	0	2	0	2	0	0	0	8	9	6	5	0	28_180.cif
.0000000038484508156551021169473195139555	0	0	0	0	0	0	2	0	2	0	0	0	0	0	0	0	2	0	1	1	2	0	1	1	0	0	8	11	2	7	0	28_181.cif
.0000000035223715355376759967746206545903	0	0	0	0	0	0	0	0	0	0	2	0	0	0	2	0	4	1	1	2	0	0	0	0	0	0	8	9	8	3	0	28_182.cif
.0000000034344377946077179986057404120768	0	0	0	0	0	0	0	0	0	0	3	0	0	1	2	0	3	1	0	2	0	0	0	0	0	0	10	9	2	6	1	28_183.cif
.0000000031434378423364998492686228933014	0	0	0	0	0	0	0	0	0	0	3	0	0	2	1	0	2	1	0	1	1	0	1	0	0	0	11	6	6	5	0	28_184.cif
.0000000031038725029671343889852087637902	0	0	0	0	0	0	1	0	1	0	2	1	0	0	1	0	1	1	0	0	2	0	1	1	0	0	9	10	4	5	0	28_185.cif
.0000000030648845469556976793974030965170	0	0	0	0	0	0	1	0	1	0	1	0	0	1	0	0	4	2	0	2	0	0	0	0	0	0	11	9	3	4	1	28_186.cif
.0000000029882942680316156996295256402385	0	0	0	0	0	0	1	1	0	0	1	0	1	0	0	0	3	1	0	2	1	0	1	0	0	0	8	10	6	4	0	28_187.cif
.0000000028051968454398305396705269734239	0	0	0	0	0	0	1	1	0	0	2	1	0	1	0	0	1	0	0	1	2	0	2	0	0	0	11	7	5	5	0	28_188.cif
.0000000027351669095924219636715978254330	0	0	0	0	0	0	0	0	0	0	3	0	0	0	3	0	3	1	0	2	0	0	0	0	0	0	12	7	3	5	1	28_189.cif
.0000000027007403319288264214688433951249	0	0	0	0	0	0	0	0	0	0	4	2	0	0	1	1	0	0	0	0	2	1	0	1	0	0	12	6	3	7	0	28_190.cif
.0000000026333180857884382609942433616621	0	0	0	0	0	0	1	1	0	0	0	0	0	0	0	0	5	2	1	2	0	0	0	0	0	0	9	8	8	3	0	28_191.cif
.0000000019438845917096945830989851055079	0	0	0	0	0	0	0	0	0	0	3	0	0	2	1	0	2	1	0	1	1	1	0	0	0	0	10	8	2	8	0	28_192.cif
.0000000018953076679155655131487924550039	0	0	0	0	0	0	1	0	1	0	1	0	0	1	0	0	4	0	0	4	0	0	0	0	0	0	8	11	7	1	1	28_193.cif
.0000000018479925304374260894355032696664	0	0	0	0	0	0	1	0	1	0	2	0	0	2	0	0	2	0	0	2	1	0	0	1	0	0	11	9	2	5	1	28_194.cif
.0000000016284293530772626522026482700510	0	0	0	0	0	0	1	0	1	0	2	0	0	1	1	0	1	0	1	0	2	1	1	0	0	0	10	8	4	6	0	28_195.cif
.0000000015480987367593954503323344834754	0	0	0	0	0	0	0	0	0	0	4	0	0	0	4	0	1	0	0	1	1	0	0	1	0	0	11	8	7	1	1	28_196.cif
.0000000014904525160046727527128241216020	0	0	0	0	0	0	0	0	0	0	4	0	0	2	1	1	2	0	0	2	0	0	0	0	0	0	9	12	3	2	2	28_197.cif
.0000000014717308394294991206543327765083	0	0	0	0	0	0	2	1	1	0	0	0	0	0	0	0	3	1	1	1	0	0	0	0	1	0	9	9	6	4	0	28_198.cif
.0000000013133692839415134000494368533030	0	0	0	0	0	0	0	0	0	0	3	0	0	1	0	2	2	1	0	1	1	0	1	0	0	0	8	9	9	2	0	28_199.cif
.0000000012968719620250577199556036838203	0	0	0	0	0	0	1	1	0	0	1	1	0	0	0	0	4	0	0	4	0	0	0	0	0	0	11	8	5	3	1	28_200.cif
.0000000011869879863584440410004429447991	0	0	0	0	0	0	1	1	0	0	2	0	0	0	2	0	1	0	0	1	2	1	0	1	0	0	10	8	3	7	0	28_201.cif
.0000000010864144811637547507911985246178	0	0	1	0	1	0	0	0	0	0	1	0	1	0	0	0	2	0	1	1	2	0	0	2	0	0	10	9	6	3	0	28_202.cif
.0000000010328215238250647172546166421191	0	0	0	0	0	0	1	1	0	0	1	0	0	0	1	0	4	0	0	4	0	0	0	0	0	0	8	12	4	3	1	28_203.cif
.0000000009334364339278752532301708856063	0	0	0	0	0	0	1	1	0	0	1	0	0	1	0	0	4	0	2	2	0	0	0	0	0	0	11	8	5	3	1	28_204.cif
.0000000008121803077808096702459999462105	0	0	0	0	0	0	1	0	1	0	1	0	0	0	0	0	3	2	0	1	1	0	1	0	0	0	10	8	4	6	0	28_205.cif
.0000000008019784550684823863879030080540	0	0	0	0	0	0	1	1	0	0	1	0	0	1	0	0	4	2	0	2	0	0	0	0	0	0	9	10	5	3	1	28_206.cif
.0000000007624167611899236164134961393786	0	0	0	0	0	0	0	0	0	0	4	1	0	1	2	0	1	0	0	1	1	1	0	0	0	0	8	11	5	3	1	28_207.cif
.0000000007248066504401250141699591113600	0	0	0	0	0	0	1	0	1	0	1	0	0	0	1	0	3	2	0	1	1	1	0	0	0	0	8	9	6	5	0	28_208.cif
.0000000006803966232909621322822502588707	0	0	0	0	0	0	1	0	1	0	2	0	0	1	0	1	2	1	0	1	1	0	1	0	0	0	10	9	5	3	1	28_209.cif
.0000000006718327118486198696648114797286	0	0	0	0	0	0	0	0	0	0	3	0	0	1	2	0	3	2	0	1	0	0	0	0	0	0	11	8	2	6	1	28_210.cif
.0000000005772319327631873156607340188272	0	0	0	0	0	0	1	0	1	0	2	0	0	0	1	1	1	0	1	0	2	2	0	0	0	0	7	10	5	6	0	28_211.cif
.0000000005628071301133997691554157189435	0	0	0	0	0	0	1	0	0	1	2	0	0	0	1	1	1	0	0	1	2	0	0	2	0	0	9	8	7	4	0	28_212.cif
.0000000004835582456149612151510562163039	0	0	0	0	0	0	1	0	1	0	2	0	0	0	0	2	1	1	0	0	2	1	1	0	0	0	8	10	4	6	0	28_213.cif
.0000000004655520908958912287034317455437	0	0	0	0	0	0	1	0	1	0	3	0	0	2	1	0	0	0	0	0	2	1	1	0	0	0	10	10	2	5	1	28_214.cif
.0000000004597042590588779206753337434436	0	0	0	0	0	0	1	1	0	0	1	0	0	1	0	0	3	2	0	1	1	0	0	1	0	0	10	7	6	5	0	28_215.cif
.0000000004539298822398158342484598836209	0	0	0	0	0	0	0	0	0	0	3	0	1	2	0	0	3	1	0	2	0	0	0	0	0	0	10	9	5	3	1	28_216.cif
.0000000004425863501230004315877263254093	0	0	0	0	0	0	1	1	0	0	1	0	0	0	1	0	4	0	2	2	0	0	0	0	0	0	10	9	5	3	1	28_217.cif
.0000000004102390446469574593807118321264	0	0	0	0	0	0	1	0	1	0	1	0	0	1	0	0	4	1	1	2	0	0	0	0	0	0	11	8	4	4	1	28_218.cif
.0000000003949630612949986097598475795785	0	0	0	0	0	0	1	0	1	0	1	0	0	1	0	0	3	1	1	1	1	1	0	0	0	0	10	7	5	6	0	28_219.cif
.0000000003851030623827839037832925441343	0	0	0	0	0	0	1	0	1	0	2	0	0	0	2	0	2	2	0	0	0	0	0	0	1	0	9	9	5	5	0	28_220.cif
.0000000003614978367490211773506696053306	0	0	0	0	0	0	1	0	1	0	1	0	0	0	1	0	3	1	0	2	1	0	1	0	0	0	8	10	4	6	0	28_221.cif
.0000000003569570375557787986635976049986	0	0	0	0	0	0	0	0	0	0	3	0	0	1	1	1	2	2	0	0	1	1	0	0	0	0	10	7	5	6	0	28_222.cif
.0000000003524732756535442380655910229147	0	0	0	0	0	0	1	1	0	0	1	0	0	0	1	0	3	3	0	0	1	0	0	1	0	0	9	8	7	4	0	28_223.cif
.0000000003350857264698350096752095629864	0	0	0	0	0	0	1	1	0	0	1	0	0	0	0	1	3	2	0	1	1	1	0	0	0	0	8	9	7	4	0	28_224.cif
.0000000003308766916105817804430799379543	0	0	0	0	0	0	1	0	1	0	2	0	0	2	0	0	1	1	0	0	2	1	1	0	0	0	8	10	5	5	0	28_225.cif
.0000000003145463567462268016771434592456	0	0	0	0	0	0	0	0	0	0	3	0	0	2	0	1	3	1	1	1	0	0	0	0	0	0	12	7	5	3	1	28_226.cif
.0000000003028415058758127617111753946099	0	0	0	0	0	0	0	0	0	0	2	0	0	0	2	0	4	2	1	1	0	0	0	0	0	0	8	9	5	6	0	28_227.cif
.0000000002878948404648866511056749029478	0	0	0	0	0	0	1	1	0	0	2	0	0	1	0	0	2	0	0	2	0	0	0	0	1	0	10	8	5	5	0	28_228.cif
.0000000002842785735707939845675652113168	0	0	0	0	0	0	1	1	0	0	1	0	0	0	1	0	3	1	0	2	1	0	1	0	0	0	8	9	6	5	0	28_229.cif
.0000000002736929532748925249347079445572	0	0	0	0	0	0	0	0	0	0	3	0	0	2	1	0	2	1	0	1	1	0	0	1	0	0	11	6	5	6	0	28_230.cif
.0000000002442493013088142737171119410017	0	0	0	0	0	0	0	0	0	0	3	1	0	1	1	0	2	2	0	0	1	0	1	0	0	0	8	9	6	5	0	28_231.cif
.0000000002179675259693022534074618158963	0	0	0	0	0	0	2	1	0	1	1	0	0	1	0	0	1	0	0	1	1	0	0	1	1	0	10	9	3	6	0	28_232.cif
.0000000002125261068099793014127273602393	0	0	0	0	0	0	1	1	0	0	2	0	0	1	1	0	1	0	0	1	2	2	0	0	0	0	9	9	6	4	0	28_233.cif
.0000000001896578187001232250500434149107	0	0	0	0	0	0	1	0	0	1	1	0	0	0	1	0	3	0	1	2	1	0	0	1	0	0	9	9	5	5	0	28_234.cif
.0000000001757962990312317458780180250410	0	0	0	0	0	0	1	0	1	0	2	0	0	1	1	0	1	1	0	0	2	2	0	0	0	0	9	9	5	5	0	28_235.cif
.0000000001629520970342242118584986555997	0	0	0	0	0	0	0	0	0	0	3	0	0	2	1	0	2	0	0	2	1	1	0	0	0	0	7	10	7	4	0	28_236.cif
.0000000001609010766726074403610801970863	0	0	0	0	0	0	1	1	0	0	1	0	0	0	1	0	3	2	0	1	1	1	0	0	0	0	9	8	7	4	0	28_237.cif
.0000000001588799871808491351980531789893	0	0	0	0	0	0	1	0	0	1	2	0	0	2	0	0	1	0	0	1	2	0	1	1	0	0	11	7	5	5	0	28_238.cif
.0000000001510424182579516246235857722002	0	0	0	0	0	0	1	0	1	0	2	1	0	1	0	0	2	0	1	1	1	0	0	1	0	0	10	9	4	4	1	28_239.cif
.0000000001435914775549522404559658864691	0	0	0	0	0	0	0	0	0	0	3	1	0	1	0	1	2	1	0	1	1	0	1	0	0	0	10	7	5	6	0	28_240.cif
.0000000001417878151283615957857930906950	0	0	0	0	0	0	1	1	0	0	1	0	0	1	0	0	4	0	2	2	0	0	0	0	0	0	8	11	5	3	1	28_241.cif
.0000000001347934051135203222595512628582	0	0	0	0	0	0	1	0	1	0	1	0	1	0	0	0	3	2	0	1	1	1	0	0	0	0	10	7	5	6	0	28_242.cif
.0000000001330968082391553134018322651764	0	0	0	0	0	0	1	0	0	1	1	0	0	1	0	0	3	2	0	1	1	0	1	0	0	0	9	9	5	5	0	28_243.cif
.0000000001281407109261608635320400783663	0	0	0	0	0	0	0	0	0	0	3	0	0	1	1	1	3	1	1	1	0	0	0	0	0	0	9	10	3	5	1	28_244.cif
.0000000001265311266419843922974785772297	0	0	0	0	0	0	0	0	0	0	3	1	0	0	1	1	2	0	0	2	1	0	1	0	0	0	7	9	6	6	0	28_245.cif
.0000000001249417604567176482788992454244	0	0	0	0	0	0	1	0	1	0	1	0	0	1	0	0	4	2	0	2	0	0	0	0	0	0	9	10	5	3	1	28_246.cif
.0000000001233723584094295127576748898741	0	0	0	0	0	0	0	0	0	0	4	0	0	1	3	0	0	0	0	0	2	1	0	1	0	0	8	9	7	4	0	28_247.cif
.0000000001218195142069687295108764652664	0	0	0	0	0	0	1	0	1	0	2	0	0	1	1	0	1	0	1	0	2	1	0	1	0	0	10	8	5	5	0	28_248.cif
.0000000001202893309095892054993221713515	0	0	0	0	0	0	0	0	0	0	4	1	0	0	3	0	1	0	0	1	0	0	0	0	1	0	6	12	3	7	0	28_249.cif
.0000000000823084627515737179687532502337	0	0	0	0	0	0	0	0	0	0	2	0	0	0	1	1	4	4	0	0	0	0	0	0	0	0	7	11	4	6	0	28_250.cif
.0000000000762927847101051355423515026836	0	0	0	0	0	0	1	0	1	0	0	0	0	0	0	0	5	3	0	2	0	0	0	0	0	0	8	9	4	7	0	28_251.cif
.0000000000698284962189476649609025924786	0	0	1	0	0	1	0	0	0	0	1	0	0	0	1	0	2	0	0	2	2	1	1	0	0	0	10	8	5	5	0	28_252.cif
.0000000000689513756747479365152182844143	0	0	0	0	0	0	1	0	1	0	1	0	0	1	0	0	4	1	0	3	0	0	0	0	0	0	11	8	4	4	1	28_253.cif
.0000000000672283074761844225015142112754	0	0	0	0	0	0	0	0	0	0	3	1	0	1	1	0	2	0	1	1	1	0	1	0	0	0	7	9	8	4	0	28_254.cif
.0000000000615320522411761600700534702753	0	0	0	0	0	0	0	0	0	0	2	1	0	1	0	0	4	1	0	3	0	0	0	0	0	0	9	8	5	6	0	28_255.cif
.0000000000607591439004569202135185556159	0	0	0	0	0	0	0	0	0	0	3	0	1	2	0	0	2	0	0	2	1	1	0	0	0	0	11	5	6	6	0	28_256.cif
.0000000000542213230704439062525883002636	0	0	0	0	0	0	1	0	1	0	1	0	0	0	1	0	3	2	0	1	1	1	0	0	0	0	10	7	5	6	0	28_257.cif
.0000000000535402453017109714514047831707	0	0	0	0	0	0	1	0	1	0	2	0	0	0	0	2	1	1	0	0	2	0	1	1	0	0	9	8	7	4	0	28_258.cif
.0000000000508990985459314014739856330741	0	0	0	0	0	0	1	0	1	0	2	0	0	0	1	1	2	1	0	1	1	0	1	0	0	0	10	9	2	6	1	28_259.cif
.0000000000465864173639431121387806669652	0	0	0	0	0	0	0	0	0	0	5	0	0	1	3	1	0	0	0	0	1	0	0	1	0	0	10	10	4	2	2	28_260.cif
.0000000000448516889284977863738863946796	0	0	0	0	0	0	1	0	1	0	2	0	0	1	0	1	3	0	1	2	0	0	0	0	0	0	9	12	2	3	2	28_261.cif
.0000000000421035564137217794506557846994	0	0	0	0	0	0	1	0	1	0	2	0	0	2	0	0	1	0	0	1	2	2	0	0	0	0	11	6	5	6	0	28_262.cif
.0000000000405357553103729389358514385546	0	0	0	0	0	0	1	0	1	0	2	0	0	1	0	1	1	1	0	0	2	1	1	0	0	0	11	6	4	7	0	28_263.cif
.0000000000390263340805794061134775890643	0	0	0	0	0	0	0	0	0	0	2	0	1	0	0	1	4	2	0	2	0	0	0	0	0	0	8	8	8	4	0	28_264.cif
.0000000000380510810924742104021305442166	0	0	0	0	0	0	0	0	0	0	3	1	0	0	2	0	3	1	1	1	0	0	0	0	0	0	8	10	5	4	1	28_265.cif
.0000000000331089918421908959903997127286	0	0	0	0	0	0	3	0	3	0	0	0	0	0	0	0	1	0	0	1	1	0	1	0	1	0	11	9	3	4	1	28_266.cif
.0000000000306899501360692923547509331839	0	0	0	0	0	0	1	0	1	0	1	0	0	0	0	1	3	1	1	1	1	1	0	0	0	0	7	10	6	5	0	28_267.cif
.0000000000291760111957423626724471105978	0	0	0	0	0	0	0	0	0	0	2	0	1	0	1	0	4	0	1	3	0	0	0	0	0	0	8	9	6	5	0	28_268.cif
.0000000000284469139651162894808514308591	0	0	0	0	0	0	1	0	0	1	1	0	0	0	1	0	4	1	0	3	0	0	0	0	0	0	9	10	6	2	1	28_269.cif
.0000000000273876423286983320061173054032	0	0	0	0	0	0	0	0	0	0	3	0	0	1	1	1	3	3	0	0	0	0	0	0	0	0	9	10	5	3	1	28_270.cif
.0000000000250670870916853056700039546656	0	0	0	0	0	0	0	0	0	0	3	0	0	2	1	0	2	1	0	1	1	1	0	0	0	0	9	8	8	3	0	28_271.cif
.0000000000244413033775171518894759127205	0	0	0	0	0	0	0	0	0	0	3	0	0	1	0	2	3	2	0	1	0	0	0	0	0	0	8	10	4	5	1	28_272.cif
.0000000000241336693439323498780310152343	0	0	0	0	0	0	1	0	1	0	2	0	0	0	2	0	2	2	0	0	1	1	0	0	0	0	11	8	3	5	1	28_273.cif
.0000000000187401053893915010471578625752	0	0	0	0	0	0	0	0	0	0	4	0	0	3	0	0	0	0	0	0	2	1	1	0	0	0	9	9	3	7	0	28_274.cif
.0000000000185042303167042589403497410797	0	0	1	1	0	0	0	0	0	0	1	0	0	1	0	0	2	2	0	0	2	2	0	0	0	0	10	7	6	5	0	28_275.cif
.0000000000182717974068719447776508478031	0	0	0	0	0	0	1	0	1	0	3	0	0	1	1	1	1	0	0	1	0	0	0	0	1	0	10	9	5	3	1	28_276.cif
.0000000000180422841028080665403851275288	0	0	0	0	0	0	1	0	1	0	2	0	0	0	2	0	2	1	0	1	1	0	0	1	0	0	9	11	1	6	1	28_277.cif
.0000000000169363666775866921196328776147	0	0	0	0	0	0	1	1	0	0	1	0	0	0	1	0	4	1	0	3	0	0	0	0	0	0	10	9	3	5	1	28_278.cif
.0000000000165135611714962196697635304211	0	0	0	0	0	0	1	0	1	0	2	0	0	1	1	0	2	0	1	1	1	0	1	0	0	0	9	10	3	5	1	28_279.cif
.0000000000163061331937261929744173666750	0	0	1	1	0	0	0	0	0	0	2	0	0	1	1	0	1	1	0	0	1	1	0	0	1	0	11	7	4	6	0	28_280.cif
.0000000000156989452079591431796103251633	0	0	1	0	1	0	0	0	0	0	1	0	0	1	0	0	3	0	1	2	0	0	0	0	1	0	9	9	5	5	0	28_281.cif
.0000000000145515565093416054626142498363	0	0	0	0	0	0	1	0	1	0	1	0	0	1	0	0	3	1	0	2	1	0	0	1	0	0	10	7	5	6	0	28_282.cif
.0000000000140097033193969769051808873619	0	0	0	0	0	0	1	0	0	1	1	0	0	0	1	0	4	2	0	2	0	0	0	0	0	0	8	10	6	3	1	28_283.cif
.0000000000134880270005152264216830761899	0	0	0	0	0	0	1	0	1	0	2	0	0	1	1	0	2	1	0	1	1	1	0	0	0	0	10	8	2	7	1	28_284.cif
.0000000000128226610024042761853673719090	0	0	0	0	0	0	0	0	0	0	3	0	0	2	1	0	3	0	0	3	0	0	0	0	0	0	8	10	5	4	1	28_285.cif
.0000000000126615946755389176930953496631	0	0	0	0	0	0	1	1	0	0	1	0	0	0	1	0	3	1	1	1	1	0	1	0	0	0	10	7	5	6	0	28_286.cif
.0000000000125025515138843554820990916360	0	0	0	0	0	0	0	0	0	0	3	0	1	1	1	0	2	1	0	1	1	0	0	1	0	0	9	8	5	6	0	28_287.cif
.0000000000121901175891995742810330421852	0	0	0	0	0	0	1	0	1	0	2	0	0	0	2	0	2	1	1	0	1	0	0	1	0	0	7	12	5	3	1	28_288.cif
.0000000000115887776188304610705713257721	0	0	0	0	0	0	1	0	1	0	2	0	0	1	1	0	2	0	1	1	1	0	0	1	0	0	11	7	3	6	1	28_289.cif
.0000000000111572487912242163356744599955	0	0	0	0	0	0	0	0	0	0	3	0	1	1	1	0	3	0	1	2	0	0	0	0	0	0	10	8	7	2	1	28_290.cif
.0000000000108787152478997366619588861020	0	0	0	0	0	0	1	0	1	0	2	0	0	0	0	2	3	0	0	3	0	0	0	0	0	0	9	10	6	1	2	28_291.cif
.0000000000104736268605653943143254628093	0	0	1	1	0	0	0	0	0	0	2	0	0	1	1	0	1	0	0	1	1	0	1	0	1	0	11	7	5	5	0	28_292.cif
Average: 0 0 .0011114199710497201122076350089069729687 .0000002886165365305477383609951706018445 .0011111123438140762904528233005388849333 .0000000190106991132740164507131974861909 .0404272782440701644378240259715963311592 .0196221319872138722197911623053647981571 .0182151327836879223386202650090349027129 .0025900134731683698794125986571966302892 2.4336991891420808737923704980702165193496 .0015549460280316082974629835340328175763 .0000305140296369651357314676802940747491 1.4218844162779686303125343247056170483957 .0698700793399413305104998778362131018498 .9403576622782706674923329770672992070138 3.0122003444401068681475277389878057163033 .0304492950719723850139991143297991566491 .8534097861213273264326399191777816903026 2.1283412632468071567008887054802248693516 .5083917647719275153341888861624643228902 .0359380669061376269346295887059958878309 .0505995948698760762835791607406082488036 .4218541029959138121159801367158601862557 .0041700034307648617538555356816044415424 0 10.9037200879530887112579741880061979522228 9.9183938836501750086303954479436526841772 5.4216831746882403530703976545672381260151 1.7550466197985828207683628113814258640528 .0011562339099131229700833908869254598613
