.9352573487382196672446717837015896510144	0	4	2	0	1	1	0	0	0	0	0	0	0	0	0	0	0	0	0	0	0	0	0	0	0	0	5	3	0	0	0	8_1.cif
.0327568840771060504786609887366265762591	0	4	2	1	1	0	0	0	0	0	0	0	0	0	0	0	0	0	0	0	0	0	0	0	0	0	2	6	0	0	0	8_2.cif
.0045542536779370573149079151204100778674	0	4	2	1	0	1	0	0	0	0	0	0	0	0	0	0	0	0	0	0	0	0	0	0	0	0	6	2	0	0	0	8_3.cif
.0042213969712295849714526703990803661411	0	4	2	1	0	1	0	0	0	0	0	0	0	0	0	0	0	0	0	0	0	0	0	0	0	0	1	7	0	0	0	8_4.cif
.0038151855321770848021999677537716672526	0	4	2	1	0	1	0	0	0	0	0	0	0	0	0	0	0	0	0	0	0	0	0	0	0	0	6	2	0	0	0	8_5.cif
.0029252523013501919914460810892804033713	0	5	0	0	0	0	1	0	1	0	0	0	0	0	0	0	0	0	0	0	0	0	0	0	0	0	7	1	0	0	0	8_6.cif
.0022147323166045965407806681087848589399	0	4	2	2	0	0	0	0	0	0	0	0	0	0	0	0	0	0	0	0	0	0	0	0	0	0	0	8	0	0	0	8_7.cif
.0017416000083831464726614696065143410572	0	4	2	0	2	0	0	0	0	0	0	0	0	0	0	0	0	0	0	0	0	0	0	0	0	0	3	4	1	0	0	8_8.cif
.0017197236508808812131571012011843182933	0	4	2	1	1	0	0	0	0	0	0	0	0	0	0	0	0	0	0	0	0	0	0	0	0	0	3	4	1	0	0	8_9.cif
.0016767484222628450586890181980205585438	0	4	2	1	0	1	0	0	0	0	0	0	0	0	0	0	0	0	0	0	0	0	0	0	0	0	5	3	0	0	0	8_10.cif
.0011473219113780894491719275125643501422	0	4	2	1	0	1	0	0	0	0	0	0	0	0	0	0	0	0	0	0	0	0	0	0	0	0	3	5	0	0	0	8_11.cif
.0009371151841955043359273558155308671519	0	4	2	1	1	0	0	0	0	0	0	0	0	0	0	0	0	0	0	0	0	0	0	0	0	0	4	4	0	0	0	8_12.cif
.0007094975301312282124314939788960967218	0	4	2	1	1	0	0	0	0	0	0	0	0	0	0	0	0	0	0	0	0	0	0	0	0	0	5	2	0	1	0	8_13.cif
.0006917853804117690774700862147275048211	0	4	2	2	0	0	0	0	0	0	0	0	0	0	0	0	0	0	0	0	0	0	0	0	0	0	6	1	0	1	0	8_14.cif
.0004673989770727608393701657161198127855	0	4	2	0	1	1	0	0	0	0	0	0	0	0	0	0	0	0	0	0	0	0	0	0	0	0	2	5	1	0	0	8_15.cif
.0004615279463714407375703556814437738275	0	4	2	2	0	0	0	0	0	0	0	0	0	0	0	0	0	0	0	0	0	0	0	0	0	0	1	6	1	0	0	8_16.cif
.0004443421291820963882811523832475275016	0	4	2	1	1	0	0	0	0	0	0	0	0	0	0	0	0	0	0	0	0	0	0	0	0	0	1	6	0	1	0	8_17.cif
.0004118664990942409816539989455978017251	0	4	2	0	2	0	0	0	0	0	0	0	0	0	0	0	0	0	0	0	0	0	0	0	0	0	4	3	1	0	0	8_18.cif
.0004015845167242144217303622480698557837	0	4	2	2	0	0	0	0	0	0	0	0	0	0	0	0	0	0	0	0	0	0	0	0	0	0	7	0	1	0	0	8_19.cif
.0003583731175848244005476443372994246526	0	4	2	1	0	1	0	0	0	0	0	0	0	0	0	0	0	0	0	0	0	0	0	0	0	0	6	2	0	0	0	8_20.cif
.0003118274773255579799317460729580156630	0	4	2	0	2	0	0	0	0	0	0	0	0	0	0	0	0	0	0	0	0	0	0	0	0	0	4	3	0	1	0	8_21.cif
.0002782741379307592891592637705715656113	0	4	2	1	0	1	0	0	0	0	0	0	0	0	0	0	0	0	0	0	0	0	0	0	0	0	5	3	0	0	0	8_22.cif
.0002452182598144655493040167623994892314	0	4	2	0	1	1	0	0	0	0	0	0	0	0	0	0	0	0	0	0	0	0	0	0	0	0	3	5	0	0	0	8_23.cif
.0002390903503846884541946054246941104679	0	4	2	1	1	0	0	0	0	0	0	0	0	0	0	0	0	0	0	0	0	0	0	0	0	0	3	4	0	1	0	8_24.cif
.0002188322223557893129105629616111704912	0	4	2	1	1	0	0	0	0	0	0	0	0	0	0	0	0	0	0	0	0	0	0	0	0	0	4	4	0	0	0	8_25.cif
.0002080372024436082893579717638629096858	0	4	2	1	1	0	0	0	0	0	0	0	0	0	0	0	0	0	0	0	0	0	0	0	0	0	2	5	0	1	0	8_26.cif
.0001977747021651899755714301908977388992	0	4	2	0	1	1	0	0	0	0	0	0	0	0	0	0	0	0	0	0	0	0	0	0	0	0	4	4	0	0	0	8_27.cif
.0001699216404341935620746537846679435850	0	4	2	2	0	0	0	0	0	0	0	0	0	0	0	0	0	0	0	0	0	0	0	0	0	0	4	4	0	0	0	8_28.cif
.0001656796559196176347147581020607544714	0	4	2	1	1	0	0	0	0	0	0	0	0	0	0	0	0	0	0	0	0	0	0	0	0	0	5	2	0	1	0	8_29.cif
.0001387930209735099234507342764540334506	0	4	2	2	0	0	0	0	0	0	0	0	0	0	0	0	0	0	0	0	0	0	0	0	0	0	2	6	0	0	0	8_30.cif
.0001238585790882248601382267990434432682	0	4	2	0	2	0	0	0	0	0	0	0	0	0	0	0	0	0	0	0	0	0	0	0	0	0	4	3	0	1	0	8_31.cif
.0001105339799268287032994233556420765783	0	4	2	2	0	0	0	0	0	0	0	0	0	0	0	0	0	0	0	0	0	0	0	0	0	0	0	8	0	0	0	8_32.cif
.0001037613916145185138118082933957515396	0	4	2	2	0	0	0	0	0	0	0	0	0	0	0	0	0	0	0	0	0	0	0	0	0	0	1	7	0	0	0	8_33.cif
.0000756313651603378250580971487067063902	0	4	2	2	0	0	0	0	0	0	0	0	0	0	0	0	0	0	0	0	0	0	0	0	0	0	6	1	1	0	0	8_34.cif
.0000666471986578398388323566423216416546	0	4	2	0	1	1	0	0	0	0	0	0	0	0	0	0	0	0	0	0	0	0	0	0	0	0	6	1	0	1	0	8_35.cif
.0000594758098647208506521612376291696071	0	4	2	1	1	0	0	0	0	0	0	0	0	0	0	0	0	0	0	0	0	0	0	0	0	0	4	3	1	0	0	8_36.cif
.0000537526441736903708443754050858762262	0	4	2	0	0	2	0	0	0	0	0	0	0	0	0	0	0	0	0	0	0	0	0	0	0	0	6	2	0	0	0	8_37.cif
.0000517510684869399706589755820309221119	0	4	2	1	0	1	0	0	0	0	0	0	0	0	0	0	0	0	0	0	0	0	0	0	0	0	4	3	1	0	0	8_38.cif
.0000332403381309504611849326331326687139	0	4	2	1	1	0	0	0	0	0	0	0	0	0	0	0	0	0	0	0	0	0	0	0	0	0	4	3	0	1	0	8_39.cif
.0000245376285776841214337904091004573551	0	4	2	2	0	0	0	0	0	0	0	0	0	0	0	0	0	0	0	0	0	0	0	0	0	0	3	4	0	1	0	8_40.cif
.0000230341700337409648544094819715264649	0	4	2	2	0	0	0	0	0	0	0	0	0	0	0	0	0	0	0	0	0	0	0	0	0	0	3	4	0	1	0	8_41.cif
.0000205561738789778742670519003885518822	0	4	2	1	1	0	0	0	0	0	0	0	0	0	0	0	0	0	0	0	0	0	0	0	0	0	4	3	1	0	0	8_42.cif
.0000159617205773628285930410105869662523	0	4	2	0	2	0	0	0	0	0	0	0	0	0	0	0	0	0	0	0	0	0	0	0	0	0	6	1	0	1	0	8_43.cif
.0000142442034667778441300458645836531473	0	4	2	1	1	0	0	0	0	0	0	0	0	0	0	0	0	0	0	0	0	0	0	0	0	0	6	1	1	0	0	8_44.cif
.0000122384768600742537402658763613250859	0	4	2	2	0	0	0	0	0	0	0	0	0	0	0	0	0	0	0	0	0	0	0	0	0	0	3	4	0	1	0	8_45.cif
.0000114886064093957692558254110879512364	0	4	2	0	2	0	0	0	0	0	0	0	0	0	0	0	0	0	0	0	0	0	0	0	0	0	3	3	2	0	0	8_46.cif
.0000090343003842511481518364794301852286	0	4	2	2	0	0	0	0	0	0	0	0	0	0	0	0	0	0	0	0	0	0	0	0	0	0	4	3	1	0	0	8_47.cif
.0000068399423221303361379714630998488292	0	4	2	1	1	0	0	0	0	0	0	0	0	0	0	0	0	0	0	0	0	0	0	0	0	0	3	3	0	2	0	8_48.cif
.0000065852448563366040708272761070671092	0	4	2	2	0	0	0	0	0	0	0	0	0	0	0	0	0	0	0	0	0	0	0	0	0	0	3	4	0	1	0	8_49.cif
.0000060272769869237538212428046537796439	0	4	2	2	0	0	0	0	0	0	0	0	0	0	0	0	0	0	0	0	0	0	0	0	0	0	5	2	1	0	0	8_50.cif
.0000056579763817730282789580833985951752	0	4	2	1	1	0	0	0	0	0	0	0	0	0	0	0	0	0	0	0	0	0	0	0	0	0	3	3	2	0	0	8_51.cif
.0000052444519015296028085897071711493673	0	4	2	2	0	0	0	0	0	0	0	0	0	0	0	0	0	0	0	0	0	0	0	0	0	0	5	2	1	0	0	8_52.cif
.0000051785759804518301070667398917251623	0	4	2	1	1	0	0	0	0	0	0	0	0	0	0	0	0	0	0	0	0	0	0	0	0	0	7	1	0	0	0	8_53.cif
.0000051135275313500286665692652518505732	0	4	2	2	0	0	0	0	0	0	0	0	0	0	0	0	0	0	0	0	0	0	0	0	0	0	6	0	0	2	0	8_54.cif
.0000045059805127286232387858946479911445	0	4	2	2	0	0	0	0	0	0	0	0	0	0	0	0	0	0	0	0	0	0	0	0	0	0	2	6	0	0	0	8_55.cif
.0000038227641809493833105814410786537211	0	4	2	1	1	0	0	0	0	0	0	0	0	0	0	0	0	0	0	0	0	0	0	0	0	0	4	3	1	0	0	8_56.cif
.0000037273313307425086409789424675846298	0	4	2	2	0	0	0	0	0	0	0	0	0	0	0	0	0	0	0	0	0	0	0	0	0	0	3	4	1	0	0	8_57.cif
.0000034115145059195174007226199750930771	0	4	2	0	2	0	0	0	0	0	0	0	0	0	0	0	0	0	0	0	0	0	0	0	0	0	5	1	1	1	0	8_58.cif
.0000030831555851797181046262895877940207	0	4	2	1	1	0	0	0	0	0	0	0	0	0	0	0	0	0	0	0	0	0	0	0	0	0	4	3	0	1	0	8_59.cif
.0000028942458626215978680712044574041959	0	4	2	2	0	0	0	0	0	0	0	0	0	0	0	0	0	0	0	0	0	0	0	0	0	0	0	7	0	1	0	8_60.cif
.0000026827141355021875319053819258431142	0	4	2	0	2	0	0	0	0	0	0	0	0	0	0	0	0	0	0	0	0	0	0	0	0	0	4	4	0	0	0	8_61.cif
.0000024867070383874985959997665030699571	0	4	2	2	0	0	0	0	0	0	0	0	0	0	0	0	0	0	0	0	0	0	0	0	0	0	6	1	0	1	0	8_62.cif
.0000022760083235587102518290791089209682	0	4	2	1	0	1	0	0	0	0	0	0	0	0	0	0	0	0	0	0	0	0	0	0	0	0	3	5	0	0	0	8_63.cif
.0000021364984227817508302747540257685735	0	4	2	0	0	2	0	0	0	0	0	0	0	0	0	0	0	0	0	0	0	0	0	0	0	0	5	3	0	0	0	8_64.cif
.0000018590091745047742172108696764319091	0	4	2	2	0	0	0	0	0	0	0	0	0	0	0	0	0	0	0	0	0	0	0	0	0	0	3	4	1	0	0	8_65.cif
.0000017451048003379978276097414644285033	0	4	2	2	0	0	0	0	0	0	0	0	0	0	0	0	0	0	0	0	0	0	0	0	0	0	5	3	0	0	0	8_66.cif
.0000017231397839694348090338905310401419	0	4	2	1	0	1	0	0	0	0	0	0	0	0	0	0	0	0	0	0	0	0	0	0	0	0	2	6	0	0	0	8_67.cif
.0000016175603380007518396334899545854749	0	4	2	1	1	0	0	0	0	0	0	0	0	0	0	0	0	0	0	0	0	0	0	0	0	0	1	6	1	0	0	8_68.cif
.0000014805044326956453171125506043161794	0	4	2	1	0	1	0	0	0	0	0	0	0	0	0	0	0	0	0	0	0	0	0	0	0	0	4	3	0	1	0	8_69.cif
.0000014619077146792010467030744891586333	0	4	2	1	1	0	0	0	0	0	0	0	0	0	0	0	0	0	0	0	0	0	0	0	0	0	5	2	0	1	0	8_70.cif
.0000012560239217764579053750611510864181	0	4	2	1	0	1	0	0	0	0	0	0	0	0	0	0	0	0	0	0	0	0	0	0	0	0	3	4	0	1	0	8_71.cif
.0000012402469188986914134571200697707790	0	4	2	2	0	0	0	0	0	0	0	0	0	0	0	0	0	0	0	0	0	0	0	0	0	0	2	5	1	0	0	8_72.cif
.0000012246680920393028205946488259289157	1	2	3	3	0	0	0	0	0	0	0	0	0	0	0	0	0	0	0	0	0	0	0	0	0	0	6	2	0	0	0	8_73.cif
.0000010259279163789780576879644968567837	0	4	2	1	0	1	0	0	0	0	0	0	0	0	0	0	0	0	0	0	0	0	0	0	0	0	3	4	1	0	0	8_74.cif
.0000010130411652522962132998714982585776	0	4	2	0	2	0	0	0	0	0	0	0	0	0	0	0	0	0	0	0	0	0	0	0	0	0	3	3	1	1	0	8_75.cif
.0000009630427764887363737817395438394901	0	4	2	1	0	1	0	0	0	0	0	0	0	0	0	0	0	0	0	0	0	0	0	0	0	0	3	3	2	0	0	8_76.cif
.0000009272061761312109856304144654927535	0	4	2	0	2	0	0	0	0	0	0	0	0	0	0	0	0	0	0	0	0	0	0	0	0	0	5	1	1	1	0	8_77.cif
.0000008170432124036747807858512146753528	0	4	2	2	0	0	0	0	0	0	0	0	0	0	0	0	0	0	0	0	0	0	0	0	0	0	0	7	1	0	0	8_78.cif
.0000008067802764118819793034015906312044	0	4	2	1	1	0	0	0	0	0	0	0	0	0	0	0	0	0	0	0	0	0	0	0	0	0	3	4	1	0	0	8_79.cif
.0000007019771560130884398285565910311194	0	4	2	0	1	1	0	0	0	0	0	0	0	0	0	0	0	0	0	0	0	0	0	0	0	0	3	4	0	1	0	8_80.cif
.0000006758552895557395151002876068985632	0	4	2	1	1	0	0	0	0	0	0	0	0	0	0	0	0	0	0	0	0	0	0	0	0	0	1	6	1	0	0	8_81.cif
.0000006424986238306103611603118225617458	0	4	2	0	0	2	0	0	0	0	0	0	0	0	0	0	0	0	0	0	0	0	0	0	0	0	4	4	0	0	0	8_82.cif
.0000006344281544220343674402286412091724	0	4	2	2	0	0	0	0	0	0	0	0	0	0	0	0	0	0	0	0	0	0	0	0	0	0	4	3	1	0	0	8_83.cif
.0000005661769205018026888777196071531082	0	4	2	2	0	0	0	0	0	0	0	0	0	0	0	0	0	0	0	0	0	0	0	0	0	0	4	2	1	1	0	8_84.cif
.0000004624447453513722383160227193195562	0	4	2	0	2	0	0	0	0	0	0	0	0	0	0	0	0	0	0	0	0	0	0	0	0	0	4	3	1	0	0	8_85.cif
.0000004452247895149701014006899864190882	0	4	2	0	2	0	0	0	0	0	0	0	0	0	0	0	0	0	0	0	0	0	0	0	0	0	5	2	1	0	0	8_86.cif
.0000004341100388698970153314620460519845	0	4	2	1	0	1	0	0	0	0	0	0	0	0	0	0	0	0	0	0	0	0	0	0	0	0	6	1	0	1	0	8_87.cif
.0000004179451764239013153995664473945986	0	4	2	2	0	0	0	0	0	0	0	0	0	0	0	0	0	0	0	0	0	0	0	0	0	0	6	2	0	0	0	8_88.cif
.0000003682883897288465097173262859832911	0	5	0	0	0	0	1	1	0	0	0	0	0	0	0	0	0	0	0	0	0	0	0	0	0	0	5	2	1	0	0	8_89.cif
.0000003457227891281237259666613497246562	0	4	2	0	1	1	0	0	0	0	0	0	0	0	0	0	0	0	0	0	0	0	0	0	0	0	5	2	1	0	0	8_90.cif
.0000002896186019710244515288913410625389	0	4	2	0	2	0	0	0	0	0	0	0	0	0	0	0	0	0	0	0	0	0	0	0	0	0	3	3	2	0	0	8_91.cif
.0000002684512492343265491588655404631487	0	4	2	0	1	1	0	0	0	0	0	0	0	0	0	0	0	0	0	0	0	0	0	0	0	0	4	1	3	0	0	8_92.cif
.0000002552085167439403611636568044774418	0	4	2	1	1	0	0	0	0	0	0	0	0	0	0	0	0	0	0	0	0	0	0	0	0	0	3	3	1	1	0	8_93.cif
.0000002335846963013931818932744799486112	0	4	2	0	2	0	0	0	0	0	0	0	0	0	0	0	0	0	0	0	0	0	0	0	0	0	5	2	0	1	0	8_94.cif
.0000002192725998297690237149494323077565	0	4	2	1	1	0	0	0	0	0	0	0	0	0	0	0	0	0	0	0	0	0	0	0	0	0	5	2	0	1	0	8_95.cif
.0000002137930624037827858765885182115042	0	4	2	0	1	1	0	0	0	0	0	0	0	0	0	0	0	0	0	0	0	0	0	0	0	0	3	5	0	0	0	8_96.cif
.0000002084504564978592183000885774942362	0	4	2	1	0	1	0	0	0	0	0	0	0	0	0	0	0	0	0	0	0	0	0	0	0	0	1	6	0	1	0	8_97.cif
.0000002006936300242795350758208306639734	0	4	2	1	0	1	0	0	0	0	0	0	0	0	0	0	0	0	0	0	0	0	0	0	0	0	2	5	0	1	0	8_98.cif
.0000001813768299228058717478108858681311	0	4	2	1	1	0	0	0	0	0	0	0	0	0	0	0	0	0	0	0	0	0	0	0	0	0	1	6	0	1	0	8_99.cif
.0000001768488739669346544220523420482572	1	2	3	1	2	0	0	0	0	0	0	0	0	0	0	0	0	0	0	0	0	0	0	0	0	0	6	2	0	0	0	8_100.cif
.0000001702635903626974033443346238784472	0	4	2	1	1	0	0	0	0	0	0	0	0	0	0	0	0	0	0	0	0	0	0	0	0	0	5	1	1	1	0	8_101.cif
.0000001618644669223823242731342692984549	0	4	2	1	1	0	0	0	0	0	0	0	0	0	0	0	0	0	0	0	0	0	0	0	0	0	2	4	2	0	0	8_102.cif
.0000001519428442789515620361274600049761	0	4	2	0	1	1	0	0	0	0	0	0	0	0	0	0	0	0	0	0	0	0	0	0	0	0	3	4	0	1	0	8_103.cif
.0000001444474854517769512469215251333209	0	4	2	1	1	0	0	0	0	0	0	0	0	0	0	0	0	0	0	0	0	0	0	0	0	0	5	2	0	1	0	8_104.cif
.0000001390687254049545091032551190467170	0	4	2	0	2	0	0	0	0	0	0	0	0	0	0	0	0	0	0	0	0	0	0	0	0	0	5	2	1	0	0	8_105.cif
.0000001338937212865096394810860173725786	0	4	2	0	1	1	0	0	0	0	0	0	0	0	0	0	0	0	0	0	0	0	0	0	0	0	5	2	0	1	0	8_106.cif
.0000001289079494932257285399548720214697	0	4	2	1	0	1	0	0	0	0	0	0	0	0	0	0	0	0	0	0	0	0	0	0	0	0	2	5	0	1	0	8_107.cif
.0000001225489048030186470500192229885786	0	4	2	0	2	0	0	0	0	0	0	0	0	0	0	0	0	0	0	0	0	0	0	0	0	0	4	3	1	0	0	8_108.cif
.0000001210064251196056961911416156598672	1	2	3	1	2	0	0	0	0	0	0	0	0	0	0	0	0	0	0	0	0	0	0	0	0	0	2	6	0	0	0	8_109.cif
.0000001179855775088486067034269683247493	0	4	2	1	1	0	0	0	0	0	0	0	0	0	0	0	0	0	0	0	0	0	0	0	0	0	5	1	2	0	0	8_110.cif
.0000001135921738547730172249953941359497	0	4	2	1	1	0	0	0	0	0	0	0	0	0	0	0	0	0	0	0	0	0	0	0	0	0	4	2	2	0	0	8_111.cif
.0000001079886582233477127757562697131750	0	4	2	2	0	0	0	0	0	0	0	0	0	0	0	0	0	0	0	0	0	0	0	0	0	0	4	3	1	0	0	8_112.cif
.0000001026615646936049738544852600568696	0	4	2	1	1	0	0	0	0	0	0	0	0	0	0	0	0	0	0	0	0	0	0	0	0	0	2	4	1	1	0	8_113.cif
.0000001013693999201881706703672119936754	0	4	2	1	1	0	0	0	0	0	0	0	0	0	0	0	0	0	0	0	0	0	0	0	0	0	4	3	0	1	0	8_114.cif
.0000000975972573299421418073322055256133	1	2	3	1	2	0	0	0	0	0	0	0	0	0	0	0	0	0	0	0	0	0	0	0	0	0	3	4	1	0	0	8_115.cif
.0000000904641672660523734139306675579907	0	4	2	0	2	0	0	0	0	0	0	0	0	0	0	0	0	0	0	0	0	0	0	0	0	0	3	4	1	0	0	8_116.cif
.0000000860015589880622985127862336542324	1	2	3	1	2	0	0	0	0	0	0	0	0	0	0	0	0	0	0	0	0	0	0	0	0	0	3	5	0	0	0	8_117.cif
.0000000807300189691187339852706725933226	0	4	2	2	0	0	0	0	0	0	0	0	0	0	0	0	0	0	0	0	0	0	0	0	0	0	3	4	0	1	0	8_118.cif
.0000000787146459450980115612563306220905	0	4	2	1	1	0	0	0	0	0	0	0	0	0	0	0	0	0	0	0	0	0	0	0	0	0	4	3	1	0	0	8_119.cif
.0000000767475974002078930233999915517306	0	4	2	2	0	0	0	0	0	0	0	0	0	0	0	0	0	0	0	0	0	0	0	0	0	0	4	2	1	1	0	8_120.cif
.0000000738897635701848317654137571139870	0	5	0	0	0	0	1	0	0	1	0	0	0	0	0	0	0	0	0	0	0	0	0	0	0	0	5	2	1	0	0	8_121.cif
.0000000702447726247945115414388582614729	0	4	2	0	2	0	0	0	0	0	0	0	0	0	0	0	0	0	0	0	0	0	0	0	0	0	3	3	1	1	0	8_122.cif
.0000000684911570350269178588189633840197	0	4	2	1	0	1	0	0	0	0	0	0	0	0	0	0	0	0	0	0	0	0	0	0	0	0	1	5	1	1	0	8_123.cif
.0000000611213541643856817085419285458074	0	4	2	1	1	0	0	0	0	0	0	0	0	0	0	0	0	0	0	0	0	0	0	0	0	0	2	5	1	0	0	8_124.cif
.0000000595954988512382898952207459267483	0	4	2	0	2	0	0	0	0	0	0	0	0	0	0	0	0	0	0	0	0	0	0	0	0	0	1	5	1	1	0	8_125.cif
.0000000573763540375439927405445471785447	0	4	2	1	1	0	0	0	0	0	0	0	0	0	0	0	0	0	0	0	0	0	0	0	0	0	3	4	0	1	0	8_126.cif
.0000000566541781800487713823669270838756	0	4	2	1	0	1	0	0	0	0	0	0	0	0	0	0	0	0	0	0	0	0	0	0	0	0	6	1	0	1	0	8_127.cif
.0000000552398430435017308033663915753754	0	4	2	0	2	0	0	0	0	0	0	0	0	0	0	0	0	0	0	0	0	0	0	0	0	0	2	3	2	1	0	8_128.cif
.0000000545459715753277308358112620265840	0	4	2	2	0	0	0	0	0	0	0	0	0	0	0	0	0	0	0	0	0	0	0	0	0	0	5	1	1	1	0	8_129.cif
.0000000505593705322898482484235266092662	0	4	2	0	2	0	0	0	0	0	0	0	0	0	0	0	0	0	0	0	0	0	0	0	0	0	4	3	1	0	0	8_130.cif
.0000000474602901408453417438096022965446	0	4	2	1	1	0	0	0	0	0	0	0	0	0	0	0	0	0	0	0	0	0	0	0	0	0	5	1	1	1	0	8_131.cif
.0000000468641381718026576343306648904644	0	4	2	2	0	0	0	0	0	0	0	0	0	0	0	0	0	0	0	0	0	0	0	0	0	0	6	1	0	1	0	8_132.cif
.0000000412961291502450217915563025298389	1	2	3	2	1	0	0	0	0	0	0	0	0	0	0	0	0	0	0	0	0	0	0	0	0	0	3	4	0	1	0	8_133.cif
.0000000392589861204214681878082134352406	0	4	2	0	1	1	0	0	0	0	0	0	0	0	0	0	0	0	0	0	0	0	0	0	0	0	3	3	1	1	0	8_134.cif
.0000000387658512953107720402891168916494	0	4	2	0	1	1	0	0	0	0	0	0	0	0	0	0	0	0	0	0	0	0	0	0	0	0	5	2	1	0	0	8_135.cif
.0000000363906074872693333434067623491876	0	4	2	1	1	0	0	0	0	0	0	0	0	0	0	0	0	0	0	0	0	0	0	0	0	0	3	3	2	0	0	8_136.cif
.0000000354812202868819014977590882974152	0	4	2	0	1	1	0	0	0	0	0	0	0	0	0	0	0	0	0	0	0	0	0	0	0	0	4	3	1	0	0	8_137.cif
.0000000345945583207604213404664840443420	0	4	2	2	0	0	0	0	0	0	0	0	0	0	0	0	0	0	0	0	0	0	0	0	0	0	7	1	0	0	0	8_138.cif
.0000000341600136940866334173981312187906	0	4	2	0	2	0	0	0	0	0	0	0	0	0	0	0	0	0	0	0	0	0	0	0	0	0	2	4	2	0	0	8_139.cif
.0000000320669766963590804485391578471767	0	5	0	0	0	0	1	1	0	0	0	0	0	0	0	0	0	0	0	0	0	0	0	0	0	0	6	1	1	0	0	8_140.cif
.0000000316641811963305626828447911979176	0	4	2	0	1	1	0	0	0	0	0	0	0	0	0	0	0	0	0	0	0	0	0	0	0	0	1	6	1	0	0	8_141.cif
.0000000308729055601443605373553617201586	0	4	2	1	1	0	0	0	0	0	0	0	0	0	0	0	0	0	0	0	0	0	0	0	0	0	4	3	0	1	0	8_142.cif
.0000000304851088697927100615627386453306	0	4	2	1	0	1	0	0	0	0	0	0	0	0	0	0	0	0	0	0	0	0	0	0	0	0	2	5	1	0	0	8_143.cif
.0000000289812747738277632567868597478872	0	4	2	1	1	0	0	0	0	0	0	0	0	0	0	0	0	0	0	0	0	0	0	0	0	0	2	5	1	0	0	8_144.cif
.0000000282570439310354280882351516913922	0	4	2	1	1	0	0	0	0	0	0	0	0	0	0	0	0	0	0	0	0	0	0	0	0	0	2	5	1	0	0	8_145.cif
.0000000279021052585405710447019053171224	0	4	2	2	0	0	0	0	0	0	0	0	0	0	0	0	0	0	0	0	0	0	0	0	0	0	1	5	2	0	0	8_146.cif
.0000000248997758435744333686489329951052	0	4	2	1	1	0	0	0	0	0	0	0	0	0	0	0	0	0	0	0	0	0	0	0	0	0	4	3	0	1	0	8_147.cif
.0000000211243637072111146243095415521552	0	4	2	2	0	0	0	0	0	0	0	0	0	0	0	0	0	0	0	0	0	0	0	0	0	0	5	2	1	0	0	8_148.cif
.0000000183807231114875125530452993682323	0	4	2	0	2	0	0	0	0	0	0	0	0	0	0	0	0	0	0	0	0	0	0	0	0	0	3	3	0	2	0	8_149.cif
.0000000174739998243374548142394280774871	0	4	2	1	0	1	0	0	0	0	0	0	0	0	0	0	0	0	0	0	0	0	0	0	0	0	2	5	1	0	0	8_150.cif
.0000000164033407649426907573315197825404	0	4	2	2	0	0	0	0	0	0	0	0	0	0	0	0	0	0	0	0	0	0	0	0	0	0	4	2	2	0	0	8_151.cif
.0000000153978837906247416896865186071657	0	4	2	2	0	0	0	0	0	0	0	0	0	0	0	0	0	0	0	0	0	0	0	0	0	0	2	5	0	1	0	8_152.cif
.0000000152044699131783559893683266029927	0	4	2	1	1	0	0	0	0	0	0	0	0	0	0	0	0	0	0	0	0	0	0	0	0	0	4	3	0	1	0	8_153.cif
.0000000146383043267970004096571912991909	0	4	2	1	0	1	0	0	0	0	0	0	0	0	0	0	0	0	0	0	0	0	0	0	0	0	6	2	0	0	0	8_154.cif
.0000000140935859873023535434010494318643	0	4	2	0	2	0	0	0	0	0	0	0	0	0	0	0	0	0	0	0	0	0	0	0	0	0	1	5	2	0	0	8_155.cif
.0000000137413927267502706502565598184912	0	4	2	1	1	0	0	0	0	0	0	0	0	0	0	0	0	0	0	0	0	0	0	0	0	0	4	2	1	1	0	8_156.cif
.0000000133980006395042619908239275834714	0	4	2	1	0	1	0	0	0	0	0	0	0	0	0	0	0	0	0	0	0	0	0	0	0	0	3	4	1	0	0	8_157.cif
.0000000128994362909315281016570662129128	0	5	0	0	0	0	1	1	0	0	0	0	0	0	0	0	0	0	0	0	0	0	0	0	0	0	3	3	1	1	0	8_158.cif
.0000000127370756526359545040503696582845	0	5	0	0	0	0	1	0	1	0	0	0	0	0	0	0	0	0	0	0	0	0	0	0	0	0	5	2	1	0	0	8_159.cif
.0000000125770843692360737181787332646080	0	4	2	1	1	0	0	0	0	0	0	0	0	0	0	0	0	0	0	0	0	0	0	0	0	0	5	1	1	1	0	8_160.cif
.0000000121087541750538680412682451747346	0	4	2	1	0	1	0	0	0	0	0	0	0	0	0	0	0	0	0	0	0	0	0	0	0	0	2	4	2	0	0	8_161.cif
.0000000118064669115238436579782584599331	1	2	3	3	0	0	0	0	0	0	0	0	0	0	0	0	0	0	0	0	0	0	0	0	0	0	1	6	1	0	0	8_162.cif
.0000000115114278717140916264966246913557	0	4	2	0	1	1	0	0	0	0	0	0	0	0	0	0	0	0	0	0	0	0	0	0	0	0	4	1	2	1	0	8_163.cif
.0000000113668320343972623350174451025869	0	4	2	1	1	0	0	0	0	0	0	0	0	0	0	0	0	0	0	0	0	0	0	0	0	0	5	1	0	2	0	8_164.cif
.0000000112237617433489052986852127479541	0	4	2	2	0	0	0	0	0	0	0	0	0	0	0	0	0	0	0	0	0	0	0	0	0	0	4	2	0	2	0	8_165.cif
.0000000105360644609975529402949303266519	0	4	2	0	2	0	0	0	0	0	0	0	0	0	0	0	0	0	0	0	0	0	0	0	0	0	3	3	2	0	0	8_166.cif
.0000000100163191308625256896206557657496	0	4	2	2	0	0	0	0	0	0	0	0	0	0	0	0	0	0	0	0	0	0	0	0	0	0	6	0	1	1	0	8_167.cif
.0000000090524809901032515319893366318594	0	4	2	0	1	1	0	0	0	0	0	0	0	0	0	0	0	0	0	0	0	0	0	0	0	0	1	5	2	0	0	8_168.cif
.0000000086059210114547528684074388906516	0	4	2	0	1	1	0	0	0	0	0	0	0	0	0	0	0	0	0	0	0	0	0	0	0	0	4	3	1	0	0	8_169.cif
.0000000081811779712328466005635284824264	0	4	2	1	1	0	0	0	0	0	0	0	0	0	0	0	0	0	0	0	0	0	0	0	0	0	3	4	1	0	0	8_170.cif
.0000000079769401226793564269538969649280	0	4	2	2	0	0	0	0	0	0	0	0	0	0	0	0	0	0	0	0	0	0	0	0	0	0	4	3	0	1	0	8_171.cif
.0000000078767412290999379053532086223151	0	4	2	1	1	0	0	0	0	0	0	0	0	0	0	0	0	0	0	0	0	0	0	0	0	0	3	3	1	1	0	8_172.cif
.0000000077775994755533281955501947421391	0	4	2	0	2	0	0	0	0	0	0	0	0	0	0	0	0	0	0	0	0	0	0	0	0	0	2	5	0	1	0	8_173.cif
.0000000075834367046927900850614828238872	0	4	2	0	2	0	0	0	0	0	0	0	0	0	0	0	0	0	0	0	0	0	0	0	0	0	5	1	2	0	0	8_174.cif
.0000000072093448577579943844638148797841	0	4	2	0	1	1	0	0	0	0	0	0	0	0	0	0	0	0	0	0	0	0	0	0	0	0	2	5	1	0	0	8_175.cif
.0000000069408920289434759328891382803555	0	4	2	1	1	0	0	0	0	0	0	0	0	0	0	0	0	0	0	0	0	0	0	0	0	0	0	6	0	2	0	8_176.cif
.0000000066824355205603439408563782016688	0	4	2	0	1	1	0	0	0	0	0	0	0	0	0	0	0	0	0	0	0	0	0	0	0	0	3	3	2	0	0	8_177.cif
.0000000064336031017678647600518440607977	0	4	2	1	1	0	0	0	0	0	0	0	0	0	0	0	0	0	0	0	0	0	0	0	0	0	4	1	2	1	0	8_178.cif
.0000000061162326850943243630187758967533	0	4	2	1	1	0	0	0	0	0	0	0	0	0	0	0	0	0	0	0	0	0	0	0	0	0	4	2	1	1	0	8_179.cif
.0000000059633903968648185239515128808036	0	4	2	0	2	0	0	0	0	0	0	0	0	0	0	0	0	0	0	0	0	0	0	0	0	0	5	2	1	0	0	8_180.cif
.0000000058884838398945396785606456363967	0	4	2	1	1	0	0	0	0	0	0	0	0	0	0	0	0	0	0	0	0	0	0	0	0	0	5	1	2	0	0	8_181.cif
.0000000058145181893388553803654383874073	0	4	2	1	1	0	0	0	0	0	0	0	0	0	0	0	0	0	0	0	0	0	0	0	0	0	2	4	1	1	0	8_182.cif
.0000000057414816264075711149654139906079	0	4	2	1	1	0	0	0	0	0	0	0	0	0	0	0	0	0	0	0	0	0	0	0	0	0	5	1	1	1	0	8_183.cif
.0000000055276873060350230416645448503962	0	4	2	1	1	0	0	0	0	0	0	0	0	0	0	0	0	0	0	0	0	0	0	0	0	0	3	3	1	1	0	8_184.cif
.0000000054581122626715292942325868681146	1	2	3	0	2	1	0	0	0	0	0	0	0	0	0	0	0	0	0	0	0	0	0	0	0	0	2	5	1	0	0	8_185.cif
.0000000053895525391007012534816402230887	0	4	2	0	1	1	0	0	0	0	0	0	0	0	0	0	0	0	0	0	0	0	0	0	0	0	3	4	0	1	0	8_186.cif
.0000000053218539989335666496524555968540	0	4	2	1	0	1	0	0	0	0	0	0	0	0	0	0	0	0	0	0	0	0	0	0	0	0	3	2	2	1	0	8_187.cif
.0000000052550058247861546906365601967151	0	4	2	1	0	1	0	0	0	0	0	0	0	0	0	0	0	0	0	0	0	0	0	0	0	0	4	2	2	0	0	8_188.cif
.0000000051236852625588347229404054963950	0	4	2	0	0	2	0	0	0	0	0	0	0	0	0	0	0	0	0	0	0	0	0	0	0	0	4	3	0	1	0	8_189.cif
.0000000049328956929339285881743496199367	0	4	2	1	0	1	0	0	0	0	0	0	0	0	0	0	0	0	0	0	0	0	0	0	0	0	3	3	1	1	0	8_190.cif
.0000000048097491232093510351134172293316	0	4	2	1	1	0	0	0	0	0	0	0	0	0	0	0	0	0	0	0	0	0	0	0	0	0	3	3	2	0	0	8_191.cif
.0000000047492105136086479118700901450540	0	4	2	1	1	0	0	0	0	0	0	0	0	0	0	0	0	0	0	0	0	0	0	0	0	0	2	5	1	0	0	8_192.cif
.0000000046895553536700158221535665366067	0	4	2	2	0	0	0	0	0	0	0	0	0	0	0	0	0	0	0	0	0	0	0	0	0	0	3	3	1	1	0	8_193.cif
.0000000046306495262987875929126770071262	0	4	2	0	2	0	0	0	0	0	0	0	0	0	0	0	0	0	0	0	0	0	0	0	0	0	4	2	0	2	0	8_194.cif
.0000000044022190268751062580988399425496	0	4	2	1	1	0	0	0	0	0	0	0	0	0	0	0	0	0	0	0	0	0	0	0	0	0	3	4	0	1	0	8_195.cif
.0000000043468098543345327108886046845967	0	4	2	1	1	0	0	0	0	0	0	0	0	0	0	0	0	0	0	0	0	0	0	0	0	0	0	6	0	2	0	8_196.cif
.0000000042922092767564050264687052944281	0	4	2	1	1	0	0	0	0	0	0	0	0	0	0	0	0	0	0	0	0	0	0	0	0	0	3	3	0	2	0	8_197.cif
.0000000040292189601045198537932313564060	0	4	2	1	1	0	0	0	0	0	0	0	0	0	0	0	0	0	0	0	0	0	0	0	0	0	2	5	1	0	0	8_198.cif
.0000000036878231931112714240850758286506	0	4	2	0	2	0	0	0	0	0	0	0	0	0	0	0	0	0	0	0	0	0	0	0	0	0	3	3	1	1	0	8_199.cif
.0000000036414058680398106959959169448025	0	4	2	0	1	1	0	0	0	0	0	0	0	0	0	0	0	0	0	0	0	0	0	0	0	0	5	1	2	0	0	8_200.cif
.0000000032910051054695418011338425072840	0	4	2	2	0	0	0	0	0	0	0	0	0	0	0	0	0	0	0	0	0	0	0	0	0	0	0	6	2	0	0	8_201.cif
.0000000032496665639660479828019042308703	0	4	2	2	0	0	0	0	0	0	0	0	0	0	0	0	0	0	0	0	0	0	0	0	0	0	4	1	2	1	0	8_202.cif
.0000000032088472787258750530096083353486	0	4	2	0	2	0	0	0	0	0	0	0	0	0	0	0	0	0	0	0	0	0	0	0	0	0	3	2	2	1	0	8_203.cif
.0000000030121582065332463090346155581331	0	4	2	1	1	0	0	0	0	0	0	0	0	0	0	0	0	0	0	0	0	0	0	0	0	0	5	1	1	1	0	8_204.cif
.0000000028275986034329078314001310157552	0	4	2	1	1	0	0	0	0	0	0	0	0	0	0	0	0	0	0	0	0	0	0	0	0	0	5	2	0	1	0	8_205.cif
.0000000026881128234179064587586321123310	0	4	2	2	0	0	0	0	0	0	0	0	0	0	0	0	0	0	0	0	0	0	0	0	0	0	3	3	1	1	0	8_206.cif
.0000000025233426205190282321737153650245	0	4	2	1	0	1	0	0	0	0	0	0	0	0	0	0	0	0	0	0	0	0	0	0	0	0	1	6	1	0	0	8_207.cif
.0000000024916467402931061395579054251216	0	4	2	0	2	0	0	0	0	0	0	0	0	0	0	0	0	0	0	0	0	0	0	0	0	0	4	2	1	1	0	8_208.cif
.0000000023687335061906173153634159099322	0	4	2	0	2	0	0	0	0	0	0	0	0	0	0	0	0	0	0	0	0	0	0	0	0	0	3	4	0	1	0	8_209.cif
.0000000021680306900479138305140455173589	0	4	2	1	1	0	0	0	0	0	0	0	0	0	0	0	0	0	0	0	0	0	0	0	0	0	4	1	2	1	0	8_210.cif
.0000000021407979074209761860536962791524	0	4	2	0	2	0	0	0	0	0	0	0	0	0	0	0	0	0	0	0	0	0	0	0	0	0	3	3	1	1	0	8_211.cif
.0000000020610814747205869123855761159057	0	5	0	0	0	0	1	0	1	0	0	0	0	0	0	0	0	0	0	0	0	0	0	0	0	0	4	2	2	0	0	8_212.cif
.0000000019594080770796222451333217969827	0	4	2	0	1	1	0	0	0	0	0	0	0	0	0	0	0	0	0	0	0	0	0	0	0	0	3	3	1	1	0	8_213.cif
.0000000019347457012283767142418460709446	0	4	2	1	1	0	0	0	0	0	0	0	0	0	0	0	0	0	0	0	0	0	0	0	0	0	3	3	1	1	0	8_214.cif
.0000000018864460186024221475573930880912	0	4	2	0	2	0	0	0	0	0	0	0	0	0	0	0	0	0	0	0	0	0	0	0	0	0	3	4	1	0	0	8_215.cif
.0000000018162008326539730086471925271335	0	4	2	0	1	1	0	0	0	0	0	0	0	0	0	0	0	0	0	0	0	0	0	0	0	0	4	3	0	1	0	8_216.cif
.0000000017266074266100357625888236940353	0	4	2	2	0	0	0	0	0	0	0	0	0	0	0	0	0	0	0	0	0	0	0	0	0	0	3	3	2	0	0	8_217.cif
.0000000016414336740880188704025759503653	0	4	2	2	0	0	0	0	0	0	0	0	0	0	0	0	0	0	0	0	0	0	0	0	0	0	0	6	1	1	0	8_218.cif
.0000000015604615530468332401095224124844	0	4	2	2	0	0	0	0	0	0	0	0	0	0	0	0	0	0	0	0	0	0	0	0	0	0	5	0	1	2	0	8_219.cif
.0000000015214662226299414583125173200512	0	4	2	0	2	0	0	0	0	0	0	0	0	0	0	0	0	0	0	0	0	0	0	0	0	0	1	5	2	0	0	8_220.cif
.0000000015023549807525520661243645287611	0	4	2	0	2	0	0	0	0	0	0	0	0	0	0	0	0	0	0	0	0	0	0	0	0	0	2	4	2	0	0	8_221.cif
.0000000014648117110939560058497410498039	0	4	2	0	0	2	0	0	0	0	0	0	0	0	0	0	0	0	0	0	0	0	0	0	0	0	4	3	0	1	0	8_222.cif
.0000000013577530278099524774954059819125	0	4	2	0	0	2	0	0	0	0	0	0	0	0	0	0	0	0	0	0	0	0	0	0	0	0	3	5	0	0	0	8_223.cif
.0000000013072285300101245689222455419701	0	5	0	0	0	0	1	1	0	0	0	0	0	0	0	0	0	0	0	0	0	0	0	0	0	0	3	3	2	0	0	8_224.cif
.0000000012907749072514434452678783912384	0	4	2	0	2	0	0	0	0	0	0	0	0	0	0	0	0	0	0	0	0	0	0	0	0	0	1	5	2	0	0	8_225.cif
.0000000012427427890195355049584529974075	0	4	2	0	2	0	0	0	0	0	0	0	0	0	0	0	0	0	0	0	0	0	0	0	0	0	2	5	1	0	0	8_226.cif
.0000000012116871275798768363264923662678	1	2	3	2	1	0	0	0	0	0	0	0	0	0	0	0	0	0	0	0	0	0	0	0	0	0	2	6	0	0	0	8_227.cif
.0000000011814075351031413888339926884543	0	4	2	1	1	0	0	0	0	0	0	0	0	0	0	0	0	0	0	0	0	0	0	0	0	0	3	3	1	1	0	8_228.cif
.0000000011231285589608433136607791981264	0	4	2	1	1	0	0	0	0	0	0	0	0	0	0	0	0	0	0	0	0	0	0	0	0	0	4	3	1	0	0	8_229.cif
.0000000011090208638766882033071830723129	0	4	2	0	2	0	0	0	0	0	0	0	0	0	0	0	0	0	0	0	0	0	0	0	0	0	4	3	1	0	0	8_230.cif
.0000000010950903765208911367219655911691	0	4	2	1	1	0	0	0	0	0	0	0	0	0	0	0	0	0	0	0	0	0	0	0	0	0	4	2	2	0	0	8_231.cif
.0000000010813068616049511800856382020920	0	4	2	1	1	0	0	0	0	0	0	0	0	0	0	0	0	0	0	0	0	0	0	0	0	0	6	0	2	0	0	8_232.cif
.0000000010677244917380130884511732317711	0	4	2	1	1	0	0	0	0	0	0	0	0	0	0	0	0	0	0	0	0	0	0	0	0	0	5	2	1	0	0	8_233.cif
.0000000010543127309532447785059598848778	0	4	2	2	0	0	0	0	0	0	0	0	0	0	0	0	0	0	0	0	0	0	0	0	0	0	6	0	1	1	0	8_234.cif
.0000000010279658637548938823020164326922	0	5	1	1	0	0	0	0	0	0	0	0	0	0	0	0	0	0	0	0	0	0	0	0	0	0	4	3	0	0	1	8_235.cif
.0000000009290480183926526067582382742593	0	4	2	1	1	0	0	0	0	0	0	0	0	0	0	0	0	0	0	0	0	0	0	0	0	0	2	5	1	0	0	8_236.cif
.0000000008832179676352501414684662334593	1	2	3	1	1	1	0	0	0	0	0	0	0	0	0	0	0	0	0	0	0	0	0	0	0	0	2	5	1	0	0	8_237.cif
.0000000008721238059911246835342574964639	0	4	2	1	1	0	0	0	0	0	0	0	0	0	0	0	0	0	0	0	0	0	0	0	0	0	4	2	2	0	0	8_238.cif
.0000000007881817236139765895814639522288	0	4	2	0	2	0	0	0	0	0	0	0	0	0	0	0	0	0	0	0	0	0	0	0	0	0	5	1	1	1	0	8_239.cif
.0000000007685052735885480196792585170938	0	4	2	0	0	2	0	0	0	0	0	0	0	0	0	0	0	0	0	0	0	0	0	0	0	0	4	2	2	0	0	8_240.cif
.0000000007493006241614628839795864844997	0	4	2	1	1	0	0	0	0	0	0	0	0	0	0	0	0	0	0	0	0	0	0	0	0	0	1	5	1	1	0	8_241.cif
.0000000007305948157880675886508791209104	0	4	2	0	2	0	0	0	0	0	0	0	0	0	0	0	0	0	0	0	0	0	0	0	0	0	2	4	1	1	0	8_242.cif
.0000000007213990774665272156712347881140	1	2	3	0	2	1	0	0	0	0	0	0	0	0	0	0	0	0	0	0	0	0	0	0	0	0	4	3	1	0	0	8_243.cif
.0000000006945544854415354765312829431779	0	4	2	1	1	0	0	0	0	0	0	0	0	0	0	0	0	0	0	0	0	0	0	0	0	0	2	4	1	1	0	8_244.cif
.0000000006858123740000751259263389783118	0	4	2	0	2	0	0	0	0	0	0	0	0	0	0	0	0	0	0	0	0	0	0	0	0	0	5	0	2	1	0	8_245.cif
.0000000006198188573369318981481341198429	0	4	2	0	2	0	0	0	0	0	0	0	0	0	0	0	0	0	0	0	0	0	0	0	0	0	3	3	1	1	0	8_246.cif
.0000000006120332700353238641624094412464	0	4	2	0	2	0	0	0	0	0	0	0	0	0	0	0	0	0	0	0	0	0	0	0	0	0	5	1	1	1	0	8_247.cif
.0000000006043298239203241858264158574373	0	4	2	1	1	0	0	0	0	0	0	0	0	0	0	0	0	0	0	0	0	0	0	0	0	0	2	3	2	1	0	8_248.cif
.0000000005818415950350731643825133252339	0	4	2	0	2	0	0	0	0	0	0	0	0	0	0	0	0	0	0	0	0	0	0	0	0	0	3	3	2	0	0	8_249.cif
.0000000005745181608456875799928011963500	0	4	2	1	1	0	0	0	0	0	0	0	0	0	0	0	0	0	0	0	0	0	0	0	0	0	4	2	0	2	0	8_250.cif
.0000000005673015987087406925706424344317	0	5	0	0	0	0	1	1	0	0	0	0	0	0	0	0	0	0	0	0	0	0	0	0	0	0	4	2	2	0	0	8_251.cif
.0000000005325421502611855026238600318411	0	4	2	1	1	0	0	0	0	0	0	0	0	0	0	0	0	0	0	0	0	0	0	0	0	0	2	4	2	0	0	8_252.cif
.0000000005258392307315554689871522664797	0	4	2	0	1	1	0	0	0	0	0	0	0	0	0	0	0	0	0	0	0	0	0	0	0	0	5	1	2	0	0	8_253.cif
.0000000005062717817831901559294328442673	0	4	2	2	0	0	0	0	0	0	0	0	0	0	0	0	0	0	0	0	0	0	0	0	0	0	1	5	1	1	0	8_254.cif
.0000000004812848669036630542457408715817	0	4	2	1	1	0	0	0	0	0	0	0	0	0	0	0	0	0	0	0	0	0	0	0	0	0	5	1	2	0	0	8_255.cif
.0000000004752394145850280210161384690698	0	4	2	1	1	0	0	0	0	0	0	0	0	0	0	0	0	0	0	0	0	0	0	0	0	0	3	3	0	2	0	8_256.cif
.0000000004692698996088072990825135216655	0	4	2	0	0	2	0	0	0	0	0	0	0	0	0	0	0	0	0	0	0	0	0	0	0	0	3	4	1	0	0	8_257.cif
.0000000004633753681208194282327065265863	0	4	2	0	0	2	0	0	0	0	0	0	0	0	0	0	0	0	0	0	0	0	0	0	0	0	3	4	0	1	0	8_258.cif
.0000000004461207588838730714552690586306	1	2	3	2	1	0	0	0	0	0	0	0	0	0	0	0	0	0	0	0	0	0	0	0	0	0	4	4	0	0	0	8_259.cif
.0000000004405055948150205220593076723189	1	2	3	2	0	1	0	0	0	0	0	0	0	0	0	0	0	0	0	0	0	0	0	0	0	0	1	5	2	0	0	8_260.cif
.0000000003931163826791245411309603589974	0	4	2	1	1	0	0	0	0	0	0	0	0	0	0	0	0	0	0	0	0	0	0	0	0	0	2	4	1	1	0	8_261.cif
.0000000003832925563855935186427730227831	0	4	2	0	1	1	0	0	0	0	0	0	0	0	0	0	0	0	0	0	0	0	0	0	0	0	4	2	1	1	0	8_262.cif
.0000000003598076272326670821726873921565	0	4	2	1	0	1	0	0	0	0	0	0	0	0	0	0	0	0	0	0	0	0	0	0	0	0	2	4	2	0	0	8_263.cif
.0000000003552880588774216670944853777487	0	4	2	2	0	0	0	0	0	0	0	0	0	0	0	0	0	0	0	0	0	0	0	0	0	0	1	5	2	0	0	8_264.cif
.0000000003508161738494932234987002507633	0	4	2	0	2	0	0	0	0	0	0	0	0	0	0	0	0	0	0	0	0	0	0	0	0	0	3	2	2	1	0	8_265.cif
.0000000003464095477586761801743934103629	0	5	0	0	0	0	1	0	1	0	0	0	0	0	0	0	0	0	0	0	0	0	0	0	0	0	3	5	0	0	0	8_266.cif
.0000000003420582736012982157964147388082	1	2	3	0	3	0	0	0	0	0	0	0	0	0	0	0	0	0	0	0	0	0	0	0	0	0	2	4	2	0	0	8_267.cif
.0000000003170582629509153765701490227125	0	4	2	1	1	0	0	0	0	0	0	0	0	0	0	0	0	0	0	0	0	0	0	0	0	0	1	5	1	1	0	8_268.cif
.0000000003130756723009528086932567676332	0	4	2	1	0	1	0	0	0	0	0	0	0	0	0	0	0	0	0	0	0	0	0	0	0	0	4	2	1	1	0	8_269.cif
.0000000003091431072460892234798451740124	0	4	2	0	2	0	0	0	0	0	0	0	0	0	0	0	0	0	0	0	0	0	0	0	0	0	3	3	2	0	0	8_270.cif
.0000000002976316116405743075512233634551	0	5	0	0	0	0	1	1	0	0	0	0	0	0	0	0	0	0	0	0	0	0	0	0	0	0	2	4	2	0	0	8_271.cif
.0000000002938854279040899404463719406908	0	5	0	0	0	0	1	1	0	0	0	0	0	0	0	0	0	0	0	0	0	0	0	0	0	0	2	4	2	0	0	8_272.cif
.0000000002829494083545757860460354075922	0	4	2	2	0	0	0	0	0	0	0	0	0	0	0	0	0	0	0	0	0	0	0	0	0	0	5	1	1	1	0	8_273.cif
.0000000002724132818988631007811737293575	0	4	2	0	2	0	0	0	0	0	0	0	0	0	0	0	0	0	0	0	0	0	0	0	0	0	2	4	0	2	0	8_274.cif
.0000000002656057793898427876634554899664	0	4	2	0	2	0	0	0	0	0	0	0	0	0	0	0	0	0	0	0	0	0	0	0	0	0	3	3	1	1	0	8_275.cif
.0000000002589751018594553360500370950606	0	4	2	0	0	2	0	0	0	0	0	0	0	0	0	0	0	0	0	0	0	0	0	0	0	0	4	3	1	0	0	8_276.cif
.0000000002557154739274873165218617433729	0	4	2	1	0	1	0	0	0	0	0	0	0	0	0	0	0	0	0	0	0	0	0	0	0	0	2	4	1	1	0	8_277.cif
.0000000002461998288615573227997806233264	0	4	2	1	1	0	0	0	0	0	0	0	0	0	0	0	0	0	0	0	0	0	0	0	0	0	3	3	0	2	0	8_278.cif
.0000000002431009987684682873225462293799	0	4	2	0	2	0	0	0	0	0	0	0	0	0	0	0	0	0	0	0	0	0	0	0	0	0	1	5	1	1	0	8_279.cif
.0000000002311087971898999698747657556461	0	4	2	2	0	0	0	0	0	0	0	0	0	0	0	0	0	0	0	0	0	0	0	0	0	0	1	5	1	1	0	8_280.cif
.0000000002169484028952539532187351351320	0	4	2	1	1	0	0	0	0	0	0	0	0	0	0	0	0	0	0	0	0	0	0	0	0	0	3	1	2	2	0	8_281.cif
.0000000002088699417294865628075997783722	0	5	0	0	0	0	1	1	0	0	0	0	0	0	0	0	0	0	0	0	0	0	0	0	0	0	4	3	0	1	0	8_282.cif
.0000000002010922964901600833424584273975	0	4	2	0	2	0	0	0	0	0	0	0	0	0	0	0	0	0	0	0	0	0	0	0	0	0	5	1	2	0	0	8_283.cif
.0000000001985663623216971829423756448416	0	4	2	1	1	0	0	0	0	0	0	0	0	0	0	0	0	0	0	0	0	0	0	0	0	0	5	0	3	0	0	8_284.cif
.0000000001817418322489714807044908764029	0	5	0	0	0	0	1	0	1	0	0	0	0	0	0	0	0	0	0	0	0	0	0	0	0	0	5	2	0	1	0	8_285.cif
.0000000001794543121416242795361096211091	1	2	3	2	1	0	0	0	0	0	0	0	0	0	0	0	0	0	0	0	0	0	0	0	0	0	5	1	0	2	0	8_286.cif
.0000000001772001741829446141256865535065	0	4	2	2	0	0	0	0	0	0	0	0	0	0	0	0	0	0	0	0	0	0	0	0	0	0	4	2	1	1	0	8_287.cif
.0000000001749743506062161081001707002952	1	3	1	0	0	1	1	1	0	0	0	0	0	0	0	0	0	0	0	0	0	0	0	0	0	0	5	2	1	0	0	8_288.cif
.0000000001727764857525394517965973640443	0	4	2	1	1	0	0	0	0	0	0	0	0	0	0	0	0	0	0	0	0	0	0	0	0	0	3	2	2	1	0	8_289.cif
.0000000001706018092878811182074522407885	0	4	2	0	2	0	0	0	0	0	0	0	0	0	0	0	0	0	0	0	0	0	0	0	0	0	5	2	1	0	0	8_290.cif
.0000000001642491462917528708539854361771	0	4	2	0	2	0	0	0	0	0	0	0	0	0	0	0	0	0	0	0	0	0	0	0	0	0	2	3	0	3	0	8_291.cif
.0000000001621860014672095734345349336842	0	4	2	0	1	1	0	0	0	0	0	0	0	0	0	0	0	0	0	0	0	0	0	0	0	0	3	3	1	1	0	8_292.cif
.0000000001541853464609783590068556008229	0	4	2	0	2	0	0	0	0	0	0	0	0	0	0	0	0	0	0	0	0	0	0	0	0	0	3	4	0	1	0	8_293.cif
.0000000001503362084089284641142365778071	0	4	2	1	1	0	0	0	0	0	0	0	0	0	0	0	0	0	0	0	0	0	0	0	0	0	3	2	2	1	0	8_294.cif
.0000000001484439797715135387408261412879	0	4	2	0	2	0	0	0	0	0	0	0	0	0	0	0	0	0	0	0	0	0	0	0	0	0	2	4	1	1	0	8_295.cif
.0000000001375982198099441079823613771799	0	4	2	0	1	1	0	0	0	0	0	0	0	0	0	0	0	0	0	0	0	0	0	0	0	0	2	3	3	0	0	8_296.cif
.0000000001243543649548310227384118953834	0	5	0	0	0	0	1	1	0	0	0	0	0	0	0	0	0	0	0	0	0	0	0	0	0	0	5	1	1	1	0	8_297.cif
.0000000001041740332421810722301657265763	0	4	2	2	0	0	0	0	0	0	0	0	0	0	0	0	0	0	0	0	0	0	0	0	0	0	0	6	1	1	0	8_298.cif
.0000000001015733954734715081072132430916	1	2	3	2	0	1	0	0	0	0	0	0	0	0	0	0	0	0	0	0	0	0	0	0	0	0	3	5	0	0	0	8_299.cif
.0000000000990351156226671572379368363691	0	5	1	0	1	0	0	0	0	0	0	0	0	0	0	0	0	0	0	0	0	0	0	0	0	0	4	2	0	1	1	8_300.cif
.0000000000953473662549464038874224493264	0	4	2	1	0	1	0	0	0	0	0	0	0	0	0	0	0	0	0	0	0	0	0	0	0	0	5	1	2	0	0	8_301.cif
.0000000000861723961869202814476756427241	0	4	2	1	1	0	0	0	0	0	0	0	0	0	0	0	0	0	0	0	0	0	0	0	0	0	3	3	2	0	0	8_302.cif
.0000000000788710081062098238934083674522	0	4	2	2	0	0	0	0	0	0	0	0	0	0	0	0	0	0	0	0	0	0	0	0	0	0	4	1	2	1	0	8_303.cif
.0000000000778803039481997817996078293976	0	4	2	2	0	0	0	0	0	0	0	0	0	0	0	0	0	0	0	0	0	0	0	0	0	0	5	1	1	1	0	8_304.cif
.0000000000749802917672967607298336166230	1	2	3	1	2	0	0	0	0	0	0	0	0	0	0	0	0	0	0	0	0	0	0	0	0	0	2	4	1	1	0	8_305.cif
.0000000000740384591648449808114810814933	0	4	2	0	1	1	0	0	0	0	0	0	0	0	0	0	0	0	0	0	0	0	0	0	0	0	3	4	0	1	0	8_306.cif
.0000000000721882667182233695700133825179	0	4	2	1	1	0	0	0	0	0	0	0	0	0	0	0	0	0	0	0	0	0	0	0	0	0	5	1	1	1	0	8_307.cif
.0000000000712815049344640594495554771079	0	4	2	1	1	0	0	0	0	0	0	0	0	0	0	0	0	0	0	0	0	0	0	0	0	0	3	2	2	1	0	8_308.cif
.0000000000703861330478426841228972438347	0	4	2	1	1	0	0	0	0	0	0	0	0	0	0	0	0	0	0	0	0	0	0	0	0	0	4	2	1	1	0	8_309.cif
.0000000000686272108176802113865791039181	0	4	2	0	2	0	0	0	0	0	0	0	0	0	0	0	0	0	0	0	0	0	0	0	0	0	1	5	0	2	0	8_310.cif
.0000000000677651797020369150153676385116	0	4	2	0	2	0	0	0	0	0	0	0	0	0	0	0	0	0	0	0	0	0	0	0	0	0	1	4	2	1	0	8_311.cif
.0000000000652418222340473232328083904196	0	4	2	1	1	0	0	0	0	0	0	0	0	0	0	0	0	0	0	0	0	0	0	0	0	0	2	4	1	1	0	8_312.cif
.0000000000636114543406190404067362898307	0	4	2	2	0	0	0	0	0	0	0	0	0	0	0	0	0	0	0	0	0	0	0	0	0	0	2	5	0	1	0	8_313.cif
.0000000000612443546405649584023291613615	0	4	2	0	2	0	0	0	0	0	0	0	0	0	0	0	0	0	0	0	0	0	0	0	0	0	3	3	2	0	0	8_314.cif
.0000000000589638117373513876888029152955	1	2	3	0	2	1	0	0	0	0	0	0	0	0	0	0	0	0	0	0	0	0	0	0	0	0	4	3	0	1	0	8_315.cif
.0000000000560551197954127828912624244539	0	4	2	1	0	1	0	0	0	0	0	0	0	0	0	0	0	0	0	0	0	0	0	0	0	0	6	1	0	1	0	8_316.cif
.0000000000513055688760065693238640728758	0	4	2	2	0	0	0	0	0	0	0	0	0	0	0	0	0	0	0	0	0	0	0	0	0	0	4	2	1	1	0	8_317.cif
.0000000000506598038423297067838797228415	0	4	2	1	1	0	0	0	0	0	0	0	0	0	0	0	0	0	0	0	0	0	0	0	0	0	2	4	1	1	0	8_318.cif
.0000000000500234625616022758366596035685	0	4	2	1	1	0	0	0	0	0	0	0	0	0	0	0	0	0	0	0	0	0	0	0	0	0	5	1	1	1	0	8_319.cif
.0000000000493951144074731654375239429901	0	4	2	2	0	0	0	0	0	0	0	0	0	0	0	0	0	0	0	0	0	0	0	0	0	0	0	6	1	1	0	8_320.cif
.0000000000487746589777293622428475586266	1	2	3	2	1	0	0	0	0	0	0	0	0	0	0	0	0	0	0	0	0	0	0	0	0	0	0	6	1	1	0	8_321.cif
.0000000000481607496110200364786432657389	0	4	2	2	0	0	0	0	0	0	0	0	0	0	0	0	0	0	0	0	0	0	0	0	0	0	5	1	1	1	0	8_322.cif
.0000000000463673981032206506536856284019	0	4	2	1	1	0	0	0	0	0	0	0	0	0	0	0	0	0	0	0	0	0	0	0	0	0	2	4	0	2	0	8_323.cif
.0000000000457849740262377816264826317705	0	4	2	0	2	0	0	0	0	0	0	0	0	0	0	0	0	0	0	0	0	0	0	0	0	0	2	3	1	2	0	8_324.cif
.0000000000440800887645324417104917164332	0	4	2	0	2	0	0	0	0	0	0	0	0	0	0	0	0	0	0	0	0	0	0	0	0	0	4	3	1	0	0	8_325.cif
.0000000000435263957374867319558876770785	0	4	2	0	0	2	0	0	0	0	0	0	0	0	0	0	0	0	0	0	0	0	0	0	0	0	4	3	0	1	0	8_326.cif
.0000000000408594659911423643755253256030	0	4	2	1	1	0	0	0	0	0	0	0	0	0	0	0	0	0	0	0	0	0	0	0	0	0	4	1	1	2	0	8_327.cif
.0000000000403451823566395200399634769228	0	4	2	1	1	0	0	0	0	0	0	0	0	0	0	0	0	0	0	0	0	0	0	0	0	0	4	2	1	1	0	8_328.cif
.0000000000398384037458910521806988861921	1	2	3	2	0	1	0	0	0	0	0	0	0	0	0	0	0	0	0	0	0	0	0	0	0	0	3	4	1	0	0	8_329.cif
.0000000000393379908161312558731137111495	1	2	3	0	3	0	0	0	0	0	0	0	0	0	0	0	0	0	0	0	0	0	0	0	0	0	3	3	2	0	0	8_330.cif
.0000000000388428574510661029198433107940	0	4	2	2	0	0	0	0	0	0	0	0	0	0	0	0	0	0	0	0	0	0	0	0	0	0	1	4	3	0	0	8_331.cif
.0000000000383549496467948308784655984586	0	4	2	1	1	0	0	0	0	0	0	0	0	0	0	0	0	0	0	0	0	0	0	0	0	0	1	4	1	2	0	8_332.cif
.0000000000373974429864112571345412765794	0	4	2	1	1	0	0	0	0	0	0	0	0	0	0	0	0	0	0	0	0	0	0	0	0	0	3	3	1	1	0	8_333.cif
.0000000000369267346099402124666534739555	0	5	0	0	0	0	1	1	0	0	0	0	0	0	0	0	0	0	0	0	0	0	0	0	0	0	1	6	0	1	0	8_334.cif
.0000000000355517017102095335923826864267	0	4	2	1	1	0	0	0	0	0	0	0	0	0	0	0	0	0	0	0	0	0	0	0	0	0	4	2	2	0	0	8_335.cif
.0000000000351051343395832133643745318743	0	4	2	1	1	0	0	0	0	0	0	0	0	0	0	0	0	0	0	0	0	0	0	0	0	0	3	2	2	1	0	8_336.cif
.0000000000342287572291098074089713617727	1	2	3	1	2	0	0	0	0	0	0	0	0	0	0	0	0	0	0	0	0	0	0	0	0	0	2	5	0	1	0	8_337.cif
.0000000000321306759192465472116992947111	0	4	2	1	0	1	0	0	0	0	0	0	0	0	0	0	0	0	0	0	0	0	0	0	0	0	1	4	3	0	0	8_338.cif
.0000000000309342328287260174789011979138	0	4	2	0	2	0	0	0	0	0	0	0	0	0	0	0	0	0	0	0	0	0	0	0	0	0	3	3	2	0	0	8_339.cif
.0000000000301619795930908466534917506401	0	5	1	0	1	0	0	0	0	0	0	0	0	0	0	0	0	0	0	0	0	0	0	0	0	0	5	1	1	0	1	8_340.cif
.0000000000297831128927128094696204559708	0	4	2	0	1	1	0	0	0	0	0	0	0	0	0	0	0	0	0	0	0	0	0	0	0	0	4	2	0	2	0	8_341.cif
.0000000000286740855033034817924825135841	0	4	2	1	0	1	0	0	0	0	0	0	0	0	0	0	0	0	0	0	0	0	0	0	0	0	2	3	0	3	0	8_342.cif
.0000000000276063547290226890789921216933	0	4	2	1	1	0	0	0	0	0	0	0	0	0	0	0	0	0	0	0	0	0	0	0	0	0	3	3	2	0	0	8_343.cif
.0000000000255886892740181985184534611504	0	5	0	0	0	0	1	1	0	0	0	0	0	0	0	0	0	0	0	0	0	0	0	0	0	0	2	3	2	1	0	8_344.cif
.0000000000252672679879144543331990733731	1	2	3	1	2	0	0	0	0	0	0	0	0	0	0	0	0	0	0	0	0	0	0	0	0	0	3	4	0	1	0	8_345.cif
.0000000000234205593491980443915829149401	0	4	2	2	0	0	0	0	0	0	0	0	0	0	0	0	0	0	0	0	0	0	0	0	0	0	4	1	1	2	0	8_346.cif
.0000000000231263720922160378823937372542	0	4	2	1	0	1	0	0	0	0	0	0	0	0	0	0	0	0	0	0	0	0	0	0	0	0	3	3	1	1	0	8_347.cif
.0000000000225484530019833267961602808740	1	2	3	1	1	1	0	0	0	0	0	0	0	0	0	0	0	0	0	0	0	0	0	0	0	0	4	3	1	0	0	8_348.cif
.0000000000222652203328170241939326187699	0	4	2	1	1	0	0	0	0	0	0	0	0	0	0	0	0	0	0	0	0	0	0	0	0	0	4	1	2	1	0	8_349.cif
.0000000000188892709430953849185869670505	0	4	2	1	1	0	0	0	0	0	0	0	0	0	0	0	0	0	0	0	0	0	0	0	0	0	3	2	2	1	0	8_350.cif
.0000000000186520015114697294874830691471	0	4	2	1	0	1	0	0	0	0	0	0	0	0	0	0	0	0	0	0	0	0	0	0	0	0	3	3	1	1	0	8_351.cif
.0000000000181863662846950493107133193395	0	4	2	0	2	0	0	0	0	0	0	0	0	0	0	0	0	0	0	0	0	0	0	0	0	0	3	2	2	1	0	8_352.cif
.0000000000177318960281420384673700654315	1	2	3	3	0	0	0	0	0	0	0	0	0	0	0	0	0	0	0	0	0	0	0	0	0	0	3	4	1	0	0	8_353.cif
.0000000000172887828074508412271783826897	0	5	0	0	0	0	1	0	1	0	0	0	0	0	0	0	0	0	0	0	0	0	0	0	0	0	4	2	0	2	0	8_354.cif
.0000000000162294722818249473865792890715	0	4	2	1	1	0	0	0	0	0	0	0	0	0	0	0	0	0	0	0	0	0	0	0	0	0	1	5	1	1	0	8_355.cif
.0000000000158239040492171963846237209865	0	4	2	0	1	1	0	0	0	0	0	0	0	0	0	0	0	0	0	0	0	0	0	0	0	0	3	3	0	2	0	8_356.cif
.0000000000156251389019985808072766469866	1	2	3	1	2	0	0	0	0	0	0	0	0	0	0	0	0	0	0	0	0	0	0	0	0	0	3	3	2	0	0	8_357.cif
.0000000000154288704574663539502702388288	1	2	3	0	2	1	0	0	0	0	0	0	0	0	0	0	0	0	0	0	0	0	0	0	0	0	3	5	0	0	0	8_358.cif
.0000000000148543489161278977636580052344	1	2	3	2	0	1	0	0	0	0	0	0	0	0	0	0	0	0	0	0	0	0	0	0	0	0	5	1	2	0	0	8_359.cif
.0000000000146677624176274278420260419482	1	2	3	1	1	1	0	0	0	0	0	0	0	0	0	0	0	0	0	0	0	0	0	0	0	0	4	3	1	0	0	8_360.cif
.0000000000144831444843485901088440083993	0	4	2	0	2	0	0	0	0	0	0	0	0	0	0	0	0	0	0	0	0	0	0	0	0	0	3	3	1	1	0	8_361.cif
.0000000000143012207102492117513544119204	0	4	2	2	0	0	0	0	0	0	0	0	0	0	0	0	0	0	0	0	0	0	0	0	0	0	0	5	2	1	0	8_362.cif
.0000000000137686892207844233769789192606	0	4	2	1	1	0	0	0	0	0	0	0	0	0	0	0	0	0	0	0	0	0	0	0	0	0	5	0	2	1	0	8_363.cif
.0000000000135957397683948933249588209579	0	4	2	2	0	0	0	0	0	0	0	0	0	0	0	0	0	0	0	0	0	0	0	0	0	0	2	3	3	0	0	8_364.cif
.0000000000134249627459732563399135384151	0	4	2	1	1	0	0	0	0	0	0	0	0	0	0	0	0	0	0	0	0	0	0	0	0	0	3	2	1	2	0	8_365.cif
.0000000000132563308654772538643572314886	0	4	2	0	1	1	0	0	0	0	0	0	0	0	0	0	0	0	0	0	0	0	0	0	0	0	5	2	0	1	0	8_366.cif
.0000000000127627077151421638691366828602	0	4	2	1	1	0	0	0	0	0	0	0	0	0	0	0	0	0	0	0	0	0	0	0	0	0	2	4	1	1	0	8_367.cif
.0000000000124437725876509158540656550844	0	4	2	0	2	0	0	0	0	0	0	0	0	0	0	0	0	0	0	0	0	0	0	0	0	0	2	4	1	1	0	8_368.cif
.0000000000122874655042253332177087658883	0	5	0	0	0	0	1	0	1	0	0	0	0	0	0	0	0	0	0	0	0	0	0	0	0	0	4	4	0	0	0	8_369.cif
.0000000000121331218048263325236050607928	0	5	0	0	0	0	1	0	1	0	0	0	0	0	0	0	0	0	0	0	0	0	0	0	0	0	4	4	0	0	0	8_370.cif
.0000000000119804064956981003248801002453	1	2	3	0	1	2	0	0	0	0	0	0	0	0	0	0	0	0	0	0	0	0	0	0	0	0	2	5	0	1	0	8_371.cif
.0000000000116813233494713088669810409148	0	4	2	1	1	0	0	0	0	0	0	0	0	0	0	0	0	0	0	0	0	0	0	0	0	0	2	3	2	1	0	8_372.cif
.0000000000112463484163346139995549086399	0	4	2	0	1	1	0	0	0	0	0	0	0	0	0	0	0	0	0	0	0	0	0	0	0	0	1	4	3	0	0	8_373.cif
.0000000000111050822602904500839771461822	0	4	2	0	1	1	0	0	0	0	0	0	0	0	0	0	0	0	0	0	0	0	0	0	0	0	4	3	0	1	0	8_374.cif
.0000000000104243866282856011616989630193	0	4	2	1	1	0	0	0	0	0	0	0	0	0	0	0	0	0	0	0	0	0	0	0	0	0	4	2	1	1	0	8_375.cif
.0000000000102934451908002382114107028300	0	4	2	1	1	0	0	0	0	0	0	0	0	0	0	0	0	0	0	0	0	0	0	0	0	0	4	1	1	2	0	8_376.cif
Average: .0000017696181346849716319766581575994484 4.0029222197715892014820966327440261129191 1.9941502527595805191480611593215546738790 .0626385306749521976169352945298527299513 .9790489907595980209402333658348871871333 .9524627313250303005908924989568147567944 .0029257578506956052321093124306424207701 .0000004162915639655751398816442826330850 .0029252676693680694721376653726026736981 .0000000738897635701848317654137571139870 0 0 0 0 0 0 0 0 0 0 0 0 0 0 0 0 4.8700433037649232350869168888169363782992 3.1213226235842503663808820380429028987812 .0055106856636482096395226233924092566833 .0031233858300152443672253384268141892237 .0000000011571629589706518861934450197014
