.8152953892683862099368438605485541039577	0	2	4	3	0	1	0	0	0	0	0	0	0	0	0	0	0	0	0	0	0	0	0	0	0	0	5	5	0	0	0	10_1.cif
.0986273415857767117518545977887276491737	0	2	4	2	0	2	0	0	0	0	0	0	0	0	0	0	0	0	0	0	0	0	0	0	0	0	3	7	0	0	0	10_2.cif
.0467638861610539682426786544922189051489	0	2	4	0	4	0	0	0	0	0	0	0	0	0	0	0	0	0	0	0	0	0	0	0	0	0	5	4	1	0	0	10_3.cif
.0300377885715329656888803328185534372728	0	2	4	2	0	2	0	0	0	0	0	0	0	0	0	0	0	0	0	0	0	0	0	0	0	0	5	5	0	0	0	10_4.cif
.0051778970047737293724899283717978688617	0	2	4	2	1	1	0	0	0	0	0	0	0	0	0	0	0	0	0	0	0	0	0	0	0	0	8	2	0	0	0	10_5.cif
.0018587654352954588530327411521080047923	0	2	4	2	2	0	0	0	0	0	0	0	0	0	0	0	0	0	0	0	0	0	0	0	0	0	4	6	0	0	0	10_6.cif
.0003545280247940702483402668030412180253	0	2	4	3	0	1	0	0	0	0	0	0	0	0	0	0	0	0	0	0	0	0	0	0	0	0	3	6	1	0	0	10_7.cif
.0002277176445936934214257575045834398206	0	2	4	2	0	2	0	0	0	0	0	0	0	0	0	0	0	0	0	0	0	0	0	0	0	0	6	4	0	0	0	10_8.cif
.0001860011458303384407810553255093877797	0	2	4	2	1	1	0	0	0	0	0	0	0	0	0	0	0	0	0	0	0	0	0	0	0	0	2	7	1	0	0	10_9.cif
.0001618390523202355938408652870818294248	0	2	4	3	1	0	0	0	0	0	0	0	0	0	0	0	0	0	0	0	0	0	0	0	0	0	1	8	1	0	0	10_10.cif
.0001373038689747528837986996985246046910	1	0	5	2	1	2	0	0	0	0	0	0	0	0	0	0	0	0	0	0	0	0	0	0	0	0	3	7	0	0	0	10_11.cif
.0001225296632009653702828716277129392633	0	2	4	2	2	0	0	0	0	0	0	0	0	0	0	0	0	0	0	0	0	0	0	0	0	0	6	3	1	0	0	10_12.cif
.0000975819334264763987314079246747011520	0	2	4	1	3	0	0	0	0	0	0	0	0	0	0	0	0	0	0	0	0	0	0	0	0	0	5	4	0	1	0	10_13.cif
.0000916029370829603507727140787788532028	0	2	4	2	1	1	0	0	0	0	0	0	0	0	0	0	0	0	0	0	0	0	0	0	0	0	3	6	1	0	0	10_14.cif
.0000738800757037686298482455739819915350	0	2	4	2	1	1	0	0	0	0	0	0	0	0	0	0	0	0	0	0	0	0	0	0	0	0	5	4	1	0	0	10_15.cif
.0000702355626619966324163649685524165281	0	2	4	3	0	1	0	0	0	0	0	0	0	0	0	0	0	0	0	0	0	0	0	0	0	0	7	1	1	1	0	10_16.cif
.0000676202160733669427580100086129161726	0	2	4	3	1	0	0	0	0	0	0	0	0	0	0	0	0	0	0	0	0	0	0	0	0	0	3	6	0	1	0	10_17.cif
.0000573673452832557932839461864115681714	0	2	4	0	3	1	0	0	0	0	0	0	0	0	0	0	0	0	0	0	0	0	0	0	0	0	4	6	0	0	0	10_18.cif
.0000486703199708287495637349712009105533	0	2	4	1	2	1	0	0	0	0	0	0	0	0	0	0	0	0	0	0	0	0	0	0	0	0	5	4	1	0	0	10_19.cif
.0000439857924069119361548720030885210532	0	2	4	3	0	1	0	0	0	0	0	0	0	0	0	0	0	0	0	0	0	0	0	0	0	0	7	2	1	0	0	10_20.cif
.0000434332838429005271050668867361529014	0	2	4	3	1	0	0	0	0	0	0	0	0	0	0	0	0	0	0	0	0	0	0	0	0	0	2	7	1	0	0	10_21.cif
.0000350300372516511958782685793901933167	0	2	4	0	3	1	0	0	0	0	0	0	0	0	0	0	0	0	0	0	0	0	0	0	0	0	4	4	2	0	0	10_22.cif
.0000337265048685168799197809830024154987	0	2	4	2	2	0	0	0	0	0	0	0	0	0	0	0	0	0	0	0	0	0	0	0	0	0	3	5	1	1	0	10_23.cif
.0000328836925617434022265864367059858079	0	2	4	3	0	1	0	0	0	0	0	0	0	0	0	0	0	0	0	0	0	0	0	0	0	0	2	7	1	0	0	10_24.cif
.0000289767243769303694709981492080808299	0	3	2	1	1	0	1	0	1	0	0	0	0	0	0	0	0	0	0	0	0	0	0	0	0	0	7	2	1	0	0	10_25.cif
.0000286127457488509900708217963044412892	0	3	2	2	0	0	1	1	0	0	0	0	0	0	0	0	0	0	0	0	0	0	0	0	0	0	2	7	1	0	0	10_26.cif
.0000268589027250534540508733375688792224	0	2	4	3	1	0	0	0	0	0	0	0	0	0	0	0	0	0	0	0	0	0	0	0	0	0	7	2	1	0	0	10_27.cif
.0000245837843840989167027029408740314648	0	2	4	2	1	1	0	0	0	0	0	0	0	0	0	0	0	0	0	0	0	0	0	0	0	0	5	4	0	1	0	10_28.cif
.0000222175904564295705175740366288149004	0	2	4	1	1	2	0	0	0	0	0	0	0	0	0	0	0	0	0	0	0	0	0	0	0	0	3	7	0	0	0	10_29.cif
.0000216629425938822244765076374852055038	0	2	4	3	1	0	0	0	0	0	0	0	0	0	0	0	0	0	0	0	0	0	0	0	0	0	1	7	2	0	0	10_30.cif
.0000190891310505218465442852961957871525	0	2	4	0	2	2	0	0	0	0	0	0	0	0	0	0	0	0	0	0	0	0	0	0	0	0	6	3	1	0	0	10_31.cif
.0000172522454301591549389859147269811726	0	2	4	2	1	1	0	0	0	0	0	0	0	0	0	0	0	0	0	0	0	0	0	0	0	0	2	7	1	0	0	10_32.cif
.0000137395910593652765771242947957752597	0	3	2	1	1	0	1	1	0	0	0	0	0	0	0	0	0	0	0	0	0	0	0	0	0	0	3	6	1	0	0	10_33.cif
.0000124171528039126963133725557818589321	0	2	4	1	3	0	0	0	0	0	0	0	0	0	0	0	0	0	0	0	0	0	0	0	0	0	5	3	2	0	0	10_34.cif
.0000118046131590294262164185575774860677	0	2	4	0	2	2	0	0	0	0	0	0	0	0	0	0	0	0	0	0	0	0	0	0	0	0	6	3	0	1	0	10_35.cif
.0000112222901686787067735465722868201640	0	2	4	2	1	1	0	0	0	0	0	0	0	0	0	0	0	0	0	0	0	0	0	0	0	0	7	3	0	0	0	10_36.cif
.0000096420792406359405132764759561911673	0	2	4	1	1	2	0	0	0	0	0	0	0	0	0	0	0	0	0	0	0	0	0	0	0	0	3	6	1	0	0	10_37.cif
.0000091664343092041202145333884866633700	0	2	4	1	0	3	0	0	0	0	0	0	0	0	0	0	0	0	0	0	0	0	0	0	0	0	4	5	0	1	0	10_38.cif
.0000089373686626111471221761596383977918	0	3	2	1	1	0	1	0	1	0	0	0	0	0	0	0	0	0	0	0	0	0	0	0	0	0	6	3	1	0	0	10_39.cif
.0000081801053171129400781933775006437893	0	2	4	0	1	3	0	0	0	0	0	0	0	0	0	0	0	0	0	0	0	0	0	0	0	0	5	4	0	1	0	10_40.cif
.0000075822460170117989373974277628652959	0	2	4	1	1	2	0	0	0	0	0	0	0	0	0	0	0	0	0	0	0	0	0	0	0	0	3	6	0	1	0	10_41.cif
.0000064327595764348111944037928225938803	0	2	4	3	1	0	0	0	0	0	0	0	0	0	0	0	0	0	0	0	0	0	0	0	0	0	7	2	0	1	0	10_42.cif
.0000058877117864722726607705585404536218	0	2	4	3	1	0	0	0	0	0	0	0	0	0	0	0	0	0	0	0	0	0	0	0	0	0	0	8	1	1	0	10_43.cif
.0000038785747206033168306409207746910937	0	2	4	3	1	0	0	0	0	0	0	0	0	0	0	0	0	0	0	0	0	0	0	0	0	0	1	7	2	0	0	10_44.cif
.0000036872441620180213468840954084200493	0	2	4	1	2	1	0	0	0	0	0	0	0	0	0	0	0	0	0	0	0	0	0	0	0	0	3	6	1	0	0	10_45.cif
.0000035500349967755012013784317651779203	0	2	4	2	1	1	0	0	0	0	0	0	0	0	0	0	0	0	0	0	0	0	0	0	0	0	7	2	1	0	0	10_46.cif
.0000033324325280022326149965767863423655	0	2	4	4	0	0	0	0	0	0	0	0	0	0	0	0	0	0	0	0	0	0	0	0	0	0	4	5	1	0	0	10_47.cif
.0000028996148917855423510163603370074847	0	2	4	2	1	1	0	0	0	0	0	0	0	0	0	0	0	0	0	0	0	0	0	0	0	0	5	4	1	0	0	10_48.cif
.0000026876907584691771614928113776807602	0	2	4	2	1	1	0	0	0	0	0	0	0	0	0	0	0	0	0	0	0	0	0	0	0	0	1	7	1	1	0	10_49.cif
.0000023092369630410205198537722620199220	0	2	4	2	2	0	0	0	0	0	0	0	0	0	0	0	0	0	0	0	0	0	0	0	0	0	2	7	1	0	0	10_50.cif
.0000022515300248541354323170763267653687	0	2	4	2	2	0	0	0	0	0	0	0	0	0	0	0	0	0	0	0	0	0	0	0	0	0	5	3	0	2	0	10_51.cif
.0000020607578609796097879885337946261414	0	2	4	0	4	0	0	0	0	0	0	0	0	0	0	0	0	0	0	0	0	0	0	0	0	0	4	3	2	1	0	10_52.cif
.0000019101927445396961880420024332153329	0	2	4	1	3	0	0	0	0	0	0	0	0	0	0	0	0	0	0	0	0	0	0	0	0	0	3	6	0	1	0	10_53.cif
.0000018624577669698648189681149245416542	0	3	2	2	0	0	1	0	1	0	0	0	0	0	0	0	0	0	0	0	0	0	0	0	0	0	1	7	2	0	0	10_54.cif
.0000017705825007791862930480132590913148	0	2	4	2	1	1	0	0	0	0	0	0	0	0	0	0	0	0	0	0	0	0	0	0	0	0	5	4	0	1	0	10_55.cif
.0000016205610259317002265864902474359048	0	2	4	2	2	0	0	0	0	0	0	0	0	0	0	0	0	0	0	0	0	0	0	0	0	0	3	5	2	0	0	10_56.cif
.0000015602165424506844787796070350216171	0	2	4	2	1	1	0	0	0	0	0	0	0	0	0	0	0	0	0	0	0	0	0	0	0	0	5	5	0	0	0	10_57.cif
.0000014832508723050612018338159186998441	0	3	2	0	1	1	1	0	1	0	0	0	0	0	0	0	0	0	0	0	0	0	0	0	0	0	6	3	0	1	0	10_58.cif
.0000014646196560717676204149942712800102	0	2	4	3	0	1	0	0	0	0	0	0	0	0	0	0	0	0	0	0	0	0	0	0	0	0	3	5	2	0	0	10_59.cif
.0000013070232799411208906012267816977205	0	2	4	0	4	0	0	0	0	0	0	0	0	0	0	0	0	0	0	0	0	0	0	0	0	0	2	6	2	0	0	10_60.cif
.0000011664148422532998959015695504747392	0	2	4	2	1	1	0	0	0	0	0	0	0	0	0	0	0	0	0	0	0	0	0	0	0	0	2	7	0	1	0	10_61.cif
.0000010811650888353008752388852404201617	0	3	2	2	0	0	1	0	1	0	0	0	0	0	0	0	0	0	0	0	0	0	0	0	0	0	5	3	1	1	0	10_62.cif
.0000010278310846530631722407139097487581	0	2	4	1	3	0	0	0	0	0	0	0	0	0	0	0	0	0	0	0	0	0	0	0	0	0	3	6	1	0	0	10_63.cif
.0000009407429454977931103727531976119988	0	3	2	1	1	0	1	0	1	0	0	0	0	0	0	0	0	0	0	0	0	0	0	0	0	0	3	6	0	1	0	10_64.cif
.0000008831021667817433876103009934187211	0	3	2	2	0	0	1	1	0	0	0	0	0	0	0	0	0	0	0	0	0	0	0	0	0	0	6	3	0	1	0	10_65.cif
.0000008185588848944785623399836424301282	0	2	4	2	2	0	0	0	0	0	0	0	0	0	0	0	0	0	0	0	0	0	0	0	0	0	7	2	1	0	0	10_66.cif
.0000008082769104362723650567835207257782	0	2	4	1	1	2	0	0	0	0	0	0	0	0	0	0	0	0	0	0	0	0	0	0	0	0	6	2	0	2	0	10_67.cif
.0000007492023815362099579911345702295233	0	2	4	3	0	1	0	0	0	0	0	0	0	0	0	0	0	0	0	0	0	0	0	0	0	0	5	3	2	0	0	10_68.cif
.0000006771090485425258196605192723070250	0	2	4	2	2	0	0	0	0	0	0	0	0	0	0	0	0	0	0	0	0	0	0	0	0	0	6	4	0	0	0	10_69.cif
.0000006197375913807021225265790970142072	0	2	4	2	1	1	0	0	0	0	0	0	0	0	0	0	0	0	0	0	0	0	0	0	0	0	3	6	0	1	0	10_70.cif
.0000006042505887688961288001741965875066	0	2	4	1	2	1	0	0	0	0	0	0	0	0	0	0	0	0	0	0	0	0	0	0	0	0	3	5	1	1	0	10_71.cif
.0000005461055000968304296797464195461210	0	2	4	1	1	2	0	0	0	0	0	0	0	0	0	0	0	0	0	0	0	0	0	0	0	0	4	4	2	0	0	10_72.cif
.0000005392458313459312508336805094342329	0	2	4	1	2	1	0	0	0	0	0	0	0	0	0	0	0	0	0	0	0	0	0	0	0	0	2	7	0	1	0	10_73.cif
.0000005061922912306508764010837163174064	0	2	4	3	1	0	0	0	0	0	0	0	0	0	0	0	0	0	0	0	0	0	0	0	0	0	6	2	2	0	0	10_74.cif
.0000004349153434534344917871785739118146	0	2	4	3	1	0	0	0	0	0	0	0	0	0	0	0	0	0	0	0	0	0	0	0	0	0	4	3	2	1	0	10_75.cif
.0000004134609171255803675343935177846884	0	2	4	0	3	1	0	0	0	0	0	0	0	0	0	0	0	0	0	0	0	0	0	0	0	0	4	3	2	1	0	10_76.cif
.0000004031286887881999690396661886203809	0	2	4	0	4	0	0	0	0	0	0	0	0	0	0	0	0	0	0	0	0	0	0	0	0	0	5	2	2	1	0	10_77.cif
.0000003832423019673199904936260663832328	0	2	4	0	2	2	0	0	0	0	0	0	0	0	0	0	0	0	0	0	0	0	0	0	0	0	4	5	1	0	0	10_78.cif
.0000003736652251301713261631719193846005	0	2	4	4	0	0	0	0	0	0	0	0	0	0	0	0	0	0	0	0	0	0	0	0	0	0	2	6	1	1	0	10_79.cif
.0000003377086235931707328723552711804405	0	2	4	0	2	2	0	0	0	0	0	0	0	0	0	0	0	0	0	0	0	0	0	0	0	0	6	2	1	1	0	10_80.cif
.0000003292779449105707149282156656144996	0	2	4	2	1	1	0	0	0	0	0	0	0	0	0	0	0	0	0	0	0	0	0	0	0	0	6	2	2	0	0	10_81.cif
.0000002865111970238788312842002015728193	0	2	4	3	1	0	0	0	0	0	0	0	0	0	0	0	0	0	0	0	0	0	0	0	0	0	4	4	2	0	0	10_82.cif
.0000002758424410071201152575911213737007	0	2	4	2	1	1	0	0	0	0	0	0	0	0	0	0	0	0	0	0	0	0	0	0	0	0	2	6	1	1	0	10_83.cif
.0000002589344397592130194725747236366620	0	2	4	0	3	1	0	0	0	0	0	0	0	0	0	0	0	0	0	0	0	0	0	0	0	0	4	4	1	1	0	10_84.cif
.0000002400159172045461980045839753473983	0	3	2	1	1	0	1	0	1	0	0	0	0	0	0	0	0	0	0	0	0	0	0	0	0	0	5	3	1	1	0	10_85.cif
.0000002310784959540236611789860336857978	0	2	4	1	2	1	0	0	0	0	0	0	0	0	0	0	0	0	0	0	0	0	0	0	0	0	4	4	1	1	0	10_86.cif
.0000002253039337519806724591017867608485	0	3	2	2	0	0	1	1	0	0	0	0	0	0	0	0	0	0	0	0	0	0	0	0	0	0	2	6	2	0	0	10_87.cif
.0000002169143394750927180580430146736770	0	2	4	3	0	1	0	0	0	0	0	0	0	0	0	0	0	0	0	0	0	0	0	0	0	0	4	3	1	2	0	10_88.cif
.0000002062139289566448067737396110928387	0	2	4	2	1	1	0	0	0	0	0	0	0	0	0	0	0	0	0	0	0	0	0	0	0	0	5	3	0	2	0	10_89.cif
.0000001817132966694965839808445155718237	0	2	4	2	2	0	0	0	0	0	0	0	0	0	0	0	0	0	0	0	0	0	0	0	0	0	1	7	2	0	0	10_90.cif
.0000001705794412701898252553979060103668	0	2	4	1	3	0	0	0	0	0	0	0	0	0	0	0	0	0	0	0	0	0	0	0	0	0	5	3	2	0	0	10_91.cif
.0000001601277744521520416906560182624018	0	2	4	2	1	1	0	0	0	0	0	0	0	0	0	0	0	0	0	0	0	0	0	0	0	0	3	6	1	0	0	10_92.cif
.0000001561262433272799208493227094736658	0	2	4	0	4	0	0	0	0	0	0	0	0	0	0	0	0	0	0	0	0	0	0	0	0	0	5	2	1	2	0	10_93.cif
.0000001541651308456119498316018147937734	0	2	4	2	2	0	0	0	0	0	0	0	0	0	0	0	0	0	0	0	0	0	0	0	0	0	2	5	2	1	0	10_94.cif
.0000001522247089168947360603203564612161	0	3	2	1	1	0	1	0	0	1	0	0	0	0	0	0	0	0	0	0	0	0	0	0	0	0	5	3	2	0	0	10_95.cif
.0000001503126038773249158451334815640694	0	2	4	2	2	0	0	0	0	0	0	0	0	0	0	0	0	0	0	0	0	0	0	0	0	0	6	3	1	0	0	10_96.cif
.0000001447154456731475548219829554421874	0	2	4	3	1	0	0	0	0	0	0	0	0	0	0	0	0	0	0	0	0	0	0	0	0	0	1	7	0	2	0	10_97.cif
.0000001358485059626121630052059755241347	0	2	4	2	1	1	0	0	0	0	0	0	0	0	0	0	0	0	0	0	0	0	0	0	0	0	2	6	2	0	0	10_98.cif
.0000001081889847618993517360205306034297	0	2	4	1	2	1	0	0	0	0	0	0	0	0	0	0	0	0	0	0	0	0	0	0	0	0	2	6	2	0	0	10_99.cif
.0000001054853838945656360892952735334875	0	2	4	2	1	1	0	0	0	0	0	0	0	0	0	0	0	0	0	0	0	0	0	0	0	0	5	3	1	1	0	10_100.cif
.0000000990221308880529480646102496347953	0	2	4	2	2	0	0	0	0	0	0	0	0	0	0	0	0	0	0	0	0	0	0	0	0	0	4	4	1	1	0	10_101.cif
.0000000861610979147011540471070846989578	0	2	4	2	1	1	0	0	0	0	0	0	0	0	0	0	0	0	0	0	0	0	0	0	0	0	3	5	2	0	0	10_102.cif
.0000000850788224371536056172124809797909	0	3	2	2	0	0	1	0	1	0	0	0	0	0	0	0	0	0	0	0	0	0	0	0	0	0	5	3	1	1	0	10_103.cif
.0000000759241493819524696114444513348655	0	2	4	2	2	0	0	0	0	0	0	0	0	0	0	0	0	0	0	0	0	0	0	0	0	0	3	4	2	1	0	10_104.cif
.0000000703750816070782602444371558523179	0	3	2	1	0	1	1	0	1	0	0	0	0	0	0	0	0	0	0	0	0	0	0	0	0	0	5	4	1	0	0	10_105.cif
.0000000686182129373407148565473689363570	0	3	2	0	1	1	1	1	0	0	0	0	0	0	0	0	0	0	0	0	0	0	0	0	0	0	5	3	1	1	0	10_106.cif
.0000000636031140882969865451776913360757	0	2	4	0	1	3	0	0	0	0	0	0	0	0	0	0	0	0	0	0	0	0	0	0	0	0	5	4	1	0	0	10_107.cif
.0000000597060526834142096764943543663919	0	2	4	2	1	1	0	0	0	0	0	0	0	0	0	0	0	0	0	0	0	0	0	0	0	0	3	5	2	0	0	10_108.cif
.0000000567607459061185107242413937553231	0	2	4	2	1	1	0	0	0	0	0	0	0	0	0	0	0	0	0	0	0	0	0	0	0	0	5	4	1	0	0	10_109.cif
.0000000553423168285186096056525554105499	0	3	2	0	1	1	1	0	1	0	0	0	0	0	0	0	0	0	0	0	0	0	0	0	0	0	6	2	1	1	0	10_110.cif
.0000000512975133055303100886314563117843	0	2	4	1	1	2	0	0	0	0	0	0	0	0	0	0	0	0	0	0	0	0	0	0	0	0	5	3	1	1	0	10_111.cif
.0000000435206888859946037184296650622698	0	2	4	1	3	0	0	0	0	0	0	0	0	0	0	0	0	0	0	0	0	0	0	0	0	0	3	5	2	0	0	10_112.cif
.0000000429729093809661023755860418149310	0	3	2	1	1	0	1	1	0	0	0	0	0	0	0	0	0	0	0	0	0	0	0	0	0	0	2	6	1	1	0	10_113.cif
.0000000408530505802011187276513222069782	0	2	4	1	2	1	0	0	0	0	0	0	0	0	0	0	0	0	0	0	0	0	0	0	0	0	6	2	1	1	0	10_114.cif
.0000000403398926017624839323887145579895	0	2	4	1	2	1	0	0	0	0	0	0	0	0	0	0	0	0	0	0	0	0	0	0	0	0	4	4	1	1	0	10_115.cif
.0000000398331804359888853744220816140937	0	2	4	1	2	1	0	0	0	0	0	0	0	0	0	0	0	0	0	0	0	0	0	0	0	0	6	2	0	2	0	10_116.cif
.0000000325351393111007108864959292153717	0	3	2	1	0	1	1	1	0	0	0	0	0	0	0	0	0	0	0	0	0	0	0	0	0	0	4	5	1	0	0	10_117.cif
.0000000305416608858815170610760862888331	0	2	4	0	3	1	0	0	0	0	0	0	0	0	0	0	0	0	0	0	0	0	0	0	0	0	4	4	2	0	0	10_118.cif
.0000000290350370721447509791661471922467	0	3	2	1	1	0	1	0	0	1	0	0	0	0	0	0	0	0	0	0	0	0	0	0	0	0	4	4	1	1	0	10_119.cif
.0000000286695833386910518378047879014309	0	2	4	1	1	2	0	0	0	0	0	0	0	0	0	0	0	0	0	0	0	0	0	0	0	0	4	4	1	1	0	10_120.cif
.0000000279538656216815442119391030073986	0	2	4	2	2	0	0	0	0	0	0	0	0	0	0	0	0	0	0	0	0	0	0	0	0	0	3	5	1	1	0	10_121.cif
.0000000252639551350219589037301178675902	0	2	4	1	2	1	0	0	0	0	0	0	0	0	0	0	0	0	0	0	0	0	0	0	0	0	7	2	1	0	0	10_122.cif
.0000000243232066541469730310241797430468	0	2	4	3	1	0	0	0	0	0	0	0	0	0	0	0	0	0	0	0	0	0	0	0	0	0	4	4	2	0	0	10_123.cif
.0000000234174886227617330729591243808847	0	2	4	2	2	0	0	0	0	0	0	0	0	0	0	0	0	0	0	0	0	0	0	0	0	0	4	3	2	1	0	10_124.cif
.0000000231233399373857147653989491865601	0	2	4	1	3	0	0	0	0	0	0	0	0	0	0	0	0	0	0	0	0	0	0	0	0	0	2	5	3	0	0	10_125.cif
.0000000217059747955691012436449512654515	0	2	4	1	2	1	0	0	0	0	0	0	0	0	0	0	0	0	0	0	0	0	0	0	0	0	3	4	2	1	0	10_126.cif
.0000000211640990890887461526042254735637	0	2	4	2	2	0	0	0	0	0	0	0	0	0	0	0	0	0	0	0	0	0	0	0	0	0	7	2	0	1	0	10_127.cif
.0000000208977140657780049173568897586419	0	2	4	4	0	0	0	0	0	0	0	0	0	0	0	0	0	0	0	0	0	0	0	0	0	0	6	2	1	1	0	10_128.cif
.0000000203760160688039412967514063201268	0	2	4	2	2	0	0	0	0	0	0	0	0	0	0	0	0	0	0	0	0	0	0	0	0	0	4	3	0	3	0	10_129.cif
.0000000201195503674943713440382019075248	0	2	4	3	0	1	0	0	0	0	0	0	0	0	0	0	0	0	0	0	0	0	0	0	0	0	2	6	2	0	0	10_130.cif
.0000000198668273113933579924419203899562	0	2	4	1	2	1	0	0	0	0	0	0	0	0	0	0	0	0	0	0	0	0	0	0	0	0	4	4	2	0	0	10_131.cif
.0000000191270505221648753493521242348481	0	2	4	2	2	0	0	0	0	0	0	0	0	0	0	0	0	0	0	0	0	0	0	0	0	0	3	5	1	1	0	10_132.cif
.0000000186495560022366910391149543127944	0	2	4	1	2	1	0	0	0	0	0	0	0	0	0	0	0	0	0	0	0	0	0	0	0	0	5	2	2	1	0	10_133.cif
.0000000175064153201594469970767161499452	0	3	2	1	1	0	1	0	1	0	0	0	0	0	0	0	0	0	0	0	0	0	0	0	0	0	6	3	1	0	0	10_134.cif
.0000000170693789161788077051752913527281	0	3	2	2	0	0	1	0	1	0	0	0	0	0	0	0	0	0	0	0	0	0	0	0	0	0	6	2	1	1	0	10_135.cif
.0000000162273443962847206065138096624036	0	2	4	3	0	1	0	0	0	0	0	0	0	0	0	0	0	0	0	0	0	0	0	0	0	0	4	4	2	0	0	10_136.cif
.0000000158218293387132711744941803144546	0	2	4	3	1	0	0	0	0	0	0	0	0	0	0	0	0	0	0	0	0	0	0	0	0	0	5	3	0	2	0	10_137.cif
.0000000152326752717625876433847001008378	0	2	4	1	2	1	0	0	0	0	0	0	0	0	0	0	0	0	0	0	0	0	0	0	0	0	3	6	0	1	0	10_138.cif
.0000000148524013263529973534154667362538	0	2	4	3	0	1	0	0	0	0	0	0	0	0	0	0	0	0	0	0	0	0	0	0	0	0	3	4	2	1	0	10_139.cif
.0000000134228548708261606134062839651072	0	2	4	1	2	1	0	0	0	0	0	0	0	0	0	0	0	0	0	0	0	0	0	0	0	0	3	5	1	1	0	10_140.cif
.0000000124421410543949155361289953207547	0	2	4	4	0	0	0	0	0	0	0	0	0	0	0	0	0	0	0	0	0	0	0	0	0	0	1	6	2	1	0	10_141.cif
.0000000115327823781712221894952409292851	0	2	4	0	2	2	0	0	0	0	0	0	0	0	0	0	0	0	0	0	0	0	0	0	0	0	6	3	1	0	0	10_142.cif
.0000000112448738802708461995937995464698	0	2	4	1	3	0	0	0	0	0	0	0	0	0	0	0	0	0	0	0	0	0	0	0	0	0	4	3	3	0	0	10_143.cif
.0000000111033386333362567835708292867030	0	3	2	0	0	2	1	0	0	1	0	0	0	0	0	0	0	0	0	0	0	0	0	0	0	0	5	3	1	1	0	10_144.cif
.0000000099088510352097972831688287225825	0	2	4	1	2	1	0	0	0	0	0	0	0	0	0	0	0	0	0	0	0	0	0	0	0	0	5	3	0	2	0	10_145.cif
.0000000094200462189884741707296418532259	0	2	4	4	0	0	0	0	0	0	0	0	0	0	0	0	0	0	0	0	0	0	0	0	0	0	6	2	1	1	0	10_146.cif
.0000000093014794318518926358606440297655	0	2	4	2	1	1	0	0	0	0	0	0	0	0	0	0	0	0	0	0	0	0	0	0	0	0	4	4	1	1	0	10_147.cif
.0000000091846429089007549063099243415726	0	3	2	1	1	0	1	0	1	0	0	0	0	0	0	0	0	0	0	0	0	0	0	0	0	0	5	3	0	2	0	10_148.cif
.0000000088426363300515922076776810181745	0	2	4	1	2	1	0	0	0	0	0	0	0	0	0	0	0	0	0	0	0	0	0	0	0	0	4	4	2	0	0	10_149.cif
.0000000087315633668639563722302721401698	0	2	4	2	2	0	0	0	0	0	0	0	0	0	0	0	0	0	0	0	0	0	0	0	0	0	3	4	1	2	0	10_150.cif
.0000000086218855988071384887017923342077	0	3	2	2	0	0	1	1	0	0	0	0	0	0	0	0	0	0	0	0	0	0	0	0	0	0	0	7	2	1	0	10_151.cif
.0000000085133649768542352444613155427936	0	2	4	2	1	1	0	0	0	0	0	0	0	0	0	0	0	0	0	0	0	0	0	0	0	0	5	2	3	0	0	10_152.cif
.0000000083008342932610845451284074285541	0	3	2	2	0	0	1	1	0	0	0	0	0	0	0	0	0	0	0	0	0	0	0	0	0	0	1	7	1	1	0	10_153.cif
.0000000079917379063475726814423849035046	0	2	4	1	1	2	0	0	0	0	0	0	0	0	0	0	0	0	0	0	0	0	0	0	0	0	5	3	1	1	0	10_154.cif
.0000000077920274683334235049340658142136	0	2	4	0	3	1	0	0	0	0	0	0	0	0	0	0	0	0	0	0	0	0	0	0	0	0	3	4	2	1	0	10_155.cif
.0000000075020717351357391517331728388561	0	3	2	0	2	0	1	0	1	0	0	0	0	0	0	0	0	0	0	0	0	0	0	0	0	0	4	4	1	1	0	10_156.cif
.0000000073145978652722739625438137644797	0	2	4	2	2	0	0	0	0	0	0	0	0	0	0	0	0	0	0	0	0	0	0	0	0	0	5	3	2	0	0	10_157.cif
.0000000072227186983477413211433654600989	0	3	2	1	1	0	1	1	0	0	0	0	0	0	0	0	0	0	0	0	0	0	0	0	0	0	4	5	0	1	0	10_158.cif
.0000000071318088948769085084730378131794	0	2	4	1	2	1	0	0	0	0	0	0	0	0	0	0	0	0	0	0	0	0	0	0	0	0	5	4	0	1	0	10_159.cif
.0000000069537678706984787498278617710441	0	2	4	0	3	1	0	0	0	0	0	0	0	0	0	0	0	0	0	0	0	0	0	0	0	0	5	4	1	0	0	10_160.cif
.0000000067799959022505544946615738976528	0	2	4	2	2	0	0	0	0	0	0	0	0	0	0	0	0	0	0	0	0	0	0	0	0	0	4	4	2	0	0	10_161.cif
.0000000064455378869665718055291974970341	0	2	4	2	1	1	0	0	0	0	0	0	0	0	0	0	0	0	0	0	0	0	0	0	0	0	3	5	2	0	0	10_162.cif
.0000000062846291773121739557945027621277	0	2	4	1	3	0	0	0	0	0	0	0	0	0	0	0	0	0	0	0	0	0	0	0	0	0	4	4	1	1	0	10_163.cif
.0000000062055267745663479183742566909075	0	2	4	1	2	1	0	0	0	0	0	0	0	0	0	0	0	0	0	0	0	0	0	0	0	0	2	6	2	0	0	10_164.cif
.0000000058994073906115379993829163039643	0	3	2	1	0	1	1	1	0	0	0	0	0	0	0	0	0	0	0	0	0	0	0	0	0	0	3	6	0	1	0	10_165.cif
.0000000058253045285839147270241256154002	0	3	2	1	1	0	1	0	1	0	0	0	0	0	0	0	0	0	0	0	0	0	0	0	0	0	3	6	1	0	0	10_166.cif
.0000000056797324224159595858042740056406	0	2	4	2	1	1	0	0	0	0	0	0	0	0	0	0	0	0	0	0	0	0	0	0	0	0	4	5	0	1	0	10_167.cif
.0000000056083889127743108017797702099023	0	3	2	0	0	2	1	1	0	0	0	0	0	0	0	0	0	0	0	0	0	0	0	0	0	0	5	4	1	0	0	10_168.cif
.0000000054683790890760662242145469343647	0	2	4	2	1	1	0	0	0	0	0	0	0	0	0	0	0	0	0	0	0	0	0	0	0	0	5	4	1	0	0	10_169.cif
.0000000053317264115352546744392945385630	0	3	2	0	2	0	1	0	1	0	0	0	0	0	0	0	0	0	0	0	0	0	0	0	0	0	6	2	0	2	0	10_170.cif
.0000000051331900582490782521682930671688	0	2	4	1	1	2	0	0	0	0	0	0	0	0	0	0	0	0	0	0	0	0	0	0	0	0	4	4	1	1	0	10_171.cif
.0000000048799691737958043490497771401257	0	2	4	2	1	1	0	0	0	0	0	0	0	0	0	0	0	0	0	0	0	0	0	0	0	0	5	3	2	0	0	10_172.cif
.0000000048186715453322512675987636027503	0	2	4	3	1	0	0	0	0	0	0	0	0	0	0	0	0	0	0	0	0	0	0	0	0	0	3	5	1	1	0	10_173.cif
.0000000046392397061020279086756063396891	1	1	3	0	1	2	1	0	1	0	0	0	0	0	0	0	0	0	0	0	0	0	0	0	0	0	6	3	1	0	0	10_174.cif
.0000000045809658970408921145994422928398	0	2	4	1	2	1	0	0	0	0	0	0	0	0	0	0	0	0	0	0	0	0	0	0	0	0	5	3	2	0	0	10_175.cif
.0000000043548734916292937584228137614159	0	2	4	1	1	2	0	0	0	0	0	0	0	0	0	0	0	0	0	0	0	0	0	0	0	0	4	4	2	0	0	10_176.cif
.0000000040880436413830409150614799116394	0	2	4	2	2	0	0	0	0	0	0	0	0	0	0	0	0	0	0	0	0	0	0	0	0	0	6	2	0	2	0	10_177.cif
.0000000040366934440051806422151040301768	0	3	2	2	0	0	1	0	1	0	0	0	0	0	0	0	0	0	0	0	0	0	0	0	0	0	5	2	2	1	0	10_178.cif
.0000000038375628697309862849904948699956	0	2	4	1	2	1	0	0	0	0	0	0	0	0	0	0	0	0	0	0	0	0	0	0	0	0	3	5	2	0	0	10_179.cif
.0000000037892608243565739297654129401873	0	2	4	3	1	0	0	0	0	0	0	0	0	0	0	0	0	0	0	0	0	0	0	0	0	0	1	6	1	2	0	10_180.cif
.0000000035124061253919702103743235089045	0	2	4	0	2	2	0	0	0	0	0	0	0	0	0	0	0	0	0	0	0	0	0	0	0	0	3	5	1	1	0	10_181.cif
.0000000034246324553835404798724719545998	0	3	2	0	1	1	1	0	1	0	0	0	0	0	0	0	0	0	0	0	0	0	0	0	0	0	5	4	0	1	0	10_182.cif
.0000000031743363670683993514301109308192	0	2	4	1	2	1	0	0	0	0	0	0	0	0	0	0	0	0	0	0	0	0	0	0	0	0	3	4	1	2	0	10_183.cif
.0000000029424098832359376311071764146421	0	3	2	0	1	1	1	0	0	1	0	0	0	0	0	0	0	0	0	0	0	0	0	0	0	0	3	4	2	1	0	10_184.cif
.0000000029053748116254640386069356261171	0	2	4	2	1	1	0	0	0	0	0	0	0	0	0	0	0	0	0	0	0	0	0	0	0	0	4	3	3	0	0	10_185.cif
.0000000027972604489461027012370331423756	0	2	4	1	1	2	0	0	0	0	0	0	0	0	0	0	0	0	0	0	0	0	0	0	0	0	5	3	1	1	0	10_186.cif
.0000000027620523218832840021449844835309	0	2	4	2	0	2	0	0	0	0	0	0	0	0	0	0	0	0	0	0	0	0	0	0	0	0	4	4	2	0	0	10_187.cif
.0000000026930994613298048371884377793024	0	2	4	2	2	0	0	0	0	0	0	0	0	0	0	0	0	0	0	0	0	0	0	0	0	0	6	0	2	2	0	10_188.cif
.0000000026592023717459470260834567500692	0	2	4	2	1	1	0	0	0	0	0	0	0	0	0	0	0	0	0	0	0	0	0	0	0	0	2	6	1	1	0	10_189.cif
.0000000026257999478396719872587741030668	0	3	2	2	0	0	1	1	0	0	0	0	0	0	0	0	0	0	0	0	0	0	0	0	0	0	6	2	1	1	0	10_190.cif
.0000000025280235981426497160397235847004	0	3	2	0	0	2	1	0	0	1	0	0	0	0	0	0	0	0	0	0	0	0	0	0	0	0	5	3	1	1	0	10_191.cif
.0000000024962689198348135589304663707964	0	2	4	1	1	2	0	0	0	0	0	0	0	0	0	0	0	0	0	0	0	0	0	0	0	0	4	4	0	2	0	10_192.cif
.0000000023731276730582621239869682029084	0	2	4	0	2	2	0	0	0	0	0	0	0	0	0	0	0	0	0	0	0	0	0	0	0	0	5	4	1	0	0	10_193.cif
.0000000023433186531200168149488845059451	0	2	4	2	2	0	0	0	0	0	0	0	0	0	0	0	0	0	0	0	0	0	0	0	0	0	5	3	2	0	0	10_194.cif
.0000000022560609988316453235649923088435	0	3	2	0	1	1	1	0	0	1	0	0	0	0	0	0	0	0	0	0	0	0	0	0	0	0	5	3	1	1	0	10_195.cif
.0000000021177737865943690184046188712958	0	2	4	1	3	0	0	0	0	0	0	0	0	0	0	0	0	0	0	0	0	0	0	0	0	0	5	3	1	1	0	10_196.cif
.0000000019880145034788911167737619074837	0	2	4	3	1	0	0	0	0	0	0	0	0	0	0	0	0	0	0	0	0	0	0	0	0	0	5	2	1	2	0	10_197.cif
.0000000017080821370647075450676787621680	0	2	4	1	2	1	0	0	0	0	0	0	0	0	0	0	0	0	0	0	0	0	0	0	0	0	1	5	2	2	0	10_198.cif
.0000000016865831118530355704919861948423	0	2	4	2	2	0	0	0	0	0	0	0	0	0	0	0	0	0	0	0	0	0	0	0	0	0	6	1	1	2	0	10_199.cif
.0000000016237801781134300948679440418565	0	2	4	1	3	0	0	0	0	0	0	0	0	0	0	0	0	0	0	0	0	0	0	0	0	0	6	1	1	2	0	10_200.cif
.0000000015832435498591843812985824358468	0	2	4	0	2	2	0	0	0	0	0	0	0	0	0	0	0	0	0	0	0	0	0	0	0	0	4	3	1	2	0	10_201.cif
.0000000015633563187250792606337478618216	0	2	4	2	1	1	0	0	0	0	0	0	0	0	0	0	0	0	0	0	0	0	0	0	0	0	2	5	2	1	0	10_202.cif
.0000000015242886492339678825146631077989	0	2	4	2	1	1	0	0	0	0	0	0	0	0	0	0	0	0	0	0	0	0	0	0	0	0	3	5	1	1	0	10_203.cif
.0000000014128829753881000002939480166046	0	2	4	0	1	3	0	0	0	0	0	0	0	0	0	0	0	0	0	0	0	0	0	0	0	0	5	3	0	2	0	10_204.cif
.0000000013951356551482768845537826183652	0	3	2	2	0	0	1	0	0	1	0	0	0	0	0	0	0	0	0	0	0	0	0	0	0	0	5	2	2	1	0	10_205.cif
.0000000013603069904193503645903999056535	0	2	4	2	2	0	0	0	0	0	0	0	0	0	0	0	0	0	0	0	0	0	0	0	0	0	6	1	2	1	0	10_206.cif
.0000000013431852878688533229344645694844	0	2	4	0	3	1	0	0	0	0	0	0	0	0	0	0	0	0	0	0	0	0	0	0	0	0	5	2	1	2	0	10_207.cif
.0000000012769257956779891610840548547732	0	2	4	2	1	1	0	0	0	0	0	0	0	0	0	0	0	0	0	0	0	0	0	0	0	0	5	3	0	2	0	10_208.cif
.0000000012608862429243980414385003828757	0	2	4	3	1	0	0	0	0	0	0	0	0	0	0	0	0	0	0	0	0	0	0	0	0	0	2	5	0	3	0	10_209.cif
.0000000012450481640962346991610150323673	0	2	4	1	3	0	0	0	0	0	0	0	0	0	0	0	0	0	0	0	0	0	0	0	0	0	2	5	1	2	0	10_210.cif
.0000000012139348922254345372090045831958	0	3	2	1	1	0	1	0	1	0	0	0	0	0	0	0	0	0	0	0	0	0	0	0	0	0	2	7	1	0	0	10_211.cif
.0000000011835991289799404572319522345988	0	2	4	3	1	0	0	0	0	0	0	0	0	0	0	0	0	0	0	0	0	0	0	0	0	0	2	6	1	1	0	10_212.cif
.0000000011687318589062723105442931438823	0	2	4	2	1	1	0	0	0	0	0	0	0	0	0	0	0	0	0	0	0	0	0	0	0	0	5	2	2	1	0	10_213.cif
.0000000011540513376346532861447416584143	0	2	4	1	2	1	0	0	0	0	0	0	0	0	0	0	0	0	0	0	0	0	0	0	0	0	3	4	2	1	0	10_214.cif
.0000000011395552194005352205753068501170	0	2	4	2	2	0	0	0	0	0	0	0	0	0	0	0	0	0	0	0	0	0	0	0	0	0	5	1	2	2	0	10_215.cif
.0000000011252120412474717398216738692908	0	2	4	4	0	0	0	0	0	0	0	0	0	0	0	0	0	0	0	0	0	0	0	0	0	0	6	1	1	2	0	10_216.cif
.0000000010833408230377449579687411723797	0	2	4	2	1	1	0	0	0	0	0	0	0	0	0	0	0	0	0	0	0	0	0	0	0	0	3	4	3	0	0	10_217.cif
.0000000010562685550501231757392285672736	0	3	2	1	1	0	1	0	1	0	0	0	0	0	0	0	0	0	0	0	0	0	0	0	0	0	4	5	1	0	0	10_218.cif
.0000000010298728125643637706794819064817	0	3	2	2	0	0	1	0	1	0	0	0	0	0	0	0	0	0	0	0	0	0	0	0	0	0	3	6	0	1	0	10_219.cif
.0000000009790690625545925834541956698583	0	3	2	1	1	0	1	0	0	1	0	0	0	0	0	0	0	0	0	0	0	0	0	0	0	0	3	3	3	1	0	10_220.cif
.0000000009546272328297590274274475673282	0	3	2	0	0	2	1	1	0	0	0	0	0	0	0	0	0	0	0	0	0	0	0	0	0	0	5	3	0	2	0	10_221.cif
.0000000009307714676579257343561980286195	0	2	4	1	2	1	0	0	0	0	0	0	0	0	0	0	0	0	0	0	0	0	0	0	0	0	4	3	1	2	0	10_222.cif
.0000000009075353563402321220138091376145	0	2	4	3	0	1	0	0	0	0	0	0	0	0	0	0	0	0	0	0	0	0	0	0	0	0	5	2	3	0	0	10_223.cif
.0000000008627441799109168409429501838907	0	3	3	2	1	0	0	0	0	0	0	0	0	0	0	0	0	0	0	0	0	0	0	0	0	0	2	6	0	1	1	10_224.cif
.0000000008519071909226980717607252287615	0	2	4	2	1	1	0	0	0	0	0	0	0	0	0	0	0	0	0	0	0	0	0	0	0	0	1	6	2	1	0	10_225.cif
.0000000008306398755736005004115946513310	0	3	2	0	1	1	1	0	1	0	0	0	0	0	0	0	0	0	0	0	0	0	0	0	0	0	3	6	0	1	0	10_226.cif
.0000000007997095166126312341657929596812	0	3	2	1	1	0	1	0	1	0	0	0	0	0	0	0	0	0	0	0	0	0	0	0	0	0	2	6	1	1	0	10_227.cif
.0000000007797250852263191955175095032984	0	3	2	2	0	0	1	0	0	1	0	0	0	0	0	0	0	0	0	0	0	0	0	0	0	0	3	5	1	1	0	10_228.cif
.0000000007699309047969501339239854028900	0	2	4	2	2	0	0	0	0	0	0	0	0	0	0	0	0	0	0	0	0	0	0	0	0	0	5	1	3	1	0	10_229.cif
.0000000007602597497416527464924202868233	0	2	4	0	1	3	0	0	0	0	0	0	0	0	0	0	0	0	0	0	0	0	0	0	0	0	5	3	0	2	0	10_230.cif
.0000000007227373233756885359469690833292	0	2	4	3	1	0	0	0	0	0	0	0	0	0	0	0	0	0	0	0	0	0	0	0	0	0	3	4	2	1	0	10_231.cif
.0000000006958429327488095956198059525701	0	2	4	1	3	0	0	0	0	0	0	0	0	0	0	0	0	0	0	0	0	0	0	0	0	0	2	6	2	0	0	10_232.cif
.0000000006699319786478982456393086780454	0	2	4	1	2	1	0	0	0	0	0	0	0	0	0	0	0	0	0	0	0	0	0	0	0	0	5	2	2	1	0	10_233.cif
.0000000006531906377201395269872918319819	0	2	4	1	2	1	0	0	0	0	0	0	0	0	0	0	0	0	0	0	0	0	0	0	0	0	4	4	1	1	0	10_234.cif
.0000000006368841533712676824444845908116	0	2	4	3	1	0	0	0	0	0	0	0	0	0	0	0	0	0	0	0	0	0	0	0	0	0	5	2	1	2	0	10_235.cif
.0000000006288679179847345501715350728342	0	2	4	3	0	1	0	0	0	0	0	0	0	0	0	0	0	0	0	0	0	0	0	0	0	0	5	4	0	1	0	10_236.cif
.0000000006209686648098845931199973225693	0	3	2	2	0	0	1	0	1	0	0	0	0	0	0	0	0	0	0	0	0	0	0	0	0	0	2	6	2	0	0	10_237.cif
.0000000006131686346975186278354448058468	0	3	2	0	1	1	1	0	1	0	0	0	0	0	0	0	0	0	0	0	0	0	0	0	0	0	3	5	2	0	0	10_238.cif
.0000000005978457877714806268431658104265	0	2	4	2	1	1	0	0	0	0	0	0	0	0	0	0	0	0	0	0	0	0	0	0	0	0	4	3	2	1	0	10_239.cif
.0000000005903362057081145336160345233504	0	3	2	0	1	1	1	1	0	0	0	0	0	0	0	0	0	0	0	0	0	0	0	0	0	0	5	2	1	2	0	10_240.cif
.0000000005829209520215973304103233517223	0	3	2	1	0	1	1	0	1	0	0	0	0	0	0	0	0	0	0	0	0	0	0	0	0	0	3	4	2	1	0	10_241.cif
.0000000005683539829818102341608257551131	0	3	2	0	1	1	1	0	1	0	0	0	0	0	0	0	0	0	0	0	0	0	0	0	0	0	5	3	1	1	0	10_242.cif
.0000000005541653911788721625287432795404	0	2	4	0	3	1	0	0	0	0	0	0	0	0	0	0	0	0	0	0	0	0	0	0	0	0	5	3	0	2	0	10_243.cif
.0000000005471903075702674001282581737018	0	2	4	2	1	1	0	0	0	0	0	0	0	0	0	0	0	0	0	0	0	0	0	0	0	0	6	2	2	0	0	10_244.cif
.0000000005335300533183197453452418604682	0	3	2	0	2	0	1	1	0	0	0	0	0	0	0	0	0	0	0	0	0	0	0	0	0	0	7	0	2	1	0	10_245.cif
.0000000005072109514634100526324883160336	0	2	4	1	2	1	0	0	0	0	0	0	0	0	0	0	0	0	0	0	0	0	0	0	0	0	3	5	1	1	0	10_246.cif
.0000000005008268667660036746386180774520	0	2	4	1	2	1	0	0	0	0	0	0	0	0	0	0	0	0	0	0	0	0	0	0	0	0	4	4	1	1	0	10_247.cif
.0000000004883240460077039991905796541108	0	3	2	0	1	1	1	1	0	0	0	0	0	0	0	0	0	0	0	0	0	0	0	0	0	0	4	4	0	2	0	10_248.cif
.0000000004701404282011774062286370058105	0	2	4	1	2	1	0	0	0	0	0	0	0	0	0	0	0	0	0	0	0	0	0	0	0	0	3	4	0	3	0	10_249.cif
.0000000004583918008131794182611589469637	0	3	2	1	1	0	1	0	1	0	0	0	0	0	0	0	0	0	0	0	0	0	0	0	0	0	4	4	2	0	0	10_250.cif
.0000000004413341953007825112020207604860	0	3	2	1	1	0	1	1	0	0	0	0	0	0	0	0	0	0	0	0	0	0	0	0	0	0	2	6	2	0	0	10_251.cif
.0000000004303054245268892121726434433375	0	2	4	4	0	0	0	0	0	0	0	0	0	0	0	0	0	0	0	0	0	0	0	0	0	0	4	3	1	2	0	10_252.cif
.0000000004249003284905992842614970738473	0	2	4	2	2	0	0	0	0	0	0	0	0	0	0	0	0	0	0	0	0	0	0	0	0	0	4	4	2	0	0	10_253.cif
.0000000003840035909732677807035630106189	0	2	4	0	4	0	0	0	0	0	0	0	0	0	0	0	0	0	0	0	0	0	0	0	0	0	2	5	2	1	0	10_254.cif
.0000000003744171881920340548697426768317	0	3	2	1	1	0	1	0	1	0	0	0	0	0	0	0	0	0	0	0	0	0	0	0	0	0	2	6	1	1	0	10_255.cif
.0000000003697141081366509251305796011862	0	2	4	1	2	1	0	0	0	0	0	0	0	0	0	0	0	0	0	0	0	0	0	0	0	0	3	5	1	1	0	10_256.cif
.0000000003650606475334038560221423358256	0	3	2	1	1	0	1	0	1	0	0	0	0	0	0	0	0	0	0	0	0	0	0	0	0	0	7	2	0	1	0	10_257.cif
.0000000003559471431571470417530495761173	0	3	2	2	0	0	1	0	1	0	0	0	0	0	0	0	0	0	0	0	0	0	0	0	0	0	1	7	2	0	0	10_258.cif
.0000000003514669624687003149536545203056	0	2	4	4	0	0	0	0	0	0	0	0	0	0	0	0	0	0	0	0	0	0	0	0	0	0	5	2	3	0	0	10_259.cif
.0000000003470521617772725395266642317657	0	2	4	1	3	0	0	0	0	0	0	0	0	0	0	0	0	0	0	0	0	0	0	0	0	0	4	4	2	0	0	10_260.cif
.0000000003426928157010044090861394499720	0	3	2	1	1	0	1	1	0	0	0	0	0	0	0	0	0	0	0	0	0	0	0	0	0	0	2	6	1	1	0	10_261.cif
.0000000003299320367946729958269321645674	0	2	4	1	2	1	0	0	0	0	0	0	0	0	0	0	0	0	0	0	0	0	0	0	0	0	5	1	2	2	0	10_262.cif
.0000000003216871628566989301212606390270	0	2	4	1	3	0	0	0	0	0	0	0	0	0	0	0	0	0	0	0	0	0	0	0	0	0	5	2	2	1	0	10_263.cif
.0000000003097165894025544072815432566417	0	2	4	2	2	0	0	0	0	0	0	0	0	0	0	0	0	0	0	0	0	0	0	0	0	0	3	5	1	1	0	10_264.cif
.0000000003019768916728898446065588457843	0	2	4	3	1	0	0	0	0	0	0	0	0	0	0	0	0	0	0	0	0	0	0	0	0	0	5	2	1	2	0	10_265.cif
.0000000002907322429002670787666681361757	0	3	2	0	2	0	1	0	0	1	0	0	0	0	0	0	0	0	0	0	0	0	0	0	0	0	5	2	0	3	0	10_266.cif
.0000000002870803351990112299651245898603	0	2	4	0	4	0	0	0	0	0	0	0	0	0	0	0	0	0	0	0	0	0	0	0	0	0	5	2	3	0	0	10_267.cif
.0000000002763903863060459872066367275007	0	2	4	3	1	0	0	0	0	0	0	0	0	0	0	0	0	0	0	0	0	0	0	0	0	0	1	6	1	2	0	10_268.cif
.0000000002729186276519830559581703495450	0	2	4	1	2	1	0	0	0	0	0	0	0	0	0	0	0	0	0	0	0	0	0	0	0	0	5	3	0	2	0	10_269.cif
.0000000002694904779971807375470084375891	0	2	4	1	3	0	0	0	0	0	0	0	0	0	0	0	0	0	0	0	0	0	0	0	0	0	2	6	2	0	0	10_270.cif
.0000000002529718258215432802848320987592	0	2	4	1	2	1	0	0	0	0	0	0	0	0	0	0	0	0	0	0	0	0	0	0	0	0	5	3	1	1	0	10_271.cif
.0000000002466565468198991587173655495616	0	3	2	1	1	0	1	1	0	0	0	0	0	0	0	0	0	0	0	0	0	0	0	0	0	0	2	5	2	1	0	10_272.cif
.0000000002435519681795430180712752789326	0	2	4	1	3	0	0	0	0	0	0	0	0	0	0	0	0	0	0	0	0	0	0	0	0	0	5	2	1	2	0	10_273.cif
.0000000002404926951543766872313286723594	0	3	2	0	2	0	1	0	1	0	0	0	0	0	0	0	0	0	0	0	0	0	0	0	0	0	6	2	1	1	0	10_274.cif
.0000000002374718498681133363143711511606	1	1	3	1	0	2	1	0	1	0	0	0	0	0	0	0	0	0	0	0	0	0	0	0	0	0	3	6	1	0	0	10_275.cif
.0000000002344828757569792758385781715268	1	1	3	0	3	0	1	1	0	0	0	0	0	0	0	0	0	0	0	0	0	0	0	0	0	0	4	5	0	1	0	10_276.cif
.0000000002286291615075600012966238081324	0	2	4	2	2	0	0	0	0	0	0	0	0	0	0	0	0	0	0	0	0	0	0	0	0	0	5	2	1	2	0	10_277.cif
.0000000001989347168571746498223541691971	0	2	4	1	3	0	0	0	0	0	0	0	0	0	0	0	0	0	0	0	0	0	0	0	0	0	4	2	4	0	0	10_278.cif
.0000000001964358841948920432427865410846	0	2	4	0	3	1	0	0	0	0	0	0	0	0	0	0	0	0	0	0	0	0	0	0	0	0	3	5	2	0	0	10_279.cif
.0000000001820789761005893865222790795499	0	2	4	1	2	1	0	0	0	0	0	0	0	0	0	0	0	0	0	0	0	0	0	0	0	0	4	4	2	0	0	10_280.cif
.0000000001797918695573821309175847095225	0	2	4	2	1	1	0	0	0	0	0	0	0	0	0	0	0	0	0	0	0	0	0	0	0	0	5	2	3	0	0	10_281.cif
.0000000001752989403045135698238968844814	0	2	4	2	2	0	0	0	0	0	0	0	0	0	0	0	0	0	0	0	0	0	0	0	0	0	5	2	2	1	0	10_282.cif
.0000000001709182876152125252141794590534	0	2	4	2	2	0	0	0	0	0	0	0	0	0	0	0	0	0	0	0	0	0	0	0	0	0	3	4	1	2	0	10_283.cif
.0000000001645581024639451650242845655011	0	3	2	2	0	0	1	1	0	0	0	0	0	0	0	0	0	0	0	0	0	0	0	0	0	0	5	2	1	2	0	10_284.cif
.0000000001525310455800627751436407368089	1	0	5	1	1	3	0	0	0	0	0	0	0	0	0	0	0	0	0	0	0	0	0	0	0	0	6	3	0	1	0	10_285.cif
.0000000001487193537702806376718285046227	0	2	4	2	2	0	0	0	0	0	0	0	0	0	0	0	0	0	0	0	0	0	0	0	0	0	4	4	0	2	0	10_286.cif
.0000000001413830101185368794051673581117	0	2	4	2	1	1	0	0	0	0	0	0	0	0	0	0	0	0	0	0	0	0	0	0	0	0	4	3	3	0	0	10_287.cif
.0000000001396070884033257588863145522954	0	2	4	1	3	0	0	0	0	0	0	0	0	0	0	0	0	0	0	0	0	0	0	0	0	0	4	3	2	1	0	10_288.cif
.0000000001378534741629372082773822760027	0	2	4	2	1	1	0	0	0	0	0	0	0	0	0	0	0	0	0	0	0	0	0	0	0	0	6	2	1	1	0	10_289.cif
.0000000001327202539007484560359636440029	0	3	2	2	0	0	1	0	1	0	0	0	0	0	0	0	0	0	0	0	0	0	0	0	0	0	4	3	3	0	0	10_290.cif
.0000000001294036261095874084470843599220	0	2	4	1	3	0	0	0	0	0	0	0	0	0	0	0	0	0	0	0	0	0	0	0	0	0	2	6	2	0	0	10_291.cif
.0000000001230201296321342642445489576905	0	2	4	1	2	1	0	0	0	0	0	0	0	0	0	0	0	0	0	0	0	0	0	0	0	0	3	4	3	0	0	10_292.cif
.0000000001199490111827879840115405444889	0	2	4	2	2	0	0	0	0	0	0	0	0	0	0	0	0	0	0	0	0	0	0	0	0	0	1	7	1	1	0	10_293.cif
.0000000001169515318055361414716250852384	0	2	4	1	3	0	0	0	0	0	0	0	0	0	0	0	0	0	0	0	0	0	0	0	0	0	4	4	1	1	0	10_294.cif
.0000000001111822986413808031536026074127	0	3	2	1	1	0	1	1	0	0	0	0	0	0	0	0	0	0	0	0	0	0	0	0	0	0	2	5	2	1	0	10_295.cif
.0000000001070422272238981705458314186038	0	2	4	3	1	0	0	0	0	0	0	0	0	0	0	0	0	0	0	0	0	0	0	0	0	0	5	2	2	1	0	10_296.cif
.0000000001043672833837210062484837700158	0	3	2	1	0	1	1	0	1	0	0	0	0	0	0	0	0	0	0	0	0	0	0	0	0	0	5	4	0	1	0	10_297.cif
.0000000000992188327114258439379367865633	0	2	4	0	3	1	0	0	0	0	0	0	0	0	0	0	0	0	0	0	0	0	0	0	0	0	5	4	0	1	0	10_298.cif
.0000000000979725381289127913040105043428	0	2	4	1	3	0	0	0	0	0	0	0	0	0	0	0	0	0	0	0	0	0	0	0	0	0	3	3	1	3	0	10_299.cif
.0000000000908120199198933247204529508561	0	3	2	0	0	2	1	1	0	0	0	0	0	0	0	0	0	0	0	0	0	0	0	0	0	0	4	4	1	1	0	10_300.cif
.0000000000852478266724060915978599320968	1	1	3	2	0	1	1	0	0	1	0	0	0	0	0	0	0	0	0	0	0	0	0	0	0	0	4	4	1	1	0	10_301.cif
.0000000000831175164690424163747841157057	0	2	4	2	1	1	0	0	0	0	0	0	0	0	0	0	0	0	0	0	0	0	0	0	0	0	5	3	1	1	0	10_302.cif
.0000000000790173193606131982478198686935	0	2	4	2	1	1	0	0	0	0	0	0	0	0	0	0	0	0	0	0	0	0	0	0	0	0	4	3	2	1	0	10_303.cif
.0000000000780247773768724910545408743952	0	2	4	3	0	1	0	0	0	0	0	0	0	0	0	0	0	0	0	0	0	0	0	0	0	0	1	7	1	1	0	10_304.cif
.0000000000770447027812621256861338194867	0	3	2	0	1	1	1	0	1	0	0	0	0	0	0	0	0	0	0	0	0	0	0	0	0	0	4	4	0	2	0	10_305.cif
.0000000000714137371279295898686595616046	0	2	4	2	2	0	0	0	0	0	0	0	0	0	0	0	0	0	0	0	0	0	0	0	0	0	1	6	0	3	0	10_306.cif
.0000000000687545191093077029830307767504	0	3	3	2	1	0	0	0	0	0	0	0	0	0	0	0	0	0	0	0	0	0	0	0	0	0	2	6	1	0	1	10_307.cif
.0000000000678908888654562991684840522509	0	3	2	1	1	0	1	0	1	0	0	0	0	0	0	0	0	0	0	0	0	0	0	0	0	0	4	4	0	2	0	10_308.cif
.0000000000670381067405032190009656569501	1	0	5	3	1	1	0	0	0	0	0	0	0	0	0	0	0	0	0	0	0	0	0	0	0	0	4	4	1	1	0	10_309.cif
.0000000000645418231325008119625822187227	0	3	2	1	1	0	1	1	0	0	0	0	0	0	0	0	0	0	0	0	0	0	0	0	0	0	2	5	0	3	0	10_310.cif
.0000000000605856762028180276933648819571	0	3	2	1	0	1	1	0	1	0	0	0	0	0	0	0	0	0	0	0	0	0	0	0	0	0	5	3	2	0	0	10_311.cif
.0000000000568734978951497445461102553565	0	2	4	1	2	1	0	0	0	0	0	0	0	0	0	0	0	0	0	0	0	0	0	0	0	0	3	3	2	2	0	10_312.cif
.0000000000547557116474715333933878804206	0	2	4	4	0	0	0	0	0	0	0	0	0	0	0	0	0	0	0	0	0	0	0	0	0	0	0	7	1	2	0	10_313.cif
.0000000000520546057903136555929925572236	0	3	3	3	0	0	0	0	0	0	0	0	0	0	0	0	0	0	0	0	0	0	0	0	0	0	5	3	0	1	1	10_314.cif
.0000000000482500911809807781066283450693	0	2	4	1	3	0	0	0	0	0	0	0	0	0	0	0	0	0	0	0	0	0	0	0	0	0	6	1	1	2	0	10_315.cif
.0000000000470455586735638492230646905690	0	2	4	2	2	0	0	0	0	0	0	0	0	0	0	0	0	0	0	0	0	0	0	0	0	0	4	3	2	1	0	10_316.cif
.0000000000464534128802952284223144086629	0	2	4	2	1	1	0	0	0	0	0	0	0	0	0	0	0	0	0	0	0	0	0	0	0	0	5	3	2	0	0	10_317.cif
.0000000000447247955921786055436543591738	0	2	4	0	4	0	0	0	0	0	0	0	0	0	0	0	0	0	0	0	0	0	0	0	0	0	5	1	2	2	0	10_318.cif
.0000000000430593879675244416369138590644	1	1	3	0	2	1	1	1	0	0	0	0	0	0	0	0	0	0	0	0	0	0	0	0	0	0	3	6	1	0	0	10_319.cif
.0000000000404200255009262487973213964403	0	3	2	0	2	0	1	1	0	0	0	0	0	0	0	0	0	0	0	0	0	0	0	0	0	0	2	5	3	0	0	10_320.cif
.0000000000369952362937848680250975751311	0	2	4	2	2	0	0	0	0	0	0	0	0	0	0	0	0	0	0	0	0	0	0	0	0	0	4	3	3	0	0	10_321.cif
.0000000000365305365859598962203556844758	0	3	2	0	1	1	1	1	0	0	0	0	0	0	0	0	0	0	0	0	0	0	0	0	0	0	4	3	2	1	0	10_322.cif
.0000000000360716740031295522418934120865	0	3	2	2	0	0	1	0	1	0	0	0	0	0	0	0	0	0	0	0	0	0	0	0	0	0	2	6	1	1	0	10_323.cif
.0000000000356185752247652685484960252841	1	1	3	1	1	1	1	0	0	1	0	0	0	0	0	0	0	0	0	0	0	0	0	0	0	0	4	4	1	1	0	10_324.cif
.0000000000321902805776812746522039984593	0	3	2	1	1	0	1	1	0	0	0	0	0	0	0	0	0	0	0	0	0	0	0	0	0	0	3	4	2	1	0	10_325.cif
.0000000000294627977487857482614285709036	0	3	2	2	0	0	1	0	1	0	0	0	0	0	0	0	0	0	0	0	0	0	0	0	0	0	5	3	1	1	0	10_326.cif
.0000000000287272779439682237029243923125	0	2	4	2	1	1	0	0	0	0	0	0	0	0	0	0	0	0	0	0	0	0	0	0	0	0	4	3	1	2	0	10_327.cif
.0000000000283656978657165862478748772460	0	2	4	2	2	0	0	0	0	0	0	0	0	0	0	0	0	0	0	0	0	0	0	0	0	0	1	5	3	1	0	10_328.cif
.0000000000280093943836743753943796473876	0	3	2	1	1	0	1	0	1	0	0	0	0	0	0	0	0	0	0	0	0	0	0	0	0	0	5	2	2	1	0	10_329.cif
.0000000000276575664541786379802662489355	0	2	4	1	3	0	0	0	0	0	0	0	0	0	0	0	0	0	0	0	0	0	0	0	0	0	3	4	2	1	0	10_330.cif
.0000000000273101578595059842804528151636	0	3	2	1	0	1	1	0	1	0	0	0	0	0	0	0	0	0	0	0	0	0	0	0	0	0	3	4	3	0	0	10_331.cif
.0000000000266276875817926136833534326035	0	4	0	0	0	0	2	0	2	0	0	0	0	0	0	0	0	0	0	0	0	0	0	0	0	0	4	4	0	2	0	10_332.cif
.0000000000262932153664768151313652978043	0	3	2	2	0	0	1	1	0	0	0	0	0	0	0	0	0	0	0	0	0	0	0	0	0	0	1	6	1	2	0	10_333.cif
.0000000000259629444796644632368540837120	0	2	4	0	1	3	0	0	0	0	0	0	0	0	0	0	0	0	0	0	0	0	0	0	0	0	5	3	2	0	0	10_334.cif
.0000000000256361580881758433512428059715	0	2	4	2	1	1	0	0	0	0	0	0	0	0	0	0	0	0	0	0	0	0	0	0	0	0	3	4	1	2	0	10_335.cif
.0000000000243715233188787729522822859895	0	2	4	3	1	0	0	0	0	0	0	0	0	0	0	0	0	0	0	0	0	0	0	0	0	0	6	1	2	1	0	10_336.cif
.0000000000237631039071361716322344337667	0	2	4	0	2	2	0	0	0	0	0	0	0	0	0	0	0	0	0	0	0	0	0	0	0	0	5	2	1	2	0	10_337.cif
.0000000000234640061302078086869363688908	0	2	4	2	1	1	0	0	0	0	0	0	0	0	0	0	0	0	0	0	0	0	0	0	0	0	2	6	2	0	0	10_338.cif
.0000000000225902819645234412315972108157	0	2	4	0	4	0	0	0	0	0	0	0	0	0	0	0	0	0	0	0	0	0	0	0	0	0	3	5	1	1	0	10_339.cif
.0000000000223065238788814428544151541573	0	3	2	1	0	1	1	0	1	0	0	0	0	0	0	0	0	0	0	0	0	0	0	0	0	0	4	4	1	1	0	10_340.cif
.0000000000220263300980716577694542948708	0	2	4	1	3	0	0	0	0	0	0	0	0	0	0	0	0	0	0	0	0	0	0	0	0	0	4	3	2	1	0	10_341.cif
.0000000000217496558506159157747664346605	0	2	4	3	1	0	0	0	0	0	0	0	0	0	0	0	0	0	0	0	0	0	0	0	0	0	1	6	1	2	0	10_342.cif
.0000000000171032862652384948209155159454	0	3	2	2	0	0	1	0	1	0	0	0	0	0	0	0	0	0	0	0	0	0	0	0	0	0	6	3	0	1	0	10_343.cif
.0000000000166763137189512055076137576819	0	3	2	2	0	0	1	1	0	0	0	0	0	0	0	0	0	0	0	0	0	0	0	0	0	0	5	3	1	1	0	10_344.cif
.0000000000162595790917272750376601068499	0	3	2	1	1	0	1	0	1	0	0	0	0	0	0	0	0	0	0	0	0	0	0	0	0	0	7	1	1	1	0	10_345.cif
.0000000000158536691526260155374539835084	0	3	2	0	1	1	1	0	1	0	0	0	0	0	0	0	0	0	0	0	0	0	0	0	0	0	5	2	2	1	0	10_346.cif
.0000000000154574920948063910841677125562	0	2	4	3	1	0	0	0	0	0	0	0	0	0	0	0	0	0	0	0	0	0	0	0	0	0	3	4	3	0	0	10_347.cif
.0000000000150712153483677831626699821726	0	3	3	3	0	0	0	0	0	0	0	0	0	0	0	0	0	0	0	0	0	0	0	0	0	0	5	3	0	1	1	10_348.cif
.0000000000148819047756946649838590331417	0	3	2	2	0	0	1	0	1	0	0	0	0	0	0	0	0	0	0	0	0	0	0	0	0	0	4	3	3	0	0	10_349.cif
.0000000000145103875902168180277735301316	0	3	2	1	0	1	1	0	1	0	0	0	0	0	0	0	0	0	0	0	0	0	0	0	0	0	5	3	2	0	0	10_350.cif
.0000000000143277504781811539488620283280	0	2	4	1	3	0	0	0	0	0	0	0	0	0	0	0	0	0	0	0	0	0	0	0	0	0	3	5	1	1	0	10_351.cif
.0000000000141477786188821114080755868435	0	2	4	1	1	2	0	0	0	0	0	0	0	0	0	0	0	0	0	0	0	0	0	0	0	0	3	5	0	2	0	10_352.cif
.0000000000136209608196762079462503222749	0	2	4	1	1	2	0	0	0	0	0	0	0	0	0	0	0	0	0	0	0	0	0	0	0	0	4	2	3	1	0	10_353.cif
.0000000000134498669938945817587580631755	0	3	2	1	1	0	1	0	1	0	0	0	0	0	0	0	0	0	0	0	0	0	0	0	0	0	5	3	1	1	0	10_354.cif
.0000000000132809222894273864075987971987	0	2	4	3	1	0	0	0	0	0	0	0	0	0	0	0	0	0	0	0	0	0	0	0	0	0	4	3	2	1	0	10_355.cif
.0000000000131137600219117704408871406989	0	3	2	1	0	1	1	0	1	0	0	0	0	0	0	0	0	0	0	0	0	0	0	0	0	0	5	3	1	1	0	10_356.cif
.0000000000127863834335109652402387830027	0	2	4	1	2	1	0	0	0	0	0	0	0	0	0	0	0	0	0	0	0	0	0	0	0	0	2	4	3	1	0	10_357.cif
.0000000000126254457515119272594228910283	0	3	2	1	0	1	1	0	1	0	0	0	0	0	0	0	0	0	0	0	0	0	0	0	0	0	4	4	2	0	0	10_358.cif
.0000000000123102596149452119440134447706	1	1	3	2	0	1	1	1	0	0	0	0	0	0	0	0	0	0	0	0	0	0	0	0	0	0	3	5	2	0	0	10_359.cif
.0000000000121556295971535527548903526310	0	2	4	0	2	2	0	0	0	0	0	0	0	0	0	0	0	0	0	0	0	0	0	0	0	0	4	3	2	1	0	10_360.cif
.0000000000118518651169324077888585153251	0	2	4	1	3	0	0	0	0	0	0	0	0	0	0	0	0	0	0	0	0	0	0	0	0	0	1	6	2	1	0	10_361.cif
.0000000000115559909235900929637518312475	0	3	2	2	0	0	1	1	0	0	0	0	0	0	0	0	0	0	0	0	0	0	0	0	0	0	5	3	1	1	0	10_362.cif
.0000000000112672111818014315320967324580	0	2	4	2	1	1	0	0	0	0	0	0	0	0	0	0	0	0	0	0	0	0	0	0	0	0	3	3	3	1	0	10_363.cif
.0000000000111256829671251815241845011646	1	1	3	2	1	0	1	1	0	0	0	0	0	0	0	0	0	0	0	0	0	0	0	0	0	0	1	7	1	1	0	10_364.cif
.0000000000105768516849958921646253070712	0	4	0	0	0	0	2	1	1	0	0	0	0	0	0	0	0	0	0	0	0	0	0	0	0	0	2	6	0	2	0	10_365.cif
.0000000000104437245969586571235957743416	0	3	2	0	1	1	1	1	0	0	0	0	0	0	0	0	0	0	0	0	0	0	0	0	0	0	4	3	0	3	0	10_366.cif
.0000000000100548338632332055018875003074	0	3	2	1	1	0	1	0	0	1	0	0	0	0	0	0	0	0	0	0	0	0	0	0	0	0	2	5	3	0	0	10_367.cif
Average: .0001373093871000693782514099231544232070 1.9998130507090278182693361083259978093358 3.9999619714192686873791309265800470800367 2.7220705030765134931535612979137091937767 .1980871621720795367503418727537790497601 1.0798043061706756574752277559125588364999 .0000876684846034338935200979106975386395 .0000436476624657061451389604685209343904 .0000438171569753435725443357325519705114 .0000002036651623841758368017096246337377 0 0 0 0 0 0 0 0 0 0 0 0 0 0 0 0 4.8138456477915404822828871051538379621704 5.1373980005846165643982047857780999622087 .0483856670836197698639743642193498158938 .0003706835415986781630920000668968450548 .0000000009986245201589059826816435000373
