.9845769554246745900319021159611243426767	0	0	3	1	2	0	3	0	3	0	0	0	0	0	0	0	0	0	0	0	0	0	0	0	0	0	7	8	0	0	0	15_1.cif
.0091384114193867240886525593379002060169	0	0	3	1	2	0	3	0	3	0	0	0	0	0	0	0	0	0	0	0	0	0	0	0	0	0	6	9	0	0	0	15_2.cif
.0055801587272588497395259331518706071253	0	0	3	0	3	0	3	1	2	0	0	0	0	0	0	0	0	0	0	0	0	0	0	0	0	0	5	8	2	0	0	15_3.cif
.0002004512481087223343741315775230792106	0	0	3	2	0	1	3	2	1	0	0	0	0	0	0	0	0	0	0	0	0	0	0	0	0	0	7	6	1	1	0	15_4.cif
.0001025375781639800668636395058173775688	0	0	3	0	2	1	3	0	3	0	0	0	0	0	0	0	0	0	0	0	0	0	0	0	0	0	8	7	0	0	0	15_5.cif
.0001012495965915556539023676494664529028	0	0	3	0	2	1	3	0	3	0	0	0	0	0	0	0	0	0	0	0	0	0	0	0	0	0	7	7	1	0	0	15_6.cif
.0000531186587585163049524191996000273589	0	0	4	2	2	0	1	0	1	0	1	0	0	1	0	0	0	0	0	0	0	0	0	0	0	0	8	5	2	0	0	15_7.cif
.0000328491359310649202093183588645313199	0	0	3	2	1	0	3	1	2	0	0	0	0	0	0	0	0	0	0	0	0	0	0	0	0	0	5	9	0	1	0	15_8.cif
.0000278684072995180274016096797038396339	0	0	3	1	2	0	3	1	2	0	0	0	0	0	0	0	0	0	0	0	0	0	0	0	0	0	3	9	1	2	0	15_9.cif
.0000219154591519650055314933518720354164	0	0	3	1	1	1	3	1	2	0	0	0	0	0	0	0	0	0	0	0	0	0	0	0	0	0	7	6	1	1	0	15_10.cif
.0000146210040607870721763894045226856347	0	1	1	0	1	0	4	0	4	0	0	0	0	0	0	0	0	0	0	0	0	0	0	0	0	0	6	9	0	0	0	15_11.cif
.0000142556308266539549207852586115360266	0	0	3	1	2	0	3	0	2	1	0	0	0	0	0	0	0	0	0	0	0	0	0	0	0	0	4	8	1	2	0	15_12.cif
.0000140765648672585374977389838735251866	0	0	4	1	2	1	1	0	1	0	1	0	0	1	0	0	0	0	0	0	0	0	0	0	0	0	5	7	3	0	0	15_13.cif
.0000116440852575258225975889063259110274	0	1	1	1	0	0	4	2	2	0	0	0	0	0	0	0	0	0	0	0	0	0	0	0	0	0	8	5	2	0	0	15_14.cif
.0000107930540797463924786909962830765587	0	1	1	0	1	0	4	0	3	1	0	0	0	0	0	0	0	0	0	0	0	0	0	0	0	0	8	6	0	1	0	15_15.cif
.0000105233398344801005219653779676494399	0	0	3	0	2	1	3	1	2	0	0	0	0	0	0	0	0	0	0	0	0	0	0	0	0	0	8	5	1	1	0	15_16.cif
.0000095107127238491025811607952852538353	0	1	2	2	0	0	2	0	2	0	1	0	0	0	0	1	0	0	0	0	0	0	0	0	0	0	7	7	1	0	0	15_17.cif
.0000090415481185284988810213623895585569	0	0	3	1	1	1	3	0	2	1	0	0	0	0	0	0	0	0	0	0	0	0	0	0	0	0	7	5	1	2	0	15_18.cif
.0000070206968234649191739260050334916854	0	0	3	0	1	2	3	2	1	0	0	0	0	0	0	0	0	0	0	0	0	0	0	0	0	0	7	5	3	0	0	15_19.cif
.0000069325093677426819768697403038904302	0	0	3	0	2	1	3	1	1	1	0	0	0	0	0	0	0	0	0	0	0	0	0	0	0	0	8	5	0	2	0	15_20.cif
.0000059563425696108139581617247455712653	0	1	2	2	0	0	2	0	1	1	1	0	0	0	1	0	0	0	0	0	0	0	0	0	0	0	8	5	2	0	0	15_21.cif
.0000058074958735005119341764636184443607	0	1	2	1	1	0	2	1	1	0	1	0	0	0	0	1	0	0	0	0	0	0	0	0	0	0	6	7	1	1	0	15_22.cif
.0000055210114018836261919561479687125647	0	0	4	0	2	2	1	0	1	0	1	0	0	0	1	0	0	0	0	0	0	0	0	0	0	0	8	6	0	1	0	15_23.cif
.0000053154266839937690367123125835865274	0	0	3	0	3	0	3	0	3	0	0	0	0	0	0	0	0	0	0	0	0	0	0	0	0	0	8	6	0	1	0	15_24.cif
.0000048039402880924018164450025197308308	0	0	3	1	1	1	3	1	2	0	0	0	0	0	0	0	0	0	0	0	0	0	0	0	0	0	8	5	1	1	0	15_25.cif
.0000035914163841181574268064254911708483	0	0	3	3	0	0	3	2	1	0	0	0	0	0	0	0	0	0	0	0	0	0	0	0	0	0	6	6	1	2	0	15_26.cif
.0000029334145830816841656814330592131707	0	1	1	1	0	0	4	1	2	1	0	0	0	0	0	0	0	0	0	0	0	0	0	0	0	0	5	7	1	2	0	15_27.cif
.0000022777752410722113230601786336091901	0	0	3	3	0	0	3	0	2	1	0	0	0	0	0	0	0	0	0	0	0	0	0	0	0	0	8	4	1	2	0	15_28.cif
.0000021930150175272236586809881584608950	0	0	3	3	0	0	3	0	3	0	0	0	0	0	0	0	0	0	0	0	0	0	0	0	0	0	7	6	2	0	0	15_29.cif
.0000020847793197376440346414540538986114	0	0	3	0	2	1	3	1	2	0	0	0	0	0	0	0	0	0	0	0	0	0	0	0	0	0	8	5	0	2	0	15_30.cif
.0000015389995585413693919413975240973975	0	1	1	1	0	0	4	2	2	0	0	0	0	0	0	0	0	0	0	0	0	0	0	0	0	0	5	8	1	1	0	15_31.cif
.0000013056497626365086455928927053260846	0	0	4	2	1	1	1	0	1	0	1	0	0	0	0	1	0	0	0	0	0	0	0	0	0	0	6	7	2	0	0	15_32.cif
.0000012256505775148271889146003625120069	0	0	3	1	2	0	3	0	3	0	0	0	0	0	0	0	0	0	0	0	0	0	0	0	0	0	5	7	2	1	0	15_33.cif
.0000010664626025656061313221661725742365	0	0	3	2	1	0	3	0	3	0	0	0	0	0	0	0	0	0	0	0	0	0	0	0	0	0	6	6	0	3	0	15_34.cif
.0000009885180577906074029034663121969287	0	0	3	1	1	1	3	0	2	1	0	0	0	0	0	0	0	0	0	0	0	0	0	0	0	0	5	7	2	1	0	15_35.cif
.0000008710705237386008138575663818600957	0	0	3	1	2	0	3	1	1	1	0	0	0	0	0	0	0	0	0	0	0	0	0	0	0	0	5	8	2	0	0	15_36.cif
.0000007675771336156666279691783235356660	0	0	4	1	2	1	1	0	1	0	1	0	0	0	1	0	0	0	0	0	0	0	0	0	0	0	3	9	3	0	0	15_37.cif
.0000005318989879122876274432111408491158	0	0	4	2	1	1	1	1	0	0	1	0	0	1	0	0	0	0	0	0	0	0	0	0	0	0	8	5	1	1	0	15_38.cif
.0000005252177681381416536054763787062728	0	0	3	2	1	0	3	0	3	0	0	0	0	0	0	0	0	0	0	0	0	0	0	0	0	0	7	4	4	0	0	15_39.cif
.0000004930240903027810824076441324218269	0	0	3	2	0	1	3	1	1	1	0	0	0	0	0	0	0	0	0	0	0	0	0	0	0	0	3	9	2	1	0	15_40.cif
.0000003460001439649844994450929259695877	0	1	1	0	0	1	4	0	3	1	0	0	0	0	0	0	0	0	0	0	0	0	0	0	0	0	7	6	1	1	0	15_41.cif
.0000003207120338628998974586680552330372	0	0	3	1	2	0	3	2	1	0	0	0	0	0	0	0	0	0	0	0	0	0	0	0	0	0	6	6	3	0	0	15_42.cif
.0000003166835479451851451532388001732924	0	0	3	1	1	1	3	2	0	1	0	0	0	0	0	0	0	0	0	0	0	0	0	0	0	0	5	7	2	1	0	15_43.cif
.0000003048912705659973937691881033061091	0	0	3	2	1	0	3	1	1	1	0	0	0	0	0	0	0	0	0	0	0	0	0	0	0	0	8	3	2	2	0	15_44.cif
.0000002790578298433505902621556292946288	0	0	3	1	2	0	3	1	1	1	0	0	0	0	0	0	0	0	0	0	0	0	0	0	0	0	7	5	2	1	0	15_45.cif
.0000002720842826521910355155038389519813	0	0	4	1	3	0	1	0	1	0	1	0	0	0	0	1	0	0	0	0	0	0	0	0	0	0	6	7	0	2	0	15_46.cif
.0000002521984605889157486649520833770223	0	1	1	0	1	0	4	1	3	0	0	0	0	0	0	0	0	0	0	0	0	0	0	0	0	0	6	8	0	1	0	15_47.cif
.0000002428136900848884053074509693442505	0	0	3	1	2	0	3	1	1	1	0	0	0	0	0	0	0	0	0	0	0	0	0	0	0	0	7	4	3	1	0	15_48.cif
.0000002337720887654515370495092942298053	0	1	3	2	1	0	0	0	0	0	2	0	0	0	1	1	0	0	0	0	0	0	0	0	0	0	8	5	1	1	0	15_49.cif
.0000002279302147212903580164172935350284	0	1	1	1	0	0	4	1	3	0	0	0	0	0	0	0	0	0	0	0	0	0	0	0	0	0	8	4	2	1	0	15_50.cif
.0000002194428261830120314689248581808657	0	0	4	1	2	1	1	0	1	0	1	0	0	1	0	0	0	0	0	0	0	0	0	0	0	0	5	7	2	1	0	15_51.cif
.0000002139645771022916864168860181483468	0	0	3	1	1	1	3	1	2	0	0	0	0	0	0	0	0	0	0	0	0	0	0	0	0	0	8	4	2	1	0	15_52.cif
.0000002112769533316325289982075666001624	0	0	4	1	2	1	1	1	0	0	1	0	0	1	0	0	0	0	0	0	0	0	0	0	0	0	8	3	3	1	0	15_53.cif
.0000001909415063467840788050290321824484	0	0	3	1	1	1	3	1	2	0	0	0	0	0	0	0	0	0	0	0	0	0	0	0	0	0	3	10	2	0	0	15_54.cif
.0000001579461466677676184144969630152936	0	0	3	1	1	1	3	2	1	0	0	0	0	0	0	0	0	0	0	0	0	0	0	0	0	0	5	7	3	0	0	15_55.cif
.0000001559621742550566768528288128566551	0	1	2	2	0	0	2	0	2	0	1	0	0	0	1	0	0	0	0	0	0	0	0	0	0	0	8	3	4	0	0	15_56.cif
.0000001540031226562904880935332808117663	0	0	3	2	1	0	3	0	1	2	0	0	0	0	0	0	0	0	0	0	0	0	0	0	0	0	8	4	1	2	0	15_57.cif
.0000001501546442099683160980409070554922	0	0	4	1	3	0	1	0	1	0	1	0	0	0	1	0	0	0	0	0	0	0	0	0	0	0	6	6	1	2	0	15_58.cif
.0000001482685413955727975943783131417742	0	0	3	1	2	0	3	0	3	0	0	0	0	0	0	0	0	0	0	0	0	0	0	0	0	0	7	6	1	1	0	15_59.cif
.0000001427474975077898710402349034441075	0	0	3	2	1	0	3	0	2	1	0	0	0	0	0	0	0	0	0	0	0	0	0	0	0	0	5	8	2	0	0	15_60.cif
.0000001306525004672779365851018241424833	0	0	3	2	1	0	3	1	1	1	0	0	0	0	0	0	0	0	0	0	0	0	0	0	0	0	8	3	1	3	0	15_61.cif
.0000001122524112699011161533449129447110	0	1	1	0	0	1	4	2	2	0	0	0	0	0	0	0	0	0	0	0	0	0	0	0	0	0	10	3	0	2	0	15_62.cif
.0000001108424010105928110796195391705925	0	0	3	1	1	1	3	1	2	0	0	0	0	0	0	0	0	0	0	0	0	0	0	0	0	0	6	6	3	0	0	15_63.cif
.0000001027439245565439318570625644250785	0	0	3	0	2	1	3	1	2	0	0	0	0	0	0	0	0	0	0	0	0	0	0	0	0	0	7	4	3	1	0	15_64.cif
.0000001001763936368696896379025471663527	0	0	3	1	0	2	3	0	2	1	0	0	0	0	0	0	0	0	0	0	0	0	0	0	0	0	6	6	3	0	0	15_65.cif
.0000000905367418117370756136551572536568	0	0	3	2	0	1	3	2	1	0	0	0	0	0	0	0	0	0	0	0	0	0	0	0	0	0	9	3	2	1	0	15_66.cif
.0000000828655626780307523331631959332389	0	1	2	1	0	1	2	0	2	0	1	0	0	0	1	0	0	0	0	0	0	0	0	0	0	0	8	5	2	0	0	15_67.cif
.0000000721029510840392441445041522415575	0	0	4	1	1	2	1	1	0	0	1	0	0	0	1	0	0	0	0	0	0	0	0	0	0	0	4	8	1	2	0	15_68.cif
.0000000703011262354454188323316395400450	0	0	4	1	1	2	1	1	0	0	1	0	0	1	0	0	0	0	0	0	0	0	0	0	0	0	5	7	1	2	0	15_69.cif
.0000000668331632024396082374269591401135	0	1	1	0	1	0	4	0	4	0	0	0	0	0	0	0	0	0	0	0	0	0	0	0	0	0	7	6	2	0	0	15_70.cif
.0000000619485282708861696826843028151362	0	0	3	1	1	1	3	0	3	0	0	0	0	0	0	0	0	0	0	0	0	0	0	0	0	0	7	5	0	3	0	15_71.cif
.0000000596417642051722513127168504393708	0	1	2	1	0	1	2	0	2	0	1	0	0	0	1	0	0	0	0	0	0	0	0	0	0	0	6	7	2	0	0	15_72.cif
.0000000512436060620327828091236574207909	0	1	1	0	0	1	4	3	1	0	0	0	0	0	0	0	0	0	0	0	0	0	0	0	0	0	7	5	2	1	0	15_73.cif
.0000000445880665242872102819777563453260	0	0	4	1	2	1	1	0	1	0	1	1	0	0	0	0	0	0	0	0	0	0	0	0	0	0	8	4	2	1	0	15_74.cif
.0000000378274302619246367825690443514774	0	0	3	2	1	0	3	1	2	0	0	0	0	0	0	0	0	0	0	0	0	0	0	0	0	0	7	6	1	1	0	15_75.cif
.0000000364188583513064484435196191091348	0	1	1	1	0	0	4	1	2	1	0	0	0	0	0	0	0	0	0	0	0	0	0	0	0	0	7	5	1	2	0	15_76.cif
.0000000355096849654444775258922377130524	0	0	3	1	2	0	3	1	2	0	0	0	0	0	0	0	0	0	0	0	0	0	0	0	0	0	7	5	3	0	0	15_77.cif
.0000000325009489661102375420647157123228	0	0	4	2	0	2	1	1	0	0	1	0	0	0	0	1	0	0	0	0	0	0	0	0	0	0	6	8	0	1	0	15_78.cif
.0000000320927023105503417486024853717579	0	0	3	0	3	0	3	1	2	0	0	0	0	0	0	0	0	0	0	0	0	0	0	0	0	0	6	6	2	1	0	15_79.cif
.0000000316887628271301323747790282380009	0	1	2	0	0	2	2	1	1	0	1	0	0	1	0	0	0	0	0	0	0	0	0	0	0	0	5	7	3	0	0	15_80.cif
.0000000258835726423778247112680627723466	0	1	2	1	0	1	2	0	2	0	1	0	0	0	0	1	0	0	0	0	0	0	0	0	0	0	7	6	2	0	0	15_81.cif
.0000000230984418865242987962842817293577	0	0	4	0	3	1	1	1	0	0	1	0	0	0	1	0	0	0	0	0	0	0	0	0	0	0	7	4	2	2	0	15_82.cif
.0000000211413106503518223004904710405861	0	0	4	2	2	0	1	0	1	0	1	0	0	1	0	0	0	0	0	0	0	0	0	0	0	0	6	7	0	2	0	15_83.cif
.0000000174880182764701784192200608461536	0	1	1	1	0	0	4	1	3	0	0	0	0	0	0	0	0	0	0	0	0	0	0	0	0	0	6	7	1	1	0	15_84.cif
.0000000172683500759759778791005525663445	0	0	3	0	2	1	3	1	1	1	0	0	0	0	0	0	0	0	0	0	0	0	0	0	0	0	8	4	2	1	0	15_85.cif
.0000000158052025833058821342327617846042	0	0	3	3	0	0	3	1	2	0	0	0	0	0	0	0	0	0	0	0	0	0	0	0	0	0	9	3	0	3	0	15_86.cif
.0000000150255300343270448684373545226441	0	0	3	3	0	0	3	0	2	1	0	0	0	0	0	0	0	0	0	0	0	0	0	0	0	0	8	3	2	2	0	15_87.cif
.0000000130740083342735998602357359444055	0	1	1	0	0	1	4	2	2	0	0	0	0	0	0	0	0	0	0	0	0	0	0	0	0	0	7	5	2	1	0	15_88.cif
.0000000121184683785846183828701907553418	0	0	4	1	1	2	1	1	0	0	1	0	0	0	1	0	0	0	0	0	0	0	0	0	0	0	4	8	1	2	0	15_89.cif
.0000000116672155697209232602508802571296	0	1	1	1	0	0	4	2	2	0	0	0	0	0	0	0	0	0	0	0	0	0	0	0	0	0	7	5	1	2	0	15_90.cif
.0000000105445169799856824769933800255659	0	0	3	1	0	2	3	1	2	0	0	0	0	0	0	0	0	0	0	0	0	0	0	0	0	0	5	7	3	0	0	15_91.cif
.0000000095298520608260208664780221354022	0	0	4	3	0	1	1	0	0	1	1	0	0	0	1	0	0	0	0	0	0	0	0	0	0	0	4	7	0	4	0	15_92.cif
.0000000090597433097048236026563195166659	0	1	1	0	0	1	4	2	2	0	0	0	0	0	0	0	0	0	0	0	0	0	0	0	0	0	9	3	2	1	0	15_93.cif
.0000000086126019855081212695520817984920	0	0	3	3	0	0	3	2	1	0	0	0	0	0	0	0	0	0	0	0	0	0	0	0	0	0	7	5	1	2	0	15_94.cif
.0000000075895204889159197709455805337901	0	0	3	0	3	0	3	2	0	1	0	0	0	0	0	0	0	0	0	0	0	0	0	0	0	0	7	3	3	2	0	15_95.cif
.0000000066037906082872527586847056424250	0	0	3	1	2	0	3	1	1	1	0	0	0	0	0	0	0	0	0	0	0	0	0	0	0	0	5	7	1	2	0	15_96.cif
.0000000065206710335903646380432607549277	0	1	1	0	1	0	4	2	1	1	0	0	0	0	0	0	0	0	0	0	0	0	0	0	0	0	8	3	3	1	0	15_97.cif
.0000000059681745048920350555327189029720	0	0	3	2	0	1	3	1	2	0	0	0	0	0	0	0	0	0	0	0	0	0	0	0	0	0	4	8	1	2	0	15_98.cif
.0000000057459388704053795729045308742492	0	0	3	2	0	1	3	1	1	1	0	0	0	0	0	0	0	0	0	0	0	0	0	0	0	0	7	4	2	2	0	15_99.cif
.0000000052590854064507976166113364603344	0	0	3	1	2	0	3	0	2	1	0	0	0	0	0	0	0	0	0	0	0	0	0	0	0	0	6	6	2	1	0	15_100.cif
.0000000050633851254682368176149477863092	0	0	4	1	3	0	1	0	1	0	1	0	0	1	0	0	0	0	0	0	0	0	0	0	0	0	6	5	2	2	0	15_101.cif
.0000000049996540892922390302806092478979	0	0	3	1	0	2	3	1	1	1	0	0	0	0	0	0	0	0	0	0	0	0	0	0	0	0	6	6	1	2	0	15_102.cif
.0000000048748409391200724804529194224342	0	0	3	1	1	1	3	0	2	1	0	0	0	0	0	0	0	0	0	0	0	0	0	0	0	0	4	7	3	1	0	15_103.cif
.0000000047530205502872865325600452313800	0	1	3	2	1	0	0	0	0	0	2	0	0	1	0	1	0	0	0	0	0	0	0	0	0	0	5	7	2	1	0	15_104.cif
.0000000046933175322158584850666600962554	0	1	2	0	0	2	2	0	1	1	1	0	0	0	0	1	0	0	0	0	0	0	0	0	0	0	6	6	0	3	0	15_105.cif
.0000000045760333430842498431122400184271	0	0	4	1	2	1	1	0	0	1	1	1	0	0	0	0	0	0	0	0	0	0	0	0	0	0	6	6	1	2	0	15_106.cif
.0000000038334307748098731719390147518409	0	0	3	0	2	1	3	1	1	1	0	0	0	0	0	0	0	0	0	0	0	0	0	0	0	0	5	6	3	1	0	15_107.cif
.0000000037377316399445886048848839638869	0	1	2	0	0	2	2	0	2	0	1	0	0	0	0	1	0	0	0	0	0	0	0	0	0	0	7	6	0	2	0	15_108.cif
.0000000036907817357132104993589424263046	0	0	4	1	2	1	1	0	1	0	1	0	0	0	0	1	0	0	0	0	0	0	0	0	0	0	4	8	3	0	0	15_109.cif
.0000000036443271725133198360562318799442	0	0	3	1	2	0	3	1	1	1	0	0	0	0	0	0	0	0	0	0	0	0	0	0	0	0	6	5	3	1	0	15_110.cif
.0000000035533488875088460604217351746380	0	0	3	1	1	1	3	1	2	0	0	0	0	0	0	0	0	0	0	0	0	0	0	0	0	0	5	6	3	1	0	15_111.cif
.0000000032522735970227166617963553346433	0	0	3	2	1	0	3	1	2	0	0	0	0	0	0	0	0	0	0	0	0	0	0	0	0	0	6	5	3	1	0	15_112.cif
.0000000032113383805361117978662064575590	0	0	3	1	1	1	3	0	3	0	0	0	0	0	0	0	0	0	0	0	0	0	0	0	0	0	5	6	3	1	0	15_113.cif
.0000000029767084192249185284119373460421	0	1	2	0	2	0	2	1	1	0	1	0	0	0	1	0	0	0	0	0	0	0	0	0	0	0	7	5	1	2	0	15_114.cif
.0000000026902693520502325278024488731128	0	0	4	4	0	0	1	0	0	1	1	0	0	0	1	0	0	0	0	0	0	0	0	0	0	0	4	7	1	3	0	15_115.cif
.0000000023407954853091437623454948633794	0	1	2	1	1	0	2	0	1	1	1	0	0	0	1	0	0	0	0	0	0	0	0	0	0	0	5	7	3	0	0	15_116.cif
.0000000023113925922052033761635333463185	0	0	3	3	0	0	3	0	2	1	0	0	0	0	0	0	0	0	0	0	0	0	0	0	0	0	7	5	1	2	0	15_117.cif
.0000000022823590308640366047412909428067	0	1	2	0	2	0	2	1	1	0	1	0	0	0	1	0	0	0	0	0	0	0	0	0	0	0	6	5	1	3	0	15_118.cif
.0000000022536901620839665496444755514941	0	0	3	0	2	1	3	1	2	0	0	0	0	0	0	0	0	0	0	0	0	0	0	0	0	0	6	5	3	1	0	15_119.cif
.0000000021973713169601193512088614266091	0	0	3	1	2	0	3	1	2	0	0	0	0	0	0	0	0	0	0	0	0	0	0	0	0	0	6	5	3	1	0	15_120.cif
.0000000020367720548856110711630416589932	0	1	2	2	0	0	2	1	1	0	1	0	0	0	1	0	0	0	0	0	0	0	0	0	0	0	3	9	3	0	0	15_121.cif
.0000000019609292105533672656130106850524	0	0	3	1	1	1	3	2	1	0	0	0	0	0	0	0	0	0	0	0	0	0	0	0	0	0	7	5	2	1	0	15_122.cif
.0000000018176578730964544043021397188922	0	0	3	0	2	1	3	1	1	1	0	0	0	0	0	0	0	0	0	0	0	0	0	0	0	0	5	7	3	0	0	15_123.cif
.0000000016848107248379387387650641766431	0	0	3	2	1	0	3	1	2	0	0	0	0	0	0	0	0	0	0	0	0	0	0	0	0	0	5	5	2	3	0	15_124.cif
.0000000016636477014325685700074599262764	0	0	3	1	2	0	3	0	3	0	0	0	0	0	0	0	0	0	0	0	0	0	0	0	0	0	7	5	1	2	0	15_125.cif
.0000000015815797597442559984226385493013	0	1	1	0	1	0	4	2	2	0	0	0	0	0	0	0	0	0	0	0	0	0	0	0	0	0	5	7	1	2	0	15_126.cif
.0000000015616729751750759128803929957636	0	0	3	0	2	1	3	2	0	1	0	0	0	0	0	0	0	0	0	0	0	0	0	0	0	0	7	4	1	3	0	15_127.cif
.0000000015035602395138979151370692395581	0	0	4	1	3	0	2	0	1	1	0	0	0	0	0	0	0	0	0	0	0	0	0	0	0	0	7	5	1	1	1	15_128.cif
.0000000014113982128395897599012500071517	0	1	1	1	0	0	4	2	2	0	0	0	0	0	0	0	0	0	0	0	0	0	0	0	0	0	3	9	1	2	0	15_129.cif
.0000000013761635638127382017084420825494	0	0	3	0	2	1	3	0	3	0	0	0	0	0	0	0	0	0	0	0	0	0	0	0	0	0	6	6	2	1	0	15_130.cif
.0000000013249196562308379267446024987465	0	1	1	1	0	0	4	1	2	1	0	0	0	0	0	0	0	0	0	0	0	0	0	0	0	0	7	5	1	2	0	15_131.cif
.0000000012755839070490823468332232747636	0	1	2	1	1	0	2	1	1	0	1	0	0	1	0	0	0	0	0	0	0	0	0	0	0	0	10	2	1	2	0	15_132.cif
.0000000012126591991243756588563252851749	0	0	4	3	0	1	1	1	0	0	1	0	0	1	0	0	0	0	0	0	0	0	0	0	0	0	6	5	3	1	0	15_133.cif
.0000000011823553149558695444265741336551	0	0	4	3	1	0	1	0	1	0	1	0	0	0	1	0	0	0	0	0	0	0	0	0	0	0	7	4	1	3	0	15_134.cif
.0000000011240295847191679045420478541727	0	1	1	0	0	1	4	2	2	0	0	0	0	0	0	0	0	0	0	0	0	0	0	0	0	0	8	4	1	2	0	15_135.cif
.0000000010551585494664854672665139858991	0	1	1	0	1	0	4	2	2	0	0	0	0	0	0	0	0	0	0	0	0	0	0	0	0	0	4	8	2	1	0	15_136.cif
.0000000009904816926130519861485757469489	0	0	3	1	2	0	3	0	2	1	0	0	0	0	0	0	0	0	0	0	0	0	0	0	0	0	6	6	2	1	0	15_137.cif
.0000000009535993381804112682616211363584	0	1	2	1	1	0	2	1	1	0	1	0	0	0	1	0	0	0	0	0	0	0	0	0	0	0	6	6	1	2	0	15_138.cif
.0000000009297933437506567769139096732161	0	0	4	1	2	1	1	1	0	0	1	0	0	1	0	0	0	0	0	0	0	0	0	0	0	0	9	3	1	2	0	15_139.cif
.0000000008193229941795455498756704558976	0	1	1	0	1	0	4	1	3	0	0	0	0	0	0	0	0	0	0	0	0	0	0	0	0	0	3	9	2	1	0	15_140.cif
.0000000007404821803961559867086354320070	0	0	3	2	0	1	3	0	1	2	0	0	0	0	0	0	0	0	0	0	0	0	0	0	0	0	3	9	2	1	0	15_141.cif
.0000000007219778172248949836994890696213	0	0	3	1	2	0	3	1	2	0	0	0	0	0	0	0	0	0	0	0	0	0	0	0	0	0	6	6	1	2	0	15_142.cif
.0000000007039541051614429477394492025108	0	1	1	1	0	0	4	1	3	0	0	0	0	0	0	0	0	0	0	0	0	0	0	0	0	0	4	8	3	0	0	15_143.cif
.0000000006443080660557889618710932409364	0	0	3	2	1	0	3	1	2	0	0	0	0	0	0	0	0	0	0	0	0	0	0	0	0	0	4	7	4	0	0	15_144.cif
.0000000006203161047370626618379684380872	0	0	3	1	2	0	3	1	2	0	0	0	0	0	0	0	0	0	0	0	0	0	0	0	0	0	6	5	0	4	0	15_145.cif
.0000000005897158365023604049928225388579	0	1	1	0	1	0	4	0	3	1	0	0	0	0	0	0	0	0	0	0	0	0	0	0	0	0	7	6	0	2	0	15_146.cif
.0000000005749790659285626762574401594308	0	1	2	0	2	0	2	0	2	0	1	0	0	0	1	0	0	0	0	0	0	0	0	0	0	0	6	6	2	1	0	15_147.cif
.0000000005606250831889781996555211929296	0	0	3	0	2	1	3	2	1	0	0	0	0	0	0	0	0	0	0	0	0	0	0	0	0	0	6	5	3	1	0	15_148.cif
.0000000005535686937237220925045195825588	0	0	3	2	0	1	3	2	1	0	0	0	0	0	0	0	0	0	0	0	0	0	0	0	0	0	6	5	3	1	0	15_149.cif
.0000000005466152792843154344082918901348	0	0	3	2	1	0	3	0	3	0	0	0	0	0	0	0	0	0	0	0	0	0	0	0	0	0	8	2	4	1	0	15_150.cif
.0000000005329693802438536058946382290005	0	0	3	2	0	1	3	0	2	1	0	0	0	0	0	0	0	0	0	0	0	0	0	0	0	0	5	6	3	1	0	15_151.cif
.0000000004940162508774960959802820995755	0	0	3	1	0	2	3	2	1	0	0	0	0	0	0	0	0	0	0	0	0	0	0	0	0	0	5	6	2	2	0	15_152.cif
.0000000003646770146445981802454360279995	0	0	4	1	3	0	1	1	0	0	1	0	0	1	0	0	0	0	0	0	0	0	0	0	0	0	5	7	3	0	0	15_153.cif
.0000000003466874535451241068862426445664	0	0	4	1	3	0	1	1	0	0	1	0	0	0	1	0	0	0	0	0	0	0	0	0	0	0	4	7	2	2	0	15_154.cif
.0000000003423326885940466597374109208739	0	1	2	2	0	0	2	1	1	0	1	0	0	0	1	0	0	0	0	0	0	0	0	0	0	0	8	3	4	0	0	15_155.cif
.0000000003295853196635872651326032387584	0	1	2	0	1	1	2	0	2	0	1	0	0	0	1	0	0	0	0	0	0	0	0	0	0	0	6	6	1	2	0	15_156.cif
.0000000002978703855070566468980303593099	0	0	4	0	3	1	1	0	1	0	1	0	0	0	0	1	0	0	0	0	0	0	0	0	0	0	6	6	3	0	0	15_157.cif
.0000000002624798916569838817889812977633	0	0	3	0	2	1	3	1	2	0	0	0	0	0	0	0	0	0	0	0	0	0	0	0	0	0	6	5	3	1	0	15_158.cif
.0000000002495317269558209968379384866823	0	0	3	1	2	0	3	1	2	0	0	0	0	0	0	0	0	0	0	0	0	0	0	0	0	0	5	7	0	3	0	15_159.cif
.0000000002312942033729963909766409287929	0	0	3	0	1	2	3	2	1	0	0	0	0	0	0	0	0	0	0	0	0	0	0	0	0	0	8	4	1	2	0	15_160.cif
.0000000002283889009747225389235825806684	0	1	1	0	1	0	4	2	2	0	0	0	0	0	0	0	0	0	0	0	0	0	0	0	0	0	9	3	0	3	0	15_161.cif
.0000000002171224489540745624879370782620	0	0	4	3	0	1	1	0	1	0	1	0	0	0	1	0	0	0	0	0	0	0	0	0	0	0	6	6	3	0	0	15_162.cif
.0000000002090375068725296265317130951195	0	0	3	1	2	0	3	1	2	0	0	0	0	0	0	0	0	0	0	0	0	0	0	0	0	0	4	8	0	3	0	15_163.cif
.0000000002012536220458969283607085143247	0	1	1	0	0	1	4	1	3	0	0	0	0	0	0	0	0	0	0	0	0	0	0	0	0	0	4	8	0	3	0	15_164.cif
.0000000001962243719025962360458013926919	0	0	3	2	1	0	3	1	2	0	0	0	0	0	0	0	0	0	0	0	0	0	0	0	0	0	5	5	0	5	0	15_165.cif
.0000000001913257566063558413000231237171	0	0	3	3	0	0	3	1	1	1	0	0	0	0	0	0	0	0	0	0	0	0	0	0	0	0	7	4	1	3	0	15_166.cif
.0000000001889176070357556338978239381703	0	1	2	0	2	0	2	0	2	0	1	0	0	0	1	0	0	0	0	0	0	0	0	0	0	0	6	7	1	1	0	15_167.cif
.0000000001842014004270584184340933118338	0	1	1	0	1	0	4	2	2	0	0	0	0	0	0	0	0	0	0	0	0	0	0	0	0	0	8	4	2	1	0	15_168.cif
.0000000001773423323713769000025062973849	0	0	3	0	1	2	3	2	1	0	0	0	0	0	0	0	0	0	0	0	0	0	0	0	0	0	3	7	4	1	0	15_169.cif
.0000000001707386739623288805882304223702	0	0	4	2	1	1	1	1	0	0	1	0	0	1	0	0	0	0	0	0	0	0	0	0	0	0	3	8	3	1	0	15_170.cif
.0000000001664762927309758362391050539675	0	1	2	0	2	0	2	1	1	0	1	0	0	0	1	0	0	0	0	0	0	0	0	0	0	0	5	7	1	2	0	15_171.cif
.0000000001643809145656614438651034370810	0	1	1	0	0	1	4	2	2	0	0	0	0	0	0	0	0	0	0	0	0	0	0	0	0	0	6	5	1	3	0	15_172.cif
.0000000001623161145907658238761748011822	0	1	1	1	0	0	4	2	2	0	0	0	0	0	0	0	0	0	0	0	0	0	0	0	0	0	8	3	0	4	0	15_173.cif
.0000000001582639971394467508405398227058	0	0	3	0	2	1	3	0	3	0	0	0	0	0	0	0	0	0	0	0	0	0	0	0	0	0	5	6	2	2	0	15_174.cif
.0000000001523707546091136937317529783150	0	0	3	1	2	0	3	0	1	2	0	0	0	0	0	0	0	0	0	0	0	0	0	0	0	0	7	3	3	2	0	15_175.cif
.0000000001504529178588902936042840648090	0	0	3	1	2	0	3	0	2	1	0	0	0	0	0	0	0	0	0	0	0	0	0	0	0	0	5	6	1	3	0	15_176.cif
.0000000001485630684086737405692226398121	0	0	3	1	1	1	3	2	0	1	0	0	0	0	0	0	0	0	0	0	0	0	0	0	0	0	7	3	4	1	0	15_177.cif
.0000000001466969574873957458718416205750	0	0	3	2	0	1	3	2	1	0	0	0	0	0	0	0	0	0	0	0	0	0	0	0	0	0	5	5	1	4	0	15_178.cif
.0000000001342673226591891683222732612293	0	0	3	0	2	1	3	1	2	0	0	0	0	0	0	0	0	0	0	0	0	0	0	0	0	0	7	4	3	1	0	15_179.cif
.0000000001276438994445556386453319978839	0	1	2	0	2	0	2	0	1	1	1	0	0	0	1	0	0	0	0	0	0	0	0	0	0	0	6	6	1	2	0	15_180.cif
.0000000001244541277870468367188526442263	0	0	4	1	3	0	1	1	0	0	1	0	0	0	1	0	0	0	0	0	0	0	0	0	0	0	7	3	2	3	0	15_181.cif
.0000000001228908509272645316704741957019	0	0	4	3	1	0	1	0	1	0	1	0	0	0	0	1	0	0	0	0	0	0	0	0	0	0	3	8	1	3	0	15_182.cif
.0000000001213472104956488557284670239774	0	0	4	2	2	0	1	1	0	0	1	0	0	0	1	0	0	0	0	0	0	0	0	0	0	0	7	5	1	2	0	15_183.cif
.0000000001198198561130924919048165913929	0	1	2	0	2	0	2	0	2	0	1	0	0	0	0	1	0	0	0	0	0	0	0	0	0	0	5	7	2	1	0	15_184.cif
.0000000001183147906585777866365527660202	0	1	2	1	1	0	2	0	2	0	1	1	0	0	0	0	0	0	0	0	0	0	0	0	0	0	6	6	1	2	0	15_185.cif
.0000000001168286304347640389516695245647	0	1	2	2	0	0	2	0	2	0	1	0	1	0	0	0	0	0	0	0	0	0	0	0	0	0	5	7	2	1	0	15_186.cif
.0000000001139091281650276737602953118265	0	0	3	1	1	1	3	1	1	1	0	0	0	0	0	0	0	0	0	0	0	0	0	0	0	0	6	5	2	2	0	15_187.cif
.0000000001110654600100464153028372214559	0	0	3	1	1	1	3	0	3	0	0	0	0	0	0	0	0	0	0	0	0	0	0	0	0	0	6	5	2	2	0	15_188.cif
.0000000001003753883374540479147237922054	0	0	4	1	1	2	2	0	1	1	0	0	0	0	0	0	0	0	0	0	0	0	0	0	0	0	6	7	0	1	1	15_189.cif
.0000000000978695812967262163980364420759	0	0	3	1	2	0	3	2	1	0	0	0	0	0	0	0	0	0	0	0	0	0	0	0	0	0	2	9	1	3	0	15_190.cif
.0000000000918705805749537526313683543072	0	1	2	0	1	1	2	1	1	0	1	0	0	0	1	0	0	0	0	0	0	0	0	0	0	0	5	8	0	2	0	15_191.cif
.0000000000884519065959200089551245496448	0	1	2	2	0	0	2	1	1	0	1	0	0	0	1	0	0	0	0	0	0	0	0	0	0	0	7	5	1	2	0	15_192.cif
.0000000000873385937588722322801484878264	0	0	3	1	1	1	3	2	1	0	0	0	0	0	0	0	0	0	0	0	0	0	0	0	0	0	5	5	4	1	0	15_193.cif
.0000000000862415276750313177999196576818	0	0	3	1	1	1	3	0	3	0	0	0	0	0	0	0	0	0	0	0	0	0	0	0	0	0	6	6	1	2	0	15_194.cif
.0000000000799383937450093822165619799016	0	0	4	1	3	0	2	2	0	0	0	0	0	0	0	0	0	0	0	0	0	0	0	0	0	0	5	6	2	1	1	15_195.cif
.0000000000789342820825696399386115269027	0	1	1	1	0	0	4	3	1	0	0	0	0	0	0	0	0	0	0	0	0	0	0	0	0	0	8	3	2	2	0	15_196.cif
.0000000000769617449155885297331420661423	0	0	3	1	1	1	3	1	1	1	0	0	0	0	0	0	0	0	0	0	0	0	0	0	0	0	7	4	3	1	0	15_197.cif
.0000000000759950231438456553000615166566	0	0	4	3	0	1	1	0	1	0	1	0	0	0	0	1	0	0	0	0	0	0	0	0	0	0	5	6	4	0	0	15_198.cif
.0000000000740978562465788043900827961559	0	1	1	0	0	1	4	2	1	1	0	0	0	0	0	0	0	0	0	0	0	0	0	0	0	0	6	4	2	3	0	15_199.cif
.0000000000731652127600579367152307377627	0	0	3	1	2	0	3	2	1	0	0	0	0	0	0	0	0	0	0	0	0	0	0	0	0	0	8	3	3	1	0	15_200.cif
.0000000000704426000643734061975519987111	0	0	4	2	2	0	1	0	0	1	1	0	0	1	0	0	0	0	0	0	0	0	0	0	0	0	5	6	3	1	0	15_201.cif
.0000000000644739977828653362614550677680	0	1	2	1	1	0	2	2	0	0	1	0	0	1	0	0	0	0	0	0	0	0	0	0	0	0	10	1	3	1	0	15_202.cif
.0000000000605220082667121355597474296547	0	0	4	0	4	0	1	0	1	0	1	0	0	0	0	1	0	0	0	0	0	0	0	0	0	0	7	4	1	3	0	15_203.cif
.0000000000513467285800617753713624801661	0	1	1	1	0	0	4	0	4	0	0	0	0	0	0	0	0	0	0	0	0	0	0	0	0	0	4	7	4	0	0	15_204.cif
.0000000000507004454837601795165393026595	0	0	3	0	2	1	3	0	3	0	0	0	0	0	0	0	0	0	0	0	0	0	0	0	0	0	6	5	2	2	0	15_205.cif
.0000000000446766381790005855139727817751	0	1	2	1	1	0	2	1	1	0	1	0	0	0	1	0	0	0	0	0	0	0	0	0	0	0	7	5	2	1	0	15_206.cif
.0000000000403775491308948814903530401113	0	0	4	2	2	0	2	0	2	0	0	0	0	0	0	0	0	0	0	0	0	0	0	0	0	0	7	6	1	0	1	15_207.cif
.0000000000379035540978321568118583366919	0	0	4	1	2	1	1	1	0	0	1	0	0	1	0	0	0	0	0	0	0	0	0	0	0	0	1	9	4	1	0	15_208.cif
.0000000000355802229322349170605965684212	0	1	2	1	1	0	2	1	1	0	1	1	0	0	0	0	0	0	0	0	0	0	0	0	0	0	8	3	3	1	0	15_209.cif
.0000000000351332973045768872266956581156	0	1	2	1	1	0	2	1	1	0	1	0	0	0	0	1	0	0	0	0	0	0	0	0	0	0	7	5	2	1	0	15_210.cif
.0000000000342553297991603977513556476335	0	0	3	0	3	0	3	0	1	2	0	0	0	0	0	0	0	0	0	0	0	0	0	0	0	0	6	5	2	2	0	15_211.cif
.0000000000338250462452804579170074531120	0	0	3	2	1	0	3	1	2	0	0	0	0	0	0	0	0	0	0	0	0	0	0	0	0	0	8	2	3	2	0	15_212.cif
.0000000000329806257111410018827661648905	0	1	1	0	0	1	4	2	1	1	0	0	0	0	0	0	0	0	0	0	0	0	0	0	0	0	7	4	3	1	0	15_213.cif
.0000000000325655102501954160777058542223	0	0	4	1	1	2	1	1	0	0	1	0	0	1	0	0	0	0	0	0	0	0	0	0	0	0	4	7	3	1	0	15_214.cif
.0000000000321564526359052410649394289141	0	1	2	1	1	0	2	0	2	0	1	0	0	0	1	0	0	0	0	0	0	0	0	0	0	0	4	7	3	1	0	15_215.cif
.0000000000317525332224454296883687783632	0	1	2	1	0	1	2	0	2	0	1	0	0	0	1	0	0	0	0	0	0	0	0	0	0	0	5	6	3	1	0	15_216.cif
.0000000000305701709504534479200224059977	0	1	1	0	0	1	4	2	2	0	0	0	0	0	0	0	0	0	0	0	0	0	0	0	0	0	4	6	4	1	0	15_217.cif
.0000000000301861769303579003379055961836	0	0	4	1	2	1	1	1	0	0	1	0	0	0	1	0	0	0	0	0	0	0	0	0	0	0	4	6	3	2	0	15_218.cif
.0000000000298062342070032738190535875192	0	0	4	2	1	1	1	1	0	0	1	0	0	0	0	1	0	0	0	0	0	0	0	0	0	0	3	8	3	1	0	15_219.cif
.0000000000290621407317940503961546681736	0	1	1	1	0	0	4	3	0	1	0	0	0	0	0	0	0	0	0	0	0	0	0	0	0	0	9	2	3	1	0	15_220.cif
.0000000000272807516534276008096309447198	0	1	2	0	2	0	2	0	2	0	1	0	0	0	1	0	0	0	0	0	0	0	0	0	0	0	7	4	3	1	0	15_221.cif
.0000000000269380762553866050452230564351	0	0	3	1	1	1	3	3	0	0	0	0	0	0	0	0	0	0	0	0	0	0	0	0	0	0	4	6	4	1	0	15_222.cif
.0000000000262655844995641925973621936073	0	0	3	0	2	1	3	0	2	1	0	0	0	0	0	0	0	0	0	0	0	0	0	0	0	0	4	6	2	3	0	15_223.cif
.0000000000234393484068527816458211457229	0	0	3	0	1	2	3	0	2	1	0	0	0	0	0	0	0	0	0	0	0	0	0	0	0	0	6	5	1	3	0	15_224.cif
.0000000000228542001425142793571774207993	0	1	2	1	0	1	3	0	3	0	0	0	0	0	0	0	0	0	0	0	0	0	0	0	0	0	8	6	0	0	1	15_225.cif
.0000000000225665424155264710999578303974	0	0	4	1	2	1	1	0	1	0	1	0	0	0	1	0	0	0	0	0	0	0	0	0	0	0	6	6	1	2	0	15_226.cif
.0000000000211838553765379199476228744502	0	0	3	1	1	1	3	0	2	1	0	0	0	0	0	0	0	0	0	0	0	0	0	0	0	0	5	5	4	1	0	15_227.cif
.0000000000203950366956130367882493664018	0	1	2	0	0	2	2	1	1	0	1	0	0	0	1	0	0	0	0	0	0	0	0	0	0	0	4	7	2	2	0	15_228.cif
.0000000000201388532367950383580628962803	0	0	4	1	2	1	1	0	1	0	1	0	0	0	1	0	0	0	0	0	0	0	0	0	0	0	5	7	2	1	0	15_229.cif
.0000000000198853726200981984616394945344	0	1	1	0	1	0	4	0	3	1	0	0	0	0	0	0	0	0	0	0	0	0	0	0	0	0	3	8	3	1	0	15_230.cif
.0000000000196355910867902803265383731375	0	0	4	0	2	2	1	1	0	0	1	0	0	0	1	0	0	0	0	0	0	0	0	0	0	0	6	5	1	3	0	15_231.cif
.0000000000191454011785957021026379357038	0	1	3	2	1	0	0	0	0	0	2	0	0	2	0	0	0	0	0	0	0	0	0	0	0	0	8	5	2	0	0	15_232.cif
.0000000000184324879796034170787814089417	0	0	4	1	1	2	1	0	1	0	1	0	0	1	0	0	0	0	0	0	0	0	0	0	0	0	5	6	2	2	0	15_233.cif
.0000000000182004847783590485105460067391	0	1	1	0	0	1	4	1	3	0	0	0	0	0	0	0	0	0	0	0	0	0	0	0	0	0	6	4	4	1	0	15_234.cif
.0000000000173026526699125397381909316742	0	0	3	0	2	1	3	2	0	1	0	0	0	0	0	0	0	0	0	0	0	0	0	0	0	0	5	7	2	1	0	15_235.cif
.0000000000158365987180793195583666040953	0	1	1	1	0	0	4	1	3	0	0	0	0	0	0	0	0	0	0	0	0	0	0	0	0	0	3	9	2	1	0	15_236.cif
.0000000000156376741122519167069018577736	0	1	1	0	1	0	4	2	2	0	0	0	0	0	0	0	0	0	0	0	0	0	0	0	0	0	6	5	3	1	0	15_237.cif
.0000000000150553773939868532840948578563	0	1	2	1	1	0	3	0	3	0	0	0	0	0	0	0	0	0	0	0	0	0	0	0	0	0	6	7	1	0	1	15_238.cif
.0000000000148662657629481368240609712325	0	1	2	1	1	0	2	1	1	0	1	0	0	0	0	1	0	0	0	0	0	0	0	0	0	0	4	7	3	1	0	15_239.cif
.0000000000144947635337778102304247902605	0	0	3	1	1	1	3	2	1	0	0	0	0	0	0	0	0	0	0	0	0	0	0	0	0	0	6	5	2	2	0	15_240.cif
.0000000000141329110805198772668358116719	0	0	4	3	1	0	2	0	2	0	0	0	0	0	0	0	0	0	0	0	0	0	0	0	0	0	10	2	0	2	1	15_241.cif
.0000000000139553866122969987571313805841	0	1	2	0	1	1	2	1	1	0	1	0	0	1	0	0	0	0	0	0	0	0	0	0	0	0	5	6	2	2	0	15_242.cif
.0000000000136066469006524293863413020269	0	0	3	2	0	1	3	0	3	0	0	0	0	0	0	0	0	0	0	0	0	0	0	0	0	0	7	4	2	2	0	15_243.cif
.0000000000134357328729922520858098277651	0	0	3	1	2	0	3	2	1	0	0	0	0	0	0	0	0	0	0	0	0	0	0	0	0	0	7	4	2	2	0	15_244.cif
.0000000000121425410258320224741506508237	0	0	4	3	1	0	1	0	1	0	1	0	1	0	0	0	0	0	0	0	0	0	0	0	0	0	8	3	2	2	0	15_245.cif
.0000000000119900177327748342800375223240	0	0	3	2	1	0	3	1	1	1	0	0	0	0	0	0	0	0	0	0	0	0	0	0	0	0	8	3	2	2	0	15_246.cif
.0000000000118394102952931404151668142775	0	1	2	2	0	0	3	0	2	1	0	0	0	0	0	0	0	0	0	0	0	0	0	0	0	0	9	3	1	1	1	15_247.cif
.0000000000116906946481932738606751954400	0	1	2	0	2	0	2	0	2	0	1	0	0	1	0	0	0	0	0	0	0	0	0	0	0	0	4	8	2	1	0	15_248.cif
.0000000000112553707580152369942973406261	0	0	4	1	2	1	1	1	0	0	1	0	0	0	1	0	0	0	0	0	0	0	0	0	0	0	7	4	3	1	0	15_249.cif
.0000000000107001419615256138521351045143	0	1	1	1	0	0	4	2	1	1	0	0	0	0	0	0	0	0	0	0	0	0	0	0	0	0	8	3	1	3	0	15_250.cif
.0000000000105654630624214815743029033762	0	1	1	1	0	0	4	1	1	2	0	0	0	0	0	0	0	0	0	0	0	0	0	0	0	0	7	3	4	1	0	15_251.cif
Average: 0 .0000645832635481537976617994501660685385 2.9999694470900415498977323473366912190849 .9944755175829660519396950994543364820329 2.0049879305638758413132451582582149994643 .0005059989431996566447920896241397375877 2.9998673578174059192733292405028000150447 .0061513322599545298935524069822165798881 2.9936591562604689623806395538094613420365 .0000568692969824269991372797111220931201 .0000986118290043842460825836734744989643 .0000000493179948809622728287871456981945 .0000000001289711714605960614258201753884 .0000682950312057627811281789907308163016 .0000130616198241773948458848987850909330 .0000172057310083916472396295709927181468 0 0 0 0 0 0 0 0 0 0 6.9796265344534722093439227568575178271756 8.0081118851388996495707686472270530887807 .0118110793163493294464178395458954993007 .0004504993031453600363353066953801324426 .0000000017881334696395703770819829563814
