.3370834345449612024111030530322144901420	0	0	0	0	0	0	0	0	0	0	1	0	0	0	1	0	2	1	0	1	2	0	0	2	1	0	12	10	9	2	0	33_1.cif
.2584550828087765188450138434627625991888	0	0	0	0	0	0	0	0	0	0	1	0	0	0	1	0	2	0	0	2	2	0	0	2	1	0	10	12	8	3	0	33_2.cif
.2084505332688521768402770050590837707315	0	0	0	0	0	0	0	0	0	0	1	0	0	1	0	0	2	0	0	2	2	1	1	0	1	0	10	12	7	4	0	33_3.cif
.0797159930066749292088290678105025800531	0	0	0	0	0	0	0	0	0	0	1	0	0	0	0	1	1	0	0	1	4	1	1	2	0	0	12	10	8	3	0	33_4.cif
.0286165082666678021030292071631126773300	0	0	0	0	0	0	0	0	0	0	0	0	0	0	0	0	4	0	1	3	1	0	0	1	1	0	11	11	8	3	0	33_5.cif
.0233741365837532214203768346025843950125	0	0	0	0	0	0	1	0	1	0	0	0	0	0	0	0	0	0	0	0	5	0	1	4	0	0	11	11	8	3	0	33_6.cif
.0203382946095269527759134382286469707590	0	0	0	0	0	0	0	0	0	0	1	0	0	0	1	0	2	0	0	2	2	1	0	1	1	0	11	11	9	2	0	33_7.cif
.0086057012652658227926080366150583199152	0	0	0	0	0	0	0	0	0	0	0	0	0	0	0	0	3	2	0	1	3	1	1	1	0	0	12	9	8	4	0	33_8.cif
.0075834394976248643954118456039856701378	0	0	0	0	0	0	0	0	0	0	0	0	0	0	0	0	4	1	0	3	1	0	1	0	1	0	11	11	6	5	0	33_9.cif
.0049956481902344952364590842957501602914	0	0	0	0	0	0	0	0	0	0	1	0	0	0	1	0	2	0	0	2	2	0	1	1	1	0	11	11	7	4	0	33_10.cif
.0047492122627130299529763000607386260743	0	0	0	0	0	0	0	0	0	0	1	0	0	1	0	0	1	0	0	1	4	1	3	0	0	0	12	10	6	5	0	33_11.cif
.0041323827220798233242037064617070141148	0	0	0	0	0	0	0	0	0	0	0	0	0	0	0	0	5	0	0	5	0	0	0	0	1	0	12	11	8	1	1	33_12.cif
.0027223089230712566904495121306055938955	0	0	0	0	0	0	0	0	0	0	1	0	0	0	1	0	1	0	0	1	4	3	1	0	0	0	12	10	5	6	0	33_13.cif
.0024603499003299918997358896642115142725	0	0	0	0	0	0	0	0	0	0	1	0	0	0	0	1	2	1	0	1	2	2	0	0	1	0	10	12	5	6	0	33_14.cif
.0021956107056196316189036833562332101280	0	0	0	0	0	0	0	0	0	0	1	0	0	0	0	1	2	0	0	2	2	0	2	0	1	0	12	11	3	7	0	33_15.cif
.0019594087987173016038797435995354273544	0	0	0	0	0	0	0	0	0	0	0	0	0	0	0	0	3	1	0	2	3	1	1	1	0	0	11	10	8	4	0	33_16.cif
.0013406986924045237167082181000663283735	0	0	0	0	0	0	0	0	0	0	0	0	0	0	0	0	3	1	0	2	3	1	2	0	0	0	12	9	7	5	0	33_17.cif
.0005192343192148463810085362284023101663	0	0	0	0	0	0	0	0	0	0	1	0	0	1	0	0	2	0	0	2	2	1	1	0	1	0	11	11	6	5	0	33_18.cif
.0004998997021919405709238440931770212955	0	0	0	0	0	0	0	0	0	0	1	0	0	0	1	0	2	0	0	2	2	0	1	1	1	0	10	11	8	4	0	33_19.cif
.0004461209231873445742109497339033844264	0	0	0	0	0	0	0	0	0	0	1	0	0	0	0	1	3	0	0	3	1	0	0	1	1	0	11	12	8	1	1	33_20.cif
.0003784781316108994446805660600733453392	0	0	0	0	0	0	0	0	0	0	0	0	0	0	0	0	3	1	1	1	3	1	1	1	0	0	10	12	4	7	0	33_21.cif
.0001772002394446550128776649811949236205	0	0	0	0	0	0	0	0	0	0	2	0	0	1	0	1	1	1	0	0	1	0	0	1	2	0	11	11	5	6	0	33_22.cif
.0001749744150481696734689044463967613565	0	0	0	0	0	0	0	0	0	0	0	0	0	0	0	0	3	1	0	2	3	1	2	0	0	0	10	11	6	6	0	33_23.cif
.0001727765493850332057536615971985985985	0	0	0	0	0	0	0	0	0	0	1	0	0	0	0	1	3	1	0	2	0	0	0	0	2	0	11	10	8	4	0	33_24.cif
.0001002949640388165004235945202193875838	0	0	0	0	0	0	0	0	0	0	2	0	0	0	0	2	1	0	1	0	2	1	0	1	1	0	12	11	4	5	1	33_25.cif
.0000965628031920926944728573252621966664	0	0	0	0	0	0	0	0	0	0	1	0	0	0	1	0	1	0	0	1	4	2	1	1	0	0	11	10	5	7	0	33_26.cif
.0000819215316648725873841718437166374957	0	0	0	0	0	0	0	0	0	0	1	0	0	0	1	0	2	0	1	1	2	1	0	1	1	0	10	11	9	3	0	33_27.cif
.0000778803326310262263539221261242007912	0	0	0	0	0	0	0	0	0	0	1	0	0	1	0	0	2	0	1	1	2	1	1	0	1	0	11	10	7	5	0	33_28.cif
.0000567682098286529598214554378334462864	0	0	0	0	0	0	0	0	0	0	1	0	0	0	1	0	2	0	0	2	3	2	1	0	0	0	12	11	4	5	1	33_29.cif
.0000487734135508410078090843330295189573	0	0	0	0	0	0	0	0	0	0	0	0	0	0	0	0	4	0	1	3	1	0	1	0	1	0	12	9	7	5	0	33_30.cif
.0000413792486277354261788599106022326886	0	0	0	0	0	0	0	0	0	0	1	0	0	0	1	0	2	0	0	2	2	1	0	1	1	0	10	11	8	4	0	33_31.cif
.0000373974567596544556049283350856193155	0	0	0	0	0	0	0	0	0	0	0	0	0	0	0	0	3	1	0	2	3	2	1	0	0	0	10	11	7	5	0	33_32.cif
.0000337979444261421481210041873320250011	0	0	0	0	0	0	0	0	0	0	0	0	0	0	0	0	3	1	0	2	3	1	2	0	0	0	11	9	7	6	0	33_33.cif
.0000329542004714943199994785983455684257	0	0	0	0	0	0	0	0	0	0	0	0	0	0	0	0	3	0	1	2	3	1	1	1	0	0	11	10	6	6	0	33_34.cif
.0000265783926053180528883189518439965099	0	0	0	0	0	0	0	0	0	0	1	0	0	0	0	1	2	1	0	1	2	2	0	0	1	0	10	11	6	6	0	33_35.cif
.0000184177192206231693301692960150467132	0	0	0	0	0	0	0	0	0	0	2	0	0	2	0	0	1	0	0	1	1	0	1	0	2	0	10	11	6	6	0	33_36.cif
.0000177319025586878956890338764532503136	0	0	0	0	0	0	0	0	0	0	0	0	0	0	0	0	3	1	0	2	3	1	2	0	0	0	11	10	4	8	0	33_37.cif
.0000166454413989296877782822138350096257	0	0	0	0	0	0	0	0	0	0	0	0	0	0	0	0	3	1	0	2	3	2	0	1	0	0	11	10	4	8	0	33_38.cif
.0000164359311203959097017818196449332676	0	0	0	0	0	0	0	0	0	0	0	0	0	0	0	0	3	0	0	3	3	0	1	2	0	0	10	10	8	5	0	33_39.cif
.0000160256186662717557982428802204052446	0	0	0	0	0	0	0	0	0	0	0	0	0	0	0	0	3	2	1	0	3	1	2	0	0	0	10	11	6	6	0	33_40.cif
.0000132559923743171552035309027446839437	0	0	0	0	0	0	0	0	0	0	0	0	0	0	0	0	4	0	1	3	2	1	1	0	0	0	11	11	7	3	1	33_41.cif
.0000100362196746289117583112282831445561	0	0	0	0	0	0	0	0	0	0	1	0	0	1	0	0	1	1	0	0	4	0	2	2	0	0	11	10	6	6	0	33_42.cif
.0000096625031143288775124900772530178255	0	0	0	0	0	0	0	0	0	0	1	0	0	1	0	0	3	0	0	3	1	0	1	0	1	0	12	10	5	5	1	33_43.cif
.0000094212849358891603011584027085716653	0	0	0	0	0	0	0	0	0	0	1	0	0	1	0	0	2	0	1	1	3	0	0	3	0	0	10	12	6	4	1	33_44.cif
.0000085147050199007190236191489338127261	0	0	0	0	0	0	0	0	0	0	2	0	0	1	1	0	0	0	0	0	3	1	1	1	1	0	11	10	7	5	0	33_45.cif
.0000083019258360720031140903849753867104	0	0	0	0	0	0	0	0	0	0	1	0	0	0	0	1	2	0	1	1	3	1	0	2	0	0	12	10	4	6	1	33_46.cif
.0000067810631049828114336504704323548842	0	0	0	0	0	0	0	0	0	0	1	0	0	0	1	0	2	0	1	1	2	1	1	0	1	0	11	10	5	7	0	33_47.cif
.0000062854555932548886936462445826694049	0	0	0	0	0	0	0	0	0	0	0	0	0	0	0	0	4	1	0	3	1	0	1	0	1	0	11	10	8	4	0	33_48.cif
.0000057528888714141892592052506141423084	0	0	0	0	0	0	0	0	0	0	2	0	0	1	1	0	0	0	0	0	3	0	2	1	1	0	11	10	5	7	0	33_49.cif
.0000045240188903602029325382602699586049	0	0	0	0	0	0	0	0	0	0	1	0	0	1	0	0	2	0	0	2	3	1	2	0	0	0	12	10	5	5	1	33_50.cif
.0000044109654087813706167260724255631863	0	0	0	0	0	0	0	0	0	0	0	0	0	0	0	0	3	1	0	2	3	0	2	1	0	0	11	9	8	5	0	33_51.cif
.0000043007370899630938267683566916204985	0	0	0	0	0	0	0	0	0	0	2	0	0	0	2	0	1	0	0	1	1	0	1	0	2	0	11	10	5	7	0	33_52.cif
.0000040372242609752607586827732493105588	0	0	0	0	0	0	0	0	0	0	2	0	0	0	1	1	2	0	0	2	0	0	0	0	2	0	12	10	8	2	1	33_53.cif
.0000037421556796492324457321046573467551	0	0	0	0	0	0	0	0	0	0	0	0	0	0	0	0	4	2	0	2	1	0	1	0	1	0	9	12	5	7	0	33_54.cif
.0000034687426230687603505256462956398413	0	0	0	0	0	0	0	0	0	0	1	0	0	0	0	1	2	2	0	0	3	2	0	1	0	0	10	12	6	4	1	33_55.cif
.0000027624870817012909735563641277165256	0	0	0	0	0	0	0	0	0	0	1	0	0	0	1	0	2	1	1	0	2	2	0	0	1	0	10	11	7	5	0	33_56.cif
.0000024652372452819739560722796911949477	0	0	0	0	0	0	0	0	0	0	0	0	0	0	0	0	3	1	0	2	3	1	1	1	0	0	8	12	8	5	0	33_57.cif
.0000021723381595954073113301661904165011	0	0	0	0	0	0	0	0	0	0	0	0	0	0	0	0	3	0	0	3	3	0	0	3	0	0	11	9	6	7	0	33_58.cif
.0000015635618968983471998761366424641702	0	0	0	0	0	0	0	0	0	0	0	0	0	0	0	0	3	1	1	1	3	2	0	1	0	0	8	12	8	5	0	33_59.cif
.0000015439218883608970450429572783865300	0	0	0	0	0	0	0	0	0	0	0	0	0	0	0	0	3	2	0	1	3	2	1	0	0	0	12	8	7	6	0	33_60.cif
.0000013777924132949557047719839469008130	0	0	0	0	0	0	0	0	0	0	0	0	0	0	0	0	4	1	1	2	1	0	0	1	1	0	10	10	7	6	0	33_61.cif
.0000013604858680193091973523540563672330	0	0	0	0	0	0	0	0	0	0	1	0	0	0	1	0	2	1	1	0	2	0	0	2	1	0	11	10	5	7	0	33_62.cif
.0000012295706932501042827650286297921794	0	0	0	0	0	0	1	0	1	0	0	0	0	0	0	0	1	0	0	1	3	0	0	3	1	0	10	11	6	6	0	33_63.cif
.0000010834832801505343871664548629543270	0	0	0	0	0	0	0	0	0	0	0	0	0	0	0	0	4	0	1	3	2	2	0	0	0	0	11	11	7	3	1	33_64.cif
.0000008307491030262411021917091496210779	0	0	0	0	0	0	0	0	0	0	1	0	0	0	1	0	3	1	0	2	1	0	0	1	0	1	11	10	6	6	0	33_65.cif
.0000008203140063995706261602660044674276	0	0	0	0	0	0	0	0	0	0	1	0	0	0	0	1	2	1	0	1	3	0	2	1	0	0	11	10	6	5	1	33_66.cif
.0000007798276174876802750229160174483770	0	0	0	0	0	0	0	0	0	0	1	0	0	0	0	1	3	0	1	2	1	0	0	1	1	0	11	11	7	3	1	33_67.cif
.0000007700321491435235159697478115319133	0	0	0	0	0	0	0	0	0	0	2	0	0	1	1	0	1	0	0	1	1	1	0	0	2	0	10	10	8	5	0	33_68.cif
.0000007320463703878293479869359111870215	0	0	0	0	0	0	0	0	0	0	0	0	0	0	0	0	3	0	2	1	3	2	1	0	0	0	10	10	8	5	0	33_69.cif
.0000007137528148445848918781000968126385	0	0	0	0	0	0	0	0	0	0	0	0	0	0	0	0	4	1	0	3	1	0	1	0	1	0	9	11	7	6	0	33_70.cif
.0000006785433024351400847265221923987085	0	0	0	0	0	0	0	0	0	0	1	0	1	0	0	0	3	0	0	3	0	0	0	0	2	0	12	9	6	6	0	33_71.cif
.0000006450706795178660184179753500698921	0	0	0	0	0	0	0	0	0	0	1	0	0	1	0	0	2	0	0	2	2	1	0	1	1	0	9	11	8	5	0	33_72.cif
.0000006055461989227698422770757831355052	0	0	0	0	0	0	0	0	0	0	1	0	0	1	0	0	2	0	0	2	2	0	2	0	1	0	10	10	9	4	0	33_73.cif
.0000005472764378570290282985275141423831	0	0	0	0	0	0	0	0	0	0	0	0	0	0	0	0	3	0	1	2	3	0	1	2	0	0	11	9	8	5	0	33_74.cif
.0000005202657486178634704678744021049827	0	0	0	0	0	0	0	0	0	0	0	0	0	0	0	0	4	0	1	3	2	0	1	1	0	0	9	12	9	2	1	33_75.cif
.0000005072776486709592407063873582566516	0	0	0	0	0	0	0	0	0	0	0	0	0	0	0	0	4	1	0	3	2	0	1	1	0	0	11	10	8	3	1	33_76.cif
.0000005009056992326166624595980769541617	0	0	0	0	0	0	0	0	0	0	0	0	0	0	0	0	4	1	0	3	2	0	2	0	0	0	12	10	5	5	1	33_77.cif
.0000004761836259910244908315885813086179	0	0	0	0	0	0	0	0	0	0	0	0	0	0	0	0	3	0	0	3	3	1	2	0	0	0	10	9	10	4	0	33_78.cif
.0000004702022507103849192010592120167599	0	0	0	0	0	0	0	0	0	0	1	0	0	0	0	1	2	2	0	0	2	0	0	2	1	0	11	9	7	6	0	33_79.cif
.0000003889496583280083081021132315948444	0	0	0	0	0	0	1	0	1	0	0	0	0	0	0	0	2	0	1	1	1	1	0	0	2	0	10	12	4	7	0	33_80.cif
.0000003697627247892155179728529769803126	0	0	0	0	0	0	0	0	0	0	0	0	0	0	0	0	3	1	1	1	3	1	2	0	0	0	10	10	7	6	0	33_81.cif
.0000003470977984300255370838462089421239	0	0	0	0	0	0	0	0	0	0	0	0	0	0	0	0	4	1	0	3	2	0	1	1	0	0	11	11	6	4	1	33_82.cif
.0000002944769507347300351787354363438436	0	0	0	0	0	0	0	0	0	0	0	0	0	0	0	0	4	1	1	2	1	0	1	0	1	0	9	11	7	6	0	33_83.cif
.0000002530050911016446577919507492736690	0	0	0	0	0	0	0	0	0	0	2	0	0	0	2	0	0	0	0	0	3	1	1	1	1	0	10	11	5	7	0	33_84.cif
.0000002315679669381065049365775259255578	0	0	0	0	0	0	0	0	0	0	1	0	0	0	1	0	2	0	0	2	3	1	2	0	0	0	11	10	7	4	1	33_85.cif
.0000002286592257768603194707439748723736	0	0	0	0	0	0	0	0	0	0	1	0	0	1	0	0	2	1	0	1	2	1	1	0	1	0	11	10	4	8	0	33_86.cif
.0000002201446912102026991342047304462419	0	0	0	0	0	0	0	0	0	0	0	0	0	0	0	0	4	0	0	4	1	0	1	0	1	0	9	11	5	8	0	33_87.cif
.0000001821029191152744721201680650483750	0	0	0	0	0	0	0	0	0	0	1	0	0	1	0	0	2	0	0	2	3	2	0	1	0	0	12	9	6	5	1	33_88.cif
.0000001731197601601935045885979223661863	0	0	0	0	0	0	0	0	0	0	1	0	0	0	1	0	2	1	0	1	2	2	0	0	1	0	10	10	7	6	0	33_89.cif
.0000001666733367672712473276578738644630	0	0	0	0	0	0	0	0	0	0	0	0	0	0	0	0	4	1	2	1	1	0	1	0	1	0	10	10	7	6	0	33_90.cif
.0000001645797415194156186821560984904036	0	0	0	0	0	0	0	0	0	0	1	0	0	0	1	0	2	1	0	1	2	0	1	1	1	0	12	8	7	6	0	33_91.cif
.0000001604669574601446369868973089371834	0	0	0	0	0	0	0	0	0	0	1	0	0	0	1	0	3	0	0	3	1	1	0	0	1	0	11	11	7	3	1	33_92.cif
.0000001584513209696752183800356236624720	0	0	0	0	0	0	0	0	0	0	1	0	0	0	1	0	2	0	0	2	2	1	1	0	1	0	8	12	9	4	0	33_93.cif
.0000001544916837686553634417020978481489	0	0	0	0	0	0	0	0	0	0	0	0	0	0	0	0	3	0	0	3	3	2	0	1	0	0	11	9	5	8	0	33_94.cif
.0000001468705903821544261910171189392289	0	0	0	0	0	0	0	0	0	0	1	0	0	0	1	0	3	0	0	3	1	0	0	1	1	0	12	10	6	4	1	33_95.cif
.0000001396254464512419348161609162957890	0	0	0	0	0	0	0	0	0	0	1	0	0	0	1	0	2	2	0	0	2	2	0	0	1	0	11	9	7	6	0	33_96.cif
.0000001378716016141507401704335320424205	0	0	0	0	0	0	0	0	0	0	2	0	0	0	1	1	1	0	0	1	2	1	1	0	1	0	11	11	5	5	1	33_97.cif
.0000001310703788841213196120382087929953	0	0	0	0	0	0	0	0	0	0	1	0	0	1	0	0	3	1	0	2	0	0	0	0	2	0	11	9	6	7	0	33_98.cif
.0000001098001667404218875296841266698315	0	0	0	0	0	0	0	0	0	0	2	0	0	1	0	1	1	0	0	1	1	1	0	0	2	0	11	9	8	5	0	33_99.cif
.0000001084209592933274302843144617347956	0	0	0	0	0	0	0	0	0	0	1	1	0	0	0	0	2	1	0	1	2	0	1	1	1	0	11	9	7	6	0	33_100.cif
.0000000931517886710474165447707462813676	0	0	0	0	0	0	1	0	1	0	0	0	0	0	0	0	1	0	0	1	4	1	2	1	0	0	11	11	6	4	1	33_101.cif
.0000000885565997051175434645164769683980	0	0	0	0	0	0	0	0	0	0	2	1	0	0	1	0	0	0	0	0	3	1	2	0	1	0	11	9	7	6	0	33_102.cif
.0000000831305995507954199425852335458465	0	0	0	0	0	0	0	0	0	0	1	0	0	1	0	0	3	1	0	2	1	0	1	0	1	0	11	10	8	3	1	33_103.cif
.0000000613660356637078062553660215086730	0	0	0	0	0	0	0	0	0	0	0	0	0	0	0	0	3	1	0	2	3	1	1	1	0	0	10	10	4	9	0	33_104.cif
.0000000520614508650035268705377107333882	0	0	0	0	0	0	1	0	1	0	0	0	0	0	0	0	1	0	0	1	3	2	1	0	1	0	10	10	7	6	0	33_105.cif
.0000000507617702133137979591844932135836	0	0	0	0	0	0	0	0	0	0	1	0	0	0	1	0	2	1	0	1	3	1	0	2	0	0	11	10	7	4	1	33_106.cif
.0000000441688117034914032569860173853041	0	0	0	0	0	0	0	0	0	0	1	0	0	1	0	0	3	1	0	2	1	0	1	0	1	0	12	9	6	5	1	33_107.cif
.0000000409406460714297894674204539595677	0	0	0	0	0	0	1	0	1	0	0	0	0	0	0	0	2	0	0	2	2	1	1	0	1	0	12	11	5	4	1	33_108.cif
.0000000347330475364205439059702031769297	0	0	0	0	0	0	0	0	0	0	1	0	0	0	0	1	2	0	1	1	2	2	0	0	1	0	10	9	7	7	0	33_109.cif
.0000000306063542998991991310534428744114	0	0	0	0	0	0	0	0	0	0	0	0	0	0	0	0	4	1	1	2	2	0	2	0	0	0	12	9	6	5	1	33_110.cif
.0000000302219057782623708346324310873691	0	0	0	0	0	0	0	0	0	0	1	0	0	1	0	0	2	1	0	1	2	0	1	1	1	0	11	9	6	7	0	33_111.cif
.0000000294674353295027219418350673101169	0	0	0	0	0	0	0	0	0	0	0	0	0	0	0	0	3	1	1	1	3	1	2	0	0	0	9	10	9	5	0	33_112.cif
.0000000273137490896671255535757669823574	0	0	0	0	0	0	0	0	0	0	1	0	0	0	1	0	2	0	0	2	3	0	2	1	0	0	11	10	4	7	1	33_113.cif
.0000000262966728707703909281082638110829	0	0	0	0	0	0	0	0	0	0	0	0	0	0	0	0	3	2	0	1	3	3	0	0	0	0	9	11	7	6	0	33_114.cif
.0000000249994548276133801030601573096114	0	0	0	0	0	0	1	0	0	1	1	0	0	0	0	1	0	0	0	0	2	2	0	0	2	0	11	10	6	6	0	33_115.cif
.0000000246854349559217592671317052052289	0	0	0	0	0	0	0	0	0	0	1	0	0	0	1	0	2	1	0	1	3	1	2	0	0	0	11	10	6	5	1	33_116.cif
.0000000234676994733621222860246399452599	0	0	0	0	0	0	0	0	0	0	1	0	0	1	0	0	2	0	0	2	3	2	0	1	0	0	10	11	7	4	1	33_117.cif
.0000000206794616548438981991095102166137	0	0	0	0	0	0	0	0	0	0	1	0	0	0	0	1	3	1	0	2	2	1	0	1	0	0	12	11	5	3	2	33_118.cif
.0000000199094249747938008290361960369990	0	0	0	0	0	0	0	0	0	0	1	0	0	1	0	0	1	0	1	0	4	2	2	0	0	0	10	10	6	7	0	33_119.cif
.0000000179936051111709979179842788319462	0	0	0	0	0	0	0	0	0	0	1	0	0	0	0	1	3	1	0	2	2	1	1	0	0	0	12	11	5	3	2	33_120.cif
.0000000177671259732305253995333941117359	0	0	0	0	0	0	0	0	0	0	1	0	0	0	0	1	2	0	1	1	3	2	1	0	0	0	9	12	7	4	1	33_121.cif
.0000000171055353125639015598077714648433	0	0	0	0	0	0	0	0	0	0	1	0	0	1	0	0	3	0	0	3	1	0	1	0	1	0	11	10	6	5	1	33_122.cif
.0000000168906715068886398040015776453764	0	0	0	0	0	0	0	0	0	0	1	0	0	0	0	1	3	2	0	1	1	0	1	0	0	1	11	9	5	8	0	33_123.cif
.0000000152653365701040027295612061648840	0	0	0	0	0	0	0	0	0	0	2	0	0	0	0	2	2	0	0	2	0	0	0	0	2	0	11	11	6	4	1	33_124.cif
.0000000136227519482947603401322585459773	0	0	0	0	0	0	0	0	0	0	1	0	0	0	1	0	2	1	0	1	2	1	0	1	1	0	10	10	7	6	0	33_125.cif
.0000000131158241884285821307417013686200	0	0	0	0	0	0	1	0	1	0	1	0	0	0	1	0	0	0	0	0	2	0	1	1	2	0	9	11	9	4	0	33_126.cif
.0000000129507399522668166813766180654397	0	0	0	0	0	0	0	0	0	0	1	0	0	1	0	0	1	0	0	1	4	3	1	0	0	0	11	8	8	6	0	33_127.cif
.0000000115575105128711276886155887526827	0	0	0	0	0	0	0	0	0	0	1	0	0	0	1	0	2	1	0	1	3	0	1	2	0	0	11	10	5	6	1	33_128.cif
.0000000112686927971343121253620552427520	0	0	0	0	0	0	0	0	0	0	1	0	0	1	0	0	3	1	0	2	1	0	0	1	1	0	11	10	6	5	1	33_129.cif
.0000000089743234544752344930850736649132	0	0	0	0	0	0	0	0	0	0	1	0	0	0	1	0	2	1	1	0	2	1	0	1	1	0	10	10	6	7	0	33_130.cif
.0000000088615963602595382172927589622356	0	0	0	0	0	0	0	0	0	0	1	0	0	0	1	0	3	1	0	2	1	0	1	0	1	0	9	12	6	5	1	33_131.cif
.0000000082139289290542096793765583522152	0	0	0	0	0	0	1	1	0	0	0	0	0	0	0	0	1	0	0	1	3	0	2	1	1	0	11	9	5	8	0	33_132.cif
.0000000067945333006370004808823319371494	0	0	0	0	0	0	0	0	0	0	1	0	0	0	0	1	2	1	0	1	3	2	0	1	0	0	11	10	5	6	1	33_133.cif
.0000000061407172372455570259402098801139	0	0	0	0	0	0	0	0	0	0	2	0	0	1	1	0	1	0	0	1	1	1	0	0	2	0	9	11	10	3	0	33_134.cif
.0000000059120566660267039310956838485276	0	0	0	0	0	0	0	0	0	0	0	0	0	0	0	0	5	1	0	4	0	0	0	0	1	0	11	9	9	3	1	33_135.cif
.0000000056919106794744434843478096299540	0	0	0	0	0	0	0	0	0	0	0	0	0	0	0	0	4	1	0	3	1	1	0	0	1	0	11	9	6	7	0	33_136.cif
.0000000049526431008676686200029277435441	0	0	0	0	0	0	0	0	0	0	2	0	0	0	2	0	1	0	0	1	1	0	1	0	2	0	10	10	7	6	0	33_137.cif
.0000000043093918836472228323144306228486	0	0	0	0	0	0	0	0	0	0	1	0	1	0	0	0	2	0	0	2	2	0	1	1	1	0	8	11	8	6	0	33_138.cif
.0000000038947129774870140217834518483205	0	0	0	0	0	0	0	0	0	0	2	0	0	0	1	1	0	0	0	0	4	1	2	1	0	0	9	12	3	8	1	33_139.cif
.0000000037973856071717875759811362396434	0	0	0	0	0	0	0	0	0	0	2	0	0	0	0	2	1	0	0	1	3	3	0	0	0	0	12	11	5	3	2	33_140.cif
.0000000037024904101815873146270837912924	0	0	0	0	0	0	0	0	0	0	1	0	1	0	0	0	3	1	0	2	1	0	1	0	1	0	12	9	7	4	1	33_141.cif
.0000000034756330827331789386388843094830	0	0	0	0	0	0	0	0	0	0	1	0	0	1	0	0	2	1	0	1	2	0	0	2	1	0	11	8	8	6	0	33_142.cif
.0000000032626756554372493734792548570669	0	0	0	0	0	0	0	0	0	0	2	1	0	1	0	0	1	1	0	0	1	1	0	0	2	0	10	10	7	6	0	33_143.cif
.0000000031811426532440796412394627286095	0	0	0	0	0	0	0	0	0	0	0	0	0	0	0	0	4	1	1	2	2	0	2	0	0	0	11	10	4	7	1	33_144.cif
.0000000028750315379397123976068587692131	0	0	0	0	0	0	0	0	0	0	0	0	0	0	0	0	4	1	0	3	2	1	0	1	0	0	11	10	5	6	1	33_145.cif
.0000000026988039905986483966151423380539	0	0	0	0	0	0	0	0	0	0	0	0	0	0	0	0	3	2	1	0	3	0	2	1	0	0	9	10	8	6	0	33_146.cif
.0000000024701342986663527462165343700723	0	0	0	0	0	0	0	0	0	0	0	0	0	0	0	0	4	1	0	3	1	1	0	0	1	0	11	8	7	7	0	33_147.cif
.0000000024391067718311873242190413061689	0	0	0	0	0	0	0	0	0	0	1	0	0	0	1	0	3	1	0	2	1	1	0	0	1	0	10	11	7	4	1	33_148.cif
.0000000020693324127495996969397269747889	0	0	0	0	0	0	0	0	0	0	2	0	0	0	1	1	2	0	1	1	1	0	0	1	0	1	12	10	6	4	1	33_149.cif
.0000000019424908908671794828989166194778	0	0	0	0	0	0	0	0	0	0	1	0	0	0	0	1	1	0	0	1	4	3	1	0	0	0	10	9	9	5	0	33_150.cif
.0000000017779036162287725066201817059287	0	0	0	0	0	0	0	0	0	0	1	0	0	0	1	0	2	1	0	1	2	2	0	0	1	0	11	9	6	7	0	33_151.cif
.0000000017555712466111936615238742138256	0	0	0	0	0	0	1	0	1	0	1	0	0	0	1	0	1	1	0	0	0	0	0	0	3	0	11	10	6	6	0	33_152.cif
.0000000017335193954245261936770407633886	0	0	0	0	0	0	0	0	0	0	1	0	0	0	0	1	2	0	0	2	3	1	2	0	0	0	11	10	5	6	1	33_153.cif
.0000000015866382779031104700889747883275	0	0	0	0	0	0	0	0	0	0	0	0	0	0	0	0	3	2	0	1	3	0	2	1	0	0	9	10	10	4	0	33_154.cif
.0000000015083301496978879623514765448477	0	0	0	0	0	0	0	0	0	0	1	0	0	1	0	0	3	2	1	0	1	0	1	0	0	1	10	10	7	6	0	33_155.cif
.0000000014893839109361704734784965119785	0	0	0	0	0	0	0	0	0	0	1	0	0	0	1	0	2	0	1	1	2	2	0	0	1	0	10	9	8	6	0	33_156.cif
.0000000014522023990916179240589569951099	0	0	0	0	0	0	0	0	0	0	0	0	0	0	0	0	5	2	0	3	0	0	0	0	1	0	11	9	5	7	1	33_157.cif
.0000000013805650796605549959461803981717	0	0	0	0	0	0	0	0	0	0	2	0	0	1	0	1	1	1	0	0	2	1	1	0	1	0	11	10	6	5	1	33_158.cif
.0000000012165377632887681612092183210883	0	0	0	0	0	0	0	0	0	0	1	0	0	0	1	0	3	0	0	3	0	0	0	0	2	0	10	9	8	6	0	33_159.cif
.0000000010191169842670598234824882394990	0	0	0	0	0	0	0	0	0	0	1	0	0	1	0	0	2	1	0	1	3	1	2	0	0	0	10	10	7	5	1	33_160.cif
.0000000009936496451600080886617103963401	0	0	0	0	0	0	0	0	0	0	2	0	0	0	1	1	1	0	0	1	2	2	0	0	1	0	10	11	6	5	1	33_161.cif
.0000000009688438205639643473262294773965	0	0	0	0	0	0	0	0	0	0	2	0	0	0	0	2	2	0	0	2	1	0	1	0	1	0	12	11	4	4	2	33_162.cif
.0000000008755924183688970824643736500194	0	0	0	0	0	0	0	0	0	0	0	0	0	0	0	0	5	0	1	4	1	0	0	1	0	0	11	11	7	2	2	33_163.cif
.0000000008323993388055074399805213592480	0	0	0	0	0	0	0	0	0	0	1	0	0	0	1	0	3	0	0	3	1	1	0	0	1	0	12	9	7	4	1	33_164.cif
.0000000007913369790645264146331252666194	0	0	0	0	0	0	0	0	0	0	2	0	0	0	2	0	2	0	0	2	0	0	0	0	2	0	9	12	7	4	1	33_165.cif
.0000000007813969408379247939221491334438	0	0	0	0	0	0	0	0	0	0	1	0	0	0	1	0	2	2	0	0	2	1	1	0	1	0	10	9	7	7	0	33_166.cif
.0000000007715817601152187985484785729639	0	0	0	0	0	0	0	0	0	0	0	0	0	0	0	0	4	2	0	2	1	0	1	0	1	0	10	9	7	7	0	33_167.cif
.0000000007523002304802256874166788004458	0	0	0	0	0	0	0	0	0	0	1	0	0	0	0	1	3	1	0	2	1	1	0	0	1	0	10	11	7	4	1	33_168.cif
.0000000007428505355377568126801379679781	0	0	0	0	0	0	0	0	0	0	1	0	0	0	1	0	3	1	0	2	1	1	0	0	1	0	11	10	5	6	1	33_169.cif
.0000000007242869880879014770489361223852	0	0	0	0	0	0	0	0	0	0	1	0	0	1	0	0	3	2	0	1	1	0	1	0	0	1	10	10	6	7	0	33_170.cif
.0000000006545911831864992304214749526179	0	0	0	0	0	0	0	0	0	0	1	0	0	0	0	1	3	0	0	3	1	0	0	1	1	0	11	10	7	4	1	33_171.cif
.0000000006463688183080602225495511372536	0	0	0	0	0	0	0	0	0	0	1	0	0	1	0	0	2	0	1	1	3	1	0	2	0	0	9	11	10	2	1	33_172.cif
.0000000005553392255430137104604949651380	0	0	0	0	0	0	0	0	0	0	1	0	0	1	0	0	2	0	0	2	3	3	0	0	0	0	10	11	7	4	1	33_173.cif
.0000000005147644851813353678133742619528	0	0	0	0	0	0	0	0	0	0	0	0	0	0	0	0	4	3	0	1	1	0	1	0	1	0	10	9	7	7	0	33_174.cif
.0000000004593746663372263563967170515111	0	0	0	0	0	0	0	0	0	0	1	0	0	0	0	1	2	0	1	1	3	2	1	0	0	0	11	10	5	6	1	33_175.cif
.0000000004479066731139284355617818265485	0	0	0	0	0	0	0	0	0	0	0	0	0	0	0	0	4	1	2	1	2	1	1	0	0	0	10	10	5	7	1	33_176.cif
.0000000004258003533114497586056867431482	0	0	0	0	0	0	0	0	0	0	1	0	0	1	0	0	3	1	0	2	1	0	1	0	1	0	12	9	5	6	1	33_177.cif
.0000000004204518457845808966098353016765	0	0	0	0	0	0	0	0	0	0	1	0	0	0	1	0	1	0	0	1	4	2	2	0	0	0	11	8	6	8	0	33_178.cif
.0000000003848269562472720347616639794179	0	0	0	0	0	0	0	0	0	0	1	0	0	1	0	0	3	2	0	1	0	0	0	0	2	0	12	7	7	7	0	33_179.cif
.0000000003752199986812961133142173802322	0	0	0	0	0	0	0	0	0	0	0	0	0	0	0	0	4	1	0	3	1	0	1	0	1	0	9	9	11	4	0	33_180.cif
.0000000003477962972619206638315804041396	0	0	0	0	0	0	1	0	1	0	0	0	0	0	0	0	2	0	0	2	2	1	1	0	1	0	10	11	6	5	1	33_181.cif
.0000000003434276040486440783093284700446	0	0	0	0	0	0	0	0	0	0	1	0	0	0	0	1	2	1	0	1	2	0	2	0	1	0	12	7	7	7	0	33_182.cif
.0000000003391050023671382934471019329362	0	0	0	0	0	0	1	0	0	1	0	0	0	0	0	0	2	0	0	2	2	0	0	2	1	0	11	10	7	4	1	33_183.cif
.0000000003348454811068708188486051928570	0	0	0	0	0	0	0	0	0	0	1	0	0	1	0	0	3	1	0	2	1	0	1	0	1	0	11	9	8	4	1	33_184.cif
.0000000003143289793643705061384224943055	0	0	0	0	0	0	0	0	0	0	1	0	0	0	1	0	3	1	1	1	1	1	0	0	1	0	9	12	6	5	1	33_185.cif
.0000000003103726317710827743266384584360	0	0	0	0	0	0	0	0	0	0	2	0	0	0	2	0	0	0	0	0	4	1	1	2	0	0	9	11	7	5	1	33_186.cif
.0000000003064740197942450938917658783692	0	0	0	0	0	0	0	0	0	0	1	0	0	0	0	1	3	0	2	1	1	0	1	0	1	0	11	10	6	5	1	33_187.cif
.0000000003026243785506167527742628925227	0	0	0	0	0	0	0	0	0	0	1	0	0	0	0	1	3	0	0	3	2	1	0	1	0	0	11	11	6	3	2	33_188.cif
.0000000002913556194479465872856700963224	0	0	0	0	0	0	0	0	0	0	2	1	0	1	0	0	0	0	0	0	3	1	2	0	1	0	11	8	6	8	0	33_189.cif
.0000000002600050981027338002630899381852	0	0	0	0	0	0	1	0	1	0	1	0	0	0	1	0	1	0	0	1	1	0	1	0	2	0	11	11	6	4	1	33_190.cif
.0000000002567391561808642057182391719673	0	0	0	0	0	0	0	0	0	0	0	0	0	0	0	0	3	1	0	2	3	1	1	1	0	0	10	9	8	6	0	33_191.cif
.0000000002471790152659740079039869187180	0	0	0	0	0	0	0	0	0	0	1	0	0	0	1	0	2	1	0	1	3	3	0	0	0	0	10	11	6	5	1	33_192.cif
.0000000002440741826528664843466543022665	0	0	0	0	0	0	0	0	0	0	1	0	0	0	0	1	3	0	2	1	2	1	0	1	0	0	11	11	5	4	2	33_193.cif
.0000000002410083500557799126589395150550	0	0	0	0	0	0	0	0	0	0	1	0	0	0	1	0	3	1	1	1	1	0	1	0	1	0	10	10	7	5	1	33_194.cif
.0000000002262355345723424934245184647244	0	0	0	0	0	0	0	0	0	0	0	0	0	0	0	0	3	2	0	1	3	1	2	0	0	0	11	7	8	7	0	33_195.cif
.0000000002205877098935644720453696676786	0	0	0	0	0	0	0	0	0	0	1	1	0	0	0	0	2	1	0	1	3	2	0	1	0	0	9	11	8	4	1	33_196.cif
.0000000002150753083759431972968728339577	0	0	0	0	0	0	0	0	0	0	0	0	0	0	0	0	3	2	0	1	3	2	1	0	0	0	11	8	6	8	0	33_197.cif
.0000000002123737326333534097376780551298	0	0	0	0	0	0	0	0	0	0	2	0	0	0	1	1	1	0	0	1	3	1	1	1	0	0	12	10	7	2	2	33_198.cif
.0000000002097060915694957435360324188674	0	0	0	0	0	0	0	0	0	0	0	0	0	0	0	0	5	2	0	3	0	0	0	0	1	0	12	8	5	7	1	33_199.cif
.0000000002070665952292076386541383556385	0	0	0	0	0	0	0	0	0	0	0	0	0	0	0	0	5	2	0	3	0	0	0	0	1	0	9	11	8	4	1	33_200.cif
.0000000001824693826217042170319653958561	0	0	0	0	0	0	0	0	0	0	2	0	0	0	2	0	2	0	0	2	0	0	0	0	1	1	11	8	6	8	0	33_201.cif
.0000000001801727050953625041924395395614	0	0	0	0	0	0	0	0	0	0	0	0	0	0	0	0	3	1	1	1	3	1	2	0	0	0	9	10	7	7	0	33_202.cif
.0000000001691332441302010733449410735042	0	0	0	0	0	0	0	0	0	0	0	0	0	0	0	0	4	1	0	3	1	1	0	0	1	0	9	10	7	7	0	33_203.cif
.0000000001649066698025860506134828370485	0	0	0	0	0	0	0	0	0	0	0	0	0	0	0	0	4	2	0	2	2	2	0	0	0	0	10	10	8	4	1	33_204.cif
.0000000001628352657799950423777242785850	0	0	0	0	0	0	0	0	0	0	0	0	0	0	0	0	4	2	1	1	2	1	1	0	0	0	11	9	7	5	1	33_205.cif
.0000000001330013822377506558483089697574	0	0	0	0	0	0	0	0	0	0	1	0	1	0	0	0	2	0	0	2	3	2	1	0	0	0	10	10	6	6	1	33_206.cif
.0000000001264404080167340026400518195526	0	0	0	0	0	0	0	0	0	0	1	0	0	1	0	0	3	2	0	1	1	0	1	0	1	0	11	9	6	6	1	33_207.cif
.0000000001202030874450598518426513169098	0	0	0	0	0	0	1	0	0	1	0	0	0	0	0	0	2	1	0	1	2	0	2	0	1	0	10	11	6	5	1	33_208.cif
.0000000001186932081954235155953140272946	0	0	0	0	0	0	0	0	0	0	2	0	0	1	1	0	2	1	0	1	0	0	0	0	2	0	11	9	9	3	1	33_209.cif
.0000000001045910635745846360083238498759	0	0	0	0	0	0	0	0	0	0	2	0	0	0	1	1	1	0	0	1	3	2	0	1	0	0	12	10	7	2	2	33_210.cif
.0000000001032772880306674365966900536077	0	0	0	0	0	0	0	0	0	0	1	0	0	0	1	0	1	0	0	1	4	1	1	2	0	0	10	8	10	5	0	33_211.cif
.0000000000876179371557360802421784936415	0	0	0	0	0	0	0	0	0	0	1	0	0	0	1	0	2	0	1	1	3	0	1	2	0	0	10	10	5	7	1	33_212.cif
.0000000000843553268147924449878362183196	0	0	0	0	0	0	0	0	0	0	2	0	0	1	0	1	2	0	0	2	0	0	0	0	2	0	12	8	7	5	1	33_213.cif
.0000000000822494503110346951334193023513	0	0	0	0	0	0	0	0	0	0	1	0	0	0	1	0	3	0	0	3	1	1	0	0	1	0	10	10	8	4	1	33_214.cif
.0000000000743348505233746309823394008691	0	0	0	0	0	0	1	0	1	0	0	0	0	0	0	0	2	0	0	2	2	2	0	0	1	0	11	10	6	5	1	33_215.cif
.0000000000724772513713869002433072493025	0	0	0	0	0	0	0	0	0	0	1	1	0	0	0	0	2	1	0	1	3	1	2	0	0	0	11	9	5	7	1	33_216.cif
.0000000000671801070073036982818368038869	0	0	0	0	0	0	1	0	1	0	0	0	0	0	0	0	2	0	1	1	1	1	0	0	2	0	10	9	8	6	0	33_217.cif
.0000000000646785357658107135828195039365	0	0	0	0	0	0	0	0	0	0	1	0	1	0	0	0	2	2	0	0	2	1	1	0	1	0	9	10	7	7	0	33_218.cif
.0000000000630638777008171072402312976441	0	0	0	0	0	0	1	0	1	0	1	0	0	0	1	0	1	0	0	1	2	1	0	1	0	1	9	12	8	3	1	33_219.cif
.0000000000622717279951318166353784177010	0	0	0	0	0	0	0	0	0	0	1	0	0	1	0	0	1	0	0	1	4	1	0	3	0	0	9	10	5	9	0	33_220.cif
.0000000000614879357985560841884874387537	0	0	0	0	0	0	1	1	0	0	0	0	0	0	0	0	2	0	1	1	1	1	0	0	2	0	8	11	8	6	0	33_221.cif
.0000000000591983227159851940004575632541	0	0	0	0	0	0	0	0	0	0	1	0	0	0	0	1	3	1	0	2	1	0	1	0	1	0	11	9	7	5	1	33_222.cif
.0000000000541838516803068184896610102739	0	0	0	0	0	0	0	0	0	0	2	1	0	1	0	0	1	1	0	0	1	1	0	0	2	0	11	8	9	5	0	33_223.cif
.0000000000535018587198615673234737747306	0	0	0	0	0	0	0	0	0	0	1	1	0	0	0	0	3	1	0	2	1	0	1	0	0	1	9	10	8	6	0	33_224.cif
.0000000000483535471133726293258477364546	0	0	0	0	0	0	0	0	0	0	1	0	0	0	0	1	3	2	0	1	1	0	0	1	1	0	10	10	7	5	1	33_225.cif
.0000000000477461748820548321144034300599	0	0	0	0	0	0	0	0	0	0	1	0	0	0	0	1	3	0	0	3	2	0	2	0	0	0	11	11	4	5	2	33_226.cif
.0000000000442565505323812093684493576215	0	0	0	0	0	0	0	0	0	0	2	0	0	0	0	2	2	0	0	2	1	1	0	0	1	0	11	11	6	3	2	33_227.cif
.0000000000431505964588877512825381903748	0	0	0	0	0	0	0	0	0	0	1	0	1	0	0	0	2	1	0	1	2	1	0	1	1	0	8	11	9	5	0	33_228.cif
.0000000000420733695588555264122175345752	0	0	0	0	0	0	0	0	0	0	3	0	0	0	0	2	0	0	0	0	2	1	0	1	0	1	11	10	7	4	1	33_229.cif
.0000000000410219723331461613461490590711	0	0	0	0	0	0	0	0	0	0	1	0	0	1	0	0	2	1	0	1	3	1	2	0	0	0	9	11	7	5	1	33_230.cif
.0000000000389983534921636396063750755968	0	0	0	0	0	0	0	0	0	0	2	0	0	1	1	0	0	0	0	0	4	3	1	0	0	0	10	10	8	4	1	33_231.cif
.0000000000380247846684105326870859950167	0	0	0	0	0	0	0	0	0	0	2	0	0	2	0	0	1	1	0	0	1	0	1	0	2	0	10	10	6	7	0	33_232.cif
.0000000000361490174562834745805702052301	0	0	0	0	0	0	0	0	0	0	1	0	0	1	0	0	2	0	0	2	3	1	0	2	0	0	11	9	5	7	1	33_233.cif
.0000000000343648919042385642961071121994	0	0	0	0	0	0	0	0	0	0	1	0	0	0	1	0	3	0	0	3	1	1	0	0	1	0	12	8	6	6	1	33_234.cif
.0000000000330861108079388811195947648249	0	0	0	0	0	0	0	0	0	0	0	0	0	0	0	0	5	2	0	3	1	0	1	0	0	0	10	11	5	5	2	33_235.cif
.0000000000318540903933094161726680825022	0	0	0	0	0	0	0	0	0	0	1	0	0	0	1	0	2	0	0	2	3	1	2	0	0	0	11	9	8	4	1	33_236.cif
.0000000000295259707115173640986652434687	0	0	0	0	0	0	1	0	0	1	1	0	0	0	0	0	0	0	0	0	3	0	1	2	0	1	10	9	8	6	0	33_237.cif
.0000000000277168687115458638522475102677	0	0	0	0	0	0	0	0	0	0	1	0	0	0	1	0	3	1	1	1	1	0	1	0	0	1	11	8	6	8	0	33_238.cif
.0000000000266847816137164156633420590333	0	0	0	0	0	0	0	0	0	0	1	0	0	1	0	0	3	0	0	3	1	0	1	0	1	0	10	10	7	5	1	33_239.cif
.0000000000247344711665449409752378845270	0	0	0	0	0	0	0	0	0	0	2	0	0	1	1	0	1	0	1	0	2	1	0	1	1	0	10	10	7	5	1	33_240.cif
.0000000000244237797728470552934960732534	0	0	0	0	0	0	0	0	0	0	0	0	0	0	0	0	4	1	0	3	2	0	1	1	0	0	11	8	7	6	1	33_241.cif
.0000000000238134389666849538483127209955	0	0	0	0	0	0	0	0	0	0	1	0	0	0	0	1	2	1	0	1	3	2	0	1	0	0	9	11	5	7	1	33_242.cif
.0000000000235143167218032423949750026995	0	0	0	0	0	0	0	0	0	0	1	0	0	1	0	0	2	0	0	2	3	2	1	0	0	0	11	9	7	5	1	33_243.cif
.0000000000226387191514060192003613593276	0	0	0	0	0	0	1	0	1	0	0	0	0	0	0	0	2	1	0	1	2	0	1	1	1	0	11	9	7	5	1	33_244.cif
.0000000000223543526429278088277664744090	0	0	0	0	0	0	0	0	0	0	1	0	0	0	1	0	2	1	0	1	2	2	0	0	1	0	8	11	7	7	0	33_245.cif
.0000000000215219484062441537538198551167	0	0	0	0	0	0	0	0	0	0	2	0	0	2	0	0	1	0	0	1	1	0	1	0	2	0	10	8	8	7	0	33_246.cif
.0000000000207205402276578513000999565129	0	0	0	0	0	0	1	0	1	0	1	0	0	0	0	0	1	0	0	1	1	0	0	1	2	0	11	10	6	5	1	33_247.cif
.0000000000202032652616513161367620608631	0	0	0	0	0	0	1	0	1	0	0	0	0	0	0	0	2	2	0	0	1	0	1	0	2	0	11	8	8	6	0	33_248.cif
.0000000000196983934800685244655318719963	0	0	0	0	0	0	0	0	0	0	1	0	0	0	0	1	3	1	0	2	1	0	1	0	0	1	9	10	6	8	0	33_249.cif
.0000000000194509606045999874297300606810	0	0	0	0	0	0	0	0	0	0	1	0	0	0	0	1	2	1	0	1	3	1	2	0	0	0	9	11	4	8	1	33_250.cif
.0000000000192061382489560377209405398459	0	0	0	0	0	0	1	0	1	0	1	0	1	0	0	0	0	0	0	0	3	1	1	1	0	1	8	11	9	5	0	33_251.cif
.0000000000169246622563859014515526825986	0	0	0	0	0	0	0	0	0	0	0	0	0	0	0	0	4	1	0	3	2	2	0	0	0	0	9	11	6	6	1	33_252.cif
.0000000000162944422365226731550981385632	0	0	0	0	0	0	0	0	0	0	1	0	0	1	0	0	3	0	1	2	1	0	1	0	1	0	9	11	5	7	1	33_253.cif
.0000000000152956602917893606915588043718	0	0	0	0	0	0	0	0	0	0	2	0	0	0	2	0	2	1	0	1	1	0	0	1	0	1	12	9	6	5	1	33_254.cif
.0000000000151035304507433487429031601398	0	0	0	0	0	0	0	0	0	0	1	0	0	1	0	0	2	1	0	1	2	2	0	0	1	0	10	9	9	5	0	33_255.cif
.0000000000145411235254836809188116291897	0	0	0	0	0	0	0	0	0	0	2	0	1	0	0	1	1	1	0	0	2	1	0	1	1	0	10	10	7	5	1	33_256.cif
.0000000000121813776788021761457212280838	0	0	0	0	0	0	0	0	0	0	1	0	0	0	1	0	2	1	0	1	2	0	2	0	1	0	10	9	6	8	0	33_257.cif
.0000000000120283665558756281994274083113	0	0	0	0	0	0	0	0	0	0	1	0	0	1	0	0	3	0	0	3	1	0	1	0	1	0	11	9	7	5	1	33_258.cif
.0000000000117277823298137744390687358347	0	0	0	0	0	0	0	0	0	0	0	0	0	0	0	0	3	1	0	2	3	1	1	1	0	0	9	9	10	5	0	33_259.cif
.0000000000107343652512972599082646816940	0	0	0	0	0	0	0	0	0	0	2	0	0	0	2	0	0	0	0	0	4	1	2	1	0	0	10	10	6	6	1	33_260.cif
.0000000000105992555957595457124787408336	0	0	0	0	0	0	0	0	0	0	0	0	0	0	0	0	4	0	1	3	2	1	0	1	0	0	10	9	11	2	1	33_261.cif
Average: 0 0 0 0 0 0 .0233759907882404885291588777097956939748 .0000000082754168648527657635650457909689 .0233759570245347355392975016961741000798 .0000000254882888881370956124485758029261 .9238889889505752762481340512162613379364 .0000002009323409449952894676976753585685 .0000006868297625052057837128171256459538 .2140617429363600182929642279531531194812 .6244128168011538250721930484976112528469 .0854135413586381021838728524397132265292 1.9638547106323332660403050021631492401027 .3687613237305251711277242441694428107432 .0294036001115721318929715051103068236699 1.5656897867902359630196092528833996056896 2.2119147973466532803864527226313117278835 .3402624242252720202231624252461054081825 .3611135263461617230514556401795040959789 1.5105388467752195371118346572057022237221 .8769646598879220875712146332873351463759 .0000008523942756037102467008876988812325 10.9700761061524762518532595416595256722246 11.0233906263561157742955922446655911734856 8.0864116417181635266673427373668144145816 2.9153273295515124729645357010190548156840 .0047942962217319878895857087145500753061
