.3524006688969894569430879616218274013410	0	0	0	0	0	0	2	0	2	0	1	0	0	0	0	1	2	0	0	2	1	0	0	1	0	0	12	9	4	1	0	26_1.cif
.2634540523303236918163128964136645028391	0	0	0	0	0	0	0	0	0	0	4	0	0	1	2	1	2	0	1	1	0	0	0	0	0	0	10	10	3	3	0	26_2.cif
.2568704375016014498830870508503691788761	0	0	0	0	0	0	1	0	1	0	2	0	0	0	1	1	3	1	0	2	0	0	0	0	0	0	10	11	4	1	0	26_3.cif
.0843984611729488080115775420319843718569	0	0	0	0	0	0	1	0	1	0	3	0	0	0	1	2	1	0	0	1	1	0	0	1	0	0	11	9	4	2	0	26_4.cif
.0257042630543878472162574289665076552084	0	0	0	0	0	0	0	0	0	0	4	0	0	2	2	0	2	0	0	2	0	0	0	0	0	0	9	11	4	2	0	26_5.cif
.0044308863271434389008889927950357976932	0	0	0	0	0	0	1	0	1	0	2	0	0	1	0	1	3	1	0	2	0	0	0	0	0	0	8	12	1	5	0	26_6.cif
.0037118383396017191917021454425432538505	0	0	0	0	0	0	1	0	1	0	3	0	0	0	2	1	1	0	0	1	1	0	0	1	0	0	10	10	2	4	0	26_7.cif
.0014558311625129452179634967060627810697	0	0	0	0	0	0	2	0	2	0	1	0	0	0	1	0	2	1	0	1	1	0	1	0	0	0	10	9	5	2	0	26_8.cif
.0009961583800174305243358672999728967637	0	0	0	0	0	0	2	0	2	0	1	0	0	1	0	0	2	0	0	2	1	0	1	0	0	0	10	10	3	3	0	26_9.cif
.0007735097886527152407068778503095026079	0	0	0	0	0	0	0	0	0	0	4	0	0	1	2	1	2	0	0	2	0	0	0	0	0	0	9	11	2	4	0	26_10.cif
.0007541800783305875623253742058871747328	0	0	0	0	0	0	2	0	2	0	1	0	0	0	0	1	2	0	0	2	1	1	0	0	0	0	10	10	5	1	0	26_11.cif
.0007260968364468910560073396414771149937	0	0	0	0	0	0	0	0	0	0	4	0	0	2	1	1	2	0	1	1	0	0	0	0	0	0	9	10	4	3	0	26_12.cif
.0006902783919635552465455063985715328012	0	0	0	0	0	0	1	0	1	0	3	0	0	0	1	2	1	1	0	0	1	0	1	0	0	0	9	10	5	2	0	26_13.cif
.0006082809826436274373461236185657527537	0	0	0	0	0	0	0	0	0	0	4	1	0	0	3	0	2	0	0	2	0	0	0	0	0	0	10	9	4	3	0	26_14.cif
.0004905939315698373558812961199833374893	0	0	0	0	0	0	0	0	0	0	5	0	0	1	2	2	1	0	0	1	0	0	0	0	0	0	11	10	2	2	1	26_15.cif
.0004058175854615664546193831563377792790	0	0	0	0	0	0	0	0	0	0	4	0	0	1	1	1	2	0	0	2	0	0	0	0	0	0	9	10	3	4	0	26_16.cif
.0002573806959960816427090465687845682234	0	0	0	0	0	0	1	0	1	0	2	0	0	1	0	1	3	1	0	2	0	0	0	0	0	0	8	11	5	2	0	26_17.cif
.0002183611733572789219142655851084859813	0	0	1	1	0	0	0	0	0	0	2	0	0	0	0	2	2	2	0	0	1	1	0	0	0	0	11	8	3	4	0	26_18.cif
.0001739016081887784395055616083008893910	0	0	0	0	0	0	0	0	0	0	5	0	0	2	1	2	1	0	0	1	0	0	0	0	0	0	10	11	1	3	1	26_19.cif
.0001674260712884407590754519420134432100	0	0	0	0	0	0	1	1	0	0	2	0	0	0	1	1	3	1	1	1	0	0	0	0	0	0	12	7	2	5	0	26_20.cif
.0001653230208904874404965937103958628358	0	0	0	0	0	0	0	0	0	0	4	0	0	1	3	0	2	0	1	1	0	0	0	0	0	0	10	8	6	2	0	26_21.cif
.0001611916625673325377126530587442640630	0	0	0	0	0	0	2	0	2	0	1	0	0	1	0	0	2	1	0	1	1	0	1	0	0	0	10	9	4	3	0	26_22.cif
.0001367510827420192625874725542118988415	0	0	0	0	0	0	1	0	1	0	2	0	1	0	1	0	3	0	0	3	0	0	0	0	0	0	10	9	4	3	0	26_23.cif
.0001131200176692791901402815298323517352	0	0	0	0	0	0	1	0	1	0	2	0	0	1	1	0	3	1	0	2	0	0	0	0	0	0	10	9	5	2	0	26_24.cif
.0000996800334196535875311585977606316769	0	0	0	0	0	0	1	0	1	0	2	0	0	0	1	1	3	0	2	1	0	0	0	0	0	0	10	9	5	2	0	26_25.cif
.0000754685642783140251275085443074913880	0	0	0	0	0	0	2	0	1	1	1	0	0	0	0	1	2	1	0	1	1	0	0	1	0	0	10	9	5	2	0	26_26.cif
.0000735845400881764127701351078081137513	0	0	0	0	0	0	1	0	1	0	3	1	0	0	1	1	1	0	0	1	1	1	0	0	0	0	10	10	2	4	0	26_27.cif
.0000601027393923349384124436086132312042	0	0	0	0	0	0	0	0	0	0	4	0	1	2	1	0	2	0	0	2	0	0	0	0	0	0	11	8	4	3	0	26_28.cif
.0000578647065713621061989985342428924365	0	0	0	0	0	0	0	0	0	0	4	0	1	0	3	0	2	0	0	2	0	0	0	0	0	0	10	8	5	3	0	26_29.cif
.0000536369385023192899829611870644139162	0	0	0	0	0	0	1	0	1	0	2	0	0	1	1	0	3	1	0	2	0	0	0	0	0	0	8	11	4	3	0	26_30.cif
.0000455042729774894268693246567484128763	0	0	0	0	0	0	1	1	0	0	2	0	0	0	0	1	3	0	2	1	0	0	0	0	0	0	10	8	5	3	0	26_31.cif
.0000335907217495942244117051910066123008	0	0	0	0	0	0	0	0	0	0	4	0	0	3	0	1	2	2	0	0	0	0	0	0	0	0	10	9	3	4	0	26_32.cif
.0000254318087238360254931782169816636959	0	0	0	0	0	0	1	0	1	0	2	0	0	2	0	0	3	2	0	1	0	0	0	0	0	0	9	10	4	3	0	26_33.cif
.0000226952887838578803721513109379119119	0	0	0	0	0	0	1	0	1	0	2	0	0	0	2	0	3	1	0	2	0	0	0	0	0	0	9	10	3	4	0	26_34.cif
.0000167538305319153096257034175751521577	0	0	0	0	0	0	1	0	1	0	2	0	0	1	1	0	3	2	0	1	0	0	0	0	0	0	9	10	3	4	0	26_35.cif
.0000147632790529705742169003098062021924	0	0	0	0	0	0	1	1	0	0	3	0	0	0	2	1	2	0	0	2	0	0	0	0	0	0	11	9	4	1	1	26_36.cif
.0000133426562425330065866538895677465914	0	0	0	0	0	0	1	0	0	1	3	0	0	1	0	2	2	0	0	2	0	0	0	0	0	0	11	10	2	2	1	26_37.cif
.0000126841328410811407438038372138251502	0	0	0	0	0	0	1	1	0	0	3	0	0	1	0	2	1	1	0	0	1	1	0	0	0	0	9	10	3	4	0	26_38.cif
.0000113195847648681869597843800001084749	0	0	0	0	0	0	0	0	0	0	4	1	0	2	1	0	2	0	0	2	0	0	0	0	0	0	11	7	4	4	0	26_39.cif
.0000094826329579294281870320665882915991	0	0	0	0	0	0	0	0	0	0	5	0	0	0	1	3	0	0	0	0	1	0	1	0	0	0	10	9	4	3	0	26_40.cif
.0000093635209530764803965578750661048425	0	0	0	0	0	0	0	0	0	0	4	0	0	2	1	1	2	1	0	1	0	0	0	0	0	0	9	9	5	3	0	26_41.cif
.0000085701497193002017007504292254460384	0	0	0	0	0	0	0	0	0	0	4	1	1	0	1	1	2	1	0	1	0	0	0	0	0	0	9	9	4	4	0	26_42.cif
.0000070891978932589762976341787223145028	0	0	0	0	0	0	2	1	1	0	0	0	0	0	0	0	4	1	0	3	0	0	0	0	0	0	11	8	2	5	0	26_43.cif
.0000065710697364153718822505239638369343	0	0	0	0	0	0	1	0	0	1	2	0	0	0	2	0	3	0	0	3	0	0	0	0	0	0	9	9	6	2	0	26_44.cif
.0000064885300774614234605972341827303759	0	0	0	0	0	0	1	1	0	0	2	0	0	1	0	1	3	1	2	0	0	0	0	0	0	0	7	11	5	3	0	26_45.cif
.0000052331629158886539420341725681865734	0	0	0	0	0	0	0	0	0	0	4	0	0	2	1	1	2	1	0	1	0	0	0	0	0	0	7	11	6	2	0	26_46.cif
.0000050382967503582628662024626327263959	0	0	0	0	0	0	2	1	1	0	1	0	0	0	1	0	2	0	0	2	1	0	1	0	0	0	10	9	6	1	0	26_47.cif
.0000043288540729750718547908471726885877	0	0	0	0	0	0	0	0	0	0	4	0	0	2	1	1	2	0	0	2	0	0	0	0	0	0	9	9	6	2	0	26_48.cif
.0000042743683191386248525424482276512538	0	0	1	1	0	0	0	0	0	0	2	0	0	0	1	1	2	1	0	1	1	0	1	0	0	0	8	11	4	3	0	26_49.cif
.0000042206776846670258919274033133603781	0	0	0	0	0	0	1	1	0	0	3	0	0	1	2	0	1	0	0	1	1	0	0	1	0	0	9	10	2	5	0	26_50.cif
.0000040635132146189751158186835982025583	0	0	0	0	0	0	1	0	1	0	3	1	0	0	1	1	1	1	0	0	1	1	0	0	0	0	10	9	4	3	0	26_51.cif
.0000039122010442466891603509532951144038	0	0	0	0	0	0	1	0	0	1	2	0	0	0	2	0	3	1	0	2	0	0	0	0	0	0	10	8	5	3	0	26_52.cif
.0000038630596178268934177527514909760400	0	0	0	0	0	0	1	1	0	0	3	0	0	1	1	1	1	1	0	0	1	0	1	0	0	0	9	10	3	4	0	26_53.cif
.0000035357425337400940497539399263528991	0	0	0	0	0	0	1	1	0	0	3	0	0	0	3	0	1	0	1	0	1	0	0	1	0	0	11	7	4	4	0	26_54.cif
.0000034913298285656881751722794158118890	0	0	0	0	0	0	0	0	0	0	4	0	0	2	1	1	2	1	0	1	0	0	0	0	0	0	9	9	6	2	0	26_55.cif
.0000026100437576010136216695116250650168	0	0	0	0	0	0	1	0	1	0	2	0	0	2	0	0	3	0	0	3	0	0	0	0	0	0	11	7	4	4	0	26_56.cif
.0000025448856931318980159431471553386739	0	0	0	0	0	0	2	0	2	0	2	0	0	2	0	0	0	0	0	0	2	0	2	0	0	0	10	9	3	4	0	26_57.cif
.0000017634998037957302794502557312657821	0	0	0	0	0	0	0	0	0	0	4	0	0	3	1	0	2	0	0	2	0	0	0	0	0	0	10	8	6	2	0	26_58.cif
.0000015737432501176774687263114735241919	0	0	0	0	0	0	1	0	1	0	3	0	0	2	1	0	1	0	0	1	1	0	1	0	0	0	11	8	3	4	0	26_59.cif
.0000015344557616032116025063604727749058	0	0	0	0	0	0	2	0	2	0	1	0	0	0	0	1	2	0	0	2	1	0	1	0	0	0	9	9	4	4	0	26_60.cif
.0000013867641023918162014280352853577389	0	0	0	0	0	0	1	0	1	0	2	0	0	1	1	0	3	1	0	2	0	0	0	0	0	0	8	10	5	3	0	26_61.cif
.0000013521444280955686465284439423422701	0	0	0	0	0	0	1	0	1	0	3	1	0	2	0	0	1	0	0	1	1	0	1	0	0	0	9	9	5	3	0	26_62.cif
.0000011617188488245033410123116631724043	0	0	0	0	0	0	2	0	2	0	1	0	1	0	0	0	2	0	0	2	1	0	1	0	0	0	10	9	2	5	0	26_63.cif
.0000011327172846069485700455112631572528	0	0	0	0	0	0	1	0	1	0	2	0	1	0	0	1	3	0	0	3	0	0	0	0	0	0	10	8	5	3	0	26_64.cif
.0000010905385339299556627200436386713768	0	0	0	0	0	0	1	0	1	0	3	0	0	0	2	1	1	0	0	1	1	0	1	0	0	0	10	8	4	4	0	26_65.cif
.0000010367421365710950973933478304312448	0	0	0	0	0	0	1	0	1	0	2	0	0	1	0	1	3	2	1	0	0	0	0	0	0	0	9	9	4	4	0	26_66.cif
.0000008795467919511627509033586736103963	0	0	0	0	0	0	1	1	0	0	3	0	0	2	1	0	1	0	0	1	1	1	0	0	0	0	8	11	4	3	0	26_67.cif
.0000008361586426622033668117240638471074	0	0	0	0	0	0	1	0	1	0	2	0	1	1	0	0	3	1	0	2	0	0	0	0	0	0	11	7	4	4	0	26_68.cif
.0000008256555964360672540535167036978996	0	0	0	0	0	0	0	0	0	0	4	1	0	1	2	0	2	0	0	2	0	0	0	0	0	0	11	7	4	4	0	26_69.cif
.0000006743830032905708708805720257829398	0	0	0	0	0	0	0	0	0	0	4	0	0	1	3	0	2	0	0	2	0	0	0	0	0	0	8	10	5	3	0	26_70.cif
.0000005578472632059871252781233699142379	0	0	0	0	0	0	1	0	1	0	2	0	0	1	0	1	3	0	1	2	0	0	0	0	0	0	10	7	5	4	0	26_71.cif
.0000004978216403412379053598420395199520	0	0	0	0	0	0	1	0	1	0	3	0	0	3	0	0	1	0	0	1	1	0	0	1	0	0	10	9	2	5	0	26_72.cif
.0000004915684684739619625886166865764368	0	0	0	0	0	0	1	0	0	1	2	0	0	0	1	1	3	1	1	1	0	0	0	0	0	0	9	8	7	2	0	26_73.cif
.0000004673193366584966552771659393862573	0	0	0	0	0	0	1	0	1	0	2	0	0	1	1	0	3	3	0	0	0	0	0	0	0	0	8	10	5	3	0	26_74.cif
.0000004442664174390696530939305807906108	0	0	0	0	0	0	2	1	1	0	1	0	0	0	1	0	2	0	0	2	1	1	0	0	0	0	9	9	3	5	0	26_75.cif
.0000004386859564104948490427490837052937	0	0	0	0	0	0	0	0	0	0	4	1	0	0	1	1	2	1	0	1	0	0	0	0	0	0	10	7	6	3	0	26_76.cif
.0000004331643715685134628548965672981910	0	0	0	0	0	0	0	0	0	0	4	0	1	2	1	0	2	0	0	2	0	0	0	0	0	0	7	11	4	4	0	26_77.cif
.0000003914823587371387894842961122084429	0	0	0	0	0	0	0	0	0	0	5	0	0	2	2	1	0	0	0	0	1	0	1	0	0	0	11	6	6	3	0	26_78.cif
.0000003865649219007009664767867784620447	0	0	0	0	0	0	0	0	0	0	4	1	0	2	1	0	2	1	0	1	0	0	0	0	0	0	10	8	4	4	0	26_79.cif
.0000003628700903220989955393048299805598	0	0	0	0	0	0	1	0	1	0	2	0	0	1	1	0	3	1	1	1	0	0	0	0	0	0	11	7	4	4	0	26_80.cif
.0000002926714473838895002985638444685064	0	0	0	0	0	0	1	0	0	1	3	0	0	1	2	0	1	0	0	1	1	0	1	0	0	0	11	7	2	6	0	26_81.cif
.0000002578986483320480178742718797898088	0	0	0	0	0	0	1	0	1	0	2	0	0	0	1	1	3	1	0	2	0	0	0	0	0	0	9	9	4	4	0	26_82.cif
.0000002420905273920246315163814781055982	0	0	1	0	1	0	0	0	0	0	1	0	0	0	1	0	4	1	2	1	0	0	0	0	0	0	8	10	4	4	0	26_83.cif
.0000002390496116251163695326120547364366	0	0	0	0	0	0	0	0	0	0	4	1	0	0	2	1	2	1	0	1	0	0	0	0	0	0	8	10	3	5	0	26_84.cif
.0000002301481724882831287280274841147185	0	0	0	0	0	0	1	1	0	0	2	0	0	2	0	0	3	1	0	2	0	0	0	0	0	0	11	7	4	4	0	26_85.cif
.0000001879864156770071686464437888349320	0	0	0	0	0	0	2	0	2	0	1	0	0	1	0	0	2	0	0	2	1	1	0	0	0	0	11	8	3	4	0	26_86.cif
.0000001635706667037046558103783336633037	0	0	0	0	0	0	2	0	2	0	1	0	0	0	1	0	2	1	0	1	1	1	0	0	0	0	9	9	6	2	0	26_87.cif
.0000001615118606246269025930739839748182	0	0	0	0	0	0	1	1	0	0	2	0	0	2	0	0	3	1	0	2	0	0	0	0	0	0	10	7	6	3	0	26_88.cif
.0000001387693719408215459615627251394734	0	0	0	0	0	0	0	0	0	0	4	1	0	1	1	1	2	0	0	2	0	0	0	0	0	0	9	9	4	4	0	26_89.cif
.0000001370262803145413224868927620564208	0	0	0	0	0	0	1	0	0	1	3	0	0	1	1	1	1	0	0	1	1	0	0	1	0	0	9	9	4	4	0	26_90.cif
.0000001286271358243193507442787749339560	0	0	0	0	0	0	1	0	1	0	3	0	1	0	2	0	1	0	0	1	1	0	0	1	0	0	10	7	7	2	0	26_91.cif
.0000001147895394401666213786796607255774	0	0	0	0	0	0	1	0	1	0	3	0	0	0	2	1	1	0	0	1	1	1	0	0	0	0	8	9	5	4	0	26_92.cif
.0000001133476601393937816968993257995715	0	0	0	0	0	0	2	2	0	0	0	0	0	0	0	0	4	1	0	3	0	0	0	0	0	0	11	7	5	3	0	26_93.cif
.0000001119209932653940699829536382420497	0	0	0	0	0	0	1	0	1	0	3	0	0	3	0	0	1	1	0	0	1	1	0	0	0	0	12	6	4	4	0	26_94.cif
.0000001063999171739276708861452323258118	0	0	0	0	0	0	1	0	1	0	3	0	0	3	0	0	1	0	0	1	1	0	1	0	0	0	9	9	5	3	0	26_95.cif
.0000000998806292955762399651679822655272	0	0	0	0	0	0	1	0	1	0	2	0	1	1	0	0	3	1	0	2	0	0	0	0	0	0	10	7	5	4	0	26_96.cif
.0000000986234671715852974133936052731590	0	0	0	0	0	0	1	0	1	0	3	0	0	2	1	0	1	0	0	1	1	0	1	0	0	0	8	10	3	5	0	26_97.cif
.0000000925806544408038066016830113011691	0	0	0	0	0	0	1	0	1	0	2	0	0	0	1	0	3	0	1	2	0	0	0	0	0	0	10	7	4	5	0	26_98.cif
.0000000914177424721589716797656927017468	0	0	0	0	0	0	1	0	0	1	2	0	0	2	0	0	3	1	1	1	0	0	0	0	0	0	9	8	7	2	0	26_99.cif
.0000000902670997088194085027836329395689	0	0	0	0	0	0	1	1	0	0	2	0	0	0	1	1	3	1	0	2	0	0	0	0	0	0	7	10	6	3	0	26_100.cif
.0000000858142127971869624678808793563095	0	0	0	0	0	0	1	0	0	1	3	0	0	1	1	1	1	0	0	1	1	0	1	0	0	0	8	9	8	1	0	26_101.cif
.0000000765823937638134824807981255167408	0	0	0	0	0	0	1	0	1	0	3	0	0	1	1	1	2	0	0	2	0	0	0	0	0	0	10	10	2	3	1	26_102.cif
.0000000641545380141268144006080996770264	0	0	0	0	0	0	0	0	0	0	4	0	0	0	4	0	2	0	0	2	0	0	0	0	0	0	11	6	6	3	0	26_103.cif
.0000000625513409326484240524585055416398	0	0	0	0	0	0	1	0	1	0	2	0	0	1	1	0	3	2	0	1	0	0	0	0	0	0	7	11	4	4	0	26_104.cif
.0000000587187232995891397825455239471401	0	0	0	0	0	0	1	0	1	0	3	0	0	1	1	1	1	0	0	1	1	1	0	0	0	0	9	8	5	4	0	26_105.cif
.0000000565322267891345383851136397311048	0	0	1	0	1	0	0	0	0	0	2	1	0	0	1	0	2	0	1	1	1	0	0	1	0	0	10	8	4	4	0	26_106.cif
.0000000537434852258539882887993304022518	0	0	1	0	0	1	0	0	0	0	2	0	0	0	1	1	2	2	0	0	1	0	1	0	0	0	9	9	5	3	0	26_107.cif
.0000000479605650819702206690391512256597	0	0	0	0	0	0	0	0	0	0	4	0	0	2	2	0	2	1	1	0	0	0	0	0	0	0	11	6	7	2	0	26_108.cif
.0000000444564231336006975882755966372160	0	0	0	0	0	0	1	0	1	0	2	1	0	1	0	0	3	2	0	1	0	0	0	0	0	0	10	7	6	3	0	26_109.cif
.0000000340864822915058057026490074892179	0	0	0	0	0	0	1	0	1	0	2	0	0	0	2	0	3	1	0	2	0	0	0	0	0	0	9	9	5	3	0	26_110.cif
.0000000336583196427837887363544284624836	0	0	0	0	0	0	1	0	1	0	3	2	0	1	0	0	1	0	0	1	1	1	0	0	0	0	9	8	5	4	0	26_111.cif
.0000000324049920104504191454492221137873	0	0	0	0	0	0	1	0	1	0	2	1	0	1	0	0	3	2	0	1	0	0	0	0	0	0	9	9	4	4	0	26_112.cif
.0000000304186999686939712051681402920341	0	0	0	0	0	0	1	0	1	0	3	0	0	2	0	1	1	0	0	1	1	0	1	0	0	0	8	9	5	4	0	26_113.cif
.0000000285548990631260739368502543609435	0	0	0	0	0	0	2	0	2	0	1	0	0	1	0	0	2	1	0	1	1	0	0	1	0	0	9	9	6	2	0	26_114.cif
.0000000278413231843654289677487474764843	0	0	0	0	0	0	0	0	0	0	4	0	0	0	3	1	2	1	1	0	0	0	0	0	0	0	9	8	4	5	0	26_115.cif
.0000000271462824496385296513481153967639	0	0	0	0	0	0	1	1	0	0	2	0	0	0	2	0	3	1	0	2	0	0	0	0	0	0	9	8	7	2	0	26_116.cif
.0000000264679073550089765447791555130891	0	0	0	0	0	0	1	0	1	0	3	1	0	2	0	0	1	1	0	0	1	0	1	0	0	0	9	8	5	4	0	26_117.cif
.0000000239209858480617648430417248364610	0	0	1	0	1	0	0	0	0	0	2	0	0	0	2	0	2	0	0	2	1	1	0	0	0	0	8	10	5	3	0	26_118.cif
.0000000236205126994054047867455339833928	0	0	0	0	0	0	0	0	0	0	4	0	0	2	2	0	2	0	1	1	0	0	0	0	0	0	7	10	4	5	0	26_119.cif
.0000000197873558844435693014267536323473	0	0	1	0	1	0	1	0	1	0	1	0	1	0	0	0	1	0	0	1	2	0	0	2	0	0	10	8	7	1	0	26_120.cif
.0000000178828191130957504328945854999476	0	0	1	0	1	0	0	0	0	0	2	0	0	1	1	0	2	1	0	1	1	0	0	1	0	0	9	9	6	2	0	26_121.cif
.0000000172173663861062921142736840939773	0	0	0	0	0	0	1	1	0	0	2	0	0	1	1	0	3	0	1	2	0	0	0	0	0	0	9	8	5	4	0	26_122.cif
.0000000167871110620811762095246063932879	0	0	0	0	0	0	2	1	1	0	2	0	0	0	2	0	1	0	0	1	0	0	0	0	1	0	10	8	7	1	0	26_123.cif
.0000000161620130065498639817345159629673	0	0	0	0	0	0	2	0	2	0	1	0	0	0	1	0	2	1	0	1	1	0	1	0	0	0	9	9	5	3	0	26_124.cif
.0000000159590008494611724503793540240479	0	0	0	0	0	0	1	0	1	0	2	0	0	1	1	0	3	1	0	2	0	0	0	0	0	0	8	9	6	3	0	26_125.cif
.0000000155601915932939251743618738086705	0	0	0	0	0	0	2	1	1	0	2	0	0	0	1	1	0	0	0	0	2	0	1	1	0	0	8	10	5	3	0	26_126.cif
.0000000153647389563737757153474280414973	0	0	0	0	0	0	1	0	1	0	3	0	0	1	1	1	1	1	0	0	1	1	0	0	0	0	9	8	6	3	0	26_127.cif
.0000000151717414134703030057107457551048	0	0	0	0	0	0	1	1	0	0	3	0	0	2	0	1	1	0	0	1	1	1	0	0	0	0	8	10	2	6	0	26_128.cif
.0000000144233175803723043611000103395174	0	0	0	0	0	0	1	0	1	0	3	0	0	2	0	1	2	1	0	1	0	0	0	0	0	0	10	10	3	2	1	26_129.cif
.0000000132012297224787054224609990241629	0	0	0	0	0	0	1	0	1	0	2	0	0	2	0	0	3	1	1	1	0	0	0	0	0	0	9	8	6	3	0	26_130.cif
.0000000125500114686708311074194771283530	0	0	0	0	0	0	1	0	1	0	2	1	0	1	0	0	3	0	0	3	0	0	0	0	0	0	10	7	5	4	0	26_131.cif
.0000000123920489169194306100241507366845	0	0	0	0	0	0	0	0	0	0	4	0	1	0	2	1	2	1	0	1	0	0	0	0	0	0	9	8	4	5	0	26_132.cif
.0000000122363915380797487870192284839550	0	0	0	0	0	0	0	0	0	0	5	0	0	1	2	2	1	0	0	1	0	0	0	0	0	0	9	10	2	4	1	26_133.cif
.0000000117807476498081727348156875399174	0	0	0	0	0	0	0	0	0	0	4	0	1	1	1	1	2	1	1	0	0	0	0	0	0	0	9	7	7	3	0	26_134.cif
.0000000116327688682333868810240785058496	0	0	0	0	0	0	1	0	1	0	2	0	0	2	0	0	3	2	0	1	0	0	0	0	0	0	8	9	5	4	0	26_135.cif
.0000000109200110852515682773007036846769	0	0	1	1	0	0	0	0	0	0	2	0	0	0	0	2	2	1	1	0	1	1	0	0	0	0	7	11	5	3	0	26_136.cif
.0000000095014696682332020950555907196516	0	0	0	0	0	0	1	0	1	0	3	0	0	2	1	0	2	1	0	1	0	0	0	0	0	0	9	10	2	4	1	26_137.cif
.0000000090327610239605139816533280203014	0	0	0	0	0	0	2	1	0	1	1	0	0	0	1	0	2	0	0	2	1	1	0	0	0	0	9	9	5	3	0	26_138.cif
.0000000080610243800319184013003868263605	0	0	0	0	0	0	1	1	0	0	2	0	0	0	1	1	3	2	0	1	0	0	0	0	0	0	9	8	3	6	0	26_139.cif
.0000000073780136952760610235575289880263	0	0	1	0	0	1	0	0	0	0	1	0	0	1	0	0	4	2	0	2	0	0	0	0	0	0	8	10	5	3	0	26_140.cif
.0000000071032801811207857278825034548677	0	0	0	0	0	0	0	0	0	0	4	0	2	0	2	0	2	0	0	2	0	0	0	0	0	0	9	8	4	5	0	26_141.cif
.0000000070140553901624891381888137966751	0	0	0	0	0	0	1	0	1	0	3	0	0	2	0	1	1	0	0	1	1	0	1	0	0	0	8	10	2	6	0	26_142.cif
.0000000069257719578866240238108840505617	0	0	1	1	0	0	0	0	0	0	2	0	0	0	1	1	2	1	0	1	1	0	1	0	0	0	10	9	5	2	0	26_143.cif
.0000000058018518162246284869840998907757	0	0	0	0	0	0	1	0	1	0	2	1	0	0	1	0	3	1	0	2	0	0	0	0	0	0	8	9	3	6	0	26_144.cif
.0000000054463633607620628981229631823527	0	0	0	0	0	0	1	0	1	0	2	0	0	0	0	1	3	0	0	3	0	0	0	0	0	0	9	9	4	4	0	26_145.cif
.0000000053103984008071609477664853052240	0	0	0	0	0	0	1	1	0	0	3	0	0	0	2	1	2	0	1	1	0	0	0	0	0	0	9	10	1	5	1	26_146.cif
.0000000047992715436410046347825398170912	0	0	0	0	0	0	1	1	0	0	3	0	0	1	1	1	1	1	0	0	1	0	1	0	0	0	10	7	5	4	0	26_147.cif
.0000000042290618205061331690915148649293	0	0	1	0	0	1	0	0	0	0	1	0	0	0	1	0	4	2	1	1	0	0	0	0	0	0	6	11	6	3	0	26_148.cif
.0000000041234860109274888002838649119021	0	0	0	0	0	0	1	1	0	0	2	0	0	1	1	0	3	1	1	1	0	0	0	0	0	0	9	8	5	4	0	26_149.cif
.0000000039200739488629254679501661926813	0	0	0	0	0	0	0	0	0	0	4	0	0	3	0	1	2	0	0	2	0	0	0	0	0	0	10	7	2	7	0	26_150.cif
.0000000038221128176860065070202784764236	0	0	0	0	0	0	2	0	1	1	1	0	0	0	0	1	2	0	0	2	1	1	0	0	0	0	9	8	5	4	0	26_151.cif
.0000000037266962283442550064210194597686	0	0	0	0	0	0	2	1	1	0	1	0	0	0	1	0	2	1	1	0	1	1	0	0	0	0	9	9	4	4	0	26_152.cif
.0000000036797896221390636076236436499183	0	0	0	0	0	0	1	0	1	0	4	0	1	2	1	0	0	0	0	0	0	0	0	0	1	0	10	7	4	5	0	26_153.cif
.0000000035879260398777075208235493668531	0	0	0	0	0	0	2	1	1	0	2	0	0	1	1	0	0	0	0	0	2	1	1	0	0	0	10	8	5	3	0	26_154.cif
.0000000034543232071673325559511095426417	0	0	0	0	0	0	1	1	0	0	2	0	0	1	1	0	3	1	0	2	0	0	0	0	0	0	10	6	4	6	0	26_155.cif
.0000000031219248067091122652789584930271	0	0	0	0	0	0	1	0	1	0	3	1	0	2	0	0	1	0	0	1	1	0	1	0	0	0	8	9	4	5	0	26_156.cif
.0000000030439091137645395293578902023481	0	0	1	0	1	0	0	0	0	0	3	0	1	0	2	0	0	0	0	0	2	0	0	2	0	0	9	8	8	1	0	26_157.cif
.0000000029679198796012412278299484186009	0	0	0	0	0	0	1	0	0	1	2	1	0	0	1	0	3	0	1	2	0	0	0	0	0	0	8	9	5	4	0	26_158.cif
.0000000028214389496555721520666753995259	0	0	0	0	0	0	1	0	1	0	2	0	0	1	1	0	3	1	0	2	0	0	0	0	0	0	9	9	3	5	0	26_159.cif
.0000000026822570261040415512604161249143	0	0	1	0	1	0	1	0	1	0	0	0	0	0	0	0	3	1	0	2	1	0	1	0	0	0	9	9	3	5	0	26_160.cif
.0000000026152962038110607086200806762522	0	0	0	0	0	0	1	1	0	0	3	2	0	0	1	0	1	0	0	1	1	0	1	0	0	0	9	7	7	3	0	26_161.cif
.0000000025499409636216894638802841059207	0	0	0	0	0	0	2	0	1	1	1	0	0	0	1	0	2	0	0	2	1	1	0	0	0	0	9	8	4	5	0	26_162.cif
.0000000024862833267655109999275660913105	0	0	0	0	0	0	0	0	0	0	5	1	0	0	2	2	1	1	0	0	0	0	0	0	0	0	9	9	4	3	1	26_163.cif
.0000000024549893586561387306685312645301	0	0	0	0	0	0	1	1	0	0	3	0	0	1	2	0	1	0	0	1	1	0	1	0	0	0	9	9	3	5	0	26_164.cif
.0000000023636346704989750393451349566331	0	0	0	0	0	0	0	0	0	0	4	0	0	1	3	0	2	1	0	1	0	0	0	0	0	0	8	9	5	4	0	26_165.cif
.0000000022756205130271336510258066859884	0	0	0	0	0	0	0	0	0	0	4	0	2	0	2	0	2	0	1	1	0	0	0	0	0	0	10	7	5	4	0	26_166.cif
.0000000022187536369187886695955002305715	0	0	0	0	0	0	1	0	1	0	3	0	0	1	1	1	2	1	0	1	0	0	0	0	0	0	8	11	3	3	1	26_167.cif
.0000000019551396935301776500712990314303	0	0	0	0	0	0	1	1	0	0	3	0	0	1	2	0	1	1	0	0	1	1	0	0	0	0	10	8	6	2	0	26_168.cif
.0000000015969698962232336199603424611476	0	0	1	1	0	0	1	0	1	0	0	0	0	0	0	0	3	2	0	1	1	1	0	0	0	0	8	11	3	4	0	26_169.cif
.0000000015375038705813310913734500794009	0	0	0	0	0	0	2	0	2	0	1	0	0	1	0	0	2	0	0	2	1	0	1	0	0	0	10	7	7	2	0	26_170.cif
.0000000015181911787048653976120828701422	0	0	0	0	0	0	2	0	2	0	0	0	0	0	0	0	4	1	1	2	0	0	0	0	0	0	8	9	4	5	0	26_171.cif
.0000000014251323359452741745897410343170	0	0	0	0	0	0	1	0	1	0	3	0	0	3	0	0	1	0	0	1	1	0	1	0	0	0	10	7	4	5	0	26_172.cif
.0000000013895548233644531303330222050533	0	0	0	0	0	0	1	1	0	0	2	0	0	2	0	0	3	2	0	1	0	0	0	0	0	0	7	10	3	6	0	26_173.cif
.0000000013720649886941775223059029023516	0	0	0	0	0	0	1	0	0	1	2	1	0	0	1	0	3	0	0	3	0	0	0	0	0	0	9	8	6	3	0	26_174.cif
.0000000013210079163970770023626434194271	0	0	0	0	0	0	0	0	0	0	4	1	0	2	1	0	2	1	0	1	0	0	0	0	0	0	9	8	4	5	0	26_175.cif
.0000000012400355924233328817591297182647	0	0	0	0	0	0	2	0	2	0	1	0	0	0	1	0	3	1	0	2	0	0	0	0	0	0	9	10	2	4	1	26_176.cif
.0000000011938606529267840331332264253758	0	0	0	0	0	0	2	0	2	0	2	0	0	1	0	1	1	0	1	0	1	1	0	0	0	0	10	10	2	3	1	26_177.cif
.0000000011788644871449747205770557743802	0	0	1	0	0	1	1	0	0	1	0	0	0	0	0	0	3	1	1	1	1	1	0	0	0	0	10	8	4	4	0	26_178.cif
.0000000011640566892330706573784961764666	0	0	0	0	0	0	1	1	0	0	3	0	0	1	2	0	1	0	0	1	1	0	0	1	0	0	10	7	5	4	0	26_179.cif
.0000000010520432619020881877341428893445	0	0	0	0	0	0	1	1	0	0	3	0	0	2	1	0	1	0	0	1	1	0	1	0	0	0	8	9	6	3	0	26_180.cif
.0000000010388015657795171345614553597447	0	0	0	0	0	0	2	1	1	0	1	0	0	1	0	0	2	0	0	2	1	1	0	0	0	0	10	8	1	7	0	26_181.cif
.0000000010128685525123782883223655321843	0	0	0	0	0	0	2	0	2	0	1	0	0	1	0	0	2	0	1	1	1	0	1	0	0	0	9	8	4	5	0	26_182.cif
.0000000009875573592971528883847501335708	0	0	0	0	0	0	0	0	0	0	4	0	0	3	0	1	2	1	0	1	0	0	0	0	0	0	11	6	2	7	0	26_183.cif
.0000000009507838976372312982396787742995	0	0	0	0	0	0	2	1	0	1	2	0	0	0	1	1	1	0	0	1	1	0	0	1	0	0	10	9	6	0	1	26_184.cif
.0000000008925278942169861610665493536063	0	0	0	0	0	0	1	1	0	0	2	0	0	1	1	0	3	2	0	1	0	0	0	0	0	0	7	9	6	4	0	26_185.cif
.0000000008592930243743291982286173489213	0	0	0	0	0	0	1	0	1	0	3	0	0	3	0	0	1	1	0	0	1	1	0	0	0	0	10	7	5	4	0	26_186.cif
.0000000008378196241838654593737684702272	0	0	0	0	0	0	1	1	0	0	3	0	0	0	1	2	1	0	1	0	1	1	0	0	0	0	9	7	6	4	0	26_187.cif
.0000000008169039958818178257936516358498	0	0	0	0	0	0	1	0	1	0	3	0	1	1	1	0	1	1	0	0	1	0	0	1	0	0	10	7	7	2	0	26_188.cif
.0000000007668311581728680835064922672219	0	0	0	0	0	0	1	1	0	0	2	0	0	1	1	0	3	1	1	1	0	0	0	0	0	0	9	8	4	5	0	26_189.cif
.0000000007571989392481336562777173863228	0	0	0	0	0	0	1	1	0	0	3	0	0	0	1	1	1	0	0	1	1	0	1	0	0	0	7	11	2	6	0	26_190.cif
.0000000007382959545162516718244680422527	0	0	0	0	0	0	1	0	1	0	3	0	0	1	2	0	2	0	0	2	0	0	0	0	0	0	9	10	3	3	1	26_191.cif
.0000000007198462242838069897146258747944	0	0	0	0	0	0	1	0	1	0	3	0	0	1	1	1	2	1	1	0	0	0	0	0	0	0	11	8	2	4	1	26_192.cif
.0000000006843361232520772608700794477049	0	0	0	0	0	0	1	0	1	0	3	0	0	2	1	0	1	0	0	1	1	0	0	1	0	0	8	9	5	4	0	26_193.cif
.0000000006343200537981188660544347547144	0	0	0	0	0	0	2	0	2	0	1	0	0	1	0	0	2	1	0	1	1	1	0	0	0	0	9	8	4	5	0	26_194.cif
.0000000006184846614453793093178044473610	0	0	0	0	0	0	1	0	1	0	3	1	0	0	1	1	1	1	0	0	1	0	1	0	0	0	7	10	4	5	0	26_195.cif
.0000000005313820579965110589488547510443	0	0	0	0	0	0	2	1	0	1	1	0	0	0	0	1	2	1	0	1	1	1	0	0	0	0	7	11	3	5	0	26_196.cif
.0000000004074314538416385585771841073619	0	0	1	0	1	0	1	0	1	0	0	0	0	0	0	0	3	1	1	1	1	0	1	0	0	0	9	8	4	5	0	26_197.cif
.0000000003729097822574682383631055564171	0	0	0	0	0	0	1	0	0	1	2	0	0	0	2	0	3	1	0	2	0	0	0	0	0	0	9	8	6	3	0	26_198.cif
.0000000003682256368317169794904957890672	0	0	0	0	0	0	0	0	0	0	5	0	0	3	1	1	0	0	0	0	1	0	1	0	0	0	9	8	5	4	0	26_199.cif
.0000000003327924693630183479268455116037	0	0	0	0	0	0	0	0	0	0	4	1	1	1	1	0	2	1	0	1	0	0	0	0	0	0	10	6	4	6	0	26_200.cif
.0000000003286122402640268601360861289733	0	0	0	0	0	0	2	0	2	0	1	0	1	0	0	0	2	0	0	2	1	0	1	0	0	0	8	9	4	5	0	26_201.cif
.0000000003244761143219564974639638944057	0	0	0	0	0	0	0	0	0	0	5	0	1	1	2	1	1	1	0	0	0	0	0	0	0	0	8	10	4	3	1	26_202.cif
.0000000003123936668192910164845922332323	0	0	0	0	0	0	1	0	1	0	3	0	0	2	1	0	1	0	1	0	1	0	1	0	0	0	10	7	3	6	0	26_203.cif
.0000000003045949597581252003489782868619	0	0	0	0	0	0	2	0	2	0	1	0	1	0	0	0	2	1	0	1	1	0	1	0	0	0	9	8	5	4	0	26_204.cif
.0000000003007689215168627933360813308244	0	0	0	0	0	0	1	0	1	0	3	0	0	1	2	0	1	0	0	1	1	1	0	0	0	0	9	8	5	4	0	26_205.cif
.0000000002859319543564191590123110522207	0	0	0	0	0	0	1	0	1	0	3	1	0	1	1	0	1	1	0	0	1	0	0	1	0	0	8	9	6	3	0	26_206.cif
.0000000002787866254535022245736301140249	0	0	0	0	0	0	1	1	0	0	2	0	0	0	2	0	3	1	1	1	0	0	0	0	0	0	5	11	7	3	0	26_207.cif
.0000000002718198555551071081884535807290	0	0	0	0	0	0	1	0	1	0	4	0	0	3	1	0	0	0	0	0	1	0	0	1	0	0	9	10	4	2	1	26_208.cif
.0000000002650340476081459348247886812376	0	0	0	0	0	0	1	0	1	0	3	0	0	1	2	0	1	1	0	0	1	0	0	1	0	0	10	6	5	5	0	26_209.cif
.0000000002617049367056196561396070417513	0	0	0	0	0	0	2	1	1	0	1	0	0	0	1	0	2	1	0	1	1	1	0	0	0	0	9	8	7	2	0	26_210.cif
.0000000002487885561916139504317678217850	0	0	0	0	0	0	0	0	0	0	5	1	1	1	1	1	0	0	0	0	1	1	0	0	0	0	9	8	4	5	0	26_211.cif
.0000000002425777098269495096685692676756	0	0	0	0	0	0	1	1	0	0	3	0	0	1	1	1	1	0	0	1	1	1	0	0	0	0	10	7	4	5	0	26_212.cif
.0000000002306113221549563172672086313295	0	0	0	0	0	0	1	1	0	0	2	1	0	0	0	0	3	1	0	2	0	0	0	0	0	0	10	7	3	6	0	26_213.cif
.0000000002277086990775752369419758342627	0	0	0	0	0	0	2	1	1	0	2	0	1	0	0	1	1	0	0	1	1	0	1	0	0	0	8	11	3	3	1	26_214.cif
.0000000002192352378295425898068971661475	0	0	0	0	0	0	1	1	0	0	3	0	0	0	2	1	2	0	0	2	0	0	0	0	0	0	7	11	3	4	1	26_215.cif
.0000000002137566340654854274165106376179	0	0	0	0	0	0	2	1	0	1	1	0	0	1	0	0	2	0	0	2	1	1	0	0	0	0	8	9	5	4	0	26_216.cif
.0000000002057970241113300490052913068736	0	0	0	0	0	0	1	1	0	0	3	0	0	0	2	1	2	0	0	2	0	0	0	0	0	0	7	11	3	4	1	26_217.cif
.0000000001981338044465299948383368051299	0	0	0	0	0	0	1	0	1	0	3	0	0	0	1	2	2	0	0	2	0	0	0	0	0	0	8	10	5	2	1	26_218.cif
.0000000001883598399853045350032547645745	0	0	0	0	0	0	1	0	1	0	4	1	0	1	0	2	1	0	0	1	0	0	0	0	0	0	11	9	3	1	2	26_219.cif
.0000000001859938390788085149537229903831	0	0	0	0	0	0	1	1	0	0	3	0	0	0	2	1	2	0	0	2	0	0	0	0	0	0	7	11	5	2	1	26_220.cif
.0000000001836575576724457331278133401476	0	0	0	0	0	0	1	0	1	0	3	0	0	1	2	0	2	0	0	2	0	0	0	0	0	0	8	10	5	2	1	26_221.cif
.0000000001813459250073449034766236904089	0	0	1	1	0	0	0	0	0	0	3	0	0	1	1	1	1	0	0	1	0	0	0	0	1	0	9	9	5	3	0	26_222.cif
.0000000001790680263693432355378232009538	0	0	0	0	0	0	1	1	0	0	2	1	0	1	0	0	3	2	0	1	0	0	0	0	0	0	7	9	5	5	0	26_223.cif
.0000000001745977082099054825834764870046	0	0	0	0	0	0	1	0	1	0	3	0	0	0	3	0	2	1	0	1	0	0	0	0	0	0	8	10	4	3	1	26_224.cif
.0000000001577926455516728711227109415366	0	0	0	0	0	0	2	0	2	0	1	0	0	0	0	1	3	1	1	1	0	0	0	0	0	0	10	9	2	4	1	26_225.cif
.0000000001372984752162885616248893673985	0	0	0	0	0	0	1	0	1	0	3	0	0	1	1	0	2	0	0	2	0	0	0	0	0	0	8	10	4	3	1	26_226.cif
.0000000001305255248805643078132051453783	0	0	0	0	0	0	2	2	0	0	1	0	0	1	0	0	2	1	1	0	1	0	1	0	0	0	10	7	4	5	0	26_227.cif
.0000000001288859847842657668105708253070	0	0	0	0	0	0	1	1	0	0	3	1	0	0	2	0	1	0	0	1	1	0	1	0	0	0	9	8	6	3	0	26_228.cif
.0000000001225280236157998416223488089508	0	0	0	0	0	0	2	1	1	0	2	0	0	1	1	0	1	0	0	1	0	0	0	0	1	0	11	7	2	6	0	26_229.cif
.0000000001209858067564986388121463663415	0	0	0	0	0	0	1	0	1	0	3	0	0	2	1	0	2	1	0	1	0	0	0	0	0	0	10	7	5	3	1	26_230.cif
.0000000001194660957157515191125237092413	0	0	0	0	0	0	0	0	0	0	5	1	1	1	1	0	0	0	0	0	1	0	0	1	0	0	9	7	5	5	0	26_231.cif
.0000000001121462228214846725644117914953	0	0	0	0	0	0	1	1	0	0	3	1	0	1	1	0	1	1	0	0	1	0	1	0	0	0	9	7	7	3	0	26_232.cif
.0000000001079702579659688824753491262520	0	0	0	0	0	0	0	0	0	0	5	0	0	1	3	1	0	0	0	0	1	0	1	0	0	0	8	8	7	3	0	26_233.cif
.0000000000915993386110386393752866046899	0	0	0	0	0	0	1	0	1	0	2	0	0	0	1	1	3	1	0	2	0	0	0	0	0	0	8	8	7	3	0	26_234.cif
.0000000000807162633289277303492002778168	0	0	1	1	0	0	1	1	0	0	1	0	0	1	0	0	2	0	0	2	1	0	1	0	0	0	11	7	4	3	1	26_235.cif
.0000000000797023807931381801655482177577	0	0	0	0	0	0	1	0	0	1	3	0	0	2	1	0	2	0	0	2	0	0	0	0	0	0	8	10	5	2	1	26_236.cif
.0000000000748188923583578985666660566748	0	0	0	0	0	0	0	0	0	0	4	0	1	1	1	1	2	0	2	0	0	0	0	0	0	0	9	7	5	5	0	26_237.cif
.0000000000729491971882055955722247283916	0	0	0	0	0	0	1	0	1	0	2	0	0	1	1	0	3	2	1	0	0	0	0	0	0	0	8	9	5	4	0	26_238.cif
.0000000000720328773044717959320361302577	0	0	0	0	0	0	2	1	1	0	1	0	0	1	0	0	3	1	0	2	0	0	0	0	0	0	10	9	4	2	1	26_239.cif
.0000000000711280673778271700871594376725	0	0	0	0	0	0	0	0	0	0	4	0	0	0	2	2	2	1	0	1	0	0	0	0	0	0	6	10	6	4	0	26_240.cif
.0000000000693506044958371082791472363412	0	0	0	0	0	0	1	0	1	0	2	0	0	0	2	0	3	1	0	2	0	0	0	0	0	0	9	6	7	4	0	26_241.cif
.0000000000676175597235092990347390072016	0	0	0	0	0	0	1	0	0	1	3	1	0	1	0	1	1	0	0	1	1	0	1	0	0	0	8	8	7	3	0	26_242.cif
.0000000000659295308148452343155150949261	0	0	0	0	0	0	2	1	1	0	2	0	0	0	1	1	0	0	0	0	2	1	1	0	0	0	8	10	5	3	0	26_243.cif
.0000000000634745270109124454488641318078	0	0	0	0	0	0	1	0	1	0	2	0	1	0	1	0	3	3	0	0	0	0	0	0	0	0	8	9	5	4	0	26_244.cif
.0000000000626772191109962968357335777687	0	0	0	0	0	0	1	0	0	1	3	0	0	1	2	0	1	0	1	0	1	0	1	0	0	0	8	9	4	5	0	26_245.cif
.0000000000566459921156657048871511214993	0	0	0	0	0	0	1	0	1	0	3	0	0	2	1	0	1	0	0	1	1	1	0	0	0	0	10	6	7	3	0	26_246.cif
.0000000000538502435983868017379625552403	0	0	0	0	0	0	2	0	2	0	2	2	0	0	0	0	1	1	0	0	0	0	0	0	1	0	8	9	5	4	0	26_247.cif
.0000000000511938045892574624197499062517	0	0	0	0	0	0	0	0	0	0	4	1	0	2	1	0	2	0	1	1	0	0	0	0	0	0	7	9	5	5	0	26_248.cif
.0000000000486684080367203800688732335252	0	0	0	0	0	0	0	0	0	0	4	0	0	1	2	1	2	1	1	0	0	0	0	0	0	0	9	6	6	5	0	26_249.cif
.0000000000468561529609630641279584939354	0	0	1	1	0	0	0	0	0	0	2	0	0	0	1	1	2	1	0	1	1	1	0	0	0	0	8	9	5	4	0	26_250.cif
.0000000000451113804389217063897387687873	0	0	1	0	0	1	0	0	0	0	2	0	0	2	0	0	2	0	0	2	1	1	0	0	0	0	7	10	5	4	0	26_251.cif
.0000000000445447332862159983813913383877	0	0	0	0	0	0	1	0	1	0	3	0	0	2	1	0	1	0	1	0	1	0	1	0	0	0	9	7	7	3	0	26_252.cif
.0000000000434327026565492497247718926846	0	0	0	0	0	0	0	0	0	0	4	0	0	1	3	0	2	1	1	0	0	0	0	0	0	0	8	8	5	5	0	26_253.cif
.0000000000423473362226990719202214585568	0	0	0	0	0	0	1	0	1	0	2	0	0	1	1	0	3	1	1	1	0	0	0	0	0	0	9	6	7	4	0	26_254.cif
.0000000000397526492807362631063128884233	0	0	0	0	0	0	0	0	0	0	4	0	0	2	1	1	2	1	0	1	0	0	0	0	0	0	8	8	4	6	0	26_255.cif
.0000000000377916462989642610811696095715	0	0	0	0	0	0	1	0	1	0	4	0	0	2	1	1	0	0	0	0	1	0	1	0	0	0	10	8	4	3	1	26_256.cif
.0000000000368472476807804348408577053878	0	0	0	0	0	0	2	1	1	0	1	0	0	1	0	0	3	1	0	2	0	0	0	0	0	0	10	9	3	3	1	26_257.cif
.0000000000350295685102221794377722472849	0	0	0	0	0	0	1	0	1	0	3	0	0	1	1	1	1	0	0	1	1	1	0	0	0	0	9	7	6	4	0	26_258.cif
.0000000000345895596906361347197205293596	0	0	0	0	0	0	1	0	1	0	2	0	1	0	1	0	3	1	1	1	0	0	0	0	0	0	8	8	6	4	0	26_259.cif
.0000000000300962745982917459187938054947	0	0	0	0	0	0	1	0	1	0	3	0	0	2	0	1	2	1	0	1	0	0	0	0	0	0	9	9	2	5	1	26_260.cif
.0000000000293449404511745572230602805802	0	0	0	0	0	0	0	0	0	0	5	0	1	1	3	0	0	0	0	0	1	1	0	0	0	0	8	8	4	6	0	26_261.cif
.0000000000275462169191586419887816693312	0	0	0	0	0	0	2	0	2	0	1	0	1	0	0	0	3	0	0	3	0	0	0	0	0	0	11	7	2	5	1	26_262.cif
.0000000000261873587174441425460439982263	0	0	0	0	0	0	1	1	0	0	2	1	0	0	1	0	3	1	1	1	0	0	0	0	0	0	9	7	7	3	0	26_263.cif
.0000000000258584175032817009218889911518	0	0	0	0	0	0	2	1	1	0	1	0	0	1	0	0	2	1	0	1	1	0	1	0	0	0	10	7	3	6	0	26_264.cif
.0000000000233701452424123621938304465744	0	0	0	0	0	0	1	0	1	0	3	0	0	1	2	0	1	0	0	1	1	0	1	0	0	0	9	8	2	7	0	26_265.cif
.0000000000205934980101976371235073585230	0	0	0	0	0	0	2	0	2	0	2	0	0	0	1	1	2	0	0	2	0	0	0	0	0	0	10	10	4	0	2	26_266.cif
.0000000000200788744632225205788613576413	0	0	1	0	1	0	0	0	0	0	3	0	0	0	3	0	0	0	0	0	2	1	0	1	0	0	7	10	6	3	0	26_267.cif
.0000000000195776182705123880956410611909	0	1	0	0	0	0	0	0	0	0	2	0	0	2	0	0	1	0	0	1	2	1	0	1	0	0	10	8	2	6	0	26_268.cif
.0000000000179188064582128570264929217900	0	0	0	0	0	0	1	0	1	0	4	0	0	2	1	1	0	0	0	0	1	0	1	0	0	0	8	10	4	3	1	26_269.cif
.0000000000174710224181959649572734328753	0	0	0	0	0	0	2	0	1	1	0	0	0	0	0	0	4	2	1	1	0	0	0	0	0	0	7	9	6	4	0	26_270.cif
.0000000000168208934067713323574439757509	0	0	0	0	0	0	2	0	2	0	1	0	0	1	0	0	3	1	0	2	0	0	0	0	0	0	9	9	3	4	1	26_271.cif
.0000000000161945374053135882143703611771	0	0	1	1	0	0	0	0	0	0	2	0	0	1	1	0	3	1	0	2	0	0	0	0	0	0	9	10	4	2	1	26_272.cif
.0000000000150109273632341195806213651282	0	0	0	0	0	0	2	1	1	0	2	0	0	1	1	0	0	0	0	0	2	2	0	0	0	0	9	8	4	5	0	26_273.cif
.0000000000142704365066227171889788183959	0	0	0	0	0	0	1	0	1	0	3	0	0	1	1	1	2	0	0	2	0	0	0	0	0	0	8	10	4	3	1	26_274.cif
.0000000000140911845720627948773964508261	0	0	0	0	0	0	2	0	1	1	2	0	0	0	1	1	1	0	1	0	0	0	0	0	1	0	8	9	3	6	0	26_275.cif
.0000000000135664741532447719839222023213	0	0	0	0	0	0	1	0	1	0	2	0	1	0	1	0	3	2	0	1	0	0	0	0	0	0	7	10	4	5	0	26_276.cif
.0000000000124169866483957093257863093326	0	0	0	0	0	0	1	1	0	0	3	1	0	0	0	2	2	0	0	2	0	0	0	0	0	0	9	9	6	1	1	26_277.cif
.0000000000121066909565916369242003833009	0	0	0	0	0	0	2	0	2	0	1	0	0	1	0	0	2	1	0	1	1	0	1	0	0	0	8	9	4	5	0	26_278.cif
.0000000000118044551999841246328505144167	0	0	0	0	0	0	0	0	0	0	5	1	1	1	1	1	1	0	0	1	0	0	0	0	0	0	7	11	4	3	1	26_279.cif
.0000000000115094664320673530131104027543	0	0	0	0	0	0	2	0	2	0	1	0	0	0	0	1	2	0	1	1	1	1	0	0	0	0	8	8	3	7	0	26_280.cif
.0000000000113648952325288451666707636220	0	0	0	0	0	0	2	0	2	0	1	0	0	0	1	0	2	1	0	1	1	0	1	0	0	0	6	10	7	3	0	26_281.cif
.0000000000110808908981186146622394309418	0	0	0	0	0	0	1	0	1	0	2	0	0	2	0	0	3	2	1	0	0	0	0	0	0	0	7	8	6	5	0	26_282.cif
.0000000000109417030653418530661210222202	0	0	0	0	0	0	1	0	1	0	3	0	0	2	1	0	1	0	0	1	1	0	1	0	0	0	8	8	7	3	0	26_283.cif
.0000000000100146124437619675214717096328	0	0	0	0	0	0	0	0	0	0	4	0	1	1	1	1	2	2	0	0	0	0	0	0	0	0	9	7	4	6	0	26_284.cif
Average: 0 .0000000000195776182705123880956410611909 .0002230882516703397645175623211215530589 .0002226553095422356107420152734191569595 .0000003663675914949336966386325335977245 .0000000665745366092200789084151687983749 1.0629281254008565473640971088790908588154 .0002727992862356374231790104173824565240 1.0625549098911120598262398307250709497670 .0001004162235088501146782677366374525244 2.3191664316700319548405525491361004948332 .0007094643916179696933345279853309252907 .0002671533554931827449616203224841029949 .3249438327526296725496909695840510692036 .9364082023998853261722556900569395470083 1.0563764363214597739747854044702230834737 2.1726831605479598859814812427032452388505 .2649656862324710236937793273814284075870 .2648231377346006449427272777890465987762 1.6428943365808882173449746375327702324873 .4449991732711875955431137873458327049366 .0010649674467667319864080783949478611710 .0033390801646719711268290160692795550844 .4405951256597488924298766928816052886812 .0000000208387160610138341588625815486323 0 10.7523992059078438915216617363355674266859 9.8514533517603279822102960125232016829445 3.7144939020851802366330828716917198014808 1.6809608078902010791519364649983630762747 .0006927323564468225214943696068063406579
