.5593812952161498346155177833201041841893	0	0	0	0	0	0	0	0	0	0	0	0	0	0	0	0	3	1	0	2	2	0	0	2	1	0	12	11	8	3	0	34_1.cif
.1837927360748926266100991802284789276167	0	0	0	0	0	0	0	0	0	0	0	0	0	0	0	0	4	0	0	4	1	0	0	1	0	1	12	11	6	5	0	34_2.cif
.0828481078404200373070207227577730586476	0	0	0	0	0	0	0	0	0	0	0	0	0	0	0	0	3	0	0	3	2	0	1	1	1	0	11	12	5	6	0	34_3.cif
.0574088014561576961101108615143004877956	0	0	0	0	0	0	0	0	0	0	0	0	0	0	0	0	4	0	0	4	0	0	0	0	2	0	12	11	6	5	0	34_4.cif
.0272209323923402952131974187844927360392	0	0	0	0	0	0	0	0	0	0	0	0	0	0	0	0	3	0	0	3	2	1	0	1	1	0	11	11	9	3	0	34_5.cif
.0230935764208331244057748761811695765127	0	0	0	0	0	0	0	0	0	0	2	0	0	0	1	1	0	0	0	0	2	0	1	1	2	0	11	12	6	5	0	34_6.cif
.0214057363624774450408532733987339322952	0	0	0	0	0	0	0	0	0	0	0	0	0	0	0	0	3	1	0	2	2	0	2	0	1	0	11	12	5	6	0	34_7.cif
.0154069906674450336619246133239553467575	0	0	0	0	0	0	0	0	0	0	0	0	0	0	0	0	3	0	1	2	2	1	0	1	1	0	11	11	8	4	0	34_8.cif
.0052579776304485136556800292007370057199	0	0	0	0	0	0	0	0	0	0	1	0	0	0	0	1	1	0	1	0	3	1	2	0	1	0	12	11	6	5	0	34_9.cif
.0044608557779661212975283285448769587904	0	0	0	0	0	0	0	0	0	0	1	0	0	1	0	0	2	0	0	2	1	0	0	1	2	0	12	11	8	3	0	34_10.cif
.0037369443225512203084774796357480582670	0	0	0	0	0	0	0	0	0	0	0	0	0	0	0	0	2	0	1	1	4	1	1	2	0	0	11	11	8	4	0	34_11.cif
.0023700730700048216774591228241013657376	0	0	0	0	0	0	0	0	0	0	0	0	0	0	0	0	2	0	0	2	4	1	2	1	0	0	10	12	5	7	0	34_12.cif
.0020107643834975876424610545345872888720	0	0	0	0	0	0	0	0	0	0	0	0	0	0	0	0	2	0	0	2	4	0	2	2	0	0	12	10	8	4	0	34_13.cif
.0016217321147760138669424086594231085979	0	0	0	0	0	0	0	0	0	0	0	0	0	0	0	0	3	0	0	3	2	1	1	0	1	0	12	11	5	6	0	34_14.cif
.0014111009153155882744712446977593932205	0	0	0	0	0	0	0	0	0	0	0	0	0	0	0	0	4	0	1	3	0	0	0	0	2	0	12	10	6	6	0	34_15.cif
.0010416581807693526169870998996255713612	0	0	0	0	0	0	0	0	0	0	0	0	0	0	0	0	3	0	0	3	2	0	2	0	1	0	11	11	8	4	0	34_16.cif
.0007403262049125565764030272927365734138	0	0	0	0	0	0	0	0	0	0	0	0	0	0	0	0	2	1	0	1	4	2	0	2	0	0	11	11	8	4	0	34_17.cif
.0006949472692026716437676153113539131451	0	0	0	0	0	0	0	0	0	0	0	0	0	0	0	0	2	1	0	1	4	1	2	1	0	0	11	11	7	5	0	34_18.cif
.0006606654366270212584043565517919531168	0	0	0	0	0	0	0	0	0	0	0	0	0	0	0	0	3	0	1	2	2	0	2	0	1	0	11	11	8	4	0	34_19.cif
.0005748579520918735005461841773659132287	0	0	0	0	0	0	0	0	0	0	0	0	0	0	0	0	4	0	0	4	0	0	0	0	2	0	11	11	8	4	0	34_20.cif
.0004876954931746904907324167454728924518	0	0	0	0	0	0	0	0	0	0	0	0	0	0	0	0	2	0	0	2	4	2	1	1	0	0	11	11	7	5	0	34_21.cif
.0004636374156976810882635407335219295842	0	0	0	0	0	0	0	0	0	0	1	0	0	0	1	0	1	1	0	0	3	0	0	3	1	0	11	11	9	3	0	34_22.cif
.0004137597022128788082772306760424205902	0	0	0	0	0	0	0	0	0	0	0	0	0	0	0	0	2	1	0	1	4	2	0	2	0	0	11	10	9	4	0	34_23.cif
.0003883979430296048878467699693930942657	0	0	0	0	0	0	0	0	0	0	1	0	0	0	1	0	1	0	0	1	3	1	0	2	1	0	11	11	9	3	0	34_24.cif
.0003692382256729995481112097287632652948	0	0	0	0	0	0	0	0	0	0	0	0	0	0	0	0	3	2	0	1	2	0	0	2	1	0	11	11	8	4	0	34_25.cif
.0003600204307441602990733898656760825085	0	0	0	0	0	0	0	0	0	0	0	0	0	0	0	0	2	1	0	1	4	0	2	2	0	0	11	11	6	6	0	34_26.cif
.0002725673367868387528795271753381270264	0	0	0	0	0	0	0	0	0	0	0	0	0	0	0	0	2	0	0	2	4	2	1	1	0	0	11	11	5	7	0	34_27.cif
.0002558667134974026395909715307060137515	0	0	0	0	0	0	0	0	0	0	1	0	0	0	0	1	1	0	1	0	3	1	1	1	1	0	11	11	8	4	0	34_28.cif
.0002254667483076653185685991431892020472	0	0	0	0	0	0	0	0	0	0	0	0	0	0	0	0	2	0	0	2	4	2	0	2	0	0	11	11	6	6	0	34_29.cif
.0001773049769065371191478686371835629619	0	0	0	0	0	0	0	0	0	0	0	0	0	0	0	0	3	0	0	3	2	1	0	1	1	0	11	10	10	3	0	34_30.cif
.0001542765373659629198711628314036880966	0	0	0	0	0	0	0	0	0	0	0	0	0	0	0	0	2	0	1	1	4	0	4	0	0	0	11	11	7	5	0	34_31.cif
.0001523347132028110751517736382152838362	0	0	0	0	0	0	0	0	0	0	0	0	0	0	0	0	2	0	0	2	4	3	0	1	0	0	11	11	5	7	0	34_32.cif
.0001342390405328425748658895936732930694	0	0	0	0	0	0	0	0	0	0	2	0	0	0	1	1	0	0	0	0	2	1	0	1	2	0	11	12	3	8	0	34_33.cif
.0001308844588514138502262067584353912966	0	0	0	0	0	0	0	0	0	0	0	0	0	0	0	0	3	1	0	2	2	0	0	2	1	0	10	11	9	4	0	34_34.cif
.0001276170124789115395073502904210257993	0	0	0	0	0	0	0	0	0	0	0	0	0	0	0	0	2	0	0	2	4	1	2	1	0	0	10	11	9	4	0	34_35.cif
.0001213185073227310425995144556606458765	0	0	0	0	0	0	0	0	0	0	0	0	0	0	0	0	3	1	0	2	2	0	1	1	1	0	12	9	9	4	0	34_36.cif
.0001029263344961522976193223812562269500	0	0	0	0	0	0	0	0	0	0	1	0	0	0	1	0	0	0	0	0	5	3	2	0	0	0	11	11	6	6	0	34_37.cif
.0000830126808881726492910483191669980628	0	0	0	0	0	0	0	0	0	0	0	0	0	0	0	0	3	0	0	3	2	1	1	0	1	0	10	11	8	5	0	34_38.cif
.0000779263652345705096017021700530560778	0	0	0	0	0	0	0	0	0	0	0	0	0	0	0	0	3	1	0	2	2	2	0	0	1	0	10	12	5	7	0	34_39.cif
.0000553823096265800635948272812530178200	0	0	0	0	0	0	0	0	0	0	0	0	0	0	0	0	2	0	1	1	4	1	2	1	0	0	11	10	7	6	0	34_40.cif
.0000452354328564566125158875463308618220	0	0	0	0	0	0	0	0	0	0	0	0	0	0	0	0	3	1	0	2	2	0	1	1	1	0	11	11	6	6	0	34_41.cif
.0000369485744437797880015427800788916286	0	0	0	0	0	0	0	0	0	0	0	0	0	0	0	0	3	1	1	1	2	0	1	1	1	0	11	11	6	6	0	34_42.cif
.0000346846780057783861642047171748775030	0	0	0	0	0	0	0	0	0	0	0	0	0	0	0	0	2	1	0	1	4	1	2	1	0	0	12	9	7	6	0	34_43.cif
.0000269324020074676020108607528351238730	0	0	0	0	0	0	0	0	0	0	0	0	0	0	0	0	2	0	1	1	4	1	3	0	0	0	11	10	7	6	0	34_44.cif
.0000237325169098253958071819007030883867	0	0	0	0	0	0	0	0	0	0	1	0	0	1	0	0	1	0	0	1	3	2	0	1	1	0	11	10	8	5	0	34_45.cif
.0000228487942658080124375532777847026389	0	0	0	0	0	0	0	0	0	0	0	0	0	0	0	0	3	0	0	3	3	1	2	0	0	0	12	11	7	3	1	34_46.cif
.0000168671494173811647271958945609195488	0	0	0	0	0	0	0	0	0	0	1	0	0	0	1	0	2	0	0	2	2	0	2	0	0	1	11	11	7	5	0	34_47.cif
.0000139520856392179178982196024158331528	0	0	0	0	0	0	0	0	0	0	0	0	0	0	0	0	2	1	1	0	4	1	0	3	0	0	11	9	9	5	0	34_48.cif
.0000112529999218985152292763438441593855	0	0	0	0	0	0	0	0	0	0	1	0	0	0	1	0	1	0	0	1	3	0	2	1	1	0	12	9	8	5	0	34_49.cif
.0000088490264089160967339781939628653717	0	0	0	0	0	0	0	0	0	0	0	0	0	0	0	0	3	0	0	3	3	0	2	1	0	0	11	12	6	4	1	34_50.cif
.0000062100111618016920190433415073685580	0	0	0	0	0	0	0	0	0	0	1	0	0	0	1	0	1	0	0	1	3	2	0	1	1	0	10	11	9	4	0	34_51.cif
.0000057562892222307011600246238956757175	0	0	0	0	0	0	0	0	0	0	0	0	0	0	0	0	3	1	0	2	2	2	0	0	1	0	12	9	7	6	0	34_52.cif
.0000054034524905173292397504318966220732	0	0	0	0	0	0	0	0	0	0	0	0	0	0	0	0	2	1	0	1	4	2	1	1	0	0	10	12	4	8	0	34_53.cif
.0000053355793521043341687644604662496528	0	0	0	0	0	0	0	0	0	0	1	0	0	0	0	1	2	0	0	2	2	1	0	1	1	0	12	11	7	3	1	34_54.cif
.0000043580205152111500324200817994087902	0	0	0	0	0	0	0	0	0	0	1	0	0	0	0	1	1	1	0	0	3	2	0	1	1	0	11	10	8	5	0	34_55.cif
.0000040909978419511673526761399880672395	0	0	0	0	0	0	0	0	0	0	0	0	0	0	0	0	4	1	1	2	0	0	0	0	2	0	11	10	8	5	0	34_56.cif
.0000036973342912674671292768943890583846	0	0	0	0	0	0	0	0	0	0	1	0	0	0	1	0	1	0	1	0	3	1	1	1	1	0	11	11	6	6	0	34_57.cif
.0000030973277496600641425035849312002509	0	0	0	0	0	0	0	0	0	0	1	0	0	1	0	0	1	1	0	0	3	1	2	0	1	0	12	9	8	5	0	34_58.cif
.0000022576913279741741281286675906960322	0	0	0	0	0	0	0	0	0	0	0	0	0	0	0	0	3	0	2	1	2	2	0	0	1	0	12	9	8	5	0	34_59.cif
.0000019644614979117159886258535880210963	0	0	0	0	0	0	0	0	0	0	1	0	0	0	0	1	2	0	0	2	2	1	0	1	1	0	11	11	9	2	1	34_60.cif
.0000019397355164413278836813869169591435	0	0	0	0	0	0	0	0	0	0	1	0	0	1	0	0	3	0	0	3	0	0	0	0	1	1	11	11	9	3	0	34_61.cif
.0000017530810129949559995114720596227357	0	0	0	0	0	0	0	0	0	0	1	0	0	0	0	1	2	1	0	1	2	1	0	1	1	0	12	10	7	4	1	34_62.cif
.0000015644860689259355299860558155792800	0	0	0	0	0	0	0	0	0	0	1	0	0	1	0	0	1	0	0	1	3	1	2	0	1	0	11	10	7	6	0	34_63.cif
.0000013272718976458132608282497696252856	0	0	0	0	0	0	0	0	0	0	1	0	1	0	0	0	1	0	0	1	3	2	0	1	1	0	12	9	8	5	0	34_64.cif
.0000013105999440423185401635561770579812	0	0	0	0	0	0	0	0	0	0	1	0	0	0	0	1	3	1	0	2	0	0	0	0	2	0	12	11	5	5	1	34_65.cif
.0000011403787122425601614142606308570080	0	0	0	0	0	0	0	0	0	0	1	0	0	1	0	0	1	0	0	1	3	1	0	2	1	0	10	11	5	8	0	34_66.cif
.0000010704782117275353742074500231471602	0	0	0	0	0	0	0	0	0	0	1	0	0	0	0	1	2	0	0	2	1	1	0	0	2	0	10	11	5	8	0	34_67.cif
.0000008312401325687772505464706036443339	0	0	0	0	0	0	0	0	0	0	1	0	0	0	1	0	1	1	0	0	3	0	2	1	1	0	11	10	7	6	0	34_68.cif
.0000007324790598641795011034329036318568	0	0	0	0	0	0	0	0	0	0	0	0	0	0	0	0	4	3	0	1	1	0	0	1	0	1	11	10	7	6	0	34_69.cif
.0000007052038941525077380033749992993872	0	0	0	0	0	0	0	0	0	0	0	0	0	0	0	0	3	0	2	1	2	0	1	1	1	0	11	10	7	6	0	34_70.cif
.0000006789443679387584133940141049417551	0	0	0	0	0	0	0	0	0	0	0	0	0	0	0	0	3	0	1	2	2	1	1	0	1	0	11	10	8	5	0	34_71.cif
.0000006454519604118366434870307296588991	0	0	0	0	0	0	0	0	0	0	0	0	0	0	0	0	3	0	0	3	3	0	3	0	0	0	12	10	6	5	1	34_72.cif
.0000006136117373862090774486649181904348	0	0	0	0	0	0	0	0	0	0	0	0	0	0	0	0	4	0	0	4	1	0	0	1	1	0	12	11	3	7	1	34_73.cif
.0000005907628086769856066603231028104395	0	0	0	0	0	0	0	0	0	0	0	0	0	0	0	0	3	1	0	2	2	1	0	1	1	0	10	11	7	6	0	34_74.cif
.0000005205732612611037085345365877523498	0	0	0	0	0	0	0	0	0	0	0	0	0	0	0	0	3	1	0	2	2	1	1	0	1	0	11	10	8	5	0	34_75.cif
.0000004825386259546419670604427650484129	0	0	0	0	0	0	0	0	0	0	1	0	0	0	0	1	2	0	1	1	2	0	1	1	1	0	12	11	6	4	1	34_76.cif
.0000004306163821978731640101788508223505	0	0	0	0	0	0	0	0	0	0	0	0	0	0	0	0	3	0	1	2	2	2	0	0	1	0	11	10	5	8	0	34_77.cif
.0000003991439256838574237694107864264687	0	0	0	0	0	0	0	0	0	0	0	0	0	0	0	0	3	0	0	3	3	2	0	1	0	0	11	11	8	3	1	34_78.cif
.0000003891795541799600861399074538453102	0	0	0	0	0	0	0	0	0	0	1	0	0	1	0	0	1	0	1	0	3	2	0	1	1	0	10	10	9	5	0	34_79.cif
.0000003473029569701401643106847749255340	0	0	0	0	0	0	0	0	0	0	1	0	0	1	0	0	0	0	0	0	5	3	2	0	0	0	11	10	6	7	0	34_80.cif
.0000003099404042647806979298419483935679	0	0	0	0	0	0	0	0	0	0	0	0	0	0	0	0	2	1	0	1	4	4	0	0	0	0	10	11	5	8	0	34_81.cif
.0000003021951134883104102215868878849744	0	0	0	0	0	0	0	0	0	0	1	0	0	1	0	0	1	0	0	1	4	1	2	1	0	0	12	10	7	4	1	34_82.cif
.0000002983992198811179614077096636847899	0	0	0	0	0	0	0	0	0	0	1	0	0	1	0	0	2	1	0	1	2	1	0	1	1	0	12	10	8	3	1	34_83.cif
.0000002662907912535754410545983375869236	0	0	0	0	0	0	1	0	1	0	0	0	0	0	0	0	1	0	0	1	2	1	0	1	2	0	11	11	7	5	0	34_84.cif
.0000002629458943076730833294685475352010	0	0	0	0	0	0	0	0	0	0	0	0	0	0	0	0	4	1	0	3	1	1	0	0	1	0	11	11	7	4	1	34_85.cif
.0000002563749781513138766271214091145543	0	0	0	0	0	0	0	0	0	0	1	0	0	1	0	0	3	0	0	3	0	0	0	0	2	0	11	12	6	4	1	34_86.cif
.0000002406664857786898264706505138083562	0	0	0	0	0	0	0	0	0	0	0	0	0	0	0	0	3	2	0	1	2	1	0	1	1	0	10	11	6	7	0	34_87.cif
.0000002287943790194228155201912425896968	0	0	0	0	0	0	0	0	0	0	1	0	0	0	1	0	1	0	1	0	3	1	1	1	1	0	9	12	8	5	0	34_88.cif
.0000002016109245453080116788954397232657	0	0	0	0	0	0	0	0	0	0	0	0	0	0	0	0	3	2	0	1	2	0	2	0	1	0	11	9	8	6	0	34_89.cif
.0000001822105543961817161227230098814052	0	0	0	0	0	0	0	0	0	0	1	0	0	0	1	0	1	1	0	0	3	2	0	1	1	0	10	10	9	5	0	34_90.cif
.0000001754256190473227719723427187964886	0	0	0	0	0	0	0	0	0	0	1	0	0	0	1	0	2	1	0	1	1	0	1	0	2	0	10	10	9	5	0	34_91.cif
.0000001379530931610241697804193238714783	0	0	0	0	0	0	0	0	0	0	2	0	0	0	1	1	0	0	0	0	2	2	0	0	2	0	11	10	8	5	0	34_92.cif
.0000001246750816783025035882144723427119	0	0	0	0	0	0	0	0	0	0	1	0	0	0	1	0	2	0	0	2	1	0	0	1	2	0	12	9	8	5	0	34_93.cif
.0000001200356916265570515258924578777699	0	0	0	0	0	0	0	0	0	0	0	0	0	0	0	0	4	1	0	3	1	0	0	1	1	0	11	11	7	4	1	34_94.cif
.0000001185248448677386438393907232121425	0	0	0	0	0	0	0	0	0	0	0	0	0	0	0	0	3	1	0	2	3	2	1	0	0	0	10	12	6	5	1	34_95.cif
.0000001126779999805393513602643934829999	0	0	0	0	0	0	0	0	0	0	1	0	0	0	1	0	2	0	0	2	2	0	2	0	0	1	11	10	5	8	0	34_96.cif
.0000001044427037840183210808496228420851	0	0	0	0	0	0	0	0	0	0	1	0	0	1	0	0	1	0	0	1	4	2	1	1	0	0	12	10	7	4	1	34_97.cif
.0000001018353588279541379942395182700408	0	0	0	0	0	0	0	0	0	0	1	0	0	1	0	0	2	0	0	2	1	1	0	0	2	0	11	10	8	5	0	34_98.cif
.0000001005561978809121101751820846986799	0	0	0	0	0	0	0	0	0	0	0	0	0	0	0	0	3	0	1	2	2	2	0	0	1	0	10	11	4	9	0	34_99.cif
.0000000955957485159516492657664053448051	0	0	0	0	0	0	0	0	0	0	1	0	0	0	0	1	2	0	0	2	3	0	1	2	0	0	12	12	5	3	2	34_100.cif
.0000000920360701237975328708258270105509	0	0	0	0	0	0	0	0	0	0	1	0	1	0	0	0	2	0	0	2	2	0	1	1	1	0	12	10	8	3	1	34_101.cif
.0000000874959196883194049522233032784149	0	0	0	0	0	0	0	0	0	0	0	0	0	0	0	0	2	1	0	1	4	3	0	1	0	0	10	11	5	8	0	34_102.cif
.0000000831775808509116451836346676783350	0	0	0	0	0	0	0	0	0	0	0	0	0	0	0	0	4	3	0	1	0	0	0	0	2	0	11	10	7	6	0	34_103.cif
.0000000821327815364253047675529278573320	0	0	0	0	0	0	0	0	0	0	1	0	0	0	0	1	2	0	1	1	1	1	0	0	2	0	10	11	8	5	0	34_104.cif
.0000000800823894467167971243085348727216	0	0	0	0	0	0	0	0	0	0	0	0	0	0	0	0	3	1	0	2	3	0	2	1	0	0	10	12	7	4	1	34_105.cif
.0000000696794525525052790014516163824862	0	0	0	0	0	0	0	0	0	0	1	1	0	0	0	0	1	0	0	1	3	1	1	1	1	0	11	10	7	6	0	34_106.cif
.0000000679399498149106172579555553115243	0	0	0	0	0	0	0	0	0	0	1	0	0	0	1	0	2	1	0	1	2	1	0	1	1	0	12	10	7	4	1	34_107.cif
.0000000662421567572306040265829414955898	0	0	0	0	0	0	0	0	0	0	0	0	0	0	0	0	4	1	0	3	1	1	0	0	1	0	12	10	6	5	1	34_108.cif
.0000000621833971166818412219042617261850	0	0	0	0	0	0	0	0	0	0	0	0	0	0	0	0	3	2	1	0	2	0	2	0	1	0	10	10	7	7	0	34_109.cif
.0000000527548804252272076094117035920640	0	0	0	0	0	0	0	0	0	0	1	0	0	1	0	0	1	0	0	1	4	0	2	2	0	0	11	11	6	5	1	34_110.cif
.0000000495225071150312630495979088300886	0	0	0	0	0	0	0	0	0	0	1	0	0	0	1	0	1	0	0	1	4	1	0	3	0	0	11	11	7	4	1	34_111.cif
.0000000425492417876331411024018109427863	0	0	0	0	0	0	0	0	0	0	1	0	0	1	0	0	2	0	0	2	1	1	0	0	2	0	11	10	6	7	0	34_112.cif
.0000000384538691642890640990100551082055	0	0	0	0	0	0	0	0	0	0	1	0	0	0	1	0	2	1	0	1	1	1	0	0	2	0	10	11	8	5	0	34_113.cif
.0000000298599251733689939338168859239106	0	0	0	0	0	0	0	0	0	0	1	0	0	0	1	0	2	1	0	1	2	1	0	1	1	0	10	12	7	4	1	34_114.cif
.0000000276775530310597710254716834241352	0	0	0	0	0	0	0	0	0	0	0	0	0	0	0	0	3	0	0	3	2	0	1	1	1	0	11	9	7	7	0	34_115.cif
.0000000243891352561159156466935383222315	0	0	0	0	0	0	0	0	0	0	0	0	0	0	0	0	3	1	0	2	2	1	1	0	1	0	10	10	8	6	0	34_116.cif
.0000000237802761736825139067083670814050	0	0	0	0	0	0	0	0	0	0	1	0	0	0	1	0	2	0	0	2	2	0	1	1	0	1	11	10	6	7	0	34_117.cif
.0000000234809622555139786348401327656458	0	0	0	0	0	0	0	0	0	0	0	0	0	0	0	0	2	1	0	1	4	3	1	0	0	0	11	9	7	7	0	34_118.cif
.0000000217653731108281150804937446302033	0	0	0	0	0	0	0	0	0	0	0	0	0	0	0	0	2	0	1	1	4	2	0	2	0	0	11	9	6	8	0	34_119.cif
.0000000206911486629912957956268926010194	0	0	0	0	0	0	0	0	0	0	0	0	0	0	0	0	2	1	0	1	4	1	2	1	0	0	9	11	7	7	0	34_120.cif
.0000000184652127274043539725623418005092	0	0	0	0	0	0	0	0	0	0	1	0	0	1	0	0	1	0	0	1	4	0	4	0	0	0	11	11	6	5	1	34_121.cif
.0000000182332699201950833782377781399572	0	0	0	0	0	0	0	0	0	0	1	0	0	0	0	1	3	1	0	2	0	0	0	0	2	0	11	11	6	5	1	34_122.cif
.0000000152743594281550956053117133474790	0	0	0	0	0	0	0	0	0	0	2	0	0	0	1	1	0	0	0	0	2	1	0	1	2	0	10	10	10	4	0	34_123.cif
.0000000141580024274565934199314635721804	0	0	0	0	0	0	0	0	0	0	0	0	0	0	0	0	4	1	0	3	1	0	0	1	1	0	12	9	6	6	1	34_124.cif
.0000000139801627850989199975508204315394	0	0	0	0	0	0	1	0	1	0	1	0	0	0	0	1	0	0	0	0	1	1	0	0	3	0	9	12	7	6	0	34_125.cif
.0000000136308039264827443807394504299993	0	0	0	0	0	0	1	0	1	0	0	0	0	0	0	0	1	1	0	0	2	0	1	1	2	0	9	12	9	4	0	34_126.cif
.0000000132905196694004132817137606772480	0	0	0	0	0	0	0	0	0	0	1	0	0	1	0	0	2	1	0	1	2	0	1	1	0	1	11	10	6	7	0	34_127.cif
.0000000127956234379035752123373383215526	0	0	0	0	0	0	0	0	0	0	1	0	0	1	0	0	1	1	0	0	4	1	3	0	0	0	12	10	5	6	1	34_128.cif
.0000000126345694552401358942163277359594	0	0	0	0	0	0	0	0	0	0	1	0	0	0	0	1	2	0	1	1	2	0	0	2	1	0	12	10	4	7	1	34_129.cif
.0000000117114501226795845696954253005247	0	0	0	0	0	0	0	0	0	0	1	0	0	0	0	1	2	1	0	1	3	0	1	2	0	0	12	11	7	2	2	34_130.cif
.0000000099357092001367688521536354040376	0	0	0	0	0	0	0	0	0	0	1	0	0	0	1	0	1	1	0	0	4	1	2	1	0	0	12	10	6	5	1	34_131.cif
.0000000088668341698353383761341495087900	0	0	0	0	0	0	0	0	0	0	0	0	0	0	0	0	3	2	1	0	2	1	1	0	1	0	10	10	7	7	0	34_132.cif
.0000000081155472126890942932503060233921	0	0	0	0	0	0	0	0	0	0	1	0	0	1	0	0	2	1	0	1	2	1	0	1	1	0	11	11	6	5	1	34_133.cif
.0000000075224062703144669971577679770168	0	0	0	0	0	0	0	0	0	0	0	0	0	0	0	0	4	2	1	1	1	1	0	0	1	0	11	10	7	5	1	34_134.cif
.0000000069726162158468162552030800052015	0	0	0	0	0	0	0	0	0	0	0	0	0	0	0	0	3	0	1	2	3	1	0	2	0	0	10	11	7	5	1	34_135.cif
.0000000067129784007174994643307481638604	0	0	0	0	0	0	0	0	0	0	1	0	0	1	0	0	1	0	0	1	3	2	1	0	1	0	11	9	8	6	0	34_136.cif
.0000000060670101027657591708992570356619	0	0	0	0	0	0	0	0	0	0	1	0	0	0	1	0	2	0	0	2	1	1	0	0	2	0	10	10	8	6	0	34_137.cif
.0000000056952749880086540475183158799879	0	0	0	0	0	0	0	0	0	0	2	0	0	1	0	1	1	0	1	0	0	0	0	0	3	0	10	11	6	7	0	34_138.cif
.0000000053461781766084867212542022807793	0	0	0	0	0	0	0	0	0	0	0	0	0	0	0	0	3	1	0	2	2	1	1	0	1	0	10	10	9	5	0	34_139.cif
.0000000052790244647921474518263774615041	0	0	0	0	0	0	0	0	0	0	0	0	0	0	0	0	3	0	0	3	3	1	1	1	0	0	11	10	7	5	1	34_140.cif
.0000000050824505625977640025221102887625	0	0	0	0	0	0	0	0	0	0	1	0	0	1	0	0	2	1	0	1	2	0	1	1	1	0	11	11	6	5	1	34_141.cif
.0000000045933827087530031471378668625297	0	0	0	0	0	0	0	0	0	0	1	0	0	1	0	0	1	1	0	0	3	1	1	1	1	0	10	10	6	8	0	34_142.cif
.0000000043667905859319058937816527080417	0	0	0	0	0	0	0	0	0	0	1	0	0	0	1	0	2	1	0	1	2	0	1	1	1	0	12	10	6	5	1	34_143.cif
.0000000042576661788439495996085138610278	0	0	0	0	0	0	0	0	0	0	1	0	0	1	0	0	3	0	1	2	0	0	0	0	1	1	10	10	7	7	0	34_144.cif
.0000000040476349929187192850535957993782	0	0	0	0	0	0	0	0	0	0	1	0	0	1	0	0	3	0	0	3	0	0	0	0	2	0	10	12	7	4	1	34_145.cif
.0000000039465883874555006800449782661150	0	0	0	0	0	0	0	0	0	0	1	0	0	0	1	0	2	1	0	1	2	1	0	1	1	0	11	10	7	5	1	34_146.cif
.0000000038969140764836604835790093600779	0	0	0	0	0	0	0	0	0	0	0	0	0	0	0	0	3	1	0	2	3	1	1	1	0	0	11	10	6	6	1	34_147.cif
.0000000038479646707174590693569994035227	0	0	0	0	0	0	0	0	0	0	0	0	0	0	0	0	3	2	0	1	2	1	0	1	1	0	11	9	8	6	0	34_148.cif
.0000000036581441095835144567919045583769	0	0	0	0	0	0	0	0	0	0	0	0	0	0	0	0	3	2	0	1	2	0	2	0	1	0	10	9	10	5	0	34_149.cif
.0000000035667285037409434442789942414062	0	0	0	0	0	0	0	0	0	0	0	0	0	0	0	0	3	0	0	3	3	0	3	0	0	0	10	11	8	4	1	34_150.cif
.0000000034776874196159044898423142258741	0	0	0	0	0	0	1	0	0	1	0	0	0	0	0	0	0	0	0	0	4	1	3	0	1	0	10	10	8	6	0	34_151.cif
.0000000033481895187735125742125303011507	0	0	0	0	0	0	0	0	0	0	0	0	0	0	0	0	4	0	0	4	1	0	1	0	1	0	11	11	5	6	1	34_152.cif
.0000000032645195582236876872332548931459	0	0	0	0	0	0	0	0	0	0	0	0	0	0	0	0	3	2	0	1	2	1	1	0	1	0	11	9	6	8	0	34_153.cif
.0000000031430407562187220021258649892203	0	0	0	0	0	0	0	0	0	0	0	0	0	0	0	0	3	1	0	2	3	0	0	3	0	0	11	10	9	3	1	34_154.cif
.0000000030260040214343859654366192665046	0	0	0	0	0	0	0	0	0	0	1	0	0	1	0	0	1	0	0	1	3	0	3	0	1	0	11	9	6	8	0	34_155.cif
.0000000028767308782287466229847455170137	0	0	0	0	0	0	0	0	0	0	0	0	0	0	0	0	3	1	0	2	2	1	1	0	1	0	11	9	6	8	0	34_156.cif
.0000000028405224850044504494293808047503	0	0	0	0	0	0	0	0	0	0	1	0	1	0	0	0	1	0	0	1	4	0	0	4	0	0	12	10	6	5	1	34_157.cif
.0000000027696106672753833576210597266010	0	0	0	0	0	0	0	0	0	0	0	0	0	0	0	0	3	1	0	2	3	1	1	1	0	0	12	9	8	4	1	34_158.cif
.0000000020705018970026780953816112519315	0	0	0	0	0	0	0	0	0	0	2	0	0	0	2	0	0	0	0	0	3	0	3	0	1	0	12	9	8	4	1	34_159.cif
.0000000014902642387003336886405369232311	0	0	0	0	0	0	1	0	1	0	0	0	0	0	0	0	1	0	0	1	2	0	2	0	2	0	10	10	8	6	0	34_160.cif
.0000000013813453067091748122992889558285	0	0	0	0	0	0	0	0	0	0	1	0	0	1	0	0	1	0	0	1	3	1	2	0	1	0	9	11	8	6	0	34_161.cif
.0000000012804200981310414510397203591579	0	0	0	0	0	0	0	0	0	0	0	0	0	0	0	0	3	1	2	0	2	1	1	0	1	0	10	10	7	7	0	34_162.cif
.0000000012172252902171029891007168286198	0	0	0	0	0	0	0	0	0	0	1	0	0	0	1	0	1	0	0	1	4	2	1	1	0	0	12	9	7	5	1	34_163.cif
.0000000011140897779324919833217599201293	0	0	0	0	0	0	0	0	0	0	1	0	0	1	0	0	2	0	0	2	2	0	1	1	1	0	11	11	5	6	1	34_164.cif
.0000000011000956195985717784088391306611	0	0	0	0	0	0	0	0	0	0	1	0	0	1	0	0	2	0	0	2	2	1	1	0	1	0	10	11	7	5	1	34_165.cif
.0000000010458277700514343275611089485288	0	0	0	0	0	0	0	0	0	0	1	0	0	0	0	1	2	1	0	1	2	1	1	0	1	0	9	12	7	5	1	34_166.cif
.0000000009817482812206824462350403807087	0	0	0	0	0	0	0	0	0	0	1	0	0	0	1	0	1	0	1	0	3	1	1	1	1	0	10	10	6	8	0	34_167.cif
.0000000009693913631360812876099118536916	0	0	0	0	0	0	0	0	0	0	0	0	0	0	0	0	4	1	0	3	1	0	0	1	1	0	12	9	8	4	1	34_168.cif
.0000000009099952514573381778921187838342	0	0	0	0	0	0	0	0	0	0	1	0	0	0	1	0	2	1	0	1	2	1	1	0	1	0	12	10	6	5	1	34_169.cif
.0000000008224293382905038912245958845513	0	0	0	0	0	0	0	0	0	0	1	0	0	1	0	0	2	1	0	1	2	1	1	0	1	0	10	11	6	6	1	34_170.cif
.0000000008120777113429196872936982300458	0	0	0	0	0	0	0	0	0	0	1	0	1	0	0	0	1	0	0	1	3	1	1	1	1	0	10	10	6	8	0	34_171.cif
.0000000008018771473515058948711257071527	0	0	0	0	0	0	0	0	0	0	2	0	0	1	1	0	0	0	0	0	2	0	1	1	2	0	8	12	8	6	0	34_172.cif
.0000000007918047133460399489909610864076	0	0	0	0	0	0	0	0	0	0	1	0	0	0	0	1	1	0	0	1	3	2	1	0	1	0	11	9	7	7	0	34_173.cif
.0000000007623204509948396767191919271260	0	0	0	0	0	0	0	0	0	0	1	0	0	1	0	0	1	0	0	1	4	1	2	1	0	0	10	11	6	6	1	34_174.cif
.0000000007527448913732400681957011229152	0	0	0	0	0	0	0	0	0	0	1	0	0	0	1	0	1	1	0	0	3	1	1	1	1	0	10	10	9	5	0	34_175.cif
.0000000006717478444337942471517131756614	0	0	0	0	0	0	0	0	0	0	0	0	0	0	0	0	3	1	0	2	3	0	1	2	0	0	12	9	6	6	1	34_176.cif
.0000000006226679431360473852574490227302	0	0	0	0	0	0	0	0	0	0	0	0	0	0	0	0	4	1	0	3	1	1	0	0	1	0	9	12	6	6	1	34_177.cif
.0000000006148306421553190318767431319701	0	0	0	0	0	0	0	0	0	0	1	0	0	1	0	0	1	0	0	1	3	1	2	0	1	0	12	7	8	7	0	34_178.cif
.0000000005994817904349303627099503524763	0	0	0	0	0	0	0	0	0	0	1	0	0	0	0	1	2	1	0	1	2	1	0	1	0	1	10	10	8	6	0	34_179.cif
.0000000005919363253505363711095988120876	0	0	0	0	0	0	0	0	0	0	1	0	0	0	1	0	2	0	0	2	2	0	1	1	0	1	11	9	11	3	0	34_180.cif
.0000000005627360350545617970300224461382	0	0	0	0	0	0	0	0	0	0	1	0	0	0	1	0	1	0	1	0	3	2	0	1	1	0	10	10	6	8	0	34_181.cif
.0000000005021973775310131226528862855278	0	0	0	0	0	0	0	0	0	0	0	0	0	0	0	0	4	3	0	1	1	0	1	0	1	0	11	10	6	6	1	34_182.cif
.0000000004654932813117132255912718795046	0	0	0	0	0	0	0	0	0	0	1	0	0	1	0	0	2	0	0	2	2	0	0	2	1	0	12	9	9	3	1	34_183.cif
.0000000004369717863057649831035060770678	0	0	0	0	0	0	0	0	0	0	2	0	0	0	2	0	0	0	0	0	3	0	3	0	1	0	11	11	5	6	1	34_184.cif
.0000000004314717771160891778558793282600	0	0	0	0	0	0	0	0	0	0	1	0	0	0	1	0	2	0	0	2	2	1	0	1	1	0	10	12	3	8	1	34_185.cif
.0000000004207003615840467199574749071906	0	0	0	0	0	0	0	0	0	0	1	0	0	0	1	0	1	0	1	0	3	1	2	0	1	0	11	8	9	6	0	34_186.cif
.0000000004154159154040716502046991786259	0	0	0	0	0	0	0	0	0	0	2	0	0	1	1	0	0	0	0	0	2	1	1	0	2	0	11	9	6	8	0	34_187.cif
.0000000004101872223308277183172428788892	0	0	0	0	0	0	0	0	0	0	1	0	0	0	0	1	1	0	0	1	4	2	2	0	0	0	11	10	7	5	1	34_188.cif
.0000000003999471620256298874220695339509	0	0	0	0	0	0	0	0	0	0	1	0	0	1	0	0	2	0	0	2	2	0	2	0	1	0	10	12	5	6	1	34_189.cif
.0000000003850544153003042082904546740483	0	0	0	0	0	0	0	0	0	0	0	0	0	0	0	0	4	2	1	1	0	0	0	0	2	0	11	8	9	6	0	34_190.cif
.0000000003707162265918459809641993011996	0	0	0	0	0	0	0	0	0	0	1	0	0	1	0	0	2	0	0	2	3	3	0	0	0	0	12	11	4	5	2	34_191.cif
.0000000003350433976893976732119491528910	0	0	0	0	0	0	0	0	0	0	1	0	0	0	0	1	2	0	0	2	3	1	0	2	0	0	11	12	4	5	2	34_192.cif
.0000000002952363141982017768641296066904	0	0	0	0	0	0	0	0	0	0	1	0	0	0	0	1	1	1	0	0	4	1	1	2	0	0	12	9	5	7	1	34_193.cif
.0000000002915278305475574192850269852150	0	0	0	0	0	0	0	0	0	0	2	0	0	1	1	0	1	1	0	0	1	0	1	0	1	1	11	9	7	7	0	34_194.cif
.0000000002736583797672457824139106524203	0	0	0	0	0	0	0	0	0	0	0	0	0	0	0	0	3	1	0	2	3	1	0	2	0	0	12	9	5	7	1	34_195.cif
.0000000002601587788998762547147870798179	0	0	0	0	0	0	0	0	0	0	1	0	0	1	0	0	2	0	0	2	2	0	2	0	1	0	12	10	5	6	1	34_196.cif
.0000000002442184471893147839313020505288	0	0	0	0	0	0	0	0	0	0	0	0	0	0	0	0	3	0	0	3	3	2	0	1	0	0	9	11	10	3	1	34_197.cif
.0000000002381155226901799139667789443725	0	0	0	0	0	0	0	0	0	0	0	0	0	0	0	0	4	3	0	1	0	0	0	0	2	0	11	9	6	8	0	34_198.cif
.0000000002207123751486746310464467290432	0	0	0	0	0	0	0	0	0	0	1	0	0	0	0	1	1	1	0	0	3	3	0	0	1	0	10	10	6	8	0	34_199.cif
.0000000002098246070725411299303780004677	0	0	0	0	0	0	0	0	0	0	1	0	0	0	1	0	2	0	1	1	2	0	2	0	1	0	12	9	8	4	1	34_200.cif
.0000000001944941953856394710644480875143	0	0	0	0	0	0	0	0	0	0	1	0	0	1	0	0	2	0	0	2	2	2	0	0	0	1	10	10	7	7	0	34_201.cif
.0000000001780147000623839008741780676710	0	0	0	0	0	0	0	0	0	0	0	0	0	0	0	0	3	3	0	0	3	2	0	1	0	0	11	10	5	7	1	34_202.cif
.0000000001757740920484939740654896195493	0	0	0	0	0	0	0	0	0	0	1	0	0	0	0	1	1	1	0	0	4	1	2	1	0	0	11	10	8	4	1	34_203.cif
.0000000001735661815875501875167564468428	0	0	0	0	0	0	0	0	0	0	1	0	0	1	0	0	1	1	0	0	3	1	2	0	1	0	11	8	8	7	0	34_204.cif
.0000000001568644667585394151622784156409	0	0	0	0	0	0	0	0	0	0	0	0	0	0	0	0	3	1	0	2	3	0	2	1	0	0	12	8	9	4	1	34_205.cif
.0000000001529444844302499104312004588244	0	0	0	0	0	0	1	0	1	0	0	0	0	0	0	0	1	1	0	0	3	1	2	0	1	0	12	10	6	5	1	34_206.cif
.0000000001233567737364380201338555168095	0	0	0	0	0	0	0	0	0	0	1	0	0	1	0	0	2	0	0	2	3	1	1	1	0	0	12	10	7	3	2	34_207.cif
.0000000001129047529352474543779756028867	0	0	0	0	0	0	0	0	0	0	1	0	0	1	0	0	1	0	0	1	4	1	3	0	0	0	12	9	6	6	1	34_208.cif
.0000000001114836607774406866752135426905	0	0	0	0	0	0	0	0	0	0	0	0	0	0	0	0	3	0	0	3	3	1	1	1	0	0	10	10	9	4	1	34_209.cif
.0000000001059841583503317456916657721296	0	0	0	0	0	0	0	0	0	0	2	1	0	1	0	0	0	0	0	0	2	1	1	0	2	0	12	8	6	8	0	34_210.cif
.0000000001046528840471115564087188527665	0	0	0	0	0	0	0	0	0	0	0	0	0	0	0	0	4	0	0	4	1	1	0	0	1	0	11	10	7	5	1	34_211.cif
.0000000000994903446596580730143000884140	0	0	0	0	0	0	0	0	0	0	0	0	0	0	0	0	4	0	0	4	2	0	1	1	0	0	12	10	7	3	2	34_212.cif
.0000000000802414685523970817145816741634	0	0	0	0	0	0	1	0	0	1	0	0	0	0	0	0	1	1	0	0	2	2	0	0	2	0	10	10	7	7	0	34_213.cif
.0000000000743768609015074083319340255099	0	0	0	0	0	0	0	0	0	0	1	0	0	0	1	0	2	2	0	0	1	0	0	1	2	0	9	11	8	6	0	34_214.cif
.0000000000734426080356681498180411427012	0	0	0	0	0	0	0	0	0	0	1	0	0	1	0	0	2	0	1	1	2	1	1	0	0	1	9	10	8	7	0	34_215.cif
.0000000000725200903843398223215089788696	0	0	0	0	0	0	0	0	0	0	1	0	0	0	1	0	3	0	0	3	0	0	0	0	2	0	12	9	7	5	1	34_216.cif
.0000000000672198150456165411508055124904	0	0	0	0	0	0	0	0	0	0	1	0	0	0	0	1	2	0	1	1	2	0	1	1	1	0	11	11	4	7	1	34_217.cif
.0000000000663754623250746692765808092214	0	0	0	0	0	0	0	0	0	0	0	0	0	0	0	0	3	1	1	1	3	2	0	1	0	0	10	11	5	7	1	34_218.cif
.0000000000655417155771348144206480434144	0	0	0	0	0	0	0	0	0	0	0	0	0	0	0	0	3	1	0	2	2	1	1	0	1	0	10	9	7	8	0	34_219.cif
.0000000000623069208935050275125816637080	0	0	0	0	0	0	0	0	0	0	1	0	0	0	1	0	1	1	0	0	3	0	3	0	1	0	9	10	9	6	0	34_220.cif
.0000000000549055504385555482228116731639	0	0	0	0	0	0	0	0	0	0	1	0	0	0	1	0	2	1	0	1	2	1	1	0	1	0	12	9	6	6	1	34_221.cif
.0000000000535334819778540799390317414766	0	0	0	0	0	0	0	0	0	0	0	0	0	0	0	0	3	0	0	3	3	2	1	0	0	0	9	11	8	5	1	34_222.cif
.0000000000515400671868025644571375810869	0	0	0	0	0	0	0	0	0	0	1	1	0	0	0	0	1	0	0	1	3	2	0	1	1	0	11	8	7	8	0	34_223.cif
.0000000000483821273670648556798100100532	0	0	0	0	0	0	0	0	0	0	2	0	0	0	1	1	1	1	0	0	1	0	1	0	1	1	9	11	7	7	0	34_224.cif
.0000000000477731586567858797498745539928	0	0	0	0	0	0	0	0	0	0	1	0	0	0	0	1	2	1	0	1	2	0	2	0	1	0	11	10	6	6	1	34_225.cif
.0000000000471730767247936245956643469355	0	0	0	0	0	0	0	0	0	0	1	0	0	1	0	0	2	0	0	2	1	1	0	0	2	0	10	9	8	7	0	34_226.cif
.0000000000400215266519276903579271779510	0	0	0	0	0	0	0	0	0	0	1	0	0	0	1	0	2	1	0	1	1	1	0	0	2	0	9	10	10	5	0	34_227.cif
.0000000000395177898632636451497839764515	0	0	0	0	0	0	0	0	0	0	1	1	0	0	0	0	1	0	0	1	4	1	2	1	0	0	10	11	6	6	1	34_228.cif
.0000000000380462743945765259427730040489	0	0	0	0	0	0	0	0	0	0	1	0	0	1	0	0	1	0	1	0	4	1	1	2	0	0	11	10	5	7	1	34_229.cif
.0000000000366305022566634631802849534925	0	0	0	0	0	0	1	1	0	0	0	0	0	0	0	0	1	0	0	1	2	1	1	0	2	0	12	8	5	9	0	34_230.cif
.0000000000339532889944201153977822677681	0	0	0	0	0	0	0	0	0	0	0	0	0	0	0	0	3	2	0	1	2	1	0	1	1	0	9	10	10	5	0	34_231.cif
.0000000000306860733127422342094403526363	0	0	0	0	0	0	0	0	0	0	0	0	0	0	0	0	3	0	1	2	2	0	2	0	1	0	9	10	9	6	0	34_232.cif
.0000000000291723256165774350836425017893	0	0	0	0	0	0	0	0	0	0	0	0	0	0	0	0	4	2	0	2	1	0	0	1	1	0	10	11	6	6	1	34_233.cif
.0000000000280860419820192863938347017081	0	0	0	0	0	0	1	0	1	0	0	0	0	0	0	0	1	0	0	1	2	1	1	0	2	0	10	10	8	6	0	34_234.cif
.0000000000238275143379365487465310212369	0	0	0	0	0	0	0	0	0	0	0	0	0	0	0	0	3	1	1	1	2	1	0	1	1	0	9	10	8	7	0	34_235.cif
.0000000000235282152913483634517801666719	0	0	0	0	0	0	0	0	0	0	2	0	0	0	2	0	1	0	1	0	1	0	0	1	2	0	10	11	8	4	1	34_236.cif
.0000000000232320739742782101908190977436	0	0	0	0	0	0	0	0	0	0	1	0	0	0	0	1	2	0	0	2	2	0	1	1	1	0	10	10	7	6	1	34_237.cif
.0000000000223675655943615967237615865661	0	0	0	0	0	0	0	0	0	0	0	0	0	0	0	0	3	1	0	2	3	0	2	1	0	0	9	11	8	5	1	34_238.cif
.0000000000215346693498382040051222125316	0	0	0	0	0	0	0	0	0	0	1	0	0	1	0	0	3	1	0	2	0	0	0	0	2	0	12	9	6	6	1	34_239.cif
.0000000000202146831471677723493047406207	0	0	0	0	0	0	0	0	0	0	1	0	0	0	1	0	2	0	0	2	2	0	2	0	1	0	12	9	4	8	1	34_240.cif
.0000000000197100365779713452733092743232	0	0	0	0	0	0	0	0	0	0	1	0	0	1	0	0	1	0	0	1	3	2	0	1	1	0	9	11	5	9	0	34_241.cif
.0000000000192174903903473634385698761977	0	0	0	0	0	0	0	0	0	0	0	0	0	0	0	0	3	1	1	1	3	0	3	0	0	0	12	8	6	7	1	34_242.cif
.0000000000185018928208327116033903971575	0	0	0	0	0	0	0	0	0	0	1	0	0	1	0	0	3	0	0	3	1	1	0	0	1	0	11	11	7	3	2	34_243.cif
.0000000000178134032178106958367915923984	0	0	0	0	0	0	0	0	0	0	1	0	0	0	0	1	2	0	0	2	2	1	0	1	1	0	11	10	5	7	1	34_244.cif
.0000000000128210412151101073656813291296	0	0	0	0	0	0	0	0	0	0	0	0	0	0	0	0	4	1	1	2	1	0	0	1	1	0	10	10	7	6	1	34_245.cif
.0000000000118842976995394126370923236365	0	0	0	0	0	0	1	0	0	1	0	0	0	0	0	0	1	0	0	1	3	1	0	2	1	0	11	10	8	4	1	34_246.cif
.0000000000117347142513426624221689870755	0	0	0	0	0	0	0	0	0	0	1	0	0	1	0	0	2	0	0	2	2	1	0	1	1	0	10	11	8	4	1	34_247.cif
.0000000000114417646540460956544415516335	0	0	0	0	0	0	1	1	0	0	0	0	0	0	0	0	1	0	1	0	2	0	1	1	2	0	11	9	8	6	0	34_248.cif
.0000000000112977512126397732122735482233	0	0	0	0	0	0	0	0	0	0	0	0	0	0	0	0	3	2	0	1	3	1	1	1	0	0	12	8	7	6	1	34_249.cif
.0000000000107404317832139487095943237948	0	0	0	0	0	0	0	0	0	0	2	0	0	0	1	1	1	1	0	0	1	0	1	0	2	0	9	12	6	6	1	34_250.cif
.0000000000106055204807981818876106337583	0	0	0	0	0	0	0	0	0	0	1	0	0	0	0	1	1	0	0	1	4	1	2	1	0	0	9	11	9	4	1	34_251.cif
.0000000000102106049884345683516239301655	0	0	0	0	0	0	0	0	0	0	0	0	0	0	0	0	4	0	2	2	1	0	1	0	1	0	11	10	5	7	1	34_252.cif
.0000000000100823488768324680513027940038	0	0	0	0	0	0	0	0	0	0	0	0	0	0	0	0	3	1	0	2	3	1	2	0	0	0	11	9	7	6	1	34_253.cif
Average: 0 0 0 0 0 0 .0000002991909381830482588613828952610259 .0000000000480722669107095588347265051260 .0000002955730527302697083183541805322259 .0000000035698131858678409841939882236740 .0574770055979033611427681253468112499524 .0000000698764945679056769567502037121542 .0000014229605679659581638357986756706326 .0044943210799224248911034504670060964407 .0242228598059024539076753302661393180718 .0287583318750159484801485520647864526531 3.1439767501281423524690324348665585331880 .5846924295454696929784158168123321364333 .0270332798859028391548730042945363229443 2.5322510406967698203357436137596900738104 1.7234732056396337527592660231892976905882 .0629593500967087358076809344448064175964 .1816935060050504139594135103816307118617 1.4788203495378746029921715783628605611301 .8912603081987691618994415896931892618360 .1838124312446131928698359389047709308941 11.8127526833065823528069485666605197963571 11.1254184490961706322957404070911917926228 7.1572784673185549959166865348971034991095 3.9045039120699239678520105294461867842719 .0000464882087680748640308110782947167181
