.3903796926013398167238733186359210422328	0	0	0	0	0	0	0	0	0	0	0	0	0	0	0	0	5	1	0	4	1	1	0	0	0	0	12	11	5	3	0	31_1.cif
.2637567577436201043454476702093654712935	0	0	0	0	0	0	0	0	0	0	1	0	0	0	0	1	4	0	0	4	0	0	0	0	1	0	12	11	5	3	0	31_2.cif
.0888821918993680912107146551483410472820	0	0	0	0	0	0	0	0	0	0	1	0	0	0	0	1	3	1	0	2	2	1	0	1	0	0	12	11	6	2	0	31_3.cif
.0681494606775541911656982570437329316337	0	0	0	0	0	0	0	0	0	0	2	0	0	0	1	1	1	0	0	1	3	1	1	1	0	0	12	11	6	2	0	31_4.cif
.0592981821499183792968679680536167841110	0	0	0	0	0	0	0	0	0	0	1	0	0	0	0	1	3	0	1	2	2	0	0	2	0	0	12	11	5	3	0	31_5.cif
.0549642563258517905498083969939592662901	0	0	0	0	0	0	0	0	0	0	1	0	0	0	0	1	4	1	0	3	0	0	0	0	1	0	12	11	5	3	0	31_6.cif
.0405750217398001025131477419602040175887	0	0	0	0	0	0	0	0	0	0	1	0	0	0	0	1	3	1	0	2	2	0	1	1	0	0	12	11	5	3	0	31_7.cif
.0292035171308439685436710773122282468916	0	0	0	0	0	0	0	0	0	0	1	0	0	0	0	1	3	0	0	3	2	2	0	0	0	0	11	11	7	2	0	31_8.cif
.0013007068818671321337871091961368027159	0	0	0	0	0	0	0	0	0	0	1	0	0	0	0	1	3	0	0	3	2	1	1	0	0	0	12	10	5	4	0	31_9.cif
.0012682355707569999554403959391436698010	0	0	0	0	0	0	0	0	0	0	2	0	0	0	1	1	2	0	0	2	1	1	0	0	1	0	12	10	6	3	0	31_10.cif
.0005789388385004167090106846285829058838	0	0	0	0	0	0	0	0	0	0	1	0	0	1	0	0	4	1	0	3	0	0	0	0	1	0	11	11	6	3	0	31_11.cif
.0005298853443197720607263689933917159777	0	0	0	0	0	0	0	0	0	0	1	0	0	0	0	1	3	0	2	1	2	0	1	1	0	0	11	11	5	4	0	31_12.cif
.0004974184477855099846509010174690953835	0	0	0	0	0	0	0	0	0	0	1	0	0	0	0	1	4	1	0	3	0	0	0	0	1	0	11	11	5	4	0	31_13.cif
.0001477072318139834864650934058815555889	0	0	0	0	0	0	0	0	0	0	1	0	0	1	0	0	4	1	0	3	0	0	0	0	1	0	10	12	5	4	0	31_14.cif
.0001176332072164521686813094215916365424	0	0	0	0	0	0	0	0	0	0	1	0	0	1	0	0	3	1	0	2	2	0	1	1	0	0	12	9	6	4	0	31_15.cif
.0000682866044995342405172640861948415995	0	0	0	0	0	0	0	0	0	0	2	0	0	2	0	0	2	0	0	2	1	1	0	0	1	0	12	9	6	4	0	31_16.cif
.0000657438308481515677628104863076967368	0	0	0	0	0	0	0	0	0	0	0	0	0	0	0	0	5	0	1	4	1	0	0	1	0	0	10	11	5	5	0	31_17.cif
.0000473185474239196629912983718685000484	0	0	0	0	0	0	0	0	0	0	1	0	0	0	0	1	4	0	0	4	1	0	1	0	0	0	12	11	6	1	1	31_18.cif
.0000349309027131924658192214720785111311	0	0	0	0	0	0	1	0	1	0	0	0	0	0	0	0	2	0	0	2	3	1	1	1	0	0	11	11	5	4	0	31_19.cif
.0000239009928008614301379811519380353472	0	0	0	0	0	0	0	0	0	0	2	0	0	0	0	2	1	0	0	1	3	2	1	0	0	0	10	11	7	3	0	31_20.cif
.0000167730804737955080251298771347228256	0	0	0	0	0	0	1	0	1	0	1	0	0	0	0	1	2	1	0	1	0	0	0	0	2	0	12	10	5	4	0	31_21.cif
.0000138746335423418754977457855861314799	0	0	0	0	0	0	0	0	0	0	2	0	0	0	1	1	2	0	1	1	1	0	1	0	1	0	12	9	6	4	0	31_22.cif
.0000125395222282502399797132728522660398	0	0	0	0	0	0	0	0	0	0	2	0	0	1	0	1	2	0	1	1	1	1	0	0	1	0	10	11	5	5	0	31_23.cif
.0000111902413733952539708018818149400254	0	0	0	0	0	0	0	0	0	0	1	0	0	0	1	0	3	0	0	3	2	0	2	0	0	0	11	11	2	7	0	31_24.cif
.0000079531165606575779796625955421689828	0	0	0	0	0	0	0	0	0	0	2	0	0	0	1	1	2	0	1	1	1	0	1	0	1	0	11	11	4	5	0	31_25.cif
.0000076569680644037745340490502354047892	0	0	0	0	0	0	0	0	0	0	1	0	0	1	0	0	4	1	0	3	0	0	0	0	1	0	12	9	8	2	0	31_26.cif
.0000054418113159411044671735908117659212	0	0	0	0	0	0	1	0	1	0	0	0	0	0	0	0	2	1	0	1	3	1	2	0	0	0	11	9	6	5	0	31_27.cif
.0000045587095646416431852322793726691779	0	0	0	0	0	0	0	0	0	0	2	0	0	1	0	1	1	1	0	0	3	2	1	0	0	0	12	9	6	4	0	31_28.cif
.0000036768093101918482690425809565739316	0	0	0	0	0	0	0	0	0	0	1	0	0	0	0	1	4	2	0	2	0	0	0	0	1	0	9	12	5	5	0	31_29.cif
.0000033652732167281410960003383728933143	0	0	0	0	0	0	0	0	0	0	2	0	0	0	1	1	2	0	1	1	1	1	0	0	1	0	12	10	5	4	0	31_30.cif
.0000025158065216518425360883027306494159	0	0	0	0	0	0	1	0	1	0	0	0	0	0	0	0	2	1	0	1	3	1	1	1	0	0	11	10	4	6	0	31_31.cif
.0000023319941926804323141443568571467234	0	0	0	0	0	0	0	0	0	0	0	0	0	0	0	0	5	2	0	3	1	0	1	0	0	0	12	8	5	6	0	31_32.cif
.0000018338112805199948381946368352736973	0	0	0	0	0	0	0	0	0	0	0	0	0	0	0	0	5	1	0	4	1	0	1	0	0	0	9	11	7	4	0	31_33.cif
.0000017655260430288501940942792742396578	0	0	0	0	0	0	0	0	0	0	2	1	0	0	1	0	1	0	0	1	3	0	1	2	0	0	12	9	5	5	0	31_34.cif
.0000015755922733574864353814287770296758	0	0	0	0	0	0	0	0	0	0	1	0	0	1	0	0	4	0	0	4	0	0	0	0	1	0	11	10	5	5	0	31_35.cif
.0000014790149808028808981500247296696605	0	0	0	0	0	0	0	0	0	0	2	0	0	0	2	0	1	0	0	1	3	1	1	1	0	0	11	10	7	3	0	31_36.cif
.0000014420923226331501164926763295477186	0	0	0	0	0	0	0	0	0	0	1	0	0	0	0	1	3	0	2	1	2	1	1	0	0	0	11	9	7	4	0	31_37.cif
.0000009993099237746715574498024617608426	0	0	0	0	0	0	0	0	0	0	0	0	0	0	0	0	5	3	0	2	1	0	0	1	0	0	11	9	8	3	0	31_38.cif
.0000009500138447536914468863194077311640	0	0	0	0	0	0	0	0	0	0	1	0	0	1	0	0	3	0	1	2	2	1	1	0	0	0	11	9	8	3	0	31_39.cif
.0000009262733663648079447780186371164123	0	0	0	0	0	0	0	0	0	0	1	0	0	0	0	1	3	2	0	1	2	1	1	0	0	0	9	11	5	6	0	31_40.cif
.0000008695191611946033501244381684476410	0	0	0	0	0	0	0	0	0	0	0	0	0	0	0	0	5	1	0	4	1	1	0	0	0	0	9	12	3	7	0	31_41.cif
.0000008585748313155499610472908401519363	0	0	0	0	0	0	0	0	0	0	2	0	0	0	2	0	1	0	0	1	3	2	1	0	0	0	12	9	6	4	0	31_42.cif
.0000007102100995575584358436301256319256	0	0	0	0	0	0	0	0	0	0	0	0	0	0	0	0	5	1	0	4	1	1	0	0	0	0	11	10	5	5	0	31_43.cif
.0000006500339899776227772295657913137812	0	0	0	0	0	0	0	0	0	0	1	0	0	0	1	0	4	0	0	4	0	0	0	0	1	0	10	11	7	3	0	31_44.cif
.0000004859641423158398361901523040899240	0	0	0	0	0	0	0	0	0	0	2	0	0	0	1	1	1	1	0	0	3	2	1	0	0	0	12	9	4	6	0	31_45.cif
.0000004019774274479862959029941229313980	0	0	0	0	0	0	0	0	0	0	1	0	0	1	0	0	3	0	0	3	2	1	0	1	0	0	11	9	9	2	0	31_46.cif
.0000003542269719222621619486957168661775	0	0	0	0	0	0	0	0	0	0	1	0	0	1	0	0	4	1	1	2	0	0	0	0	1	0	12	8	6	5	0	31_47.cif
.0000003005175402701836294723854529866668	0	0	0	0	0	0	0	0	0	0	2	0	1	1	0	0	2	0	0	2	1	0	0	1	1	0	12	8	9	2	0	31_48.cif
.0000002393304759194217439886163069384538	0	0	0	0	0	0	0	0	0	0	2	0	0	0	1	1	1	1	0	0	3	2	0	1	0	0	10	10	7	4	0	31_49.cif
.0000002363242293489125848438554935120255	0	0	0	0	0	0	0	0	0	0	0	0	0	0	0	0	5	2	1	2	1	1	0	0	0	0	11	9	4	7	0	31_50.cif
.0000001906014426057112064996292571823638	0	0	0	0	0	0	0	0	0	0	1	0	0	0	1	0	4	0	0	4	1	0	1	0	0	0	11	11	4	4	1	31_51.cif
.0000001722604794567760107278485903437699	0	0	0	0	0	0	0	0	0	0	2	1	0	1	0	0	2	0	1	1	1	0	0	1	1	0	12	8	6	5	0	31_52.cif
.0000001617016242241069264204722949128384	0	0	0	0	0	0	0	0	0	0	2	0	0	1	0	1	1	0	0	1	3	0	3	0	0	0	11	9	7	4	0	31_53.cif
.0000001537248636056766047472793471979310	0	0	0	0	0	0	0	0	0	0	1	0	0	0	0	1	4	1	0	3	1	1	0	0	0	0	11	12	2	5	1	31_54.cif
.0000001149244080256845990087474666491041	0	0	0	0	0	0	0	0	0	0	2	0	0	1	0	1	2	0	0	2	2	0	1	1	0	0	11	11	5	3	1	31_55.cif
.0000000974990702415090320054092486869681	0	0	0	0	0	0	0	0	0	0	3	0	1	0	1	1	1	0	0	1	0	0	0	0	2	0	12	9	6	4	0	31_56.cif
.0000000892379729430477116727504415251510	0	0	0	0	0	0	0	0	0	0	3	0	0	1	1	1	0	0	0	0	2	1	0	1	1	0	11	10	4	6	0	31_57.cif
.0000000881170486266244725150070591635374	0	0	0	0	0	0	0	0	0	0	2	0	0	0	1	1	2	0	0	2	1	1	0	0	1	0	11	9	8	3	0	31_58.cif
.0000000848358529788468079002308171152085	0	0	0	0	0	0	0	0	0	0	2	0	0	0	1	1	2	1	0	1	1	0	1	0	1	0	11	9	6	5	0	31_59.cif
.0000000701759210642562764301660289216757	0	0	0	0	0	0	0	0	0	0	1	0	1	0	0	0	3	1	0	2	2	1	0	1	0	0	12	8	5	6	0	31_60.cif
.0000000675627953370147317328451978576551	0	0	0	0	0	0	0	0	0	0	2	0	0	0	2	0	2	0	0	2	2	0	0	2	0	0	11	11	5	3	1	31_61.cif
.0000000618381989418638266328264744679534	0	0	0	0	0	0	0	0	0	0	2	0	0	0	2	0	2	1	0	1	1	0	1	0	1	0	10	10	5	6	0	31_62.cif
.0000000602928862775337393695049115396103	0	0	0	0	0	0	0	0	0	0	1	0	0	1	0	0	3	1	0	2	2	0	1	1	0	0	12	8	5	6	0	31_63.cif
.0000000511523420266906164418316422519558	0	0	0	0	0	0	1	0	1	0	1	0	0	1	0	0	2	0	0	2	0	0	0	0	2	0	10	11	6	4	0	31_64.cif
.0000000397194242038746207344961996737574	0	0	0	0	0	0	0	0	0	0	1	0	0	1	0	0	3	2	0	1	2	1	0	1	0	0	10	10	6	5	0	31_65.cif
.0000000392205057843261694812996076978046	0	0	0	0	0	0	0	0	0	0	2	0	0	1	1	0	1	0	1	0	3	0	1	2	0	0	11	9	7	4	0	31_66.cif
.0000000377600602191499641261576508196315	0	0	0	0	0	0	0	0	0	0	1	0	0	0	1	0	3	0	0	3	2	1	1	0	0	0	9	11	7	4	0	31_67.cif
.0000000372857535053896249884605261720960	0	0	0	0	0	0	0	0	0	0	3	0	0	2	0	1	0	0	0	0	2	0	2	0	1	0	11	10	5	5	0	31_68.cif
.0000000363539969523707168442135924482316	0	0	0	0	0	0	0	0	0	0	0	0	0	0	0	0	5	3	0	2	1	1	0	0	0	0	11	9	5	6	0	31_69.cif
.0000000350002909620023606854817558677186	0	0	0	0	0	0	0	0	0	0	1	0	0	0	1	0	3	1	0	2	2	1	1	0	0	0	10	10	5	6	0	31_70.cif
.0000000341265311990487725624253915765242	0	0	0	0	0	0	1	0	1	0	1	0	0	1	0	0	1	0	0	1	2	0	1	1	1	0	10	11	6	4	0	31_71.cif
.0000000332737223890586086006456387290515	0	0	0	0	0	0	1	1	0	0	0	0	0	0	0	0	2	0	0	2	3	1	1	1	0	0	10	10	6	5	0	31_72.cif
.0000000271781771739654150155031486248507	0	0	0	0	0	0	0	0	0	0	1	0	0	0	0	1	3	0	0	3	2	1	1	0	0	0	10	10	5	6	0	31_73.cif
.0000000268360950787363874305486232817214	0	0	0	0	0	0	0	0	0	0	1	0	0	0	1	0	3	1	0	2	2	1	1	0	0	0	10	10	5	6	0	31_74.cif
.0000000264990050425160478399327740470443	0	0	0	0	0	0	0	0	0	0	1	0	0	1	0	0	4	2	0	2	0	0	0	0	1	0	9	11	6	5	0	31_75.cif
.0000000255122672730253130807451215661997	0	0	0	0	0	0	0	0	0	0	2	0	0	2	0	0	1	1	0	0	3	1	1	1	0	0	12	8	5	6	0	31_76.cif
.0000000213721149229373958115496591965633	0	0	0	0	0	0	0	0	0	0	1	0	0	0	1	0	3	1	0	2	2	2	0	0	0	0	11	9	6	5	0	31_77.cif
.0000000200626123081554618097648237208637	0	0	0	0	0	0	0	0	0	0	1	0	0	1	0	0	3	1	1	1	2	1	0	1	0	0	9	11	6	5	0	31_78.cif
.0000000193155451149780448619860452506836	0	0	0	0	0	0	0	0	0	0	2	1	0	1	0	0	2	0	0	2	1	0	1	0	1	0	11	9	7	4	0	31_79.cif
.0000000188328571163725816368533780253350	0	0	0	0	0	0	0	0	0	0	2	0	0	0	2	0	1	1	0	0	3	0	1	2	0	0	9	11	6	5	0	31_80.cif
.0000000172371489248893639513603726904005	0	0	0	0	0	0	0	0	0	0	1	0	0	1	0	0	3	1	1	1	2	2	0	0	0	0	9	11	5	6	0	31_81.cif
.0000000165957227780917888339515213355031	0	0	0	0	0	0	0	0	0	0	0	0	0	0	0	0	5	2	2	1	1	0	0	1	0	0	11	8	8	4	0	31_82.cif
.0000000163868382902384990082447227835611	0	0	0	0	0	0	1	0	1	0	0	0	0	0	0	0	2	2	0	0	3	0	2	1	0	0	11	9	4	7	0	31_83.cif
.0000000153827913034779230566855749388167	0	0	0	0	0	0	0	0	0	0	0	0	0	0	0	0	5	1	0	4	1	0	1	0	0	0	10	9	8	4	0	31_84.cif
.0000000148099856017173534238025631123379	0	0	0	0	0	0	0	0	0	0	1	0	0	1	0	0	4	1	1	2	1	0	1	0	0	0	12	9	5	4	1	31_85.cif
.0000000146239563538607506073602932482377	0	0	0	0	0	0	0	0	0	0	2	0	0	1	0	1	2	0	1	1	1	1	0	0	1	0	12	8	7	4	0	31_86.cif
.0000000140794072264279908287372912411722	0	0	0	0	0	0	0	0	0	0	2	0	0	0	2	0	1	1	0	0	3	1	1	1	0	0	10	9	9	3	0	31_87.cif
.0000000133848683704733770900206129686703	0	0	0	0	0	0	0	0	0	0	2	0	0	1	1	0	1	0	1	0	3	1	0	2	0	0	11	9	8	3	0	31_88.cif
.0000000125644312749896024636976908615564	0	0	0	0	0	0	1	0	1	0	1	0	0	0	0	1	2	0	0	2	1	0	1	0	1	0	12	10	3	5	1	31_89.cif
.0000000124066085894927809430197249180650	0	0	0	0	0	0	0	0	0	0	0	0	0	0	0	0	5	4	0	1	1	0	0	1	0	0	10	10	6	5	0	31_90.cif
.0000000120968855819903031578399554818532	0	0	0	0	0	0	0	0	0	0	1	0	0	0	0	1	3	1	0	2	2	2	0	0	0	0	11	9	4	7	0	31_91.cif
.0000000119446263653715718921181785624136	0	0	0	0	0	0	0	0	0	0	2	0	0	0	2	0	2	1	0	1	1	1	0	0	1	0	12	8	6	5	0	31_92.cif
.0000000114998468742828800364616689178362	0	0	0	0	0	0	0	0	0	0	0	0	0	0	0	0	5	2	0	3	1	1	0	0	0	0	9	11	6	5	0	31_93.cif
.0000000107952334279410168567614516075373	0	0	0	0	0	0	0	0	0	0	1	0	0	1	0	0	3	2	0	1	2	0	2	0	0	0	12	8	6	5	0	31_94.cif
.0000000103932536352383193246755045791373	0	0	0	0	0	0	0	0	0	0	2	1	0	0	1	0	1	0	0	1	3	1	1	1	0	0	11	8	9	3	0	31_95.cif
.0000000097564428722178734844399620165455	0	0	0	0	0	0	0	0	0	0	2	1	0	1	0	0	2	1	0	1	1	0	0	1	1	0	11	9	6	5	0	31_96.cif
.0000000078688168846174717392551459426008	0	0	0	0	0	0	0	0	0	0	0	0	0	0	0	0	5	1	0	4	1	0	1	0	0	0	10	10	7	4	0	31_97.cif
.0000000068468118792036507555946174723454	0	0	0	0	0	0	2	0	2	0	0	0	0	0	0	0	0	0	0	0	3	1	2	0	1	0	10	11	5	5	0	31_98.cif
.0000000067608086042270558809614377580573	0	0	0	0	0	0	0	0	0	0	2	0	0	1	1	0	1	1	0	0	3	2	1	0	0	0	10	10	6	5	0	31_99.cif
.0000000066757126995984016326075564242247	0	0	0	0	0	0	0	0	0	0	0	0	0	0	0	0	5	3	0	2	1	1	0	0	0	0	11	9	6	5	0	31_100.cif
.0000000049907497860519203299033480635485	0	0	0	0	0	0	0	0	0	0	1	0	0	1	0	0	3	1	0	2	2	1	0	1	0	0	11	9	6	5	0	31_101.cif
.0000000046848374568886941054175035456180	0	0	0	0	0	0	0	0	0	0	2	0	1	0	0	1	2	0	1	1	1	1	0	0	1	0	11	9	6	5	0	31_102.cif
.0000000045105060026882800808008086599403	0	0	0	0	0	0	0	0	0	0	0	0	0	0	0	0	5	0	1	4	1	0	0	1	0	0	10	9	6	6	0	31_103.cif
.0000000043977902029437897357467977323506	0	0	0	0	0	0	0	0	0	0	1	0	0	0	1	0	3	1	0	2	2	0	2	0	0	0	12	7	7	5	0	31_104.cif
.0000000042878911274214748863280391283948	0	0	0	0	0	0	0	0	0	0	1	0	0	0	1	0	3	2	0	1	2	0	1	1	0	0	9	10	7	5	0	31_105.cif
.0000000035921415678108399182427725349397	0	0	0	0	0	0	0	0	0	0	0	0	0	0	0	0	5	2	1	2	1	1	0	0	0	0	9	10	7	5	0	31_106.cif
.0000000033719581403097872376239455360715	0	0	0	0	0	0	0	0	0	0	2	0	0	2	0	0	1	0	0	1	3	2	1	0	0	0	9	11	7	4	0	31_107.cif
.0000000031255118592920435620612784842365	0	0	0	0	0	0	0	0	0	0	1	0	0	1	0	0	4	0	1	3	1	0	0	1	0	0	11	10	5	4	1	31_108.cif
.0000000030474854650472510474990701237508	0	0	0	0	0	0	0	0	0	0	2	1	0	0	1	0	1	0	0	1	3	2	0	1	0	0	10	10	7	4	0	31_109.cif
.0000000028971526396382922650771142520117	0	0	0	0	0	0	0	0	0	0	2	0	0	0	2	0	1	1	0	0	3	0	2	1	0	0	9	11	4	7	0	31_110.cif
.0000000028247539161770967127696792694101	0	0	0	0	0	0	0	0	0	0	1	0	0	1	0	0	3	1	0	2	2	2	0	0	0	0	11	9	4	7	0	31_111.cif
.0000000027195691602160043534300860964941	0	0	0	0	0	0	0	0	0	0	0	0	0	0	0	0	5	1	1	3	1	0	1	0	0	0	9	10	7	5	0	31_112.cif
.0000000023965145373271892465078110418261	0	0	0	0	0	0	0	0	0	0	2	0	0	1	1	0	3	0	0	3	0	0	0	0	1	0	11	10	6	3	1	31_113.cif
.0000000021117805150090202533280178108080	0	0	0	0	0	0	0	0	0	0	2	0	0	0	1	1	1	1	0	0	3	1	2	0	0	0	10	9	6	6	0	31_114.cif
.0000000018375016382322969339193435305870	0	0	0	0	0	0	0	0	0	0	3	0	0	1	0	2	1	0	0	1	1	1	0	0	1	0	12	10	4	4	1	31_115.cif
.0000000017248703843946720634359327203613	0	0	0	0	0	0	0	0	0	0	0	0	0	0	0	0	5	3	0	2	1	0	0	1	0	0	9	10	7	5	0	31_116.cif
.0000000016397823203745644701326055033695	0	0	0	0	0	0	0	0	0	0	1	0	0	0	1	0	3	2	0	1	2	1	1	0	0	0	11	9	6	5	0	31_117.cif
.0000000016191849018549636075159204382946	0	0	0	0	0	0	0	0	0	0	2	0	0	2	0	0	1	0	1	0	3	0	1	2	0	0	11	9	5	6	0	31_118.cif
.0000000015199355613937929265860406476313	0	0	0	0	0	0	1	0	1	0	1	0	1	0	0	0	2	1	0	1	0	0	0	0	2	0	12	8	6	5	0	31_119.cif
.0000000012258980625504446542031156507516	0	0	0	0	0	0	0	0	0	0	1	0	0	0	0	1	3	1	1	1	2	1	1	0	0	0	11	9	4	7	0	31_120.cif
.0000000011952633443074714898265519136827	0	0	0	0	0	0	1	0	1	0	1	0	0	1	0	0	2	0	0	2	1	0	0	1	1	0	10	11	6	3	1	31_121.cif
.0000000010666779441482909816880632022655	0	0	0	0	0	0	0	0	0	0	2	0	0	1	0	1	1	0	0	1	3	1	1	1	0	0	9	11	5	6	0	31_122.cif
.0000000008282677209664393007589778434904	0	0	0	0	0	0	0	0	0	0	1	0	1	0	0	0	3	1	1	1	2	1	1	0	0	0	8	12	6	5	0	31_123.cif
.0000000008178637931505052962800145290085	0	0	0	0	0	0	0	0	0	0	2	0	0	0	2	0	1	1	0	0	3	0	2	1	0	0	9	10	7	5	0	31_124.cif
.0000000007874091744315854257998387870506	0	0	1	1	0	0	0	0	0	0	0	0	0	0	0	0	3	0	0	3	0	0	0	0	2	0	12	9	5	5	0	31_125.cif
.0000000007580885878205572745641937112793	0	0	0	0	0	0	1	1	0	0	0	0	0	0	0	0	3	2	0	1	1	0	0	1	1	0	11	9	6	5	0	31_126.cif
.0000000006851401638067479460391808702296	0	0	0	0	0	0	0	0	0	0	1	0	0	0	0	1	3	1	0	2	2	0	0	2	0	0	11	9	2	9	0	31_127.cif
.0000000005812562370679672227835304580892	0	0	0	0	0	0	0	0	0	0	2	0	1	0	1	0	1	0	0	1	3	2	1	0	0	0	10	10	5	6	0	31_128.cif
.0000000005667308686107385347756831612518	0	0	0	0	0	0	0	0	0	0	1	0	0	0	0	1	4	0	1	3	1	0	0	1	0	0	11	10	6	3	1	31_129.cif
.0000000004513412707321186795348268111898	0	0	0	0	0	0	0	0	0	0	1	0	0	0	1	0	3	0	0	3	2	0	2	0	0	0	9	11	4	7	0	31_130.cif
.0000000004456719419846820082109065932749	0	0	0	0	0	0	0	0	0	0	0	0	0	0	0	0	5	2	2	1	1	1	0	0	0	0	11	8	6	6	0	31_131.cif
.0000000004236868913544188738457676709207	0	0	0	0	0	0	0	0	0	0	1	0	0	1	0	0	3	2	0	1	2	2	0	0	0	0	9	11	6	5	0	31_132.cif
.0000000004183649311685679807090809341846	0	0	0	0	0	0	0	0	0	0	1	0	0	0	1	0	3	1	0	2	2	1	0	1	0	0	9	10	8	4	0	31_133.cif
.0000000003977269386741164208426112202960	0	0	0	0	0	0	0	0	0	0	1	0	0	0	1	0	3	1	0	2	2	0	2	0	0	0	8	11	6	6	0	31_134.cif
.0000000003460610446774382632272995457319	0	0	0	0	0	0	0	0	0	0	1	0	0	0	0	1	4	2	0	2	1	0	0	1	0	0	11	10	5	4	1	31_135.cif
.0000000003248573479673426467219474062870	0	0	0	0	0	0	0	0	0	0	3	0	0	1	1	0	0	0	0	0	2	1	0	1	1	0	10	9	8	4	0	31_136.cif
.0000000002791141775808094572533203782916	0	0	0	0	0	0	0	0	0	0	1	0	0	1	0	0	3	2	0	1	2	0	1	1	0	0	11	8	5	7	0	31_137.cif
.0000000002587145616360524922544820034258	0	0	0	0	0	0	0	0	0	0	2	0	0	2	0	0	1	0	0	1	3	2	0	1	0	0	10	9	9	3	0	31_138.cif
.0000000001838685779107320754512642813590	0	0	0	0	0	0	0	0	0	0	1	0	0	1	0	0	4	1	1	2	1	0	1	0	0	0	12	9	6	3	1	31_139.cif
.0000000001815589920560888212583988715888	0	0	0	0	0	0	1	1	0	0	1	0	0	0	1	0	2	0	0	2	1	0	0	1	1	0	11	10	7	2	1	31_140.cif
.0000000001579780393690405805172137942041	0	0	0	0	0	0	0	0	0	0	1	0	0	1	0	0	3	1	1	1	2	1	1	0	0	0	10	9	7	5	0	31_141.cif
.0000000001482984799815951168758926744450	0	0	0	0	0	0	0	0	0	0	1	0	0	0	1	0	3	1	1	1	2	1	1	0	0	0	9	10	7	5	0	31_142.cif
.0000000001464318995105552963816405675295	0	0	0	0	0	0	0	0	0	0	3	0	0	1	1	1	1	0	0	1	0	0	0	0	2	0	11	9	5	6	0	31_143.cif
.0000000001427763212771031866359008154050	0	0	0	0	0	0	0	0	0	0	2	0	0	1	1	0	2	1	0	1	1	0	1	0	1	0	10	9	6	6	0	31_144.cif
.0000000001409828980845896002878884357528	0	0	0	0	0	0	0	0	0	0	1	0	0	1	0	0	3	1	0	2	2	1	0	1	0	0	10	9	6	6	0	31_145.cif
.0000000001306788819982989702013834254562	0	0	0	0	0	0	0	0	0	0	2	0	0	2	0	0	2	2	0	0	1	0	1	0	1	0	10	9	6	6	0	31_146.cif
.0000000001226688067834943330703491331881	0	0	0	0	0	0	0	0	0	0	1	0	0	1	0	0	4	0	3	1	0	0	0	0	1	0	10	9	6	6	0	31_147.cif
.0000000001211279554636419895339395507675	0	0	0	0	0	0	0	0	0	0	2	0	0	1	0	1	1	0	0	1	3	2	1	0	0	0	9	10	7	5	0	31_148.cif
.0000000001151526988169043851190501237584	0	0	0	0	0	0	1	0	1	0	0	0	0	0	0	0	2	0	0	2	3	1	1	1	0	0	10	9	8	4	0	31_149.cif
.0000000001094722023009534248542061104630	0	0	0	0	0	0	1	1	0	0	1	0	0	0	1	0	0	0	0	0	4	1	1	2	0	0	9	11	7	4	0	31_150.cif
.0000000001067365343238376955594168457958	0	0	0	0	0	0	0	0	0	0	1	0	0	0	1	0	4	2	1	1	0	0	0	0	1	0	9	10	8	4	0	31_151.cif
.0000000001053958093742616812524422292169	0	0	0	0	0	0	0	0	0	0	1	0	0	0	1	0	3	1	0	2	2	1	1	0	0	0	11	7	8	5	0	31_152.cif
.0000000001014712082170193201162441625490	0	0	0	0	0	0	0	0	0	0	1	0	0	1	0	0	3	1	0	2	2	2	0	0	0	0	12	6	7	6	0	31_153.cif
.0000000000940574190621733397238432344530	0	0	0	0	0	0	0	0	0	0	1	1	0	0	0	0	4	2	0	2	1	0	0	1	0	0	11	9	5	5	1	31_154.cif
.0000000000917069605537095779536767266562	0	0	0	0	0	0	0	0	0	0	3	0	0	1	2	0	1	0	0	1	0	0	0	0	2	0	11	9	4	7	0	31_155.cif
.0000000000787937014001529584481485313108	0	0	0	0	0	0	1	0	1	0	0	0	0	0	0	0	3	1	0	2	2	1	1	0	0	0	11	10	5	4	1	31_156.cif
.0000000000721175102102245715763414735985	0	0	0	0	0	0	1	0	1	0	1	0	0	0	0	1	1	0	0	1	2	1	1	0	1	0	9	11	5	6	0	31_157.cif
.0000000000712097926382364670418129826041	0	0	0	0	0	0	1	0	1	0	1	1	0	0	0	0	1	0	0	1	2	2	0	0	1	0	12	8	6	5	0	31_158.cif
.0000000000703153215347007783040897881296	0	0	0	0	0	0	1	0	1	0	1	0	0	0	1	0	1	0	0	1	2	2	0	0	1	0	11	9	4	7	0	31_159.cif
.0000000000619610370021729089897075109257	0	0	0	0	0	0	0	0	0	0	1	1	0	0	0	0	4	0	2	2	0	0	0	0	1	0	9	10	6	6	0	31_160.cif
.0000000000574339788127477774873657630326	0	0	0	0	0	0	0	0	0	0	1	0	0	1	0	0	3	0	0	3	2	1	1	0	0	0	11	8	5	7	0	31_161.cif
.0000000000545993394126769485952427339442	0	0	0	0	0	0	0	0	0	0	2	0	0	0	2	0	1	0	0	1	3	0	3	0	0	0	9	11	3	8	0	31_162.cif
.0000000000457400971365687511906617646297	0	0	0	0	0	0	1	0	1	0	1	0	0	1	0	0	1	1	0	0	2	0	1	1	1	0	12	8	4	7	0	31_163.cif
.0000000000440368829459825968271333881566	0	0	0	0	0	0	0	0	0	0	1	0	0	0	1	0	4	1	1	2	1	0	0	1	0	0	11	9	8	2	1	31_164.cif
.0000000000423970909770491983672593754536	0	0	0	0	0	0	0	0	0	0	1	0	0	0	1	0	4	1	0	3	1	1	0	0	0	0	11	9	7	3	1	31_165.cif
.0000000000392984150853298600975522862393	0	0	0	0	0	0	0	0	0	0	2	0	0	1	0	1	2	1	0	1	2	2	0	0	0	0	12	9	4	5	1	31_166.cif
.0000000000383173554168063189201026890105	0	0	0	0	0	0	0	0	0	0	2	0	0	0	2	0	1	1	0	0	3	0	2	1	0	0	10	9	6	6	0	31_167.cif
.0000000000359686599410903902963487541089	0	0	0	0	0	0	0	0	0	0	1	0	0	1	0	0	3	1	1	1	2	2	0	0	0	0	8	11	7	5	0	31_168.cif
.0000000000337648043838423164016196353089	0	0	0	0	0	0	0	0	0	0	1	0	1	0	0	0	4	1	0	3	1	0	0	1	0	0	12	8	5	5	1	31_169.cif
.0000000000333398187435364845550841262332	0	0	0	0	0	0	0	0	0	0	3	0	0	0	2	1	1	0	1	0	1	1	0	0	1	0	12	9	5	4	1	31_170.cif
.0000000000325075116020360399009671954054	0	0	0	0	0	0	1	0	1	0	2	0	0	1	1	0	0	0	0	0	1	1	0	0	2	0	10	10	5	6	0	31_171.cif
.0000000000316951614653234479872173414744	0	0	0	0	0	0	0	0	0	0	1	0	0	0	0	1	3	1	0	2	2	0	1	1	0	0	10	9	4	8	0	31_172.cif
.0000000000301316353289317359865669178744	0	0	0	0	0	0	0	0	0	0	2	0	0	0	2	0	2	0	1	1	1	1	0	0	1	0	11	8	7	5	0	31_173.cif
.0000000000297531497849430491642158262904	0	0	0	0	0	0	1	0	1	0	0	0	0	0	0	0	2	0	0	2	3	2	1	0	0	0	10	10	4	7	0	31_174.cif
.0000000000290096300842866976362676668129	0	0	0	0	0	0	0	0	0	0	0	0	0	0	0	0	5	3	0	2	1	0	1	0	0	0	9	9	7	6	0	31_175.cif
.0000000000252418480166543468781788465938	0	0	0	0	0	0	0	0	0	0	1	0	0	1	0	0	3	1	0	2	2	2	0	0	0	0	8	11	5	7	0	31_176.cif
.0000000000249247834274420266613078783095	0	0	0	0	0	0	0	0	0	0	0	0	0	0	0	0	5	3	0	2	1	0	1	0	0	0	10	8	8	5	0	31_177.cif
.0000000000246117015083442736740649820188	0	0	0	0	0	0	0	0	0	0	1	0	0	1	0	0	4	1	0	3	1	1	0	0	0	0	12	8	4	6	1	31_178.cif
.0000000000233976033056432610199042030345	0	0	0	0	0	0	0	0	0	0	1	0	0	1	0	0	3	1	0	2	2	1	0	1	0	0	9	9	8	5	0	31_179.cif
.0000000000231031059554015683973499339289	0	0	0	0	0	0	0	0	0	0	2	0	0	1	1	0	2	0	0	2	2	0	1	1	0	0	11	9	6	4	1	31_180.cif
.0000000000228129062523352548468565596689	0	0	0	0	0	0	0	0	0	0	2	0	0	0	0	1	2	0	0	2	2	2	0	0	0	0	11	9	7	3	1	31_181.cif
.0000000000225263517677007117942012916270	0	0	0	0	0	0	0	0	0	0	0	0	0	0	0	0	5	2	1	2	1	1	0	0	0	0	10	8	8	5	0	31_182.cif
.0000000000211455795326216052015316882545	0	0	0	0	0	0	0	0	0	0	1	0	0	1	0	0	4	1	0	3	1	1	0	0	0	0	11	9	4	6	1	31_183.cif
.0000000000208799684536014187106977811462	0	0	0	0	0	0	0	0	0	0	1	1	0	0	0	0	4	1	0	3	0	0	0	0	1	0	11	8	5	7	0	31_184.cif
.0000000000191108084959040154059626463174	0	0	0	0	0	0	0	0	0	0	2	0	0	2	0	0	3	1	0	2	0	0	0	0	1	0	9	11	7	3	1	31_185.cif
.0000000000188707563158389419788148274899	0	0	0	0	0	0	1	0	1	0	1	0	0	0	0	1	1	0	0	1	3	2	1	0	0	0	10	11	5	4	1	31_186.cif
.0000000000172718369247663347490957308337	0	0	0	0	0	0	0	0	0	0	1	0	0	0	0	1	3	1	2	0	2	2	0	0	0	0	10	8	7	6	0	31_187.cif
.0000000000160094903002431290755089579076	0	0	0	0	0	0	0	0	0	0	1	1	0	0	0	0	4	1	0	3	1	0	1	0	0	0	9	12	4	5	1	31_188.cif
.0000000000150285640098368159131219126877	0	0	0	0	0	0	0	0	0	0	2	0	0	0	1	1	3	0	1	2	0	0	0	0	1	0	11	10	5	4	1	31_189.cif
.0000000000141073751670147152340648907710	0	0	0	0	0	0	1	0	1	0	1	0	1	0	0	0	2	0	0	2	0	0	0	0	2	0	11	9	5	6	0	31_190.cif
.0000000000127498678757311423865236977763	0	0	1	1	0	0	0	0	0	0	0	0	0	0	0	0	3	1	0	2	1	0	1	0	1	0	12	9	4	5	1	31_191.cif
.0000000000115229891403675172279612716056	0	0	0	0	0	0	0	0	0	0	1	0	0	1	0	0	3	1	1	1	2	1	1	0	0	0	11	7	7	6	0	31_192.cif
.0000000000113782480811598837018993266746	0	0	0	0	0	0	0	0	0	0	2	0	0	1	0	1	2	0	0	2	2	1	0	1	0	0	10	10	9	1	1	31_193.cif
.0000000000110939100642290185725480139474	0	0	0	0	0	0	0	0	0	0	1	0	0	1	0	0	3	1	1	1	2	1	1	0	0	0	11	7	7	6	0	31_194.cif
.0000000000108166775443215524438943417015	0	0	0	0	0	0	0	0	0	0	1	0	0	1	0	0	4	1	0	3	1	1	0	0	0	0	12	8	4	6	1	31_195.cif
.0000000000104141689955680025649031012450	0	0	0	0	0	0	0	0	0	0	1	0	0	0	1	0	3	1	0	2	2	1	1	0	0	0	10	9	3	9	0	31_196.cif
Average: 0 0 .0000000008001590423073165681863624848269 .0000000008001590423073165681863624848269 0 0 .0000598271114001218397327963246354552665 .0000000343228421712362081213224374223826 .0000597927885579506035246750021980328839 0 .6790632312775886443462089223612182049645 .0000019805633672805641208042700170205815 .0000004758547007318166884951424676162194 .0010102623384663109335432527714066325617 .0694630142419216025649086992743900413138 .6085874979314624642472697693341329283322 3.9631100137308922078777241163055917235493 .5762028076096263959722280985291675372823 .0604662038466417969481824219956117872096 3.3264410022746240149573135957808123990574 1.0363988493887410276436200671310549543511 .6085824382768179117905103205795828244702 .1108546587680750626401650029733913669935 .3169617523438480532129447435780807628874 .3213680776912189581630244683506220599699 0 11.9685944769685908882661623982294876394497 10.9970956849081221592829073135996401587230 5.2175894103593748636445733983319002816054 2.8166725446342250287165363673991188391756 .0000478831296870713408930388471916428420
