.3067176524038238834330987458804467584704	0	0	0	0	0	0	0	0	0	0	0	0	0	0	0	0	0	0	0	0	0	0	0	0	2	4	12	12	11	11	2	48_1.cif
.1692676972028028937384512264264979039995	0	0	0	0	0	0	0	0	0	0	0	0	0	0	0	0	0	0	0	0	0	0	0	0	2	4	12	12	11	11	2	48_2.cif
.1609177012921346463898422201866937722937	0	0	0	0	0	0	0	0	0	0	0	0	0	0	0	0	0	0	0	0	1	1	0	0	0	5	12	12	11	11	2	48_3.cif
.0888030505724052976378679732999382365438	0	0	0	0	0	0	0	0	0	0	0	0	0	0	0	0	0	0	0	0	0	0	0	0	2	4	12	12	11	11	2	48_4.cif
.0753402979413475927525156474787452391211	0	0	0	0	0	0	0	0	0	0	0	0	0	0	0	0	0	0	0	0	0	0	0	0	2	4	12	12	11	11	2	48_5.cif
.0680905436410585269008633827478675984693	0	0	0	0	0	0	0	0	0	0	0	0	0	0	0	0	0	0	0	0	0	0	0	0	2	4	12	12	10	12	2	48_6.cif
.0496322773436994757907493015253142635550	0	0	0	0	0	0	0	0	0	0	0	0	0	0	0	0	0	0	0	0	0	0	0	0	2	4	12	12	10	12	2	48_7.cif
.0314781580301964083151189122646445204794	0	0	0	0	0	0	0	0	0	0	0	0	0	0	0	0	0	0	0	0	0	0	0	0	2	4	12	12	10	12	2	48_8.cif
.0260386222995370597360731421324459845275	0	0	0	0	0	0	0	0	0	0	0	0	0	0	0	0	0	0	0	0	0	0	0	0	2	4	12	12	10	12	2	48_9.cif
.0111581125489164605294989376855417841205	0	0	0	0	0	0	0	0	0	0	0	0	0	0	0	0	0	0	0	0	0	0	0	0	2	4	12	12	10	12	2	48_10.cif
.0032306588554119311894486110695503196744	0	0	0	0	0	0	0	0	0	0	0	0	0	0	0	0	0	0	0	0	0	0	0	0	2	4	11	12	12	11	2	48_11.cif
.0025728785105318050891344567095809230651	0	0	0	0	0	0	0	0	0	0	0	0	0	0	0	0	0	0	0	0	0	0	0	0	2	4	12	11	11	12	2	48_12.cif
.0015910538537152266324745172919801764462	0	0	0	0	0	0	0	0	0	0	0	0	0	0	0	0	0	0	0	0	0	0	0	0	2	4	11	12	12	11	2	48_13.cif
.0006818009711465186806462888396345918772	0	0	0	0	0	0	0	0	0	0	0	0	0	0	0	0	0	0	0	0	1	1	0	0	0	5	12	11	12	11	2	48_14.cif
.0006084534104425733378449055626082219329	0	0	0	0	0	0	0	0	0	0	0	0	0	0	0	0	0	0	0	0	1	0	1	0	0	5	12	11	11	12	2	48_15.cif
.0005294272442283051877870107910441889764	0	0	0	0	0	0	0	0	0	0	0	0	0	0	0	0	0	0	0	0	0	0	0	0	2	4	12	11	12	11	2	48_16.cif
.0004969755429114032719000700028784392138	0	0	0	0	0	0	0	0	0	0	0	0	0	0	0	0	0	0	0	0	1	1	0	0	0	5	11	12	12	11	2	48_17.cif
.0004491531865123705076401776129920015299	0	0	0	0	0	0	0	0	0	0	0	0	0	0	0	0	0	0	0	0	0	0	0	0	2	4	12	11	12	11	2	48_18.cif
.0003908169955011692845524380862077887886	0	0	0	0	0	0	0	0	0	0	0	0	0	0	0	0	0	0	0	0	0	0	0	0	2	4	12	11	11	12	2	48_19.cif
.0003400575317266602282181818740115757516	0	0	0	0	0	0	0	0	0	0	0	0	0	0	0	0	0	0	0	0	0	0	0	0	2	4	11	12	12	11	2	48_20.cif
.0003152037492836761027678395909013544401	0	0	0	0	0	0	0	0	0	0	0	0	0	0	0	0	0	0	0	0	0	0	0	0	2	4	11	12	12	11	2	48_21.cif
.0002996547103291695919196367462913090958	0	0	0	0	0	0	0	0	0	0	0	0	0	0	0	0	0	0	0	0	0	0	0	0	2	4	11	12	12	11	2	48_22.cif
.0001949202568059155598884145253595456131	0	0	0	0	0	0	0	0	0	0	0	0	0	0	0	0	0	0	0	0	0	0	0	0	2	4	12	11	11	12	2	48_23.cif
.0001145914748995112485955046418048449558	0	0	0	0	0	0	0	0	0	0	0	0	0	0	0	0	0	0	0	0	0	0	0	0	2	4	12	11	11	12	2	48_24.cif
.0001062190799238760870402914792312287060	0	0	0	0	0	0	0	0	0	0	0	0	0	0	0	0	0	0	0	0	0	0	0	0	3	3	12	12	11	10	3	48_25.cif
.0000959979598527773247229063864860043265	0	0	0	0	0	0	0	0	0	0	0	0	0	0	0	0	0	0	0	0	0	0	0	0	3	3	12	12	11	10	3	48_26.cif
.0000804193295870012113036578799087919471	0	0	0	0	0	0	0	0	0	0	0	0	0	0	0	0	0	0	0	0	0	0	0	0	2	4	11	12	11	12	2	48_27.cif
.0000717660284646062902272092787259911143	0	0	0	0	0	0	0	0	0	0	0	0	0	0	0	0	0	0	0	0	0	0	0	0	3	3	12	12	11	10	3	48_28.cif
.0000510041549754401245793383975848991537	0	0	0	0	0	0	0	0	0	0	0	0	0	0	0	0	0	0	0	0	0	0	0	0	3	3	12	12	12	9	3	48_29.cif
.0000491061961691943920752685797397914201	0	0	0	0	0	0	0	0	0	0	0	0	0	0	0	0	0	0	0	0	0	0	0	0	3	3	12	12	11	10	3	48_30.cif
.0000455171719532194288723397463074291634	0	0	0	0	0	0	0	0	0	0	0	0	0	0	0	0	0	0	0	0	1	1	0	0	0	5	12	11	12	11	2	48_31.cif
.0000277940040843493269924166081027982504	0	0	0	0	0	0	0	0	0	0	0	0	0	0	0	0	0	0	0	0	0	0	0	0	3	3	12	12	12	9	3	48_32.cif
.0000221349882580336732984051394177811505	0	0	0	0	0	0	0	0	0	0	0	0	0	0	0	0	0	0	0	0	0	0	0	0	3	3	12	12	10	11	3	48_33.cif
.0000176281799375276580107685929661690717	0	0	0	0	0	0	0	0	0	0	0	0	0	0	0	0	0	0	0	0	0	0	0	0	3	3	12	12	11	10	3	48_34.cif
.0000145819688299816146689613129424529929	0	0	0	0	0	0	0	0	0	0	0	0	0	0	0	0	0	0	0	0	0	0	0	0	3	3	12	12	9	12	3	48_35.cif
.0000136881544253740675196338196193501714	0	0	0	0	0	0	0	0	0	0	0	0	0	0	0	0	0	0	0	0	0	0	0	0	3	3	12	12	10	11	3	48_36.cif
.0000125283569497235048002967983344087654	0	0	0	0	0	0	0	0	0	0	0	0	0	0	0	0	0	0	0	0	1	0	0	1	1	4	12	12	10	11	3	48_37.cif
.0000120618412080147307941907874555994606	0	0	0	0	0	0	0	0	0	0	0	0	0	0	0	0	0	0	0	0	0	0	0	0	3	3	12	12	12	9	3	48_38.cif
.0000097284306935597687268943370279340797	0	0	0	0	0	0	0	0	0	0	0	0	0	0	0	0	0	0	0	0	0	0	0	0	3	3	12	12	10	11	3	48_39.cif
.0000093661752055591175214133905207973097	0	0	0	0	0	0	0	0	0	0	0	0	0	0	0	0	0	0	0	0	0	0	0	0	3	3	12	12	10	11	3	48_40.cif
.0000086816296238163435947747180186218293	0	0	0	0	0	0	0	0	0	0	0	0	0	0	0	0	0	0	0	0	0	0	0	0	3	3	12	12	11	10	3	48_41.cif
.0000083583536428198945396611723468207619	0	0	0	0	0	0	0	0	0	0	0	0	0	0	0	0	0	0	0	0	0	0	0	0	3	3	12	12	11	10	3	48_42.cif
.0000070912074494080343240373639928411176	0	0	0	0	0	0	0	0	0	0	0	0	0	0	0	0	0	0	0	0	0	0	0	0	3	3	12	12	10	11	3	48_43.cif
.0000070019529314736640477128453193928195	0	0	0	0	0	0	0	0	0	0	0	0	0	0	0	0	0	0	0	0	0	0	0	0	3	3	12	12	11	10	3	48_44.cif
.0000069140009190680384652552624766222506	0	0	0	0	0	0	0	0	0	0	0	0	0	0	0	0	0	0	0	0	1	0	0	1	1	4	12	12	12	9	3	48_45.cif
.0000064086773822518201380911020619427228	0	0	0	0	0	0	0	0	0	0	0	0	0	0	0	0	0	0	0	0	0	0	0	0	3	3	12	12	10	11	3	48_46.cif
.0000058656700768683994656145933502143102	0	0	0	0	0	0	0	0	0	0	0	0	0	0	0	0	0	0	0	0	0	0	0	0	3	3	12	12	9	12	3	48_47.cif
.0000057919909915593444082327715263731630	0	0	0	0	0	0	0	0	0	0	0	0	0	0	0	0	0	0	0	0	0	0	0	0	3	3	12	12	11	10	3	48_48.cif
.0000045547684379603342131177322939518971	0	0	0	0	0	0	0	0	0	0	0	0	0	0	0	0	0	0	0	0	1	0	1	0	1	4	12	12	11	10	3	48_49.cif
.0000043851635021595806859528224212526706	0	0	0	0	0	0	0	0	0	0	0	0	0	0	0	0	0	0	0	0	1	0	1	0	1	4	12	12	11	10	3	48_50.cif
.0000039631933371092427333024331019383390	0	0	0	0	0	0	0	0	0	0	0	0	0	0	0	0	0	0	0	0	1	1	0	0	1	4	12	12	11	10	3	48_51.cif
.0000039133100255141316781059619262050647	0	0	0	0	0	0	0	0	0	0	0	0	0	0	0	0	0	0	0	0	0	0	0	0	3	3	12	12	11	10	3	48_52.cif
.0000033622767538566386282150365732667935	0	0	0	0	0	0	0	0	0	0	0	0	0	0	0	0	0	0	0	0	0	0	0	0	3	3	12	12	10	11	3	48_53.cif
.0000031964152362180980266905132163881907	0	0	0	0	0	0	0	0	0	0	0	0	0	0	0	0	0	0	0	0	0	0	0	0	3	3	12	12	9	12	3	48_54.cif
.0000029627988582039772624043855412387148	0	0	0	0	0	0	0	0	0	0	0	0	0	0	0	0	0	0	0	0	1	1	0	0	1	4	12	12	11	10	3	48_55.cif
.0000028166436333207849305150899845691398	0	0	0	0	0	0	0	0	0	0	0	0	0	0	0	0	0	0	0	0	0	0	0	0	3	3	12	12	10	11	3	48_56.cif
.0000027463279357728150367866752072312536	0	0	0	0	0	0	0	0	0	0	0	0	0	0	0	0	0	0	0	0	0	0	0	0	3	3	12	12	10	11	3	48_57.cif
.0000022149826442629723676675561211359179	0	0	0	0	0	0	0	0	0	0	0	0	0	0	0	0	0	0	0	0	1	0	1	0	1	4	12	12	10	11	3	48_58.cif
.0000017199180284999510109271849797229374	0	0	0	0	0	0	0	0	0	0	0	0	0	0	0	0	0	0	0	0	1	0	1	0	1	4	12	12	10	11	3	48_59.cif
.0000016350742647932076962625838999627806	0	0	0	0	0	0	0	0	0	0	0	0	0	0	0	0	0	0	0	0	1	0	1	0	1	4	12	12	10	11	3	48_60.cif
.0000006494551951545158768906689491019188	0	0	0	0	0	0	0	0	0	0	0	0	0	0	0	0	0	0	0	0	0	0	0	0	3	3	12	11	11	11	3	48_61.cif
.0000004557821725998568900482026047946880	0	0	0	0	0	0	0	0	0	0	0	0	0	0	0	0	0	0	0	0	1	0	0	1	1	4	11	12	12	10	3	48_62.cif
.0000004443923524636559456309421968265884	0	0	0	0	0	0	0	0	0	0	0	0	0	0	0	0	0	0	0	0	0	0	0	0	3	3	12	11	11	11	3	48_63.cif
.0000003915933312044183424326633834472850	0	0	0	0	0	0	0	0	0	0	0	0	0	0	0	0	0	0	0	0	1	0	0	1	1	4	12	12	9	12	3	48_64.cif
.0000003770116542863552293532115185148641	0	0	0	0	0	0	0	0	0	0	0	0	0	0	0	0	0	0	0	0	1	1	0	0	1	4	12	11	12	10	3	48_65.cif
.0000003675998007095488514199261902499349	0	0	0	0	0	0	0	0	0	0	0	0	0	0	0	0	0	0	0	0	1	0	0	1	1	4	12	12	9	12	3	48_66.cif
.0000003494660582211068886955736340246299	0	0	0	0	0	0	0	0	0	0	0	0	0	0	0	0	0	0	0	0	1	1	0	0	1	4	12	11	12	10	3	48_67.cif
.0000003239246348680252653886456274598259	0	0	0	0	0	0	0	0	0	0	0	0	0	0	0	0	0	0	0	0	0	0	0	0	3	3	12	11	12	10	3	48_68.cif
.0000003040772703053017391702736646917280	0	0	0	0	0	0	0	0	0	0	0	0	0	0	0	0	0	0	0	0	0	0	0	0	3	3	12	11	11	11	3	48_69.cif
.0000002331479628570738008772089355735909	0	0	0	0	0	0	0	0	0	0	0	0	0	0	0	0	0	0	0	0	0	0	0	0	3	3	12	11	12	10	3	48_70.cif
.0000002244662821501269956939156953353948	0	0	0	0	0	0	0	0	0	0	0	0	0	0	0	0	0	0	0	0	1	1	0	0	1	4	11	12	12	10	3	48_71.cif
.0000001656983824266523334429652666410085	0	0	0	0	0	0	0	0	0	0	0	0	0	0	0	0	0	0	0	0	0	0	0	0	3	3	12	11	12	10	3	48_72.cif
.0000001423663895148673871349456277144683	0	0	0	0	0	0	0	0	0	0	0	0	0	0	0	0	0	0	0	0	0	0	0	0	3	3	12	11	11	11	3	48_73.cif
.0000001370651227912692571615882219259557	0	0	0	0	0	0	0	0	0	0	0	0	0	0	0	0	0	0	0	0	0	0	0	0	3	3	12	11	11	11	3	48_74.cif
.0000001353434383557843241010835053986027	0	0	0	0	0	0	0	0	0	0	0	0	0	0	0	0	0	0	0	0	0	0	0	0	3	3	11	12	12	10	3	48_75.cif
.0000001207801793352540033653880075102580	0	0	0	0	0	0	0	0	0	0	0	0	0	0	0	0	0	0	0	0	0	0	0	0	3	3	12	11	12	10	3	48_76.cif
.0000001105464734061348002480103389745079	0	0	0	0	0	0	0	0	0	0	0	0	0	0	0	0	0	0	0	0	0	0	0	0	3	3	11	12	11	11	3	48_77.cif
.0000001091578915496771871675039858224089	0	0	0	0	0	0	0	0	0	0	0	0	0	0	0	0	0	0	0	0	0	0	0	0	3	3	11	12	12	10	3	48_78.cif
.0000001064300780766187138908733673839783	0	0	0	0	0	0	0	0	0	0	0	0	0	0	0	0	0	0	0	0	0	0	0	0	3	3	12	11	11	11	3	48_79.cif
.0000001037731195989787310258487220481128	0	0	0	0	0	0	0	0	0	0	0	0	0	0	0	0	0	0	0	0	0	0	0	0	3	3	12	11	11	11	3	48_80.cif
.0000001024669640774496298003649819954740	0	0	0	0	0	0	0	0	0	0	0	0	0	0	0	0	0	0	0	0	0	0	0	0	3	3	12	11	12	10	3	48_81.cif
.0000000999089421930005830488624514880129	0	0	0	0	0	0	0	0	0	0	0	0	0	0	0	0	0	0	0	0	0	0	0	0	3	3	11	12	11	11	3	48_82.cif
.0000000986539790978198900144830898903461	0	0	0	0	0	0	0	0	0	0	0	0	0	0	0	0	0	0	0	0	0	0	0	0	3	3	11	12	12	10	3	48_83.cif
.0000000949804220291607747141782439349592	0	0	0	0	0	0	0	0	0	0	0	0	0	0	0	0	0	0	0	0	0	0	0	0	3	3	12	11	11	11	3	48_84.cif
.0000000902950263592071332665111025094515	0	0	0	0	0	0	0	0	0	0	0	0	0	0	0	0	0	0	0	0	1	1	0	0	1	4	12	11	11	11	3	48_85.cif
.0000000891585148261486742687355643571390	0	0	0	0	0	0	0	0	0	0	0	0	0	0	0	0	0	0	0	0	0	0	0	0	3	3	12	11	12	10	3	48_86.cif
.0000000836956343992045318256888263472306	0	0	0	0	0	0	0	0	0	0	0	0	0	0	0	0	0	0	0	0	0	0	0	0	3	3	12	11	11	11	3	48_87.cif
.0000000805790780050803210731761262377881	0	0	0	0	0	0	0	0	0	0	0	0	0	0	0	0	0	0	0	0	0	0	0	0	3	3	12	11	11	11	3	48_88.cif
.0000000746897954944835884899281045246054	0	0	0	0	0	0	0	0	0	0	0	0	0	0	0	0	0	0	0	0	0	0	0	0	3	3	12	11	12	10	3	48_89.cif
.0000000692327362404892997007131638961780	0	0	0	0	0	0	0	0	0	0	0	0	0	0	0	0	0	0	0	0	1	1	0	0	1	4	12	11	10	12	3	48_90.cif
.0000000683613282972710932199070948262028	0	0	0	0	0	0	0	0	0	0	0	0	0	0	0	0	0	0	0	0	0	0	0	0	3	3	11	12	10	12	3	48_91.cif
.0000000602407614603169191321006579930182	0	0	0	0	0	0	0	0	0	0	0	0	0	0	0	0	0	0	0	0	1	1	0	0	1	4	11	12	11	11	3	48_92.cif
.0000000537587197492561520738493232345177	0	0	0	0	0	0	0	0	0	0	0	0	0	0	0	0	0	0	0	0	0	0	0	0	3	3	11	12	11	11	3	48_93.cif
.0000000511067956226389432957134096594057	0	0	0	0	0	0	0	0	0	0	0	0	0	0	0	0	0	0	0	0	0	0	0	0	3	3	11	12	12	10	3	48_94.cif
.0000000498296565749244164937511827053892	0	0	0	0	0	0	0	0	0	0	0	0	0	0	0	0	0	0	0	0	0	0	0	0	3	3	12	11	11	11	3	48_95.cif
.0000000473715536084020349229046247208326	0	0	0	0	0	0	0	0	0	0	0	0	0	0	0	0	0	0	0	0	1	0	1	0	1	4	11	12	11	11	3	48_96.cif
.0000000461889532266921635140161625393290	0	0	0	0	0	0	0	0	0	0	0	0	0	0	0	0	0	0	0	0	0	0	0	0	3	3	12	11	12	10	3	48_97.cif
.0000000396840577500269058635449943563992	0	0	0	0	0	0	0	0	0	0	0	0	0	0	0	0	0	0	0	0	0	0	0	0	3	3	11	12	11	11	3	48_98.cif
.0000000372525540089982095337800723224124	0	0	0	0	0	0	0	0	0	0	0	0	0	0	0	0	0	0	0	0	0	0	0	0	3	3	11	12	11	11	3	48_99.cif
.0000000354148810284034674960229504889856	0	0	0	0	0	0	0	0	0	0	0	0	0	0	0	0	0	0	0	0	0	0	0	0	3	3	11	12	11	11	3	48_100.cif
.0000000345298768546825287724234206311637	0	0	0	0	0	0	0	0	0	0	0	0	0	0	0	0	0	0	0	0	0	0	0	0	3	3	11	12	11	11	3	48_101.cif
.0000000332440952333079589151335420144586	0	0	0	0	0	0	0	0	0	0	0	0	0	0	0	0	0	0	0	0	0	0	0	0	3	3	12	11	11	11	3	48_102.cif
.0000000328265138663680464460231431027524	0	0	0	0	0	0	0	0	0	0	0	0	0	0	0	0	0	0	0	0	0	0	0	0	3	3	12	11	10	12	3	48_103.cif
.0000000324141777677018422245737307370966	0	0	0	0	0	0	0	0	0	0	0	0	0	0	0	0	0	0	0	0	0	0	0	0	3	3	12	11	11	11	3	48_104.cif
.0000000227474070520610732308051817263827	0	0	0	0	0	0	0	0	0	0	0	0	0	0	0	0	0	0	0	0	0	0	0	0	3	3	11	12	11	11	3	48_105.cif
.0000000190559385613490257994666588452363	0	0	0	0	0	0	0	0	0	0	0	0	0	0	0	0	0	0	0	0	0	0	0	0	3	3	11	12	11	11	3	48_106.cif
.0000000188165756063061578020199618803341	0	0	0	0	0	0	0	0	0	0	0	0	0	0	0	0	0	0	0	0	0	0	0	0	3	3	12	11	10	12	3	48_107.cif
.0000000181159068146503714691580779043723	0	0	0	0	0	0	0	0	0	0	0	0	0	0	0	0	0	0	0	0	0	0	0	0	4	2	12	12	12	8	4	48_108.cif
.0000000157630057732782439631574496628633	0	0	0	0	0	0	0	0	0	0	0	0	0	0	0	0	0	0	0	0	0	0	0	0	4	2	12	12	11	9	4	48_109.cif
.0000000155646023995893113091223746610181	0	0	0	0	0	0	0	0	0	0	0	0	0	0	0	0	0	0	0	0	0	0	0	0	4	2	12	12	11	9	4	48_110.cif
.0000000153690943582278856410134226850940	0	0	0	0	0	0	0	0	0	0	0	0	0	0	0	0	0	0	0	0	1	0	1	0	1	4	11	12	12	10	3	48_111.cif
.0000000149854147980255020813305345670132	0	0	0	0	0	0	0	0	0	0	0	0	0	0	0	0	0	0	0	0	0	0	0	0	4	2	12	12	12	8	4	48_112.cif
.0000000147967986866810230573147092382090	0	0	0	0	0	0	0	0	0	0	0	0	0	0	0	0	0	0	0	0	0	0	0	0	3	3	11	12	10	12	3	48_113.cif
.0000000144274061200025797187303967198175	0	0	0	0	0	0	0	0	0	0	0	0	0	0	0	0	0	0	0	0	0	0	0	0	3	3	11	12	12	10	3	48_114.cif
.0000000135430657705247070095323813494551	0	0	0	0	0	0	0	0	0	0	0	0	0	0	0	0	0	0	0	0	1	1	0	0	1	4	11	12	11	11	3	48_115.cif
.0000000125535689871796030995405537966045	0	0	0	0	0	0	0	0	0	0	0	0	0	0	0	0	0	0	0	0	0	0	0	0	3	3	12	11	11	11	3	48_116.cif
.0000000122398601555775071432054877411609	0	0	0	0	0	0	0	0	0	0	0	0	0	0	0	0	0	0	0	0	1	0	1	0	1	4	11	12	11	11	3	48_117.cif
.0000000113452855819909529624863546105810	0	0	0	0	0	0	0	0	0	0	0	0	0	0	0	0	0	0	0	0	1	1	0	0	1	4	12	11	11	11	3	48_118.cif
.0000000107856212763940832702970952101711	0	0	0	0	0	0	0	0	0	0	0	0	0	0	0	0	0	0	0	0	1	1	0	0	1	4	12	11	10	12	3	48_119.cif
.0000000097477556670663823781437236113765	0	0	0	0	0	0	0	0	0	0	0	0	0	0	0	0	0	0	0	0	0	0	0	0	3	3	11	12	11	11	3	48_120.cif
.0000000084817133598972177397261132382444	0	0	0	0	0	0	0	0	0	0	0	0	0	0	0	0	0	0	0	0	1	0	0	1	1	4	11	12	10	12	3	48_121.cif
.0000000080633094172610248558983825177193	0	0	0	0	0	0	0	0	0	0	0	0	0	0	0	0	0	0	0	0	0	0	0	0	3	3	11	12	11	11	3	48_122.cif
.0000000075690618852585388926159205107768	0	0	0	0	0	0	0	0	0	0	0	0	0	0	0	0	0	0	0	0	0	0	0	0	4	2	12	12	11	9	4	48_123.cif
.0000000073801051212755065592102696578069	0	0	0	0	0	0	0	0	0	0	0	0	0	0	0	0	0	0	0	0	1	0	0	1	2	3	12	12	12	8	4	48_124.cif
.0000000071052937291386830222132771467301	0	0	0	0	0	0	0	0	0	0	0	0	0	0	0	0	0	0	0	0	0	0	0	0	3	3	11	12	10	12	3	48_125.cif
.0000000053794756895424381516237170626677	0	0	0	0	0	0	0	0	0	0	0	0	0	0	0	0	0	0	0	0	0	0	0	0	4	2	12	12	11	9	4	48_126.cif
.0000000049236726549500380957482929901222	0	0	0	0	0	0	0	0	0	0	0	0	0	0	0	0	0	0	0	0	0	0	0	0	3	3	11	12	10	12	3	48_127.cif
.0000000045638162260532908037956839344873	0	0	0	0	0	0	0	0	0	0	0	0	0	0	0	0	0	0	0	0	1	0	1	0	1	4	11	12	11	11	3	48_128.cif
.0000000042841841305423795163229503208702	0	0	0	0	0	0	0	0	0	0	0	0	0	0	0	0	0	0	0	0	0	0	0	0	4	2	12	12	11	9	4	48_129.cif
.0000000035889430997685955556505479505425	0	0	0	0	0	0	0	0	0	0	0	0	0	0	0	0	0	0	0	0	1	1	0	0	2	3	12	12	10	10	4	48_130.cif
.0000000033266380405364531846470746249754	0	0	0	0	0	0	0	0	0	0	0	0	0	0	0	0	0	0	0	0	1	0	0	1	2	3	12	12	12	8	4	48_131.cif
.0000000032027647330384786445221095108749	0	0	0	0	0	0	0	0	0	0	0	0	0	0	0	0	0	0	0	0	0	0	0	0	4	2	12	12	9	11	4	48_132.cif
.0000000028223118406578477259194124330218	0	0	0	0	0	0	0	0	0	0	0	0	0	0	0	0	0	0	0	0	0	0	0	0	4	2	12	12	11	9	4	48_133.cif
.0000000025186247253345114068253079693208	0	0	0	0	0	0	0	0	0	0	0	0	0	0	0	0	0	0	0	0	0	0	0	0	4	2	12	12	11	9	4	48_134.cif
.0000000024869881069145251808801453386119	0	0	0	0	0	0	0	0	0	0	0	0	0	0	0	0	0	0	0	0	0	0	0	0	4	2	12	12	11	9	4	48_135.cif
.0000000021915047638720947670170919112273	0	0	0	0	0	0	0	0	0	0	0	0	0	0	0	0	0	0	0	0	1	0	0	1	2	3	12	12	11	9	4	48_136.cif
.0000000020572278694727664780873616928995	0	0	0	0	0	0	0	0	0	0	0	0	0	0	0	0	0	0	0	0	1	0	1	0	2	3	12	12	11	9	4	48_137.cif
.0000000020313342705221009590123014482717	0	0	0	0	0	0	0	0	0	0	0	0	0	0	0	0	0	0	0	0	1	1	0	0	1	4	12	10	12	11	3	48_138.cif
.0000000019311283060507006613635280675096	0	0	0	0	0	0	0	0	0	0	0	0	0	0	0	0	0	0	0	0	1	0	0	1	2	3	12	12	11	9	4	48_139.cif
.0000000018829189293698134397900776612295	0	0	0	0	0	0	0	0	0	0	0	0	0	0	0	0	0	0	0	0	1	0	1	0	2	3	12	12	11	9	4	48_140.cif
.0000000017016876239142427675724241641894	0	0	0	0	0	0	0	0	0	0	0	0	0	0	0	0	0	0	0	0	0	0	0	0	3	3	11	11	12	11	3	48_141.cif
.0000000015379397027310112667244604912010	0	0	0	0	0	0	0	0	0	0	0	0	0	0	0	0	0	0	0	0	0	0	0	0	4	2	12	12	11	9	4	48_142.cif
.0000000012721783466637371174604878596578	0	0	0	0	0	0	0	0	0	0	0	0	0	0	0	0	0	0	0	0	1	0	1	0	2	3	12	12	10	10	4	48_143.cif
.0000000012561984269437700458454434043016	0	0	0	0	0	0	0	0	0	0	0	0	0	0	0	0	0	0	0	0	0	0	0	0	3	3	12	10	12	11	3	48_144.cif
.0000000011497607203538418392229497872795	0	0	0	0	0	0	0	0	0	0	0	0	0	0	0	0	0	0	0	0	1	1	0	0	2	3	12	12	9	11	4	48_145.cif
.0000000011352890891729456755699439741179	0	0	0	0	0	0	0	0	0	0	0	0	0	0	0	0	0	0	0	0	0	0	0	0	4	2	12	12	11	9	4	48_146.cif
.0000000010523414818189056760099137128690	0	0	0	0	0	0	0	0	0	0	0	0	0	0	0	0	0	0	0	0	0	0	0	0	4	2	12	12	10	10	4	48_147.cif
.0000000010390960321078091320317275940397	0	0	0	0	0	0	0	0	0	0	0	0	0	0	0	0	0	0	0	0	1	0	0	1	2	3	12	12	9	11	4	48_148.cif
.0000000010131556676780903645001638505560	0	0	0	0	0	0	0	0	0	0	0	0	0	0	0	0	0	0	0	0	1	0	0	1	2	3	12	12	9	11	4	48_149.cif
.0000000009631765764410511555390398203617	0	0	0	0	0	0	0	0	0	0	0	0	0	0	0	0	0	0	0	0	1	0	1	0	2	3	12	12	11	9	4	48_150.cif
.0000000009041378342628675796346009359678	0	0	0	0	0	0	0	0	0	0	0	0	0	0	0	0	0	0	0	0	1	1	0	0	2	3	12	12	11	9	4	48_151.cif
.0000000008815666144807078601525759691515	0	0	0	0	0	0	0	0	0	0	0	0	0	0	0	0	0	0	0	0	1	0	1	0	2	3	12	12	11	9	4	48_152.cif
.0000000008380788271028473766108449549007	0	0	0	0	0	0	0	0	0	0	0	0	0	0	0	0	0	0	0	0	1	0	0	1	2	3	12	12	10	10	4	48_153.cif
.0000000008068714654986640842033928290897	0	0	0	0	0	0	0	0	0	0	0	0	0	0	0	0	0	0	0	0	0	0	0	0	4	2	12	12	10	10	4	48_154.cif
.0000000007867080597808829772733258882290	0	0	0	0	0	0	0	0	0	0	0	0	0	0	0	0	0	0	0	0	0	0	0	0	3	3	12	10	11	12	3	48_155.cif
.0000000007768261657278060937686108584628	0	0	0	0	0	0	0	0	0	0	0	0	0	0	0	0	0	0	0	0	0	0	0	0	4	2	12	12	11	9	4	48_156.cif
.0000000007110056761254765320619124645129	0	0	0	0	0	0	0	0	0	0	0	0	0	0	0	0	0	0	0	0	1	1	0	0	1	4	11	11	12	11	3	48_157.cif
.0000000006265298664022256468839630382324	0	0	0	0	0	0	0	0	0	0	0	0	0	0	0	0	0	0	0	0	0	0	0	0	4	2	11	12	12	9	4	48_158.cif
.0000000005881414101707761776266695205120	0	0	0	0	0	0	0	0	0	0	0	0	0	0	0	0	0	0	0	0	0	0	0	0	4	2	12	12	9	11	4	48_159.cif
.0000000005520907732172819979612181082247	0	0	0	0	0	0	0	0	0	0	0	0	0	0	0	0	0	0	0	0	1	0	1	0	2	3	12	12	10	10	4	48_160.cif
.0000000005451559230390163512991516125628	0	0	0	0	0	0	0	0	0	0	0	0	0	0	0	0	0	0	0	0	0	0	0	0	4	2	12	12	11	9	4	48_161.cif
.0000000005383081819908575825969115136280	0	0	0	0	0	0	0	0	0	0	0	0	0	0	0	0	0	0	0	0	0	0	0	0	4	2	12	12	8	12	4	48_162.cif
.0000000005117533744724595052601122050748	0	0	0	0	0	0	0	0	0	0	0	0	0	0	0	0	0	0	0	0	1	0	0	1	2	3	12	12	11	9	4	48_163.cif
.0000000004926973237850422437258771753666	0	0	0	0	0	0	0	0	0	0	0	0	0	0	0	0	0	0	0	0	0	0	0	0	3	3	12	10	11	12	3	48_164.cif
.0000000004864959169815141207645188765439	0	0	0	0	0	0	0	0	0	0	0	0	0	0	0	0	0	0	0	0	1	1	0	0	2	3	12	12	10	10	4	48_165.cif
.0000000004509510740987874050470590547918	0	0	0	0	0	0	0	0	0	0	0	0	0	0	0	0	0	0	0	0	0	0	0	0	4	2	12	12	10	10	4	48_166.cif
.0000000004452751125622180956489234418146	0	0	0	0	0	0	0	0	0	0	0	0	0	0	0	0	0	0	0	0	1	1	0	0	2	3	12	12	9	11	4	48_167.cif
.0000000004287056032448601919535262692944	0	0	0	0	0	0	0	0	0	0	0	0	0	0	0	0	0	0	0	0	1	0	0	1	2	3	12	12	9	11	4	48_168.cif
.0000000004179924161000279837572961252459	0	0	0	0	0	0	0	0	0	0	0	0	0	0	0	0	0	0	0	0	1	0	0	1	2	3	12	12	11	9	4	48_169.cif
.0000000004127419846095452707367331677236	0	0	0	0	0	0	0	0	0	0	0	0	0	0	0	0	0	0	0	0	0	0	0	0	4	2	12	12	9	11	4	48_170.cif
.0000000003973727998188195480482019556607	0	0	0	0	0	0	0	0	0	0	0	0	0	0	0	0	0	0	0	0	0	0	0	0	4	2	12	12	10	10	4	48_171.cif
.0000000003825759140670562215467920525595	0	0	0	0	0	0	0	0	0	0	0	0	0	0	0	0	0	0	0	0	0	0	0	0	3	3	11	11	12	11	3	48_172.cif
.0000000003637033981011026857941773895825	0	0	0	0	0	0	0	0	0	0	0	0	0	0	0	0	0	0	0	0	2	1	0	1	0	4	12	12	11	9	4	48_173.cif
.0000000003546145909113281281207294933264	0	0	0	0	0	0	0	0	0	0	0	0	0	0	0	0	0	0	0	0	1	0	1	0	2	3	12	12	10	10	4	48_174.cif
.0000000003371214103877860864766751737677	0	0	0	0	0	0	0	0	0	0	0	0	0	0	0	0	0	0	0	0	1	0	1	0	2	3	12	12	10	10	4	48_175.cif
.0000000003164654589298428394575930773035	0	0	0	0	0	0	0	0	0	0	0	0	0	0	0	0	0	0	0	0	1	1	0	0	2	3	12	12	10	10	4	48_176.cif
.0000000002970674346266604356658816614784	0	0	0	0	0	0	0	0	0	0	0	0	0	0	0	0	0	0	0	0	0	0	0	0	4	2	12	12	9	11	4	48_177.cif
.0000000002933359501463595304105799795257	0	0	0	0	0	0	0	0	0	0	0	0	0	0	0	0	0	0	0	0	1	1	0	0	2	3	12	12	10	10	4	48_178.cif
.0000000002584842003761090343558865524002	0	0	0	0	0	0	0	0	0	0	0	0	0	0	0	0	0	0	0	0	1	1	0	0	1	4	12	10	12	11	3	48_179.cif
.0000000002365828312232275711678805148263	0	0	0	0	0	0	0	0	0	0	0	0	0	0	0	0	0	0	0	0	1	0	1	0	2	3	12	12	10	10	4	48_180.cif
.0000000001908149541308823580969917859662	0	0	0	0	0	0	0	0	0	0	0	0	0	0	0	0	0	0	0	0	1	0	1	0	2	3	12	12	11	9	4	48_181.cif
.0000000001860465622597149383605895834352	0	0	0	0	0	0	0	0	0	0	0	0	0	0	0	0	0	0	0	0	0	0	0	0	3	3	11	11	12	11	3	48_182.cif
.0000000001702828349845248837425899994109	0	0	0	0	0	0	0	0	0	0	0	0	0	0	0	0	0	0	0	0	1	0	1	0	2	3	12	12	10	10	4	48_183.cif
.0000000001681439005812809082390476648352	0	0	0	0	0	0	0	0	0	0	0	0	0	0	0	0	0	0	0	0	1	0	0	1	2	3	12	12	10	10	4	48_184.cif
.0000000001598493416934421768042620531549	0	0	0	0	0	0	0	0	0	0	0	0	0	0	0	0	0	0	0	0	1	0	1	0	1	4	11	11	12	11	3	48_185.cif
.0000000001519639543955688313268702168779	0	0	0	0	0	0	0	0	0	0	0	0	0	0	0	0	0	0	0	0	2	0	1	1	0	4	12	12	11	9	4	48_186.cif
.0000000001463053052061863648142692968251	0	0	0	0	0	0	0	0	0	0	0	0	0	0	0	0	0	0	0	0	0	0	0	0	3	3	11	11	11	12	3	48_187.cif
.0000000001426491922394042815297388926104	0	0	0	0	0	0	0	0	0	0	0	0	0	0	0	0	0	0	0	0	1	1	0	0	2	3	12	12	10	10	4	48_188.cif
.0000000001339088550800925420417770463404	0	0	0	0	0	0	0	0	0	0	0	0	0	0	0	0	0	0	0	0	0	0	0	0	4	2	12	12	9	11	4	48_189.cif
.0000000001273031151143542682735847532591	0	0	0	0	0	0	0	0	0	0	0	0	0	0	0	0	0	0	0	0	1	0	1	0	1	4	12	10	11	12	3	48_190.cif
.0000000001257007958687053689703529841826	0	0	0	0	0	0	0	0	0	0	0	0	0	0	0	0	0	0	0	0	1	1	0	0	2	3	12	12	10	10	4	48_191.cif
.0000000001225627563101041142624647479008	0	0	0	0	0	0	0	0	0	0	0	0	0	0	0	0	0	0	0	0	2	0	2	0	0	4	12	12	10	10	4	48_192.cif
.0000000000951690952280741014670172070690	0	0	0	0	0	0	0	0	0	0	0	0	0	0	0	0	0	0	0	0	0	0	0	0	4	2	12	11	12	9	4	48_193.cif
.0000000000871054167382361993664247141184	0	0	0	0	0	0	0	0	0	0	0	0	0	0	0	0	0	0	0	0	1	0	1	0	2	3	12	12	9	11	4	48_194.cif
.0000000000860112796069907104151610021593	0	0	0	0	0	0	0	0	0	0	0	0	0	0	0	0	0	0	0	0	0	0	0	0	4	2	11	12	12	9	4	48_195.cif
.0000000000787235429358772527904722851172	0	0	0	0	0	0	0	0	0	0	0	0	0	0	0	0	0	0	0	0	0	0	0	0	4	2	12	11	11	10	4	48_196.cif
.0000000000659482196843123238132828238100	0	0	0	0	0	0	0	0	0	0	0	0	0	0	0	0	0	0	0	0	0	0	0	0	4	2	12	12	10	10	4	48_197.cif
.0000000000552460867147817560940510017652	0	0	0	0	0	0	0	0	0	0	0	0	0	0	0	0	0	0	0	0	0	0	0	0	4	2	12	11	12	9	4	48_198.cif
.0000000000423593403099292326769839599052	0	0	0	0	0	0	0	0	0	0	0	0	0	0	0	0	0	0	0	0	1	0	1	0	2	3	12	11	11	10	4	48_199.cif
.0000000000407820146364763280688965196499	0	0	0	0	0	0	0	0	0	0	0	0	0	0	0	0	0	0	0	0	0	0	0	0	3	3	11	11	11	12	3	48_200.cif
.0000000000373265540858815410016712353029	0	0	0	0	0	0	0	0	0	0	0	0	0	0	0	0	0	0	0	0	1	0	1	0	2	3	12	11	11	10	4	48_201.cif
.0000000000350394982492220602276522475992	0	0	0	0	0	0	0	0	0	0	0	0	0	0	0	0	0	0	0	0	0	0	0	0	4	2	12	11	12	9	4	48_202.cif
.0000000000341638747459049573201690739084	0	0	0	0	0	0	0	0	0	0	0	0	0	0	0	0	0	0	0	0	1	0	1	0	1	4	11	11	12	11	3	48_203.cif
.0000000000333109955760727583178201800718	0	0	0	0	0	0	0	0	0	0	0	0	0	0	0	0	0	0	0	0	0	0	0	0	4	2	11	12	12	9	4	48_204.cif
.0000000000320706011755466593551091370860	0	0	0	0	0	0	0	0	0	0	0	0	0	0	0	0	0	0	0	0	1	1	0	0	1	4	11	11	11	12	3	48_205.cif
.0000000000289845504810527343871990444646	0	0	0	0	0	0	0	0	0	0	0	0	0	0	0	0	0	0	0	0	0	0	0	0	4	2	12	11	11	10	4	48_206.cif
.0000000000279052589889579040496101460995	0	0	0	0	0	0	0	0	0	0	0	0	0	0	0	0	0	0	0	0	0	0	0	0	4	2	12	11	12	9	4	48_207.cif
.0000000000268661568427585625321284259683	0	0	0	0	0	0	0	0	0	0	0	0	0	0	0	0	0	0	0	0	0	0	0	0	4	2	12	11	10	11	4	48_208.cif
.0000000000227925934806303025750640193225	0	0	0	0	0	0	0	0	0	0	0	0	0	0	0	0	0	0	0	0	1	1	0	0	2	3	11	12	11	10	4	48_209.cif
.0000000000219444389815591597807624798733	0	0	0	0	0	0	0	0	0	0	0	0	0	0	0	0	0	0	0	0	1	0	1	0	1	4	11	11	11	12	3	48_210.cif
.0000000000213960559424330833030627865648	0	0	0	0	0	0	0	0	0	0	0	0	0	0	0	0	0	0	0	0	1	1	0	0	2	3	12	11	10	11	4	48_211.cif
.0000000000188539536620821816292663557156	0	0	0	0	0	0	0	0	0	0	0	0	0	0	0	0	0	0	0	0	1	0	1	0	2	3	12	11	10	11	4	48_212.cif
.0000000000183832768296980317306189974740	0	0	0	0	0	0	0	0	0	0	0	0	0	0	0	0	0	0	0	0	1	1	0	0	2	3	12	11	11	10	4	48_213.cif
.0000000000181518930317771645593412523344	0	0	0	0	0	0	0	0	0	0	0	0	0	0	0	0	0	0	0	0	0	0	0	0	4	2	12	11	10	11	4	48_214.cif
.0000000000172564579600479736388135261421	0	0	0	0	0	0	0	0	0	0	0	0	0	0	0	0	0	0	0	0	1	1	0	0	2	3	12	11	10	11	4	48_215.cif
.0000000000168256615808704598934008725807	0	0	0	0	0	0	0	0	0	0	0	0	0	0	0	0	0	0	0	0	0	0	0	0	4	2	12	11	11	10	4	48_216.cif
.0000000000157943180864918086786189435127	0	0	0	0	0	0	0	0	0	0	0	0	0	0	0	0	0	0	0	0	0	0	0	0	4	2	12	11	11	10	4	48_217.cif
.0000000000152061884501417966891165580070	0	0	0	0	0	0	0	0	0	0	0	0	0	0	0	0	0	0	0	0	1	1	0	0	2	3	11	12	12	9	4	48_218.cif
.0000000000140951789628289528748546000128	0	0	0	0	0	0	0	0	0	0	0	0	0	0	0	0	0	0	0	0	0	0	0	0	4	2	12	11	11	10	4	48_219.cif
.0000000000137429458944348347356272296097	0	0	0	0	0	0	0	0	0	0	0	0	0	0	0	0	0	0	0	0	1	1	0	0	2	3	12	11	11	10	4	48_220.cif
.0000000000133998620852161701496330140492	0	0	0	0	0	0	0	0	0	0	0	0	0	0	0	0	0	0	0	0	0	0	0	0	4	2	12	11	11	10	4	48_221.cif
.0000000000115127289900307766147467832291	0	0	0	0	0	0	0	0	0	0	0	0	0	0	0	0	0	0	0	0	1	1	0	0	2	3	12	11	10	11	4	48_222.cif
.0000000000112253211120734472239937167326	0	0	0	0	0	0	0	0	0	0	0	0	0	0	0	0	0	0	0	0	1	0	1	0	2	3	11	12	10	11	4	48_223.cif
Average: 0 0 0 0 0 0 0 0 0 0 0 0 0 0 0 0 0 0 0 0 .1627938766007821456348215802689264275966 .1621501383264849224645675910920036713186 .0006230526974411523868846448860894631834 .0000206855768560707833693442908332930946 1.6750266898838177453056305105858910587502 4.1621794335154001110551847865992002871650 11.9936441555706878471421373447602765597999 11.9944080361580446011893905774281210112841 10.8215380871461929549758859650533996360317 11.1897952780396925760824074612666010670353 2.0006144430853820365752736711237439139434
