.8067549407496130176488155364365635179862	0	3	3	0	3	0	0	0	0	0	0	0	0	0	0	0	0	0	0	0	0	0	0	0	0	0	4	5	0	0	0	9_1.cif
.0859988582447287897712776889115519882481	0	3	3	2	0	1	0	0	0	0	0	0	0	0	0	0	0	0	0	0	0	0	0	0	0	0	5	4	0	0	0	9_2.cif
.0611210179371023385929133132655766927095	0	3	3	1	1	1	0	0	0	0	0	0	0	0	0	0	0	0	0	0	0	0	0	0	0	0	3	6	0	0	0	9_3.cif
.0222203816061484984818305206817898369794	0	3	3	3	0	0	0	0	0	0	0	0	0	0	0	0	0	0	0	0	0	0	0	0	0	0	6	3	0	0	0	9_4.cif
.0042921856654034761866257304249344636263	0	3	3	1	1	1	0	0	0	0	0	0	0	0	0	0	0	0	0	0	0	0	0	0	0	0	6	3	0	0	0	9_5.cif
.0042381614438328067136549598266566102305	0	3	3	2	0	1	0	0	0	0	0	0	0	0	0	0	0	0	0	0	0	0	0	0	0	0	4	5	0	0	0	9_6.cif
.0041323584680077584792802109698048935164	0	3	3	1	2	0	0	0	0	0	0	0	0	0	0	0	0	0	0	0	0	0	0	0	0	0	5	4	0	0	0	9_7.cif
.0020095647915328821702175034166668038825	0	3	3	3	0	0	0	0	0	0	0	0	0	0	0	0	0	0	0	0	0	0	0	0	0	0	7	2	0	0	0	9_8.cif
.0018161437977310155758762923795638779911	0	3	3	1	1	1	0	0	0	0	0	0	0	0	0	0	0	0	0	0	0	0	0	0	0	0	6	3	0	0	0	9_9.cif
.0010410367430743765885833576436683320735	0	3	3	2	1	0	0	0	0	0	0	0	0	0	0	0	0	0	0	0	0	0	0	0	0	0	2	7	0	0	0	9_10.cif
.0009528296883352092954030113419918983633	0	3	3	1	1	1	0	0	0	0	0	0	0	0	0	0	0	0	0	0	0	0	0	0	0	0	5	4	0	0	0	9_11.cif
.0006602712935063052165843420587704756938	0	3	3	1	1	1	0	0	0	0	0	0	0	0	0	0	0	0	0	0	0	0	0	0	0	0	4	5	0	0	0	9_12.cif
.0005818233232173591716602864649271230510	0	3	3	2	1	0	0	0	0	0	0	0	0	0	0	0	0	0	0	0	0	0	0	0	0	0	5	3	1	0	0	9_13.cif
.0004461067491649834089468389111208902682	0	3	3	0	2	1	0	0	0	0	0	0	0	0	0	0	0	0	0	0	0	0	0	0	0	0	4	3	2	0	0	9_14.cif
.0003981149696728027697077290220184786530	0	3	3	1	2	0	0	0	0	0	0	0	0	0	0	0	0	0	0	0	0	0	0	0	0	0	5	3	1	0	0	9_15.cif
.0003420475318006498293211398581028819644	0	3	3	3	0	0	0	0	0	0	0	0	0	0	0	0	0	0	0	0	0	0	0	0	0	0	5	3	0	1	0	9_16.cif
.0003210897492467135915946540808946546018	0	3	3	1	0	2	0	0	0	0	0	0	0	0	0	0	0	0	0	0	0	0	0	0	0	0	5	4	0	0	0	9_17.cif
.0002493238716458249511357259936919041855	0	3	3	3	0	0	0	0	0	0	0	0	0	0	0	0	0	0	0	0	0	0	0	0	0	0	4	4	1	0	0	9_18.cif
.0002370246949979598554586453818019974484	0	3	3	2	1	0	0	0	0	0	0	0	0	0	0	0	0	0	0	0	0	0	0	0	0	0	5	4	0	0	0	9_19.cif
.0002142165717386927493925895927684376685	0	3	3	1	2	0	0	0	0	0	0	0	0	0	0	0	0	0	0	0	0	0	0	0	0	0	4	4	0	1	0	9_20.cif
.0002010911902856678158660015616134304346	0	3	3	1	2	0	0	0	0	0	0	0	0	0	0	0	0	0	0	0	0	0	0	0	0	0	4	3	1	1	0	9_21.cif
.0001985601266582323631417507744436444196	0	3	3	1	1	1	0	0	0	0	0	0	0	0	0	0	0	0	0	0	0	0	0	0	0	0	4	5	0	0	0	9_22.cif
.0001706008708109174695879402864536443572	0	3	3	0	1	2	0	0	0	0	0	0	0	0	0	0	0	0	0	0	0	0	0	0	0	0	5	4	0	0	0	9_23.cif
.0001182192988134500057141605432657149716	0	3	3	1	1	1	0	0	0	0	0	0	0	0	0	0	0	0	0	0	0	0	0	0	0	0	5	4	0	0	0	9_24.cif
.0001068406687939544763823347237800984235	0	3	3	3	0	0	0	0	0	0	0	0	0	0	0	0	0	0	0	0	0	0	0	0	0	0	2	5	1	1	0	9_25.cif
.0001015702057211703329219225115620829375	0	3	3	2	1	0	0	0	0	0	0	0	0	0	0	0	0	0	0	0	0	0	0	0	0	0	4	5	0	0	0	9_26.cif
.0000941491835133674794189817321232941055	0	3	3	2	1	0	0	0	0	0	0	0	0	0	0	0	0	0	0	0	0	0	0	0	0	0	0	8	1	0	0	9_27.cif
.0000929641610685507411007791697753078163	0	3	3	1	2	0	0	0	0	0	0	0	0	0	0	0	0	0	0	0	0	0	0	0	0	0	2	7	0	0	0	9_28.cif
.0000829631567640239529279581213309019317	0	3	3	3	0	0	0	0	0	0	0	0	0	0	0	0	0	0	0	0	0	0	0	0	0	0	5	3	1	0	0	9_29.cif
.0000712792664512142273550505527836281997	0	3	3	3	0	0	0	0	0	0	0	0	0	0	0	0	0	0	0	0	0	0	0	0	0	0	1	8	0	0	0	9_30.cif
.0000660713906225241885106753233912286777	0	3	3	2	1	0	0	0	0	0	0	0	0	0	0	0	0	0	0	0	0	0	0	0	0	0	2	6	1	0	0	9_31.cif
.0000567664062058375000994949436796252130	0	3	3	2	0	1	0	0	0	0	0	0	0	0	0	0	0	0	0	0	0	0	0	0	0	0	4	4	1	0	0	9_32.cif
.0000475543057075161696397111303457620503	0	3	3	3	0	0	0	0	0	0	0	0	0	0	0	0	0	0	0	0	0	0	0	0	0	0	3	5	1	0	0	9_33.cif
.0000452084460736092902343990526064370080	0	3	3	2	0	1	0	0	0	0	0	0	0	0	0	0	0	0	0	0	0	0	0	0	0	0	7	2	0	0	0	9_34.cif
.0000440798462808915367446365064471499949	0	3	3	2	1	0	0	0	0	0	0	0	0	0	0	0	0	0	0	0	0	0	0	0	0	0	2	6	0	1	0	9_35.cif
.0000435250288596707612247864957680469069	0	4	1	0	1	0	1	0	1	0	0	0	0	0	0	0	0	0	0	0	0	0	0	0	0	0	6	2	1	0	0	9_36.cif
.0000403449604186401872359794224376760932	0	3	3	2	1	0	0	0	0	0	0	0	0	0	0	0	0	0	0	0	0	0	0	0	0	0	4	4	0	1	0	9_37.cif
.0000321304991690743037903005205614841973	0	3	3	3	0	0	0	0	0	0	0	0	0	0	0	0	0	0	0	0	0	0	0	0	0	0	3	6	0	0	0	9_38.cif
.0000313275704271829516200328797257764788	0	3	3	1	2	0	0	0	0	0	0	0	0	0	0	0	0	0	0	0	0	0	0	0	0	0	4	3	2	0	0	9_39.cif
.0000301610324036878874109470194724635616	0	3	3	1	0	2	0	0	0	0	0	0	0	0	0	0	0	0	0	0	0	0	0	0	0	0	4	4	1	0	0	9_40.cif
.0000259140567606609096207401147908407742	0	3	3	3	0	0	0	0	0	0	0	0	0	0	0	0	0	0	0	0	0	0	0	0	0	0	6	2	1	0	0	9_41.cif
.0000249491005849311145436067929213390545	0	3	3	2	1	0	0	0	0	0	0	0	0	0	0	0	0	0	0	0	0	0	0	0	0	0	5	3	0	1	0	9_42.cif
.0000246357132163454713716273167597634240	0	3	3	2	1	0	0	0	0	0	0	0	0	0	0	0	0	0	0	0	0	0	0	0	0	0	5	3	1	0	0	9_43.cif
.0000188891670336133330683954339033329521	0	3	3	2	1	0	0	0	0	0	0	0	0	0	0	0	0	0	0	0	0	0	0	0	0	0	4	4	0	1	0	9_44.cif
.0000186518989072018291644440726282949341	0	3	3	0	1	2	0	0	0	0	0	0	0	0	0	0	0	0	0	0	0	0	0	0	0	0	4	4	0	1	0	9_45.cif
.0000177317984853550440866132454879755511	0	3	3	2	1	0	0	0	0	0	0	0	0	0	0	0	0	0	0	0	0	0	0	0	0	0	4	4	0	1	0	9_46.cif
.0000160251095050432163003784394708268439	0	3	3	1	1	1	0	0	0	0	0	0	0	0	0	0	0	0	0	0	0	0	0	0	0	0	1	7	1	0	0	9_47.cif
.0000126019987073181097327234770531645953	0	3	3	1	2	0	0	0	0	0	0	0	0	0	0	0	0	0	0	0	0	0	0	0	0	0	3	6	0	0	0	9_48.cif
.0000118295482856516401002867425942161340	0	3	3	2	0	1	0	0	0	0	0	0	0	0	0	0	0	0	0	0	0	0	0	0	0	0	5	3	1	0	0	9_49.cif
.0000105569356791852513711198293689101712	0	3	3	1	2	0	0	0	0	0	0	0	0	0	0	0	0	0	0	0	0	0	0	0	0	0	5	3	1	0	0	9_50.cif
.0000097853609950346025845763397649137046	0	3	3	0	3	0	0	0	0	0	0	0	0	0	0	0	0	0	0	0	0	0	0	0	0	0	4	4	1	0	0	9_51.cif
.0000094209856056035549239255158100619854	0	3	3	2	0	1	0	0	0	0	0	0	0	0	0	0	0	0	0	0	0	0	0	0	0	0	5	4	0	0	0	9_52.cif
.0000075984589706121140552079812258538286	0	3	3	1	2	0	0	0	0	0	0	0	0	0	0	0	0	0	0	0	0	0	0	0	0	0	2	7	0	0	0	9_53.cif
.0000075028198573433729588390608868220489	0	3	3	1	2	0	0	0	0	0	0	0	0	0	0	0	0	0	0	0	0	0	0	0	0	0	5	2	1	1	0	9_54.cif
.0000071327048492078437533890940952268798	0	3	3	2	1	0	0	0	0	0	0	0	0	0	0	0	0	0	0	0	0	0	0	0	0	0	6	2	1	0	0	9_55.cif
.0000059752034626041303547534175239725870	0	3	3	2	0	1	0	0	0	0	0	0	0	0	0	0	0	0	0	0	0	0	0	0	0	0	5	4	0	0	0	9_56.cif
.0000050693484765562111496114320422670085	0	3	3	0	3	0	0	0	0	0	0	0	0	0	0	0	0	0	0	0	0	0	0	0	0	0	4	3	1	1	0	9_57.cif
.0000039363124854095458966586192680249829	0	3	3	1	1	1	0	0	0	0	0	0	0	0	0	0	0	0	0	0	0	0	0	0	0	0	6	2	0	1	0	9_58.cif
.0000037421337159252416531871691837294755	0	3	3	2	1	0	0	0	0	0	0	0	0	0	0	0	0	0	0	0	0	0	0	0	0	0	3	5	0	1	0	9_59.cif
.0000033820402368629996694290817224445828	0	3	3	2	1	0	0	0	0	0	0	0	0	0	0	0	0	0	0	0	0	0	0	0	0	0	5	2	1	1	0	9_60.cif
.0000030565182201317278241369921191952684	0	3	3	1	1	1	0	0	0	0	0	0	0	0	0	0	0	0	0	0	0	0	0	0	0	0	5	3	1	0	0	9_61.cif
.0000029427795320749812083178063232057537	0	3	3	1	2	0	0	0	0	0	0	0	0	0	0	0	0	0	0	0	0	0	0	0	0	0	3	4	1	1	0	9_62.cif
.0000027277006249956702069335696134407349	0	3	3	1	2	0	0	0	0	0	0	0	0	0	0	0	0	0	0	0	0	0	0	0	0	0	5	3	0	1	0	9_63.cif
.0000025931428243011150175277666205972154	0	3	3	1	2	0	0	0	0	0	0	0	0	0	0	0	0	0	0	0	0	0	0	0	0	0	6	2	0	1	0	9_64.cif
.0000023435523337333000878021746228049991	0	3	3	1	1	1	0	0	0	0	0	0	0	0	0	0	0	0	0	0	0	0	0	0	0	0	3	4	1	1	0	9_65.cif
.0000023141148116666724595885938351456941	0	3	3	1	2	0	0	0	0	0	0	0	0	0	0	0	0	0	0	0	0	0	0	0	0	0	3	4	2	0	0	9_66.cif
.0000021999592490073514790207770533458088	0	3	3	3	0	0	0	0	0	0	0	0	0	0	0	0	0	0	0	0	0	0	0	0	0	0	3	5	1	0	0	9_67.cif
.0000020914349940171087725691013651389629	0	3	3	1	2	0	0	0	0	0	0	0	0	0	0	0	0	0	0	0	0	0	0	0	0	0	6	2	1	0	0	9_68.cif
.0000020391708427614068361204629981809582	0	3	3	0	2	1	0	0	0	0	0	0	0	0	0	0	0	0	0	0	0	0	0	0	0	0	4	4	1	0	0	9_69.cif
.0000020135566775399341814029878066149016	0	3	3	2	0	1	0	0	0	0	0	0	0	0	0	0	0	0	0	0	0	0	0	0	0	0	6	2	1	0	0	9_70.cif
.0000019142276838736885430530948680342253	0	3	3	1	1	1	0	0	0	0	0	0	0	0	0	0	0	0	0	0	0	0	0	0	0	0	2	6	1	0	0	9_71.cif
.0000016446852411678659604478743382537635	0	3	3	1	2	0	0	0	0	0	0	0	0	0	0	0	0	0	0	0	0	0	0	0	0	0	3	5	0	1	0	9_72.cif
.0000013433540294453107461491043829300112	0	3	3	2	1	0	0	0	0	0	0	0	0	0	0	0	0	0	0	0	0	0	0	0	0	0	4	4	1	0	0	9_73.cif
.0000012770862132121357170493210084082454	0	3	3	0	1	2	0	0	0	0	0	0	0	0	0	0	0	0	0	0	0	0	0	0	0	0	3	5	0	1	0	9_74.cif
.0000011688786842609787825580768444252520	0	3	3	2	0	1	0	0	0	0	0	0	0	0	0	0	0	0	0	0	0	0	0	0	0	0	4	4	0	1	0	9_75.cif
.0000011396688582187920191534947678436512	0	3	3	2	1	0	0	0	0	0	0	0	0	0	0	0	0	0	0	0	0	0	0	0	0	0	3	5	1	0	0	9_76.cif
.0000010698395804330288712951743680556866	0	3	3	1	2	0	0	0	0	0	0	0	0	0	0	0	0	0	0	0	0	0	0	0	0	0	2	6	0	1	0	9_77.cif
.0000010431047032740254211550077887800694	0	3	3	2	1	0	0	0	0	0	0	0	0	0	0	0	0	0	0	0	0	0	0	0	0	0	3	4	1	1	0	9_78.cif
.0000008099842503411064326076962547726875	0	3	3	1	1	1	0	0	0	0	0	0	0	0	0	0	0	0	0	0	0	0	0	0	0	0	3	4	1	1	0	9_79.cif
.0000007897430573345512274601997558813623	0	3	3	1	1	1	0	0	0	0	0	0	0	0	0	0	0	0	0	0	0	0	0	0	0	0	3	5	0	1	0	9_80.cif
.0000007798230404684386537804080164138073	0	3	3	2	1	0	0	0	0	0	0	0	0	0	0	0	0	0	0	0	0	0	0	0	0	0	5	3	0	1	0	9_81.cif
.0000007700276296165354216492280273162641	0	3	3	3	0	0	0	0	0	0	0	0	0	0	0	0	0	0	0	0	0	0	0	0	0	0	5	2	2	0	0	9_82.cif
.0000007507849371013603520788048279900033	0	3	3	2	1	0	0	0	0	0	0	0	0	0	0	0	0	0	0	0	0	0	0	0	0	0	2	5	1	1	0	9_83.cif
.0000007047831800540051216926596050273839	0	3	3	2	0	1	0	0	0	0	0	0	0	0	0	0	0	0	0	0	0	0	0	0	0	0	6	2	0	1	0	9_84.cif
.0000006132456657988771527789698155170452	0	3	3	0	2	1	0	0	0	0	0	0	0	0	0	0	0	0	0	0	0	0	0	0	0	0	3	5	0	1	0	9_85.cif
.0000005472590499514977137052332162592387	0	3	3	1	2	0	0	0	0	0	0	0	0	0	0	0	0	0	0	0	0	0	0	0	0	0	4	5	0	0	0	9_86.cif
.0000005268808820385379520672496761976209	0	3	3	0	2	1	0	0	0	0	0	0	0	0	0	0	0	0	0	0	0	0	0	0	0	0	4	4	0	1	0	9_87.cif
.0000004642812564202871308672747531177463	0	3	3	0	3	0	0	0	0	0	0	0	0	0	0	0	0	0	0	0	0	0	0	0	0	0	3	4	2	0	0	9_88.cif
.0000004413782060652952471238025575108275	0	3	3	1	1	1	0	0	0	0	0	0	0	0	0	0	0	0	0	0	0	0	0	0	0	0	3	5	1	0	0	9_89.cif
.0000004249537078358871856149318516099067	1	1	4	2	1	1	0	0	0	0	0	0	0	0	0	0	0	0	0	0	0	0	0	0	0	0	5	4	0	0	0	9_90.cif
.0000004039802257902652955226518515425919	0	3	3	2	1	0	0	0	0	0	0	0	0	0	0	0	0	0	0	0	0	0	0	0	0	0	3	5	0	1	0	9_91.cif
.0000003989058023861001318746689763135949	0	3	3	1	2	0	0	0	0	0	0	0	0	0	0	0	0	0	0	0	0	0	0	0	0	0	6	2	1	0	0	9_92.cif
.0000003427358674872950185890614440607317	0	3	3	2	1	0	0	0	0	0	0	0	0	0	0	0	0	0	0	0	0	0	0	0	0	0	1	6	1	1	0	9_93.cif
.0000003258286658224113858056268789368712	0	3	3	1	2	0	0	0	0	0	0	0	0	0	0	0	0	0	0	0	0	0	0	0	0	0	2	6	0	1	0	9_94.cif
.0000003136958536495049317665930296302776	0	3	3	2	1	0	0	0	0	0	0	0	0	0	0	0	0	0	0	0	0	0	0	0	0	0	4	4	0	1	0	9_95.cif
.0000003058567156460169084453472577819227	0	3	3	1	1	1	0	0	0	0	0	0	0	0	0	0	0	0	0	0	0	0	0	0	0	0	1	6	2	0	0	9_96.cif
.0000003020148284022560846761748961988979	0	4	1	0	1	0	1	0	1	0	0	0	0	0	0	0	0	0	0	0	0	0	0	0	0	0	6	3	0	0	0	9_97.cif
.0000002944675946999250748585656859220051	0	3	3	1	1	1	0	0	0	0	0	0	0	0	0	0	0	0	0	0	0	0	0	0	0	0	5	3	1	0	0	9_98.cif
.0000002835099116487336314669947497867819	0	3	3	1	2	0	0	0	0	0	0	0	0	0	0	0	0	0	0	0	0	0	0	0	0	0	3	4	2	0	0	9_99.cif
.0000002661319261492974317526042063886294	0	3	3	1	1	1	0	0	0	0	0	0	0	0	0	0	0	0	0	0	0	0	0	0	0	0	4	3	2	0	0	9_100.cif
.0000002627890247188975382459060327370395	0	3	3	1	1	1	0	0	0	0	0	0	0	0	0	0	0	0	0	0	0	0	0	0	0	0	3	5	1	0	0	9_101.cif
.0000002530036061463234663656366485539694	0	3	3	2	1	0	0	0	0	0	0	0	0	0	0	0	0	0	0	0	0	0	0	0	0	0	4	4	1	0	0	9_102.cif
.0000002466811439241190500074564244927025	0	3	3	1	1	1	0	0	0	0	0	0	0	0	0	0	0	0	0	0	0	0	0	0	0	0	5	4	0	0	0	9_103.cif
.0000002229438116752293558163188402996977	0	3	3	2	1	0	0	0	0	0	0	0	0	0	0	0	0	0	0	0	0	0	0	0	0	0	5	1	2	1	0	9_104.cif
.0000002119459665662091618012588569171017	0	3	3	2	1	0	0	0	0	0	0	0	0	0	0	0	0	0	0	0	0	0	0	0	0	0	5	3	1	0	0	9_105.cif
.0000002092836987013450310031992472819189	0	4	1	0	1	0	1	0	0	1	0	0	0	0	0	0	0	0	0	0	0	0	0	0	0	0	4	3	1	1	0	9_106.cif
.0000002040537800495246865742921260650704	0	3	3	1	2	0	0	0	0	0	0	0	0	0	0	0	0	0	0	0	0	0	0	0	0	0	0	7	2	0	0	9_107.cif
.0000001867643010121104475878875621749818	0	3	3	1	2	0	0	0	0	0	0	0	0	0	0	0	0	0	0	0	0	0	0	0	0	0	3	4	1	1	0	9_108.cif
.0000001821018503039807259410757774323902	0	3	3	2	1	0	0	0	0	0	0	0	0	0	0	0	0	0	0	0	0	0	0	0	0	0	6	1	1	1	0	9_109.cif
.0000001604660156361626835619127541767458	0	3	3	0	2	1	0	0	0	0	0	0	0	0	0	0	0	0	0	0	0	0	0	0	0	0	4	3	1	1	0	9_110.cif
.0000001564560319949787431403409068296202	0	3	3	2	0	1	0	0	0	0	0	0	0	0	0	0	0	0	0	0	0	0	0	0	0	0	4	3	2	0	0	9_111.cif
.0000001544907770151711028374720759946850	0	3	3	1	2	0	0	0	0	0	0	0	0	0	0	0	0	0	0	0	0	0	0	0	0	0	0	7	1	1	0	9_112.cif
.0000001468697283589288663287509009076885	0	3	3	2	1	0	0	0	0	0	0	0	0	0	0	0	0	0	0	0	0	0	0	0	0	0	3	4	1	1	0	9_113.cif
.0000001344254546528689959424404370885809	0	3	3	1	1	1	0	0	0	0	0	0	0	0	0	0	0	0	0	0	0	0	0	0	0	0	6	2	1	0	0	9_114.cif
.0000001310662145547105473346722712186277	0	3	3	2	1	0	0	0	0	0	0	0	0	0	0	0	0	0	0	0	0	0	0	0	0	0	6	1	1	1	0	9_115.cif
.0000001246007023888105433008187405159571	0	3	3	1	1	1	0	0	0	0	0	0	0	0	0	0	0	0	0	0	0	0	0	0	0	0	4	4	0	1	0	9_116.cif
.0000001043803948286480796576149415726576	0	3	3	3	0	0	0	0	0	0	0	0	0	0	0	0	0	0	0	0	0	0	0	0	0	0	4	4	1	0	0	9_117.cif
.0000001030692655093395609475956825186100	0	3	3	1	0	2	0	0	0	0	0	0	0	0	0	0	0	0	0	0	0	0	0	0	0	0	2	7	0	0	0	9_118.cif
.0000000992312973671938916636870651842166	0	3	3	2	1	0	0	0	0	0	0	0	0	0	0	0	0	0	0	0	0	0	0	0	0	0	4	3	2	0	0	9_119.cif
.0000000967540518220278291669076950429487	0	3	3	1	2	0	0	0	0	0	0	0	0	0	0	0	0	0	0	0	0	0	0	0	0	0	5	2	1	1	0	9_120.cif
.0000000955362428219127535436071380294299	0	3	3	1	0	2	0	0	0	0	0	0	0	0	0	0	0	0	0	0	0	0	0	0	0	0	4	5	0	0	0	9_121.cif
.0000000943362055043109517485464749235558	0	3	3	1	1	1	0	0	0	0	0	0	0	0	0	0	0	0	0	0	0	0	0	0	0	0	1	6	2	0	0	9_122.cif
.0000000931512419380008076186682571674734	0	3	3	1	2	0	0	0	0	0	0	0	0	0	0	0	0	0	0	0	0	0	0	0	0	0	5	2	2	0	0	9_123.cif
.0000000908234284452404709509843245225509	0	3	3	0	2	1	0	0	0	0	0	0	0	0	0	0	0	0	0	0	0	0	0	0	0	0	2	5	0	2	0	9_124.cif
.0000000810527223108308726152978931541029	0	3	3	1	0	2	0	0	0	0	0	0	0	0	0	0	0	0	0	0	0	0	0	0	0	0	6	2	0	1	0	9_125.cif
.0000000790272461422395105545231089478041	0	3	3	2	0	1	0	0	0	0	0	0	0	0	0	0	0	0	0	0	0	0	0	0	0	0	5	2	1	1	0	9_126.cif
.0000000751288225621723619123503374430648	0	3	3	2	1	0	0	0	0	0	0	0	0	0	0	0	0	0	0	0	0	0	0	0	0	0	5	4	0	0	0	9_127.cif
.0000000696378828330129992529499153515851	0	3	3	1	1	1	0	0	0	0	0	0	0	0	0	0	0	0	0	0	0	0	0	0	0	0	4	3	1	1	0	9_128.cif
.0000000670447919200350818260960780896410	0	3	3	2	0	1	0	0	0	0	0	0	0	0	0	0	0	0	0	0	0	0	0	0	0	0	3	4	2	0	0	9_129.cif
.0000000662026376770127056531202114714999	0	3	3	2	1	0	0	0	0	0	0	0	0	0	0	0	0	0	0	0	0	0	0	0	0	0	4	4	1	0	0	9_130.cif
.0000000637374642514063719842892525405860	0	3	3	1	1	1	0	0	0	0	0	0	0	0	0	0	0	0	0	0	0	0	0	0	0	0	6	2	0	1	0	9_131.cif
.0000000629368535787260888932630156217098	0	3	3	0	2	1	0	0	0	0	0	0	0	0	0	0	0	0	0	0	0	0	0	0	0	0	6	3	0	0	0	9_132.cif
.0000000605932874554170069452063244406136	0	3	3	2	1	0	0	0	0	0	0	0	0	0	0	0	0	0	0	0	0	0	0	0	0	0	3	4	0	2	0	9_133.cif
.0000000598321710037451669252791154710158	0	3	3	2	1	0	0	0	0	0	0	0	0	0	0	0	0	0	0	0	0	0	0	0	0	0	2	6	1	0	0	9_134.cif
.0000000583369882013906701185894648486544	0	3	3	2	1	0	0	0	0	0	0	0	0	0	0	0	0	0	0	0	0	0	0	0	0	0	3	4	1	1	0	9_135.cif
.0000000568806427945021654897602544560575	0	3	3	2	1	0	0	0	0	0	0	0	0	0	0	0	0	0	0	0	0	0	0	0	0	0	5	2	1	1	0	9_136.cif
.0000000507601574253258342215319020793899	0	3	3	1	1	1	0	0	0	0	0	0	0	0	0	0	0	0	0	0	0	0	0	0	0	0	5	3	1	0	0	9_137.cif
.0000000494929627277848930909124473641405	0	4	1	0	1	0	1	0	1	0	0	0	0	0	0	0	0	0	0	0	0	0	0	0	0	0	3	5	0	1	0	9_138.cif
.0000000488700123260474623761388730206863	0	3	3	1	2	0	0	0	0	0	0	0	0	0	0	0	0	0	0	0	0	0	0	0	0	0	2	5	0	2	0	9_139.cif
.0000000482561527396678980200633562853966	0	3	3	1	2	0	0	0	0	0	0	0	0	0	0	0	0	0	0	0	0	0	0	0	0	0	1	6	1	1	0	9_140.cif
.0000000441674083850362218104245887284326	0	3	3	0	2	1	0	0	0	0	0	0	0	0	0	0	0	0	0	0	0	0	0	0	0	0	2	5	1	1	0	9_141.cif
.0000000430647974289535942972399066135720	0	4	1	1	0	0	1	0	0	1	0	0	0	0	0	0	0	0	0	0	0	0	0	0	0	0	1	7	1	0	0	9_142.cif
.0000000425227560683128995410293448478831	0	3	3	0	2	1	0	0	0	0	0	0	0	0	0	0	0	0	0	0	0	0	0	0	0	0	5	2	2	0	0	9_143.cif
.0000000389198024769717352039056274031847	0	3	3	1	1	1	0	0	0	0	0	0	0	0	0	0	0	0	0	0	0	0	0	0	0	0	2	5	0	2	0	9_144.cif
.0000000384309281609373543752729517298951	0	3	3	2	1	0	0	0	0	0	0	0	0	0	0	0	0	0	0	0	0	0	0	0	0	0	4	3	2	0	0	9_145.cif
.0000000374715247457931185163791481516230	0	3	3	2	1	0	0	0	0	0	0	0	0	0	0	0	0	0	0	0	0	0	0	0	0	0	1	6	1	1	0	9_146.cif
.0000000369998839284410910162689523835194	0	3	3	2	1	0	0	0	0	0	0	0	0	0	0	0	0	0	0	0	0	0	0	0	0	0	2	5	1	1	0	9_147.cif
.0000000356221271832203072458852384402680	0	3	3	2	0	1	0	0	0	0	0	0	0	0	0	0	0	0	0	0	0	0	0	0	0	0	3	5	1	0	0	9_148.cif
.0000000330194683125515393410263525769956	0	4	1	1	0	0	1	0	1	0	0	0	0	0	0	0	0	0	0	0	0	0	0	0	0	0	5	3	0	1	0	9_149.cif
.0000000317899294502349365717361405427345	0	3	3	0	3	0	0	0	0	0	0	0	0	0	0	0	0	0	0	0	0	0	0	0	0	0	2	4	2	1	0	9_150.cif
.0000000309955114138397873410343833104564	0	3	3	0	3	0	0	0	0	0	0	0	0	0	0	0	0	0	0	0	0	0	0	0	0	0	4	2	2	1	0	9_151.cif
.0000000298413382006324990384884759247361	0	3	3	1	2	0	0	0	0	0	0	0	0	0	0	0	0	0	0	0	0	0	0	0	0	0	1	6	1	1	0	9_152.cif
.0000000283692613893930332803447969867089	0	3	3	1	1	1	0	0	0	0	0	0	0	0	0	0	0	0	0	0	0	0	0	0	0	0	3	4	1	1	0	9_153.cif
.0000000276610410167774130536975131596955	0	4	1	0	1	0	1	1	0	0	0	0	0	0	0	0	0	0	0	0	0	0	0	0	0	0	3	5	0	1	0	9_154.cif
.0000000269698023047320298465885322742368	0	3	3	1	2	0	0	0	0	0	0	0	0	0	0	0	0	0	0	0	0	0	0	0	0	0	4	3	2	0	0	9_155.cif
.0000000259655335585251506579120341591340	0	3	3	2	0	1	0	0	0	0	0	0	0	0	0	0	0	0	0	0	0	0	0	0	0	0	4	3	0	2	0	9_156.cif
.0000000246846506575648014796128749269277	0	3	3	0	3	0	0	0	0	0	0	0	0	0	0	0	0	0	0	0	0	0	0	0	0	0	4	3	1	1	0	9_157.cif
.0000000243745850627071478747242761904902	0	4	1	1	0	0	1	0	1	0	0	0	0	0	0	0	0	0	0	0	0	0	0	0	0	0	2	5	1	1	0	9_158.cif
.0000000228811164476950041704199799499671	0	3	3	1	2	0	0	0	0	0	0	0	0	0	0	0	0	0	0	0	0	0	0	0	0	0	1	5	2	1	0	9_159.cif
.0000000217518247715653158833962458930027	0	3	3	1	1	1	0	0	0	0	0	0	0	0	0	0	0	0	0	0	0	0	0	0	0	0	4	3	1	1	0	9_160.cif
.0000000214785986043978278074099067016467	0	4	1	1	0	0	1	0	1	0	0	0	0	0	0	0	0	0	0	0	0	0	0	0	0	0	6	3	0	0	0	9_161.cif
.0000000194117822146134439302089433186133	0	3	3	1	0	2	0	0	0	0	0	0	0	0	0	0	0	0	0	0	0	0	0	0	0	0	6	3	0	0	0	9_162.cif
.0000000191679494829650099363849547743964	0	3	3	2	1	0	0	0	0	0	0	0	0	0	0	0	0	0	0	0	0	0	0	0	0	0	4	3	0	2	0	9_163.cif
.0000000184541966575971884950097120079312	0	3	3	2	0	1	0	0	0	0	0	0	0	0	0	0	0	0	0	0	0	0	0	0	0	0	5	2	0	2	0	9_164.cif
.0000000179930334236577076866745621332079	0	3	3	2	1	0	0	0	0	0	0	0	0	0	0	0	0	0	0	0	0	0	0	0	0	0	6	2	0	1	0	9_165.cif
.0000000164684835029342550956502639437214	0	3	3	2	1	0	0	0	0	0	0	0	0	0	0	0	0	0	0	0	0	0	0	0	0	0	1	6	2	0	0	9_166.cif
.0000000162616217488597287588061159588293	0	4	1	1	0	0	1	1	0	0	0	0	0	0	0	0	0	0	0	0	0	0	0	0	0	0	1	7	1	0	0	9_167.cif
.0000000160573583995072380259826363038229	0	3	3	1	1	1	0	0	0	0	0	0	0	0	0	0	0	0	0	0	0	0	0	0	0	0	5	1	0	3	0	9_168.cif
.0000000156560912262221012171932897803040	0	3	3	0	3	0	0	0	0	0	0	0	0	0	0	0	0	0	0	0	0	0	0	0	0	0	4	3	1	1	0	9_169.cif
.0000000154594339874162291844296393672528	0	3	3	0	2	1	0	0	0	0	0	0	0	0	0	0	0	0	0	0	0	0	0	0	0	0	3	4	2	0	0	9_170.cif
.0000000141495559749096693033866352082792	0	3	3	1	2	0	0	0	0	0	0	0	0	0	0	0	0	0	0	0	0	0	0	0	0	0	3	4	2	0	0	9_171.cif
.0000000132822466906399268897791020267354	0	3	3	0	3	0	0	0	0	0	0	0	0	0	0	0	0	0	0	0	0	0	0	0	0	0	5	1	1	2	0	9_172.cif
.0000000131154074763317728308442169008522	0	4	1	1	0	0	1	0	1	0	0	0	0	0	0	0	0	0	0	0	0	0	0	0	0	0	5	3	0	1	0	9_173.cif
.0000000126270318600248994561756976314047	0	3	3	2	0	1	0	0	0	0	0	0	0	0	0	0	0	0	0	0	0	0	0	0	0	0	3	4	2	0	0	9_174.cif
.0000000123118061272788318657772103091958	0	3	3	2	1	0	0	0	0	0	0	0	0	0	0	0	0	0	0	0	0	0	0	0	0	0	2	5	1	1	0	9_175.cif
.0000000121571566836393723308790133271002	0	4	1	0	1	0	1	0	1	0	0	0	0	0	0	0	0	0	0	0	0	0	0	0	0	0	4	2	2	1	0	9_176.cif
.0000000115571433110566993509509722175162	0	3	3	2	1	0	0	0	0	0	0	0	0	0	0	0	0	0	0	0	0	0	0	0	0	0	3	4	2	0	0	9_177.cif
.0000000114119732389617246100913364661075	0	3	3	0	2	1	0	0	0	0	0	0	0	0	0	0	0	0	0	0	0	0	0	0	0	0	4	1	4	0	0	9_178.cif
.0000000112686266581279422756027871301434	0	3	3	3	0	0	0	0	0	0	0	0	0	0	0	0	0	0	0	0	0	0	0	0	0	0	5	2	1	1	0	9_179.cif
.0000000108490192232063311249228896633379	0	3	3	2	1	0	0	0	0	0	0	0	0	0	0	0	0	0	0	0	0	0	0	0	0	0	3	4	2	0	0	9_180.cif
.0000000107127439464875700807538573755888	0	3	3	2	0	1	0	0	0	0	0	0	0	0	0	0	0	0	0	0	0	0	0	0	0	0	3	4	1	1	0	9_181.cif
.0000000098050530335771107845916237430386	0	3	3	0	1	2	0	0	0	0	0	0	0	0	0	0	0	0	0	0	0	0	0	0	0	0	3	5	0	1	0	9_182.cif
.0000000090884311910874455782245367498104	0	3	3	1	1	1	0	0	0	0	0	0	0	0	0	0	0	0	0	0	0	0	0	0	0	0	4	3	2	0	0	9_183.cif
.0000000087500072273471014259382944873513	0	3	3	2	1	0	0	0	0	0	0	0	0	0	0	0	0	0	0	0	0	0	0	0	0	0	5	2	1	1	0	9_184.cif
.0000000079080222039615488106000738751945	0	3	3	1	1	1	0	0	0	0	0	0	0	0	0	0	0	0	0	0	0	0	0	0	0	0	3	4	0	2	0	9_185.cif
.0000000078086889930997035968666955993434	0	3	3	3	0	0	0	0	0	0	0	0	0	0	0	0	0	0	0	0	0	0	0	0	0	0	2	5	2	0	0	9_186.cif
.0000000074234854236203936703955166384719	0	3	3	0	2	1	0	0	0	0	0	0	0	0	0	0	0	0	0	0	0	0	0	0	0	0	2	6	0	1	0	9_187.cif
.0000000073300486404483861833672779572523	0	3	3	1	2	0	0	0	0	0	0	0	0	0	0	0	0	0	0	0	0	0	0	0	0	0	5	1	2	1	0	9_188.cif
.0000000071470586884657115535066634888504	0	3	3	0	3	0	0	0	0	0	0	0	0	0	0	0	0	0	0	0	0	0	0	0	0	0	4	3	1	1	0	9_189.cif
.0000000068809251963832319247620424909557	0	3	3	2	0	1	0	0	0	0	0	0	0	0	0	0	0	0	0	0	0	0	0	0	0	0	5	3	0	1	0	9_190.cif
.0000000066247016600875040594773372010558	0	3	3	0	2	1	0	0	0	0	0	0	0	0	0	0	0	0	0	0	0	0	0	0	0	0	3	4	1	1	0	9_191.cif
.0000000063780190646795503477573366542691	0	3	3	2	1	0	0	0	0	0	0	0	0	0	0	0	0	0	0	0	0	0	0	0	0	0	6	2	0	1	0	9_192.cif
.0000000062187959190171907574833504167388	0	3	3	1	1	1	0	0	0	0	0	0	0	0	0	0	0	0	0	0	0	0	0	0	0	0	2	6	0	1	0	9_193.cif
.0000000061405221361890711359404885507527	0	3	3	2	0	1	0	0	0	0	0	0	0	0	0	0	0	0	0	0	0	0	0	0	0	0	6	2	0	1	0	9_194.cif
.0000000056918772721109219487207487476560	0	3	3	2	1	0	0	0	0	0	0	0	0	0	0	0	0	0	0	0	0	0	0	0	0	0	3	4	1	1	0	9_195.cif
.0000000056202356277663797166461828562857	0	3	3	2	1	0	0	0	0	0	0	0	0	0	0	0	0	0	0	0	0	0	0	0	0	0	6	1	1	1	0	9_196.cif
.0000000053429887266484730507358785255147	0	3	3	0	3	0	0	0	0	0	0	0	0	0	0	0	0	0	0	0	0	0	0	0	0	0	1	5	1	2	0	9_197.cif
.0000000052096044479769514004439396731745	0	3	3	0	3	0	0	0	0	0	0	0	0	0	0	0	0	0	0	0	0	0	0	0	0	0	2	4	2	1	0	9_198.cif
.0000000051440330009490196456141608788060	0	4	1	0	1	0	1	0	1	0	0	0	0	0	0	0	0	0	0	0	0	0	0	0	0	0	5	4	0	0	0	9_199.cif
.0000000050794184485888118447488144583545	0	3	3	2	0	1	0	0	0	0	0	0	0	0	0	0	0	0	0	0	0	0	0	0	0	0	2	5	0	2	0	9_200.cif
.0000000047081790279616552170770725565506	0	3	3	0	2	1	0	0	0	0	0	0	0	0	0	0	0	0	0	0	0	0	0	0	0	0	5	2	1	1	0	9_201.cif
.0000000044759239888736487746000368126463	0	3	3	1	2	0	0	0	0	0	0	0	0	0	0	0	0	0	0	0	0	0	0	0	0	0	3	4	2	0	0	9_202.cif
.0000000043092549669196113160340299471224	1	1	4	4	0	0	0	0	0	0	0	0	0	0	0	0	0	0	0	0	0	0	0	0	0	0	7	1	1	0	0	9_203.cif
.0000000042551261188655371256071657840550	0	3	3	1	1	1	0	0	0	0	0	0	0	0	0	0	0	0	0	0	0	0	0	0	0	0	5	3	1	0	0	9_204.cif
.0000000040966788998588386604319729885945	0	3	3	0	2	1	0	0	0	0	0	0	0	0	0	0	0	0	0	0	0	0	0	0	0	0	4	4	1	0	0	9_205.cif
.0000000040452202344052826400485112826439	0	3	3	1	2	0	0	0	0	0	0	0	0	0	0	0	0	0	0	0	0	0	0	0	0	0	4	4	1	0	0	9_206.cif
.0000000039944079447881028226200655988695	0	3	3	3	0	0	0	0	0	0	0	0	0	0	0	0	0	0	0	0	0	0	0	0	0	0	2	5	2	0	0	9_207.cif
.0000000038945892358152744088180119722176	0	3	3	0	2	1	0	0	0	0	0	0	0	0	0	0	0	0	0	0	0	0	0	0	0	0	4	3	1	1	0	9_208.cif
.0000000037973633192884116638459397846366	0	3	3	2	0	1	0	0	0	0	0	0	0	0	0	0	0	0	0	0	0	0	0	0	0	0	5	2	2	0	0	9_209.cif
.0000000037024686792637930535501452516173	0	3	3	2	1	0	0	0	0	0	0	0	0	0	0	0	0	0	0	0	0	0	0	0	0	0	2	5	0	2	0	9_210.cif
.0000000036559617155071095803991505350051	0	3	3	1	1	1	0	0	0	0	0	0	0	0	0	0	0	0	0	0	0	0	0	0	0	0	4	4	0	1	0	9_211.cif
.0000000035198254529298909395265002352138	1	2	2	2	0	0	1	1	0	0	0	0	0	0	0	0	0	0	0	0	0	0	0	0	0	0	0	8	1	0	0	9_212.cif
.0000000033461920389713064962833697183856	0	3	3	1	1	1	0	0	0	0	0	0	0	0	0	0	0	0	0	0	0	0	0	0	0	0	3	5	1	0	0	9_213.cif
.0000000032215906034259099737714601438961	0	3	3	1	1	1	0	0	0	0	0	0	0	0	0	0	0	0	0	0	0	0	0	0	0	0	4	3	0	2	0	9_214.cif
.0000000030626691505498548979605092172896	0	3	3	2	0	1	0	0	0	0	0	0	0	0	0	0	0	0	0	0	0	0	0	0	0	0	6	1	1	1	0	9_215.cif
.0000000030241987526823280792088507900567	0	4	1	0	1	0	1	1	0	0	0	0	0	0	0	0	0	0	0	0	0	0	0	0	0	0	5	3	0	1	0	9_216.cif
.0000000028749401932858533811857871451310	0	4	1	1	0	0	1	1	0	0	0	0	0	0	0	0	0	0	0	0	0	0	0	0	0	0	2	5	1	1	0	9_217.cif
.0000000028388278717635646621529759222762	0	3	3	2	0	1	0	0	0	0	0	0	0	0	0	0	0	0	0	0	0	0	0	0	0	0	6	1	1	1	0	9_218.cif
.0000000027331190469356970516989055756431	0	3	3	2	1	0	0	0	0	0	0	0	0	0	0	0	0	0	0	0	0	0	0	0	0	0	2	5	1	1	0	9_219.cif
.0000000025656566057417537047256606428905	0	4	1	1	0	0	1	1	0	0	0	0	0	0	0	0	0	0	0	0	0	0	0	0	0	0	2	5	0	2	0	9_220.cif
.0000000022895861721760697391742356204499	0	4	1	0	1	0	1	0	1	0	0	0	0	0	0	0	0	0	0	0	0	0	0	0	0	0	5	4	0	0	0	9_221.cif
.0000000022043864420710905616040827799061	0	3	3	0	3	0	0	0	0	0	0	0	0	0	0	0	0	0	0	0	0	0	0	0	0	0	2	5	2	0	0	9_222.cif
.0000000021766406102601002602518980965667	0	3	3	1	2	0	0	0	0	0	0	0	0	0	0	0	0	0	0	0	0	0	0	0	0	0	4	3	0	2	0	9_223.cif
.0000000021492996778331389971175712739303	0	4	1	1	0	0	1	1	0	0	0	0	0	0	0	0	0	0	0	0	0	0	0	0	0	0	4	3	1	1	0	9_224.cif
.0000000020955895105186182456576399228276	0	3	3	1	2	0	0	0	0	0	0	0	0	0	0	0	0	0	0	0	0	0	0	0	0	0	4	3	1	1	0	9_225.cif
.0000000020692666665306565435010671893106	0	3	3	2	0	1	0	0	0	0	0	0	0	0	0	0	0	0	0	0	0	0	0	0	0	0	3	4	1	1	0	9_226.cif
.0000000019180301881461375876545392209019	0	3	3	1	1	1	0	0	0	0	0	0	0	0	0	0	0	0	0	0	0	0	0	0	0	0	2	5	1	1	0	9_227.cif
.0000000018701477975582475322843271720924	1	1	4	1	1	2	0	0	0	0	0	0	0	0	0	0	0	0	0	0	0	0	0	0	0	0	5	3	1	0	0	9_228.cif
.0000000017116901540149514292070331986330	0	3	3	1	1	1	0	0	0	0	0	0	0	0	0	0	0	0	0	0	0	0	0	0	0	0	4	2	3	0	0	9_229.cif
.0000000015865878676998198359120000443707	0	3	3	0	3	0	0	0	0	0	0	0	0	0	0	0	0	0	0	0	0	0	0	0	0	0	5	1	1	2	0	9_230.cif
.0000000015083212969002143870803642043055	0	3	3	1	2	0	0	0	0	0	0	0	0	0	0	0	0	0	0	0	0	0	0	0	0	0	2	5	1	1	0	9_231.cif
.0000000013980826288226897666021190513834	0	3	3	0	2	1	0	0	0	0	0	0	0	0	0	0	0	0	0	0	0	0	0	0	0	0	4	2	2	1	0	9_232.cif
.0000000013631803947905257128635969079931	0	3	3	1	2	0	0	0	0	0	0	0	0	0	0	0	0	0	0	0	0	0	0	0	0	0	3	4	1	1	0	9_233.cif
.0000000013460573920844095003487465505917	0	4	1	0	0	1	1	0	0	1	0	0	0	0	0	0	0	0	0	0	0	0	0	0	0	0	3	5	1	0	0	9_234.cif
.0000000012796230722404190797801032100002	0	3	3	1	0	2	0	0	0	0	0	0	0	0	0	0	0	0	0	0	0	0	0	0	0	0	3	4	1	1	0	9_235.cif
.0000000012635496388103935484853083157464	0	3	3	1	1	1	0	0	0	0	0	0	0	0	0	0	0	0	0	0	0	0	0	0	0	0	3	4	1	1	0	9_236.cif
.0000000012476781048833029891408557245775	0	3	3	0	3	0	0	0	0	0	0	0	0	0	0	0	0	0	0	0	0	0	0	0	0	0	2	4	2	1	0	9_237.cif
.0000000011861299935438797707322583382151	0	4	1	1	0	0	1	0	1	0	0	0	0	0	0	0	0	0	0	0	0	0	0	0	0	0	6	2	1	0	0	9_238.cif
.0000000011712005951957755408310411727707	0	3	3	1	2	0	0	0	0	0	0	0	0	0	0	0	0	0	0	0	0	0	0	0	0	0	5	1	2	1	0	9_239.cif
.0000000011276180579573398247244311822164	0	3	3	0	3	0	0	0	0	0	0	0	0	0	0	0	0	0	0	0	0	0	0	0	0	0	4	3	1	1	0	9_240.cif
.0000000010452038448418395018130899229833	0	3	3	0	3	0	0	0	0	0	0	0	0	0	0	0	0	0	0	0	0	0	0	0	0	0	4	3	1	1	0	9_241.cif
.0000000009688130387439164595242219692628	0	4	1	0	0	1	1	0	0	1	0	0	0	0	0	0	0	0	0	0	0	0	0	0	0	0	4	3	0	2	0	9_242.cif
.0000000009210213747383413558354125294702	0	4	1	0	0	1	1	1	0	0	0	0	0	0	0	0	0	0	0	0	0	0	0	0	0	0	5	3	0	1	0	9_243.cif
.0000000009094523618972647322196018187505	1	1	4	2	1	1	0	0	0	0	0	0	0	0	0	0	0	0	0	0	0	0	0	0	0	0	6	3	0	0	0	9_244.cif
.0000000008755872792801333334282957316873	0	3	3	0	2	1	0	0	0	0	0	0	0	0	0	0	0	0	0	0	0	0	0	0	0	0	5	2	1	1	0	9_245.cif
.0000000008429832234838819568922478037358	0	3	3	1	2	0	0	0	0	0	0	0	0	0	0	0	0	0	0	0	0	0	0	0	0	0	2	4	1	2	0	9_246.cif
.0000000008219386892448731749110880259062	0	3	3	1	2	0	0	0	0	0	0	0	0	0	0	0	0	0	0	0	0	0	0	0	0	0	5	1	2	1	0	9_247.cif
.0000000008115932379231404448625123669783	0	3	3	0	2	1	0	0	0	0	0	0	0	0	0	0	0	0	0	0	0	0	0	0	0	0	5	2	1	1	0	9_248.cif
.0000000007913323344937282510459210130618	0	3	3	1	1	1	0	0	0	0	0	0	0	0	0	0	0	0	0	0	0	0	0	0	0	0	2	5	1	1	0	9_249.cif
.0000000007522958150266649670108042302959	0	4	1	1	0	0	1	1	0	0	0	0	0	0	0	0	0	0	0	0	0	0	0	0	0	0	3	3	2	1	0	9_250.cif
.0000000006973127760552793536464964443513	0	4	1	0	1	0	1	0	1	0	0	0	0	0	0	0	0	0	0	0	0	0	0	0	0	0	4	2	1	2	0	9_251.cif
.0000000006463482820686505074837530105117	0	3	3	1	1	1	0	0	0	0	0	0	0	0	0	0	0	0	0	0	0	0	0	0	0	0	3	3	2	1	0	9_252.cif
.0000000006382294568381455215282543932215	0	3	3	0	2	1	0	0	0	0	0	0	0	0	0	0	0	0	0	0	0	0	0	0	0	0	5	2	1	1	0	9_253.cif
.0000000006222803496636671841624053185072	0	3	3	1	1	1	0	0	0	0	0	0	0	0	0	0	0	0	0	0	0	0	0	0	0	0	6	1	0	2	0	9_254.cif
.0000000006144638433876278539248668006198	0	3	3	1	1	1	0	0	0	0	0	0	0	0	0	0	0	0	0	0	0	0	0	0	0	0	3	4	1	1	0	9_255.cif
.0000000005841522679108674432330611954740	0	3	3	2	1	0	0	0	0	0	0	0	0	0	0	0	0	0	0	0	0	0	0	0	0	0	2	5	1	1	0	9_256.cif
.0000000005695545287634439841414644412642	0	3	3	2	1	0	0	0	0	0	0	0	0	0	0	0	0	0	0	0	0	0	0	0	0	0	5	2	1	1	0	9_257.cif
.0000000005553359661068717510894343198159	0	3	3	1	2	0	0	0	0	0	0	0	0	0	0	0	0	0	0	0	0	0	0	0	0	0	4	2	2	1	0	9_258.cif
.0000000004832087142760352170838412242784	0	4	1	0	1	0	1	0	1	0	0	0	0	0	0	0	0	0	0	0	0	0	0	0	0	0	4	4	1	0	0	9_259.cif
.0000000004711335154755749755802877509820	0	3	3	1	2	0	0	0	0	0	0	0	0	0	0	0	0	0	0	0	0	0	0	0	0	0	3	5	0	1	0	9_260.cif
.0000000004478924423552474177996571028937	0	4	1	1	0	0	1	0	0	1	0	0	0	0	0	0	0	0	0	0	0	0	0	0	0	0	5	1	1	2	0	9_261.cif
.0000000004422664345782822823643758136545	1	1	4	3	1	0	0	0	0	0	0	0	0	0	0	0	0	0	0	0	0	0	0	0	0	0	0	7	2	0	0	9_262.cif
.0000000004047931946915362637624489113097	0	4	1	0	1	0	1	1	0	0	0	0	0	0	0	0	0	0	0	0	0	0	0	0	0	0	4	3	1	1	0	9_263.cif
.0000000003946775693839565687837335775134	0	3	3	1	1	1	0	0	0	0	0	0	0	0	0	0	0	0	0	0	0	0	0	0	0	0	3	4	1	1	0	9_264.cif
.0000000003612365345707550482406726234785	0	3	3	2	1	0	0	0	0	0	0	0	0	0	0	0	0	0	0	0	0	0	0	0	0	0	4	2	3	0	0	9_265.cif
.0000000003391030120681466205484519167033	0	3	3	2	1	0	0	0	0	0	0	0	0	0	0	0	0	0	0	0	0	0	0	0	0	0	3	4	2	0	0	9_266.cif
.0000000003264759059100528333366485544820	0	3	3	1	1	1	0	0	0	0	0	0	0	0	0	0	0	0	0	0	0	0	0	0	0	0	1	6	1	1	0	9_267.cif
.0000000003026147636581388026072951969986	1	1	4	2	0	2	0	0	0	0	0	0	0	0	0	0	0	0	0	0	0	0	0	0	0	0	3	6	0	0	0	9_268.cif
.0000000002988135987962972595454863630000	0	4	1	0	1	0	1	0	1	0	0	0	0	0	0	0	0	0	0	0	0	0	0	0	0	0	4	4	1	0	0	9_269.cif
.0000000002950601806277506331153531164028	0	3	3	1	2	0	0	0	0	0	0	0	0	0	0	0	0	0	0	0	0	0	0	0	0	0	4	2	2	1	0	9_270.cif
.0000000002913539094030001619365997535451	0	3	3	1	2	0	0	0	0	0	0	0	0	0	0	0	0	0	0	0	0	0	0	0	0	0	1	5	1	2	0	9_271.cif
.0000000002734951192698263439793282227646	0	3	3	2	1	0	0	0	0	0	0	0	0	0	0	0	0	0	0	0	0	0	0	0	0	0	6	0	3	0	0	9_272.cif
.0000000002700597282641579864398516085645	0	4	2	0	2	0	0	0	0	0	0	0	0	0	0	0	0	0	0	0	0	0	0	0	0	0	3	4	1	0	1	9_273.cif
.0000000002666674894412171877541175555477	0	3	3	0	3	0	0	0	0	0	0	0	0	0	0	0	0	0	0	0	0	0	0	0	0	0	3	3	1	2	0	9_274.cif
.0000000002567376493093049460449741964534	0	3	3	2	1	0	0	0	0	0	0	0	0	0	0	0	0	0	0	0	0	0	0	0	0	0	5	2	0	2	0	9_275.cif
.0000000002535061834005451703323024342069	1	1	4	1	2	1	0	0	0	0	0	0	0	0	0	0	0	0	0	0	0	0	0	0	0	0	6	3	0	0	0	9_276.cif
.0000000002440727501154629179795695156662	0	3	3	2	1	0	0	0	0	0	0	0	0	0	0	0	0	0	0	0	0	0	0	0	0	0	1	5	3	0	0	9_277.cif
.0000000002291120995771875471569670078894	0	3	3	2	0	1	0	0	0	0	0	0	0	0	0	0	0	0	0	0	0	0	0	0	0	0	4	2	3	0	0	9_278.cif
.0000000002262342067347901225147728861539	1	1	4	4	0	0	0	0	0	0	0	0	0	0	0	0	0	0	0	0	0	0	0	0	0	0	4	4	0	1	0	9_279.cif
.0000000002123724861544664355404323487622	1	2	2	1	1	0	1	0	1	0	0	0	0	0	0	0	0	0	0	0	0	0	0	0	0	0	3	6	0	0	0	9_280.cif
.0000000002044644174193180655478005910274	0	3	3	1	1	1	0	0	0	0	0	0	0	0	0	0	0	0	0	0	0	0	0	0	0	0	5	2	0	2	0	9_281.cif
.0000000001993549307419976036724871696898	0	3	3	2	1	0	0	0	0	0	0	0	0	0	0	0	0	0	0	0	0	0	0	0	0	0	5	2	0	2	0	9_282.cif
.0000000001968508197442030806962729361599	1	1	4	3	0	1	0	0	0	0	0	0	0	0	0	0	0	0	0	0	0	0	0	0	0	0	4	4	0	1	0	9_283.cif
.0000000001943781630568985790024271876371	0	3	3	1	2	0	0	0	0	0	0	0	0	0	0	0	0	0	0	0	0	0	0	0	0	0	5	1	3	0	0	9_284.cif
.0000000001847846783131221103078288977454	1	1	4	0	4	0	0	0	0	0	0	0	0	0	0	0	0	0	0	0	0	0	0	0	0	0	4	4	0	1	0	9_285.cif
.0000000001779084991541388266941224143492	0	3	3	2	1	0	0	0	0	0	0	0	0	0	0	0	0	0	0	0	0	0	0	0	0	0	4	2	0	3	0	9_286.cif
.0000000001628343100557708982890720874156	0	3	3	0	3	0	0	0	0	0	0	0	0	0	0	0	0	0	0	0	0	0	0	0	0	0	3	3	2	1	0	9_287.cif
.0000000001607847722371562602542508863901	1	1	4	1	2	1	0	0	0	0	0	0	0	0	0	0	0	0	0	0	0	0	0	0	0	0	4	3	1	1	0	9_288.cif
.0000000001587651436534117252701852669096	0	3	3	1	0	2	0	0	0	0	0	0	0	0	0	0	0	0	0	0	0	0	0	0	0	0	4	4	0	1	0	9_289.cif
.0000000001509332399755687401405262112710	0	3	3	2	0	1	0	0	0	0	0	0	0	0	0	0	0	0	0	0	0	0	0	0	0	0	4	3	1	1	0	9_290.cif
.0000000001490373571662053543483670811394	0	3	3	1	1	1	0	0	0	0	0	0	0	0	0	0	0	0	0	0	0	0	0	0	0	0	2	5	2	0	0	9_291.cif
.0000000001434876850504023149529987962244	0	3	3	1	2	0	0	0	0	0	0	0	0	0	0	0	0	0	0	0	0	0	0	0	0	0	2	5	1	1	0	9_292.cif
.0000000001416816563521780775270193977985	0	3	3	1	0	2	0	0	0	0	0	0	0	0	0	0	0	0	0	0	0	0	0	0	0	0	3	4	2	0	0	9_293.cif
.0000000001399019833210836358910638927598	0	3	3	1	1	1	0	0	0	0	0	0	0	0	0	0	0	0	0	0	0	0	0	0	0	0	3	3	1	2	0	9_294.cif
.0000000001364094202473630194275114397709	0	3	3	2	1	0	0	0	0	0	0	0	0	0	0	0	0	0	0	0	0	0	0	0	0	0	5	3	0	1	0	9_295.cif
.0000000001346924831625649033697943634811	0	3	3	2	0	1	0	0	0	0	0	0	0	0	0	0	0	0	0	0	0	0	0	0	0	0	2	4	2	1	0	9_296.cif
.0000000001296803271004442185444353904103	0	3	3	3	0	0	0	0	0	0	0	0	0	0	0	0	0	0	0	0	0	0	0	0	0	0	2	5	1	1	0	9_297.cif
.0000000001280480867290406386712907287143	0	5	0	0	0	0	0	0	0	0	1	0	0	1	0	0	0	0	0	0	0	0	0	0	0	0	5	2	1	1	0	9_298.cif
.0000000001217314591726596237013872208269	1	2	2	2	0	0	1	0	1	0	0	0	0	0	0	0	0	0	0	0	0	0	0	0	0	0	2	6	0	1	0	9_299.cif
.0000000001186925115528763967866755868013	0	4	2	2	0	0	0	0	0	0	0	0	0	0	0	0	0	0	0	0	0	0	0	0	0	0	2	6	0	0	1	9_300.cif
.0000000001157264316151951324055068550831	1	1	4	2	1	1	0	0	0	0	0	0	0	0	0	0	0	0	0	0	0	0	0	0	0	0	3	4	1	1	0	9_301.cif
.0000000001142727839473670890954239249723	0	4	1	1	0	0	1	0	1	0	0	0	0	0	0	0	0	0	0	0	0	0	0	0	0	0	4	2	1	2	0	9_302.cif
.0000000001059209297862162510177760403456	0	3	3	0	2	1	0	0	0	0	0	0	0	0	0	0	0	0	0	0	0	0	0	0	0	0	3	4	0	2	0	9_303.cif
.0000000001006958375495715920830949016121	0	3	3	2	1	0	0	0	0	0	0	0	0	0	0	0	0	0	0	0	0	0	0	0	0	0	4	3	0	2	0	9_304.cif
.0000000000957284997429205896698036012007	0	3	3	1	0	2	0	0	0	0	0	0	0	0	0	0	0	0	0	0	0	0	0	0	0	0	3	4	1	1	0	9_305.cif
.0000000000933362815748408708504262860432	0	3	3	1	2	0	0	0	0	0	0	0	0	0	0	0	0	0	0	0	0	0	0	0	0	0	1	5	2	1	0	9_306.cif
.0000000000876174229023610011013067478551	0	3	3	1	2	0	0	0	0	0	0	0	0	0	0	0	0	0	0	0	0	0	0	0	0	0	1	5	2	1	0	9_307.cif
.0000000000854278974060852424931035918666	0	3	3	1	1	1	0	0	0	0	0	0	0	0	0	0	0	0	0	0	0	0	0	0	0	0	3	4	1	1	0	9_308.cif
.0000000000822468371057638618996519877502	0	4	1	0	1	0	1	1	0	0	0	0	0	0	0	0	0	0	0	0	0	0	0	0	0	0	6	0	1	2	0	9_309.cif
.0000000000781895907152980874021177228229	0	4	1	0	1	0	1	1	0	0	0	0	0	0	0	0	0	0	0	0	0	0	0	0	0	0	4	3	0	2	0	9_310.cif
.0000000000772074458880069772459180789329	0	3	3	1	0	2	0	0	0	0	0	0	0	0	0	0	0	0	0	0	0	0	0	0	0	0	5	2	0	2	0	9_311.cif
.0000000000752780616893584345151665935212	0	3	3	0	1	2	0	0	0	0	0	0	0	0	0	0	0	0	0	0	0	0	0	0	0	0	3	3	3	0	0	9_312.cif
.0000000000743324887784333614840798859407	0	3	3	2	1	0	0	0	0	0	0	0	0	0	0	0	0	0	0	0	0	0	0	0	0	0	3	3	3	0	0	9_313.cif
.0000000000724768259827924627064766486532	0	3	3	1	1	1	0	0	0	0	0	0	0	0	0	0	0	0	0	0	0	0	0	0	0	0	4	3	2	0	0	9_314.cif
.0000000000697780219524039147772335455329	0	3	3	1	1	1	0	0	0	0	0	0	0	0	0	0	0	0	0	0	0	0	0	0	0	0	3	3	2	1	0	9_315.cif
.0000000000688997506909566665379568486062	0	3	3	2	0	1	0	0	0	0	0	0	0	0	0	0	0	0	0	0	0	0	0	0	0	0	6	1	0	2	0	9_316.cif
.0000000000680342961832183316932747492575	0	4	1	0	1	0	1	1	0	0	0	0	0	0	0	0	0	0	0	0	0	0	0	0	0	0	4	3	1	1	0	9_317.cif
.0000000000671797127090824872835761842008	0	3	3	1	1	1	0	0	0	0	0	0	0	0	0	0	0	0	0	0	0	0	0	0	0	0	3	3	2	1	0	9_318.cif
.0000000000655009176825164515933842555739	1	1	4	2	0	2	0	0	0	0	0	0	0	0	0	0	0	0	0	0	0	0	0	0	0	0	1	5	2	1	0	9_319.cif
.0000000000638657293816634284364112648950	0	3	3	0	1	2	0	0	0	0	0	0	0	0	0	0	0	0	0	0	0	0	0	0	0	0	4	4	1	0	0	9_320.cif
.0000000000622697495161607670259220320115	0	3	3	0	0	3	0	0	0	0	0	0	0	0	0	0	0	0	0	0	0	0	0	0	0	0	4	3	1	1	0	9_321.cif
.0000000000607152252513342776451578446459	0	4	1	0	1	0	1	0	1	0	0	0	0	0	0	0	0	0	0	0	0	0	0	0	0	0	3	4	2	0	0	9_322.cif
.0000000000599510242038050691826936636050	0	3	3	0	2	1	0	0	0	0	0	0	0	0	0	0	0	0	0	0	0	0	0	0	0	0	2	5	1	1	0	9_323.cif
.0000000000591979752650151761956879362208	0	3	3	2	1	0	0	0	0	0	0	0	0	0	0	0	0	0	0	0	0	0	0	0	0	0	5	2	1	1	0	9_324.cif
.0000000000584543854257443301487767634611	0	3	3	1	2	0	0	0	0	0	0	0	0	0	0	0	0	0	0	0	0	0	0	0	0	0	2	4	2	1	0	9_325.cif
.0000000000569936329518736510853890514558	0	4	2	2	0	0	0	0	0	0	0	0	0	0	0	0	0	0	0	0	0	0	0	0	0	0	0	7	1	0	1	9_326.cif
.0000000000562777320080251375446746124743	0	3	3	2	1	0	0	0	0	0	0	0	0	0	0	0	0	0	0	0	0	0	0	0	0	0	3	4	0	2	0	9_327.cif
.0000000000555708235451759659447659787016	0	3	3	2	0	1	0	0	0	0	0	0	0	0	0	0	0	0	0	0	0	0	0	0	0	0	3	3	2	1	0	9_328.cif
.0000000000548713732608446727131369838729	0	3	3	1	1	1	0	0	0	0	0	0	0	0	0	0	0	0	0	0	0	0	0	0	0	0	4	2	3	0	0	9_329.cif
.0000000000541821301669560353103457886411	0	3	3	1	2	0	0	0	0	0	0	0	0	0	0	0	0	0	0	0	0	0	0	0	0	0	4	3	1	1	0	9_330.cif
.0000000000521645618023544279181726044960	0	3	3	2	0	1	0	0	0	0	0	0	0	0	0	0	0	0	0	0	0	0	0	0	0	0	4	2	1	2	0	9_331.cif
.0000000000508623070524014744172738835023	0	3	3	1	2	0	0	0	0	0	0	0	0	0	0	0	0	0	0	0	0	0	0	0	0	0	4	2	1	2	0	9_332.cif
.0000000000502221211983871509135848433681	0	3	3	0	3	0	0	0	0	0	0	0	0	0	0	0	0	0	0	0	0	0	0	0	0	0	3	3	1	2	0	9_333.cif
.0000000000483532633133242910247869245954	0	3	3	0	3	0	0	0	0	0	0	0	0	0	0	0	0	0	0	0	0	0	0	0	0	0	4	3	0	2	0	9_334.cif
.0000000000471449339725875876926459223568	0	3	3	2	1	0	0	0	0	0	0	0	0	0	0	0	0	0	0	0	0	0	0	0	0	0	3	4	1	1	0	9_335.cif
.0000000000459668003145336467468646627296	0	3	3	3	0	0	0	0	0	0	0	0	0	0	0	0	0	0	0	0	0	0	0	0	0	0	4	3	0	2	0	9_336.cif
.0000000000453894081739298259232164946812	0	4	1	1	0	0	1	0	0	1	0	0	0	0	0	0	0	0	0	0	0	0	0	0	0	0	3	3	2	1	0	9_337.cif
.0000000000442562907787141014043831644768	0	4	1	0	1	0	1	1	0	0	0	0	0	0	0	0	0	0	0	0	0	0	0	0	0	0	4	3	0	2	0	9_338.cif
.0000000000431503431963642771343396861541	1	1	4	2	2	0	0	0	0	0	0	0	0	0	0	0	0	0	0	0	0	0	0	0	0	0	5	2	1	1	0	9_339.cif
.0000000000410217315640935046153247833697	0	3	3	2	1	0	0	0	0	0	0	0	0	0	0	0	0	0	0	0	0	0	0	0	0	0	0	5	3	1	0	9_340.cif
.0000000000405064547722133784569590510703	0	3	3	3	0	0	0	0	0	0	0	0	0	0	0	0	0	0	0	0	0	0	0	0	0	0	5	2	1	1	0	9_341.cif
.0000000000380235765561697575290925308262	0	3	3	3	0	0	0	0	0	0	0	0	0	0	0	0	0	0	0	0	0	0	0	0	0	0	1	5	1	2	0	9_342.cif
.0000000000356938130721531787341391354621	0	3	3	1	1	1	0	0	0	0	0	0	0	0	0	0	0	0	0	0	0	0	0	0	0	0	5	3	1	0	0	9_343.cif
.0000000000352454606309342720988929059333	0	3	3	2	1	0	0	0	0	0	0	0	0	0	0	0	0	0	0	0	0	0	0	0	0	0	5	1	0	3	0	9_344.cif
.0000000000348018384945868897385504328730	0	3	3	1	2	0	0	0	0	0	0	0	0	0	0	0	0	0	0	0	0	0	0	0	0	0	4	1	2	2	0	9_345.cif
.0000000000326694758963037758443920599792	1	1	4	2	1	1	0	0	0	0	0	0	0	0	0	0	0	0	0	0	0	0	0	0	0	0	4	4	1	0	0	9_346.cif
.0000000000322591123623814965851826140498	0	3	3	1	2	0	0	0	0	0	0	0	0	0	0	0	0	0	0	0	0	0	0	0	0	0	5	0	2	2	0	9_347.cif
.0000000000314529696265540598928884516125	0	4	1	1	0	0	1	0	1	0	0	0	0	0	0	0	0	0	0	0	0	0	0	0	0	0	5	2	1	1	0	9_348.cif
.0000000000310578867115641946537552971590	0	3	3	1	2	0	0	0	0	0	0	0	0	0	0	0	0	0	0	0	0	0	0	0	0	0	1	6	1	1	0	9_349.cif
.0000000000306669720857718897427269831994	0	3	3	2	1	0	0	0	0	0	0	0	0	0	0	0	0	0	0	0	0	0	0	0	0	0	3	3	2	1	0	9_350.cif
.0000000000299013908427685492774551379269	0	3	3	0	2	1	0	0	0	0	0	0	0	0	0	0	0	0	0	0	0	0	0	0	0	0	5	2	0	2	0	9_351.cif
.0000000000291541666554364651850474535541	0	3	3	1	2	0	0	0	0	0	0	0	0	0	0	0	0	0	0	0	0	0	0	0	0	0	3	2	3	1	0	9_352.cif
.0000000000287879591626913008918895844225	0	4	2	0	1	1	0	0	0	0	0	0	0	0	0	0	0	0	0	0	0	0	0	0	0	0	5	3	0	0	1	9_353.cif
.0000000000284263516274523029445830343102	0	3	3	1	1	1	0	0	0	0	0	0	0	0	0	0	0	0	0	0	0	0	0	0	0	0	4	3	1	1	0	9_354.cif
.0000000000280685592022211163855502329009	0	3	3	1	1	1	0	0	0	0	0	0	0	0	0	0	0	0	0	0	0	0	0	0	0	0	3	5	0	1	0	9_355.cif
.0000000000270240762744647869154079861833	1	1	4	2	0	2	0	0	0	0	0	0	0	0	0	0	0	0	0	0	0	0	0	0	0	0	2	4	3	0	0	9_356.cif
.0000000000266839337927072746204085801084	0	3	3	1	2	0	0	0	0	0	0	0	0	0	0	0	0	0	0	0	0	0	0	0	0	0	1	5	2	1	0	9_357.cif
.0000000000263487550648672488411933002020	0	3	3	1	2	0	0	0	0	0	0	0	0	0	0	0	0	0	0	0	0	0	0	0	0	0	4	2	3	0	0	9_358.cif
.0000000000256909753337045954001298031140	0	3	3	2	1	0	0	0	0	0	0	0	0	0	0	0	0	0	0	0	0	0	0	0	0	0	6	0	3	0	0	9_359.cif
.0000000000253676121215812466286642312154	0	3	3	0	3	0	0	0	0	0	0	0	0	0	0	0	0	0	0	0	0	0	0	0	0	0	3	3	2	1	0	9_360.cif
.0000000000241162247571933640846178046426	0	3	3	0	1	2	0	0	0	0	0	0	0	0	0	0	0	0	0	0	0	0	0	0	0	0	4	3	2	0	0	9_361.cif
.0000000000238132991991697806478590394721	0	3	3	2	1	0	0	0	0	0	0	0	0	0	0	0	0	0	0	0	0	0	0	0	0	0	6	0	1	2	0	9_362.cif
.0000000000235141787099174412745161869283	0	3	3	1	1	1	0	0	0	0	0	0	0	0	0	0	0	0	0	0	0	0	0	0	0	0	4	3	1	1	0	9_363.cif
.0000000000232182140663289202674392610123	0	4	1	0	1	0	1	0	1	0	0	0	0	0	0	0	0	0	0	0	0	0	0	0	0	0	2	4	3	0	0	9_364.cif
.0000000000226385862786392204768823325997	0	3	3	0	3	0	0	0	0	0	0	0	0	0	0	0	0	0	0	0	0	0	0	0	0	0	4	2	3	0	0	9_365.cif
.0000000000223536424070304057962093605884	0	3	3	0	2	1	0	0	0	0	0	0	0	0	0	0	0	0	0	0	0	0	0	0	0	0	3	4	0	2	0	9_366.cif
.0000000000199488568276745741546701855400	0	3	3	0	3	0	0	0	0	0	0	0	0	0	0	0	0	0	0	0	0	0	0	0	0	0	5	1	2	1	0	9_367.cif
.0000000000196982778648684912038048802000	0	4	1	1	0	0	1	1	0	0	0	0	0	0	0	0	0	0	0	0	0	0	0	0	0	0	1	6	1	1	0	9_368.cif
.0000000000194503426144178951010556047501	0	3	3	0	2	1	0	0	0	0	0	0	0	0	0	0	0	0	0	0	0	0	0	0	0	0	4	4	0	1	0	9_369.cif
.0000000000187265594428839855109225320948	0	4	1	0	0	1	1	1	0	0	0	0	0	0	0	0	0	0	0	0	0	0	0	0	0	0	5	2	1	1	0	9_370.cif
.0000000000178023148698650374965433727370	0	3	3	0	2	1	0	0	0	0	0	0	0	0	0	0	0	0	0	0	0	0	0	0	0	0	2	5	2	0	0	9_371.cif
.0000000000175786987682421310504974197621	0	3	3	1	1	1	0	0	0	0	0	0	0	0	0	0	0	0	0	0	0	0	0	0	0	0	4	4	0	1	0	9_372.cif
.0000000000173578915238532729039969796343	0	3	3	1	2	0	0	0	0	0	0	0	0	0	0	0	0	0	0	0	0	0	0	0	0	0	2	4	2	1	0	9_373.cif
.0000000000169241245310096441187626200378	0	3	3	2	1	0	0	0	0	0	0	0	0	0	0	0	0	0	0	0	0	0	0	0	0	0	4	2	3	0	0	9_374.cif
.0000000000167115394386399309943958111639	0	3	3	0	3	0	0	0	0	0	0	0	0	0	0	0	0	0	0	0	0	0	0	0	0	0	3	3	2	1	0	9_375.cif
.0000000000160892554274484559033137882301	0	4	1	0	1	0	1	0	1	0	0	0	0	0	0	0	0	0	0	0	0	0	0	0	0	0	3	4	1	1	0	9_376.cif
.0000000000152955705174214120879841320820	1	1	4	1	2	1	0	0	0	0	0	0	0	0	0	0	0	0	0	0	0	0	0	0	0	0	2	5	1	1	0	9_377.cif
.0000000000147260126373714518032407296815	0	3	3	1	1	1	0	0	0	0	0	0	0	0	0	0	0	0	0	0	0	0	0	0	0	0	5	1	2	1	0	9_378.cif
.0000000000141776632619900504877836897696	0	3	3	0	2	1	0	0	0	0	0	0	0	0	0	0	0	0	0	0	0	0	0	0	0	0	4	2	2	1	0	9_379.cif
.0000000000139995766585374204287542998197	1	2	2	1	1	0	1	1	0	0	0	0	0	0	0	0	0	0	0	0	0	0	0	0	0	0	1	6	2	0	0	9_380.cif
.0000000000138237270131605489449748855857	0	3	3	3	0	0	0	0	0	0	0	0	0	0	0	0	0	0	0	0	0	0	0	0	0	0	2	5	1	1	0	9_381.cif
.0000000000134782774239549829100356448469	0	4	1	1	0	0	1	0	1	0	0	0	0	0	0	0	0	0	0	0	0	0	0	0	0	0	5	2	0	2	0	9_382.cif
.0000000000128133923736312010825662644706	0	4	1	1	0	0	1	0	1	0	0	0	0	0	0	0	0	0	0	0	0	0	0	0	0	0	6	0	0	3	0	9_383.cif
.0000000000120282959581384656194817398485	0	3	3	1	2	0	0	0	0	0	0	0	0	0	0	0	0	0	0	0	0	0	0	0	0	0	4	2	1	2	0	9_384.cif
.0000000000117277134962867469723086419010	0	3	3	3	0	0	0	0	0	0	0	0	0	0	0	0	0	0	0	0	0	0	0	0	0	0	1	5	2	1	0	9_385.cif
.0000000000114349386683395205754865601989	1	1	4	1	3	0	0	0	0	0	0	0	0	0	0	0	0	0	0	0	0	0	0	0	0	0	5	1	1	2	0	9_386.cif
.0000000000111491839755704836090707983329	0	3	3	2	1	0	0	0	0	0	0	0	0	0	0	0	0	0	0	0	0	0	0	0	0	0	1	5	0	3	0	9_387.cif
.0000000000104660561886697490433977746971	0	3	3	1	2	0	0	0	0	0	0	0	0	0	0	0	0	0	0	0	0	0	0	0	0	0	3	5	0	1	0	9_388.cif
.0000000000100763338982515526896646710093	0	3	3	2	1	0	0	0	0	0	0	0	0	0	0	0	0	0	0	0	0	0	0	0	0	0	5	1	3	0	0	9_389.cif
Average: .0000004379883355496947068003004852390584 3.0000434317575478432352736298961854165134 2.9999118231224795968842390027638623726018 .3356128978020605982891548757229959631439 2.5032034091519686505447160712367292049143 .1610955161684503480503680558041372045436 .0000443070035889326422510547565711516757 .0000000604598452613159337804195742132448 .0000439913870952596701887703020009255106 .0000002551566484116561285040349960129203 .0000000001280480867290406386712907287143 0 0 .0000000001280480867290406386712907287143 0 0 0 0 0 0 0 0 0 0 0 0 4.0918379751865009356592851422926279447407 4.9040079448494731257535472544063546088507 .0030749164394998186700149635056170664995 .0010791630499923017638199941741869115104 .0000000004745338319315993352038058312441
