.6320188357106793685419062079269783155593	0	0	0	0	0	0	1	0	1	0	5	0	1	2	1	1	0	0	0	0	0	0	0	0	0	0	9	9	3	2	0	23_1.cif
.2742789708773632583081413118125841525795	0	0	1	0	1	0	1	0	1	0	2	0	0	0	0	2	2	0	0	2	0	0	0	0	0	0	9	11	3	0	0	23_2.cif
.0416637083847935665360544826149676885302	0	0	0	0	0	0	1	0	1	0	5	0	1	1	2	1	0	0	0	0	0	0	0	0	0	0	9	9	4	1	0	23_3.cif
.0200060313159603021385592555432533832461	0	0	0	0	0	0	2	0	1	1	3	0	0	2	0	1	1	0	0	1	0	0	0	0	0	0	10	8	3	2	0	23_4.cif
.0097289275512055105751861997967264464638	0	0	0	0	0	0	2	0	2	0	3	0	0	0	1	2	1	0	0	1	0	0	0	0	0	0	10	8	1	4	0	23_5.cif
.0084653306470663667289578433686049678581	0	0	0	0	0	0	1	0	1	0	5	0	0	3	2	0	0	0	0	0	0	0	0	0	0	0	9	9	2	3	0	23_6.cif
.0033202125279781091892577268376108313267	0	0	0	0	0	0	2	0	2	0	3	0	0	2	1	0	1	0	0	1	0	0	0	0	0	0	10	7	3	3	0	23_7.cif
.0031564260436736035129840428035286109465	0	0	0	0	0	0	2	1	1	0	3	0	0	2	0	1	1	0	1	0	0	0	0	0	0	0	8	10	1	4	0	23_8.cif
.0014966496034911630048289332408082677521	0	0	0	0	0	0	3	1	2	0	2	0	0	0	1	1	0	0	0	0	1	0	1	0	0	0	9	9	4	1	0	23_9.cif
.0014049111702351469156740105497122499853	0	0	0	0	0	0	1	0	1	0	5	0	1	1	1	2	0	0	0	0	0	0	0	0	0	0	7	11	2	3	0	23_10.cif
.0013525967941962637084222891772812857781	0	0	0	0	0	0	2	0	2	0	3	0	0	3	0	0	1	0	0	1	0	0	0	0	0	0	11	7	2	3	0	23_11.cif
.0005238422917733211560012339638601295483	0	0	0	0	0	0	1	1	0	0	5	0	0	3	2	0	0	0	0	0	0	0	0	0	0	0	9	8	4	2	0	23_12.cif
.0004119447596715905591545141246314917592	0	0	0	0	0	0	2	1	1	0	3	0	0	0	1	1	1	0	1	0	0	0	0	0	0	0	7	10	3	3	0	23_13.cif
.0003040928003657407282702958529170690542	0	0	0	0	0	0	3	1	2	0	1	0	0	1	0	0	2	0	0	2	0	0	0	0	0	0	8	10	4	1	0	23_14.cif
.0002927693619547643746973807712096517831	0	0	0	0	0	0	1	0	1	0	5	1	0	3	0	1	0	0	0	0	0	0	0	0	0	0	7	9	4	3	0	23_15.cif
.0002515445015917483927239350880112826697	0	0	1	0	0	1	1	0	1	0	3	0	0	1	0	2	0	0	0	0	1	0	1	0	0	0	9	9	2	3	0	23_16.cif
.0001636253900181282956458296765308886870	0	0	1	0	1	0	0	0	0	0	4	0	0	0	3	1	1	0	0	1	0	0	0	0	0	0	9	9	3	2	0	23_17.cif
.0001478802455558128980188950849888970151	0	0	0	0	0	0	3	2	0	1	1	0	0	0	1	0	2	0	0	2	0	0	0	0	0	0	10	7	2	4	0	23_18.cif
.0001441885102944505651688014505277747873	0	0	0	0	0	0	3	1	2	0	2	0	1	0	0	1	0	0	0	0	1	0	0	1	0	0	8	10	3	2	0	23_19.cif
.0001388193936500382795935349927011324173	0	0	0	0	0	0	3	2	1	0	1	0	0	0	1	0	2	1	0	1	0	0	0	0	0	0	11	6	3	3	0	23_20.cif
.0000869371697145650976832705798522174829	0	0	0	0	0	0	2	0	2	0	3	0	0	1	1	1	1	0	0	1	0	0	0	0	0	0	9	8	4	2	0	23_21.cif
.0000625738885953169849737490822522660416	0	0	0	0	0	0	2	1	0	1	3	0	1	1	1	0	1	0	0	1	0	0	0	0	0	0	10	6	4	3	0	23_22.cif
.0000456110999731216954801453490774777801	0	0	1	0	1	0	1	0	1	0	2	0	0	0	2	0	2	1	0	1	0	0	0	0	0	0	9	9	3	2	0	23_23.cif
.0000428164371663172658006257041064568623	0	0	0	0	0	0	1	0	1	0	5	0	0	3	2	0	0	0	0	0	0	0	0	0	0	0	8	9	0	6	0	23_24.cif
.0000377293424770042178130941237291189840	0	0	1	0	1	0	1	0	1	0	3	0	0	2	0	1	0	0	0	0	1	0	0	1	0	0	11	7	4	1	0	23_25.cif
.0000340978860800066668804438378832911061	0	0	1	0	1	0	1	0	1	0	2	0	0	0	1	1	2	0	1	1	0	0	0	0	0	0	9	9	2	3	0	23_26.cif
.0000308167562863371333113758721811183687	0	0	0	0	0	0	2	0	2	0	3	0	1	0	2	0	1	0	0	1	0	0	0	0	0	0	8	9	2	4	0	23_27.cif
.0000292965619833291868866220190012568171	0	0	0	0	0	0	3	1	2	0	2	0	0	0	1	1	0	0	0	0	1	0	1	0	0	0	10	7	3	3	0	23_28.cif
.0000289285658530756170734009433844692583	0	0	0	0	0	0	1	0	1	0	5	0	1	2	1	1	0	0	0	0	0	0	0	0	0	0	8	9	4	2	0	23_29.cif
.0000258157869645761911870036967327272930	0	0	0	0	0	0	2	0	2	0	3	0	0	1	1	1	1	0	0	1	0	0	0	0	0	0	10	7	3	3	0	23_30.cif
.0000221806654283942095077849005386267216	0	0	0	0	0	0	1	1	0	0	5	1	0	0	2	2	0	0	0	0	0	0	0	0	0	0	7	9	5	2	0	23_31.cif
.0000208210823367806217228305147114077263	0	0	0	0	0	0	1	0	1	0	5	1	0	2	1	1	0	0	0	0	0	0	0	0	0	0	10	6	5	2	0	23_32.cif
.0000200462914085574402180436571214497015	0	0	1	0	1	0	1	1	0	0	2	0	0	1	0	1	2	0	1	1	0	0	0	0	0	0	7	10	4	2	0	23_33.cif
.0000190574054365047235724435582877400237	0	0	0	0	0	0	2	0	2	0	3	1	0	1	0	1	1	1	0	0	0	0	0	0	0	0	10	7	4	2	0	23_34.cif
.0000185811682485816016238264019695109883	0	0	0	0	0	0	2	1	1	0	3	0	0	1	1	1	1	0	0	1	0	0	0	0	0	0	9	7	4	3	0	23_35.cif
.0000138912451200576778647721393566203185	0	0	1	0	0	1	2	1	1	0	1	0	0	0	0	1	1	0	0	1	1	1	0	0	0	0	10	8	4	1	0	23_36.cif
.0000120867317012599785135926822054490476	0	0	0	0	0	0	2	1	1	0	3	0	0	1	1	1	1	1	0	0	0	0	0	0	0	0	9	8	3	3	0	23_37.cif
.0000110626227907116619488426452646667381	0	0	0	0	0	0	3	1	2	0	1	0	0	0	1	0	2	0	1	1	0	0	0	0	0	0	10	6	6	1	0	23_38.cif
.0000109236644248886214267160339426253222	0	0	1	0	1	0	2	0	2	0	1	0	0	0	1	0	1	1	0	0	1	0	0	1	0	0	9	9	3	2	0	23_39.cif
.0000103847987418041006924275795931382759	0	0	0	0	0	0	2	1	1	0	3	0	0	1	1	1	1	0	0	1	0	0	0	0	0	0	9	7	4	3	0	23_40.cif
.0000101252866394656080500982465611543540	0	0	0	0	0	0	1	0	0	1	5	0	0	3	1	0	0	0	0	0	0	0	0	0	0	0	8	8	3	4	0	23_41.cif
.0000099981022175135788733707031092080767	0	0	1	0	1	0	0	0	0	0	4	0	0	0	3	1	1	1	0	0	0	0	0	0	0	0	8	9	3	3	0	23_42.cif
.0000091509629061924578873022230337985288	0	0	0	0	0	0	2	0	2	0	3	0	0	2	1	0	1	0	1	0	0	0	0	0	0	0	10	7	3	3	0	23_43.cif
.0000073804820434915749506114263848047000	0	0	0	0	0	0	3	1	2	0	2	0	0	1	0	1	0	0	0	0	1	1	0	0	0	0	7	10	4	2	0	23_44.cif
.0000059526988298818660498856753278988229	0	0	0	0	0	0	2	0	2	0	3	0	0	2	1	0	1	0	1	0	0	0	0	0	0	0	10	6	3	4	0	23_45.cif
.0000055176339721347640133148870500144703	0	0	1	1	0	0	0	0	0	0	4	0	0	1	1	2	1	1	0	0	0	0	0	0	0	0	10	7	3	3	0	23_46.cif
.0000053797504341246451236535865823221239	0	0	0	0	0	0	2	0	2	0	3	0	1	1	1	0	1	1	0	0	0	0	0	0	0	0	6	11	3	3	0	23_47.cif
.0000053121750188723582247807883027522478	0	0	1	0	0	1	1	0	0	1	3	0	0	0	2	1	0	0	0	0	1	0	0	1	0	0	8	9	0	6	0	23_48.cif
.0000051795599846060161970476033224130164	0	0	0	0	0	0	1	0	1	0	5	0	0	1	4	0	0	0	0	0	0	0	0	0	0	0	9	7	4	3	0	23_49.cif
.0000051143666966030320939921614746171412	0	0	1	0	1	0	0	0	0	0	4	0	0	1	2	1	1	0	0	1	0	0	0	0	0	0	7	10	4	2	0	23_50.cif
.0000047406958099009912535252138291432498	0	0	0	0	0	0	2	2	0	0	3	0	0	2	1	0	1	0	0	1	0	0	0	0	0	0	9	8	3	3	0	23_51.cif
.0000045641675364133455130023460349109613	0	0	0	0	0	0	2	1	1	0	3	1	0	0	1	1	1	0	0	1	0	0	0	0	0	0	10	6	6	1	0	23_52.cif
.0000043390166015660725401630127079478051	0	0	0	0	0	0	3	0	3	0	2	0	0	0	1	1	0	0	0	0	1	0	1	0	0	0	9	8	3	3	0	23_53.cif
.0000040218909255539836211151621251635275	0	0	1	0	1	0	1	1	0	0	2	0	0	0	1	1	2	0	1	1	0	0	0	0	0	0	9	9	1	4	0	23_54.cif
.0000039713716769900049822263940389874140	0	0	0	0	0	0	3	2	1	0	1	0	0	0	0	1	2	0	0	2	0	0	0	0	0	0	7	10	1	5	0	23_55.cif
.0000038721286354359635720258916589466626	0	0	1	0	1	0	1	0	1	0	3	0	0	1	1	1	0	0	0	0	1	0	1	0	0	0	8	10	1	4	0	23_56.cif
.0000035891263969390665291355554496668303	0	0	0	0	0	0	3	0	2	1	2	0	0	0	1	1	1	0	0	1	0	0	0	0	0	0	9	10	3	0	1	23_57.cif
.0000029316200927324582836280841099332702	0	0	0	0	0	0	3	0	3	0	1	0	0	0	1	0	2	0	2	0	0	0	0	0	0	0	8	9	3	3	0	23_58.cif
.0000027173567955183264519624452158704333	0	0	0	0	0	0	3	0	2	1	1	1	0	0	0	0	2	0	0	2	0	0	0	0	0	0	8	9	3	3	0	23_59.cif
.0000026832238898948608581443454469432753	0	0	0	0	0	0	1	0	1	0	5	0	0	3	2	0	0	0	0	0	0	0	0	0	0	0	10	5	5	3	0	23_60.cif
.0000024558743000672826985711174095457222	0	0	0	0	0	0	3	2	1	0	1	0	0	0	1	0	2	1	0	1	0	0	0	0	0	0	7	10	3	3	0	23_61.cif
.0000024250258940554024522909467267806080	0	0	0	0	0	0	3	1	1	1	1	0	0	0	1	0	2	0	0	2	0	0	0	0	0	0	9	8	4	2	0	23_62.cif
.0000019558444558841469899519645381097646	0	0	1	0	0	1	0	0	0	0	4	0	1	1	0	1	1	0	0	1	0	0	0	0	0	0	8	9	3	3	0	23_63.cif
.0000019069686597119620147061543738994757	0	0	1	1	0	0	1	0	1	0	2	0	0	1	1	0	2	1	0	1	0	0	0	0	0	0	10	7	3	3	0	23_64.cif
.0000017234672053903176415099512566993590	0	0	0	0	0	0	3	1	1	1	2	0	0	0	1	1	0	0	0	0	1	1	0	0	0	0	8	9	3	3	0	23_65.cif
.0000016804419545866890408637322691545548	0	0	0	0	0	0	2	2	0	0	3	0	0	0	0	3	1	1	0	0	0	0	0	0	0	0	8	8	4	3	0	23_66.cif
.0000015975041698036819668876529045784715	0	0	0	0	0	0	2	0	2	0	3	0	0	2	1	0	1	0	1	0	0	0	0	0	0	0	8	8	3	4	0	23_67.cif
.0000013048510429764806120921580216264818	0	0	0	0	0	0	3	3	0	0	1	0	0	0	1	0	2	0	0	2	0	0	0	0	0	0	10	7	3	3	0	23_68.cif
.0000012884607192707188437015413844347307	0	0	0	0	0	0	3	0	2	1	1	0	0	1	0	0	2	0	0	2	0	0	0	0	0	0	9	8	1	5	0	23_69.cif
.0000012722433203021581165043094062076073	0	0	0	0	0	0	1	1	0	0	5	0	0	3	1	1	0	0	0	0	0	0	0	0	0	0	7	9	3	4	0	23_70.cif
.0000012249007966466340205166967630345082	0	0	0	0	0	0	2	1	1	0	3	0	0	2	1	0	1	0	0	1	0	0	0	0	0	0	7	9	6	1	0	23_71.cif
.0000010930987100975561652195369620258894	0	0	0	0	0	0	3	1	2	0	1	0	0	0	0	1	2	2	0	0	0	0	0	0	0	0	7	9	5	2	0	23_72.cif
.0000009879133406377809481916187840351902	0	0	0	0	0	0	2	0	2	0	3	0	0	1	1	1	1	0	0	1	0	0	0	0	0	0	9	7	2	5	0	23_73.cif
.0000008596027707196218079709425533906243	0	0	0	0	0	0	3	0	3	0	1	0	0	0	0	1	2	1	0	1	0	0	0	0	0	0	9	7	5	2	0	23_74.cif
.0000007867686184620502448689279829398104	0	0	0	0	0	0	1	0	1	0	5	0	1	0	3	1	0	0	0	0	0	0	0	0	0	0	10	6	3	4	0	23_75.cif
.0000007385429548034723577323082348644211	0	0	0	0	0	0	1	1	0	0	5	0	1	1	3	0	0	0	0	0	0	0	0	0	0	0	8	8	4	3	0	23_76.cif
.0000007292660659470813512479570664363601	0	0	0	0	0	0	2	0	2	0	3	0	0	1	2	0	1	1	0	0	0	0	0	0	0	0	8	8	5	2	0	23_77.cif
.0000006845828034963203518553664207477201	0	0	1	0	1	0	1	0	1	0	2	0	0	1	1	0	2	1	0	1	0	0	0	0	0	0	7	10	4	2	0	23_78.cif
.0000006759662020856079153110675665867629	0	0	0	0	0	0	3	0	3	0	2	0	0	0	1	1	0	0	0	0	1	0	1	0	0	0	7	10	4	2	0	23_79.cif
.0000006186915783167018578258688883920527	0	0	0	0	0	0	2	0	2	0	3	0	0	0	2	1	1	0	0	1	0	0	0	0	0	0	8	8	2	5	0	23_80.cif
.0000006032463408071547148934991904905819	0	0	0	0	0	0	2	2	0	0	3	0	0	1	1	1	1	0	0	1	0	0	0	0	0	0	11	5	4	3	0	23_81.cif
.0000005662698340523457834821917732774776	0	0	0	0	0	0	3	1	2	0	1	0	0	0	1	0	2	0	1	1	0	0	0	0	0	0	10	6	5	2	0	23_82.cif
.0000005591568797156159947025984188165359	0	0	0	0	0	0	2	0	1	1	4	0	0	0	3	1	0	0	0	0	0	0	0	0	0	0	10	8	2	2	1	23_83.cif
.0000005521332716875785495926753358943818	0	0	1	0	1	0	1	0	1	0	3	0	0	3	0	0	1	0	0	1	0	0	0	0	0	0	8	10	3	1	1	23_84.cif
.0000004625326165252673398732672210024157	0	0	0	0	0	0	3	0	2	1	1	0	0	0	1	0	2	2	0	0	0	0	0	0	0	0	10	7	2	4	0	23_85.cif
.0000004075783192300508426759343745339415	0	1	0	0	0	0	1	0	1	0	1	0	0	0	0	1	3	1	0	2	0	0	0	0	0	0	10	8	4	1	0	23_86.cif
.0000003924014127399927845638432215933354	0	0	0	0	0	0	2	1	1	0	3	0	0	2	1	0	1	0	0	1	0	0	0	0	0	0	9	8	4	2	0	23_87.cif
.0000003874724316030074510200085550966227	0	0	1	1	0	0	0	0	0	0	4	0	0	2	2	0	1	0	0	1	0	0	0	0	0	0	8	8	4	3	0	23_88.cif
.0000003683583698366598687788228140608160	0	0	1	0	1	0	1	1	0	0	2	0	0	1	1	0	2	2	0	0	0	0	0	0	0	0	9	7	5	2	0	23_89.cif
.0000003546418881935680500666128113202880	0	0	1	0	1	0	0	0	0	0	4	0	1	2	0	1	1	1	0	0	0	0	0	0	0	0	8	8	3	4	0	23_90.cif
.0000003501872070417211074926718783034712	0	0	0	0	0	0	1	1	0	0	5	0	0	3	2	0	0	0	0	0	0	0	0	0	0	0	9	7	2	5	0	23_91.cif
.0000003245930770898308826183112866012857	0	0	0	0	0	0	1	0	1	0	5	0	0	2	2	1	0	0	0	0	0	0	0	0	0	0	9	6	5	3	0	23_92.cif
.0000003164816216890622259102259827731553	0	0	1	0	1	0	0	0	0	0	4	0	0	1	3	0	1	0	0	1	0	0	0	0	0	0	8	8	4	3	0	23_93.cif
.0000003008695451347321307818051989116211	0	0	0	0	0	0	2	1	1	0	3	0	0	1	1	1	1	0	0	1	0	0	0	0	0	0	7	10	2	4	0	23_94.cif
.0000002860276141990873785266117799736742	0	0	1	1	0	0	1	1	0	0	2	0	0	2	0	0	2	0	0	2	0	0	0	0	0	0	8	8	4	3	0	23_95.cif
.0000002824348016625576560326870933926844	0	0	0	0	0	0	3	1	2	0	1	0	0	0	1	0	2	1	1	0	0	0	0	0	0	0	9	8	4	2	0	23_96.cif
.0000002753768652522972578279073210817949	0	0	0	0	0	0	2	0	2	0	3	3	0	0	0	0	1	0	0	1	0	0	0	0	0	0	10	6	4	3	0	23_97.cif
.0000002617924912887620138196537720798489	0	0	0	0	0	0	1	0	1	0	5	0	0	2	2	1	0	0	0	0	0	0	0	0	0	0	6	10	3	4	0	23_98.cif
.0000002552570100443394791630028351010103	0	0	0	0	0	0	3	0	2	1	2	0	0	0	2	0	0	0	0	0	1	0	0	1	0	0	9	8	4	2	0	23_99.cif
.0000002520441804178732393878275691504567	0	0	1	0	1	0	0	0	0	0	4	1	0	2	0	1	1	0	1	0	0	0	0	0	0	0	9	8	2	4	0	23_100.cif
.0000002488782361306395088150339595357845	0	0	1	0	0	1	0	0	0	0	4	0	0	0	3	1	1	1	0	0	0	0	0	0	0	0	7	9	3	4	0	23_101.cif
.0000002426651509639505439322663596306839	0	0	0	0	0	0	3	0	3	0	1	1	0	0	0	0	2	0	0	2	0	0	0	0	0	0	10	6	3	4	0	23_102.cif
.0000002366010427364662780042797996908652	0	0	0	0	0	0	2	0	2	0	3	0	0	0	2	1	1	0	0	1	0	0	0	0	0	0	8	8	4	3	0	23_103.cif
.0000002277907804343766254941382244024498	0	0	0	0	0	0	2	0	2	0	3	0	0	0	2	1	1	0	0	1	0	0	0	0	0	0	8	7	5	3	0	23_104.cif
.0000002193085839807459693273426555773067	0	0	1	1	0	0	2	1	1	0	1	0	0	0	1	0	1	0	0	1	1	0	1	0	0	0	10	7	2	4	0	23_105.cif
.0000002138336861703038543176333942620621	0	0	0	0	0	0	3	2	1	0	1	0	0	0	1	0	2	1	1	0	0	0	0	0	0	0	5	11	4	3	0	23_106.cif
.0000002058712070434410057590438284942567	0	0	1	0	1	0	0	0	0	0	4	0	0	3	0	1	1	0	0	1	0	0	0	0	0	0	9	8	4	2	0	23_107.cif
.0000001768778960909294876461993922614354	0	0	0	0	0	0	1	0	1	0	5	2	0	0	3	0	0	0	0	0	0	0	0	0	0	0	8	8	4	3	0	23_108.cif
.0000001702959429014756245936341518854621	0	0	0	0	0	0	3	0	3	0	1	0	0	1	0	0	2	0	0	2	0	0	0	0	0	0	8	8	6	1	0	23_109.cif
.0000001639546693864014663368693270651004	0	0	0	0	0	0	2	0	2	0	3	0	0	1	2	0	1	1	0	0	0	0	0	0	0	0	7	9	5	2	0	23_110.cif
.0000001539049259732262763167463817614379	0	0	0	0	0	0	2	1	1	0	4	0	0	2	1	1	0	0	0	0	0	0	0	0	0	0	10	7	4	1	1	23_111.cif
.0000001500627884383769839122752368312638	0	0	0	0	0	0	3	1	2	0	1	0	0	0	0	1	2	2	0	0	0	0	0	0	0	0	7	9	4	3	0	23_112.cif
.0000001444749325581403268186564177695051	0	0	0	0	0	0	2	1	1	0	3	0	0	1	1	0	1	1	0	0	0	0	0	0	0	0	7	9	5	2	0	23_113.cif
.0000001305725749591199812477219610579122	0	0	1	1	0	0	1	1	0	0	3	0	0	1	0	2	1	1	0	0	0	0	0	0	0	0	11	7	3	1	1	23_114.cif
.0000001257104719795889983014432046118654	0	0	1	0	1	0	0	0	0	0	4	2	0	0	1	1	1	0	0	1	0	0	0	0	0	0	11	5	5	2	0	23_115.cif
.0000001210294180862919764454731087201363	0	0	0	0	0	0	2	0	2	0	3	1	0	0	2	0	1	0	0	1	0	0	0	0	0	0	8	9	3	3	0	23_116.cif
.0000001150590223002591454088810583337751	0	0	1	1	0	0	1	0	1	0	2	0	0	0	0	1	2	1	0	1	0	0	0	0	0	0	9	7	4	3	0	23_117.cif
.0000001093831468581683454227802288069178	0	0	1	1	0	0	1	1	0	0	2	0	0	1	1	0	2	1	0	1	0	0	0	0	0	0	8	8	4	3	0	23_118.cif
.0000000988575588132218353706550991361709	0	0	1	1	0	0	0	0	0	0	4	0	0	2	2	0	1	0	0	1	0	0	0	0	0	0	11	5	3	4	0	23_119.cif
.0000000927979991541777104520081329657602	0	0	0	0	0	0	3	0	3	0	1	0	0	1	0	0	2	0	1	1	0	0	0	0	0	0	8	8	4	3	0	23_120.cif
.0000000882202626677694316629209099028482	0	0	0	0	0	0	2	2	0	0	4	0	0	1	1	2	0	0	0	0	0	0	0	0	0	0	10	7	2	3	1	23_121.cif
.0000000860156724390145911120701991825104	0	0	1	0	1	0	2	1	1	0	1	0	0	0	0	1	1	0	0	1	1	1	0	0	0	0	11	6	3	3	0	23_122.cif
.0000000817725089471722848360456019361843	0	0	0	0	0	0	2	0	2	0	3	1	0	0	1	1	1	1	0	0	0	0	0	0	0	0	9	8	2	4	0	23_123.cif
.0000000777386612219569104272743693583896	0	0	0	0	0	0	2	0	2	0	3	1	0	1	1	0	1	1	0	0	0	0	0	0	0	0	5	10	5	3	0	23_124.cif
.0000000711518635979802210303764510564607	0	0	0	0	0	0	3	2	1	0	1	0	0	0	0	1	2	1	0	1	0	0	0	0	0	0	10	6	5	2	0	23_125.cif
.0000000676419335883119509452560512794840	0	0	0	0	0	0	2	1	1	0	3	0	0	1	1	1	1	1	0	0	0	0	0	0	0	0	6	10	4	3	0	23_126.cif
.0000000643051488491931316226502442515917	0	0	0	0	0	0	3	2	1	0	1	0	0	0	0	1	2	1	0	1	0	0	0	0	0	0	9	7	3	4	0	23_127.cif
.0000000573857698942802951170533056556818	0	0	0	0	0	0	2	0	2	0	3	0	0	1	2	0	1	0	1	0	0	0	0	0	0	0	8	8	5	2	0	23_128.cif
.0000000552503394106954493190960027850743	0	0	1	1	0	0	1	0	1	0	2	0	0	2	0	0	2	0	2	0	0	0	0	0	0	0	10	6	5	2	0	23_129.cif
.0000000545549229467160145413919636777334	0	0	0	0	0	0	2	1	1	0	3	1	0	2	0	0	1	0	0	1	0	0	0	0	0	0	9	7	4	3	0	23_130.cif
.0000000451276415801456033775780744653164	0	0	0	0	0	0	2	0	2	0	3	0	0	2	1	0	1	1	0	0	0	0	0	0	0	0	9	6	5	3	0	23_131.cif
.0000000445607901701264499886741843947748	0	0	0	0	0	0	2	1	0	1	3	0	0	3	0	0	1	0	0	1	0	0	0	0	0	0	9	7	2	5	0	23_132.cif
.0000000423626010185903327899191093638379	0	0	0	0	0	0	1	0	1	0	5	0	1	1	3	0	0	0	0	0	0	0	0	0	0	0	10	6	3	4	0	23_133.cif
.0000000397659487113102239610218634656405	0	0	0	0	0	0	3	0	3	0	2	0	0	0	1	1	1	0	0	1	0	0	0	0	0	0	8	9	5	0	1	23_134.cif
.0000000392664458942236589249049609380358	0	0	0	0	0	0	3	2	1	0	1	0	0	1	0	0	2	1	0	1	0	0	0	0	0	0	7	9	4	3	0	23_135.cif
.0000000382851926048026282509432061922015	0	0	0	0	0	0	1	0	1	0	5	1	0	1	2	1	0	0	0	0	0	0	0	0	0	0	8	7	6	2	0	23_136.cif
.0000000378042896670245709229372473358324	0	0	1	1	0	0	2	0	2	0	1	0	1	0	0	0	1	0	0	1	1	0	1	0	0	0	11	5	5	2	0	23_137.cif
.0000000359393994998997241601508184841969	0	0	0	0	0	0	2	1	1	0	3	0	0	1	1	1	1	1	0	0	0	0	0	0	0	0	9	6	3	5	0	23_138.cif
.0000000328942537833148014123197287593619	0	0	1	1	0	0	1	0	1	0	3	0	0	2	1	0	0	0	0	0	1	1	0	0	0	0	10	7	4	2	0	23_139.cif
.0000000268682249276169832949759325509206	0	0	0	0	0	0	1	0	1	0	5	2	0	2	0	1	0	0	0	0	0	0	0	0	0	0	3	12	6	2	0	23_140.cif
.0000000265300440915921006775379071259829	0	0	1	1	0	0	2	0	2	0	1	1	0	0	0	0	2	0	0	2	0	0	0	0	0	0	10	8	2	2	1	23_141.cif
.0000000255421505276855650979834882702306	0	0	1	0	1	0	1	1	0	0	2	0	0	1	1	0	2	0	2	0	0	0	0	0	0	0	10	6	5	2	0	23_142.cif
.0000000239771433665430422239770118057752	0	0	1	0	1	0	2	0	2	0	0	0	0	0	0	0	3	0	0	3	0	0	0	0	0	0	9	7	5	2	0	23_143.cif
.0000000222247260570058251582115760011231	0	0	0	0	0	0	3	1	2	0	1	1	0	0	0	0	2	1	0	1	0	0	0	0	0	0	9	7	2	5	0	23_144.cif
.0000000203416247727188287195139004576320	0	0	0	0	0	0	1	1	0	0	5	1	0	2	0	2	0	0	0	0	0	0	0	0	0	0	6	10	1	6	0	23_145.cif
.0000000198338091874484824498440676454090	0	0	1	1	0	0	1	0	1	0	3	0	0	2	1	0	1	0	0	1	0	0	0	0	0	0	6	12	3	1	1	23_146.cif
.0000000190952618870223854853202287811657	0	0	0	0	0	0	2	0	2	0	4	1	0	2	1	0	0	0	0	0	0	0	0	0	0	0	7	9	4	2	1	23_147.cif
.0000000186180786810487293335451900878573	0	0	0	0	0	0	2	1	0	1	3	0	0	0	3	0	1	0	0	1	0	0	0	0	0	0	7	8	6	2	0	23_148.cif
.0000000146410858158245210029158769648448	0	0	0	0	0	0	1	0	0	1	5	0	0	3	2	0	0	0	0	0	0	0	0	0	0	0	8	7	5	3	0	23_149.cif
.0000000144571781297963875807164416898158	0	0	0	0	0	0	2	1	1	0	3	0	0	1	2	0	1	0	0	1	0	0	0	0	0	0	8	8	3	4	0	23_150.cif
.0000000140958988422891023325376785269476	0	0	1	0	1	0	0	0	0	0	4	1	0	1	0	1	1	1	0	0	0	0	0	0	0	0	8	8	4	3	0	23_151.cif
.0000000125794741967318165613148601319291	0	0	0	0	0	0	3	0	2	1	1	0	0	0	1	0	2	1	1	0	0	0	0	0	0	0	8	8	5	2	0	23_152.cif
.0000000119589272179706021227484556428830	0	0	0	0	0	0	2	1	1	0	3	0	0	1	2	0	1	1	0	0	0	0	0	0	0	0	6	9	5	3	0	23_153.cif
.0000000115136152090997240183898157547749	0	0	1	1	0	0	1	1	0	0	2	0	0	0	2	0	2	0	0	2	0	0	0	0	0	0	8	9	2	4	0	23_154.cif
.0000000113686974101914695349724515766327	0	0	0	0	0	0	3	0	3	0	2	0	0	0	1	1	1	1	0	0	0	0	0	0	0	0	8	10	3	1	1	23_155.cif
.0000000112258944200196233030515067245919	0	0	1	1	0	0	2	0	2	0	0	0	0	0	0	0	3	0	0	3	0	0	0	0	0	0	9	8	4	2	0	23_156.cif
.0000000097678708752177069859947585226104	0	0	0	0	0	0	2	1	1	0	4	1	0	1	1	1	0	0	0	0	0	0	0	0	0	0	9	7	2	4	1	23_157.cif
.0000000096451759772654458986547593434347	0	0	0	0	0	0	3	2	1	0	1	0	0	0	0	1	2	1	0	1	0	0	0	0	0	0	9	6	4	4	0	23_158.cif
.0000000082868238778310502163861117903474	0	0	1	1	0	0	1	1	0	0	2	0	0	0	2	0	2	1	0	1	0	0	0	0	0	0	10	6	5	2	0	23_159.cif
.0000000081827325130876378205999710657257	0	0	1	1	0	0	2	0	1	1	0	0	0	0	0	0	3	1	0	2	0	0	0	0	0	0	8	8	5	2	0	23_160.cif
.0000000080799486471367521964048253258085	0	0	0	0	0	0	1	1	0	0	5	1	0	1	0	3	0	0	0	0	0	0	0	0	0	0	7	8	3	5	0	23_161.cif
.0000000079784558563961233538420520167512	0	0	1	0	0	1	1	0	1	0	2	0	0	0	2	0	2	0	1	1	0	0	0	0	0	0	10	6	2	5	0	23_162.cif
.0000000075846811991326682448558779572678	0	0	0	0	0	0	2	1	1	0	3	0	0	2	1	0	1	0	0	1	0	0	0	0	0	0	9	6	5	3	0	23_163.cif
.0000000074894094968736767560579989451816	0	0	1	0	1	0	1	1	0	0	2	0	0	0	0	2	2	0	1	1	0	0	0	0	0	0	9	6	4	4	0	23_164.cif
.0000000065995798473481276459575195396470	0	0	1	1	0	0	1	0	1	0	2	1	1	0	0	0	2	0	0	2	0	0	0	0	0	0	8	8	4	3	0	23_165.cif
.0000000061952133586910123037005979645625	0	0	0	0	0	0	2	1	1	0	3	0	0	1	1	1	1	0	0	1	0	0	0	0	0	0	7	8	4	4	0	23_166.cif
.0000000059645235270816385608106943544993	0	0	0	0	0	0	2	1	1	0	3	0	0	1	1	0	1	1	0	0	0	0	0	0	0	0	9	6	5	3	0	23_167.cif
.0000000058156230316882768548668973783385	0	0	1	0	1	0	1	0	1	0	3	0	1	0	2	0	0	0	0	0	1	1	0	0	0	0	7	8	6	2	0	23_168.cif
.0000000053905766318450576978283878015568	0	0	1	0	1	0	0	0	0	0	4	0	0	2	2	0	1	0	0	1	0	0	0	0	0	0	5	11	5	2	0	23_169.cif
.0000000052558682076061268981139744231029	0	0	0	0	0	0	2	1	1	0	3	1	0	2	0	0	1	1	0	0	0	0	0	0	0	0	7	8	4	4	0	23_170.cif
.0000000051246588366846429630712631049888	0	0	0	0	0	0	3	0	3	0	1	0	0	1	0	0	2	1	0	1	0	0	0	0	0	0	8	7	4	4	0	23_171.cif
.0000000050601565699959732203478611423937	0	0	1	1	0	0	1	0	0	1	2	0	0	1	0	1	2	1	0	1	0	0	0	0	0	0	7	9	1	6	0	23_172.cif
.0000000046314094479296936863139461995804	0	0	0	0	0	0	3	2	1	0	1	0	0	0	1	0	2	1	0	1	0	0	0	0	0	0	7	9	2	5	0	23_173.cif
.0000000043476358109238090201649645071754	0	0	1	1	0	0	1	0	1	0	2	0	0	1	1	0	2	1	0	1	0	0	0	0	0	0	9	7	2	5	0	23_174.cif
.0000000042930248584481495339947342031242	0	0	0	0	0	0	3	2	1	0	2	0	0	1	0	1	0	0	0	0	1	0	1	0	0	0	8	8	3	4	0	23_175.cif
.0000000041331664122009468543021902277441	0	0	1	0	0	1	1	1	0	0	2	0	0	1	1	0	2	2	0	0	0	0	0	0	0	0	7	9	5	2	0	23_176.cif
.0000000034189408098527691802135431068355	0	0	0	0	0	0	1	1	0	0	5	1	0	1	2	1	0	0	0	0	0	0	0	0	0	0	8	7	5	3	0	23_177.cif
.0000000033759078121571470501486077123424	0	0	1	0	1	0	1	1	0	0	2	0	0	0	1	1	2	2	0	0	0	0	0	0	0	0	8	8	4	3	0	23_178.cif
.0000000033335028019148684039205701760745	0	0	0	0	0	0	2	1	1	0	3	1	0	1	0	1	1	0	0	1	0	0	0	0	0	0	5	10	7	1	0	23_179.cif
.0000000031690607067947288358427499923037	0	0	0	0	0	0	2	0	1	1	3	0	0	1	1	1	1	1	0	0	0	0	0	0	0	0	6	9	5	3	0	23_180.cif
.0000000030127305600527240381647423655412	0	0	1	0	1	0	1	0	0	1	2	0	0	0	1	1	2	2	0	0	0	0	0	0	0	0	8	8	2	5	0	23_181.cif
.0000000025885079029402818525888326206310	0	0	0	0	0	0	2	1	1	0	3	0	0	2	0	1	1	0	1	0	0	0	0	0	0	0	8	6	6	3	0	23_182.cif
.0000000024921201891239174869811001973474	0	0	0	0	0	0	1	1	0	0	5	1	0	1	3	0	0	0	0	0	0	0	0	0	0	0	7	8	3	5	0	23_183.cif
.0000000024298430698807384401244982676719	0	0	1	0	1	0	1	1	0	0	2	0	0	0	0	2	2	1	0	1	0	0	0	0	0	0	7	8	6	2	0	23_184.cif
.0000000023393635244359262022470500650537	0	0	0	0	0	0	1	0	1	0	5	0	0	2	3	0	0	0	0	0	0	0	0	0	0	0	8	7	4	4	0	23_185.cif
.0000000021960270945495904473738650006632	0	0	0	0	0	0	3	1	2	0	2	0	0	0	2	0	1	0	0	1	0	0	0	0	0	0	11	6	3	2	1	23_186.cif
.0000000021684426471599583558956814621101	0	0	0	0	0	0	1	1	0	0	5	2	0	1	2	0	0	0	0	0	0	0	0	0	0	0	9	5	5	4	0	23_187.cif
.0000000021142541044490029948945048284920	0	0	0	0	0	0	1	0	0	1	5	1	0	2	1	1	0	0	0	0	0	0	0	0	0	0	7	8	4	4	0	23_188.cif
.0000000020355260776489991602413796698121	0	0	0	0	0	0	4	1	3	0	0	0	0	0	0	0	2	1	1	0	0	0	0	0	0	0	8	9	3	2	1	23_189.cif
.0000000019847104777151783427103345510614	0	0	0	0	0	0	2	0	1	1	4	0	0	2	0	2	0	0	0	0	0	0	0	0	0	0	9	8	3	2	1	23_190.cif
.0000000019597296295039826896016625615732	0	0	0	0	0	0	2	1	1	0	4	0	0	4	0	0	0	0	0	0	0	0	0	0	0	0	9	8	3	2	1	23_191.cif
.0000000018630559306069748982622534371142	0	0	0	0	0	0	3	1	2	0	1	1	0	0	0	0	2	1	0	1	0	0	0	0	0	0	6	9	5	3	0	23_192.cif
.0000000018396539569112402250989702848699	0	0	1	1	0	0	1	0	1	0	2	0	0	1	0	1	2	1	0	1	0	0	0	0	0	0	8	8	2	5	0	23_193.cif
.0000000016626299797092394833250876380565	0	0	0	0	0	0	2	0	2	0	4	0	0	1	3	0	0	0	0	0	0	0	0	0	0	0	7	9	3	3	1	23_194.cif
.0000000016417030447124967168574342064743	0	0	0	0	0	0	4	0	3	1	0	0	0	0	0	0	2	0	0	2	0	0	0	0	0	0	9	9	3	1	1	23_195.cif
.0000000016007189836158197610582338127653	0	0	1	1	0	0	2	0	1	1	0	0	0	0	0	0	3	2	0	1	0	0	0	0	0	0	10	6	4	3	0	23_196.cif
.0000000015411133540104683831761550176506	0	0	1	1	0	0	0	0	0	0	4	1	0	0	3	0	1	1	0	0	0	0	0	0	0	0	10	5	3	5	0	23_197.cif
.0000000014105348025032320046760639750375	0	0	0	0	0	0	2	0	1	1	3	0	0	1	2	0	1	0	0	1	0	0	0	0	0	0	9	6	2	6	0	23_198.cif
.0000000013409529506355018598495303125140	0	0	0	0	0	0	2	1	1	0	3	0	0	1	1	1	1	1	0	0	0	0	0	0	0	0	8	7	3	5	0	23_199.cif
.0000000013074430552577924209162644404742	0	0	0	0	0	0	1	1	0	0	5	0	0	3	1	1	0	0	0	0	0	0	0	0	0	0	8	7	4	4	0	23_200.cif
.0000000012910201731074720299546748318654	0	0	0	0	0	0	2	1	0	1	3	1	0	0	2	0	1	1	0	0	0	0	0	0	0	0	9	6	3	5	0	23_201.cif
.0000000012748035799094992671504540734913	0	0	0	0	0	0	1	1	0	0	5	0	0	3	1	0	0	0	0	0	0	0	0	0	0	0	8	7	5	3	0	23_202.cif
.0000000012119173656166678657266873064133	0	0	0	0	0	0	1	0	1	0	5	0	0	0	5	0	0	0	0	0	0	0	0	0	0	0	7	8	4	4	0	23_203.cif
.0000000011667894585032868962199520591441	0	0	0	0	0	0	2	1	1	0	3	1	0	1	1	0	1	0	0	1	0	0	0	0	0	0	8	7	4	4	0	23_204.cif
.0000000010815123255100450975573517476586	0	0	0	0	0	0	3	1	2	0	1	0	0	0	1	0	2	0	1	1	0	0	0	0	0	0	9	7	3	4	0	23_205.cif
.0000000009410450829378168518551188036595	0	0	2	2	0	0	0	0	0	0	2	0	0	2	0	0	1	1	0	0	1	0	1	0	0	0	10	5	6	2	0	23_206.cif
.0000000009175287304364039881370278676339	0	0	0	0	0	0	2	0	1	1	3	0	0	1	2	0	1	0	0	1	0	0	0	0	0	0	6	9	5	3	0	23_207.cif
.0000000008722669275426990105430111487654	0	0	2	0	0	2	0	0	0	0	2	0	0	1	1	0	1	0	0	1	1	0	1	0	0	0	9	8	4	2	0	23_208.cif
.0000000007400291969910286116468649542911	0	0	1	0	0	1	1	0	1	0	2	0	0	1	1	0	2	0	1	1	0	0	0	0	0	0	8	8	5	2	0	23_209.cif
.0000000006946684666388453370265484740679	0	0	0	0	0	0	3	2	1	0	1	1	0	0	0	0	2	1	0	1	0	0	0	0	0	0	9	6	4	4	0	23_210.cif
.0000000006439139163119600959246563180861	0	0	0	0	0	0	2	0	2	0	3	0	0	3	0	0	1	0	0	1	0	0	0	0	0	0	8	7	4	4	0	23_211.cif
.0000000006278227566947349186757041696576	0	0	0	0	0	0	3	1	1	1	2	0	0	0	0	2	0	0	0	0	1	1	0	0	0	0	6	10	2	5	0	23_212.cif
.0000000006044446553063038239994231389953	0	0	1	0	0	1	1	1	0	0	2	0	0	1	0	1	2	1	0	1	0	0	0	0	0	0	9	6	4	4	0	23_213.cif
.0000000005819370792671051797616539139854	0	0	1	1	0	0	2	1	1	0	1	0	0	0	1	0	2	0	0	2	0	0	0	0	0	0	9	8	5	0	1	23_214.cif
.0000000005674093941976768432716578359163	0	0	1	1	0	0	1	1	0	0	2	0	0	1	1	0	2	1	1	0	0	0	0	0	0	0	11	4	6	2	0	23_215.cif
.0000000005602676130113466632200996550906	0	0	1	0	1	0	0	0	0	0	5	0	1	2	0	2	0	0	0	0	0	0	0	0	0	0	7	10	1	4	1	23_216.cif
.0000000005394190203725469344768855736992	0	0	0	0	0	0	1	0	0	1	5	2	1	0	1	1	0	0	0	0	0	0	0	0	0	0	10	4	4	5	0	23_217.cif
.0000000005326295441131828014024724601917	0	0	0	0	0	0	2	0	2	0	3	0	0	2	1	0	1	1	0	0	0	0	0	0	0	0	7	8	3	5	0	23_218.cif
.0000000005259391477723456521844857604613	0	0	0	0	0	0	2	1	1	0	3	0	0	1	2	0	1	0	0	1	0	0	0	0	0	0	6	9	6	2	0	23_219.cif
.0000000005128094150628525871184868576437	0	0	1	0	1	0	1	0	1	0	2	0	0	0	1	1	2	0	0	2	0	0	0	0	0	0	7	9	5	2	0	23_220.cif
.0000000004693590676604864919739893668002	0	0	1	0	0	1	1	0	1	0	2	1	0	1	0	0	2	1	0	1	0	0	0	0	0	0	5	10	4	4	0	23_221.cif
.0000000004461939703875178027391325287706	0	0	0	0	0	0	2	0	1	1	3	0	0	3	0	0	1	1	0	0	0	0	0	0	0	0	7	8	4	4	0	23_222.cif
.0000000004350550247650265065398962524284	0	0	0	0	0	0	2	1	1	0	4	0	0	1	3	0	0	0	0	0	0	0	0	0	0	0	8	8	4	2	1	23_223.cif
.0000000004295902686734413347836447853152	0	0	1	0	1	0	1	0	1	0	2	1	1	0	0	0	2	0	1	1	0	0	0	0	0	0	9	6	4	4	0	23_224.cif
.0000000003690900927591190183242912464918	0	0	0	0	0	0	2	0	2	0	3	0	1	1	1	0	1	0	0	1	0	0	0	0	0	0	7	8	4	4	0	23_225.cif
.0000000003421232696085921036518152105587	0	0	0	0	0	0	1	1	0	0	5	2	0	0	2	1	0	0	0	0	0	0	0	0	0	0	9	5	6	3	0	23_226.cif
.0000000003335737414797859738958196336449	0	0	0	0	0	0	2	0	2	0	3	0	0	1	2	0	1	1	0	0	0	0	0	0	0	0	7	8	5	3	0	23_227.cif
.0000000003053100346798097863300531107982	0	0	1	0	0	1	1	0	1	0	3	0	0	1	1	1	0	0	0	0	1	1	0	0	0	0	7	9	5	2	0	23_228.cif
.0000000003014750143332692568830468319930	0	0	0	0	0	0	2	1	1	0	3	0	0	0	1	1	1	0	1	0	0	0	0	0	0	0	6	9	3	5	0	23_229.cif
.0000000002976804550476260811423531432928	0	0	0	0	0	0	2	0	2	0	3	0	0	2	1	0	1	0	1	0	0	0	0	0	0	0	7	7	6	3	0	23_230.cif
.0000000002829958423104689208423445451878	0	0	1	0	0	1	1	0	1	0	2	0	0	0	1	1	2	2	0	0	0	0	0	0	0	0	9	6	4	4	0	23_231.cif
.0000000002656562483201591554616707947647	0	0	1	1	0	0	0	0	0	0	4	0	0	2	2	0	1	1	0	0	0	0	0	0	0	0	7	8	3	5	0	23_232.cif
.0000000002525513935618463810211499616746	0	0	1	0	1	0	1	1	0	0	2	0	0	1	1	0	2	0	1	1	0	0	0	0	0	0	10	6	4	3	0	23_233.cif
.0000000002462402319571521682520785181698	0	0	0	0	0	0	3	2	1	0	1	1	0	0	0	0	2	0	0	2	0	0	0	0	0	0	8	7	5	3	0	23_234.cif
.0000000002370710372326542652754965185975	0	0	1	1	0	0	2	1	1	0	2	0	0	1	0	1	0	0	0	0	0	0	0	0	1	0	10	5	4	4	0	23_235.cif
.0000000002282491860905622208492316452175	0	0	0	0	0	0	2	0	1	1	3	0	0	1	2	0	1	0	0	1	0	0	0	0	0	0	9	6	2	6	0	23_236.cif
.0000000002253762943836461923751411566285	0	0	1	0	1	0	1	0	1	0	2	0	0	0	2	0	2	0	1	1	0	0	0	0	0	0	8	7	5	3	0	23_237.cif
.0000000002169840056294307301213772409934	0	0	0	0	0	0	2	0	2	0	3	1	1	0	1	0	1	0	0	1	0	0	0	0	0	0	7	8	4	4	0	23_238.cif
.0000000002089096300320473932379672186780	0	0	0	0	0	0	2	1	1	0	3	1	1	1	0	0	1	0	0	1	0	0	0	0	0	0	6	9	3	5	0	23_239.cif
.0000000002062801584711900684033357975203	0	1	0	0	0	0	1	1	0	0	2	0	0	2	0	0	1	0	0	1	1	0	1	0	0	0	9	7	5	2	0	23_240.cif
.0000000002011305069279074645786339244796	0	0	1	0	1	0	2	1	0	1	1	0	0	1	0	0	2	0	0	2	0	0	0	0	0	0	10	6	4	2	1	23_241.cif
.0000000001912087147719800949176909660845	0	0	1	1	0	0	1	0	1	0	3	0	1	0	2	0	0	0	0	0	1	0	1	0	0	0	10	5	5	3	0	23_242.cif
.0000000001888020383655172917474891325780	0	0	0	0	0	0	2	1	1	0	4	0	0	0	3	1	0	0	0	0	0	0	0	0	0	0	10	6	5	1	1	23_243.cif
.0000000001864304829747505477478773013920	0	0	0	0	0	0	2	0	2	0	3	0	0	1	2	0	1	1	0	0	0	0	0	0	0	0	9	6	2	6	0	23_244.cif
.0000000001840887168543760349507366271976	0	0	0	0	0	0	3	1	2	0	2	0	0	1	1	0	1	1	0	0	0	0	0	0	0	0	8	9	2	3	1	23_245.cif
.0000000001817716573412791874918079560594	0	0	1	0	0	1	1	1	0	0	2	0	0	2	0	0	2	1	0	1	0	0	0	0	0	0	9	6	4	4	0	23_246.cif
.0000000001728048395694477758194289525397	0	0	0	0	0	0	3	0	3	0	1	0	1	0	0	0	2	1	0	1	0	0	0	0	0	0	6	9	4	4	0	23_247.cif
.0000000001466072169249842168833666885502	0	0	0	0	0	0	3	0	3	0	1	0	0	0	1	0	2	1	1	0	0	0	0	0	0	0	7	8	4	4	0	23_248.cif
.0000000001411480354203314798541134208618	0	0	0	0	0	0	2	1	1	0	4	0	0	3	1	0	0	0	0	0	0	0	0	0	0	0	9	7	2	4	1	23_249.cif
.0000000001376208006299811027205544360813	0	0	1	0	0	1	2	1	1	0	1	0	0	0	1	0	1	0	0	1	1	1	0	0	0	0	5	11	3	4	0	23_250.cif
.0000000001308319499427384340754126141812	0	0	1	0	0	1	2	0	2	0	1	0	0	0	0	1	1	0	1	0	1	0	1	0	0	0	8	7	6	2	0	23_251.cif
.0000000001275658144213843893087438924760	0	0	1	1	0	0	1	1	0	0	3	0	0	0	1	2	0	0	0	0	1	0	1	0	0	0	10	6	4	3	0	23_252.cif
.0000000001259601886725513779798602552913	0	0	0	0	0	0	3	1	2	0	1	0	0	1	0	0	2	0	0	2	0	0	0	0	0	0	6	8	6	3	0	23_253.cif
.0000000001152875804950686479228564434167	0	0	0	0	0	0	3	1	1	1	1	0	0	0	1	0	2	1	1	0	0	0	0	0	0	0	9	6	6	2	0	23_254.cif
.0000000001138394452663471416746590236870	0	0	0	0	0	0	3	1	2	0	2	0	0	2	0	0	0	0	0	0	1	0	1	0	0	0	8	7	4	4	0	23_255.cif
.0000000001082237317063767626795357099819	0	0	1	0	1	0	1	1	0	0	3	0	0	1	1	1	1	0	0	1	0	0	0	0	0	0	10	6	3	3	1	23_256.cif
.0000000001028850419733747133609468986997	0	0	0	0	0	0	2	1	1	0	3	2	0	1	0	0	1	0	0	1	0	0	0	0	0	0	5	9	6	3	0	23_257.cif
.0000000000990539337235410004826814870956	0	0	1	1	0	0	2	0	2	0	0	0	0	0	0	0	3	1	0	2	0	0	0	0	0	0	9	6	5	3	0	23_258.cif
.0000000000978097104485574416870927069670	0	0	0	0	0	0	2	1	0	1	3	2	0	0	1	0	1	0	0	1	0	0	0	0	0	0	9	5	6	3	0	23_259.cif
.0000000000965786142470050388337952894016	0	0	0	0	0	0	3	1	2	0	1	0	0	1	0	0	2	1	1	0	0	0	0	0	0	0	9	6	4	4	0	23_260.cif
.0000000000953654836302325310783995811857	0	0	0	0	0	0	3	2	1	0	2	0	0	1	1	0	1	0	0	1	0	0	0	0	0	0	9	8	1	4	1	23_261.cif
.0000000000929847456397635750241985958279	0	0	1	0	1	0	1	0	0	1	2	0	0	0	1	1	2	1	0	1	0	0	0	0	0	0	7	8	6	2	0	23_262.cif
.0000000000872851651489105929766673810434	0	0	0	0	0	0	3	2	1	0	1	0	0	0	1	0	2	1	0	1	0	0	0	0	0	0	8	8	3	4	0	23_263.cif
.0000000000829793774286335228455671316598	0	0	1	1	0	0	2	0	2	0	1	0	0	1	0	0	1	0	0	1	1	0	1	0	0	0	7	8	6	2	0	23_264.cif
.0000000000819370677609679550391079701540	0	0	0	0	0	0	2	0	2	0	4	0	0	1	3	0	0	0	0	0	0	0	0	0	0	0	7	9	5	1	1	23_265.cif
.0000000000809057548941343202759797424902	0	0	0	0	0	0	2	1	1	0	4	0	0	2	2	0	0	0	0	0	0	0	0	0	0	0	7	9	6	0	1	23_266.cif
.0000000000788859947357223223918621228027	0	0	1	0	0	1	0	0	0	0	4	0	0	0	4	0	1	1	0	0	0	0	0	0	0	0	9	6	5	3	0	23_267.cif
.0000000000759485338625802832239793945560	0	0	0	0	0	0	2	1	1	0	3	1	0	0	1	0	1	1	0	0	0	0	0	0	0	0	7	7	5	4	0	23_268.cif
.0000000000740525275403332918146404003824	0	0	1	1	0	0	2	1	1	0	1	0	1	0	0	0	1	0	0	1	1	1	0	0	0	0	9	6	4	4	0	23_269.cif
.0000000000722019835304517435153139143859	0	0	1	1	0	0	2	2	0	0	0	0	0	0	0	0	3	2	0	1	0	0	0	0	0	0	8	8	5	2	0	23_270.cif
.0000000000652542191215985167346009707195	0	0	0	0	0	0	2	0	2	0	3	0	0	2	0	1	1	0	1	0	0	0	0	0	0	0	6	8	6	3	0	23_271.cif
.0000000000582327180662452329352660721429	0	0	0	0	0	0	2	1	0	1	3	1	0	2	0	0	1	0	1	0	0	0	0	0	0	0	9	6	4	4	0	23_272.cif
.0000000000532986592212993432957418747581	0	0	0	0	0	0	2	1	1	0	3	0	0	0	2	1	1	1	0	0	0	0	0	0	0	0	6	8	5	4	0	23_273.cif
.0000000000500329677412410796027822063854	0	0	1	1	0	0	1	0	1	0	3	0	0	2	1	0	1	0	1	0	0	0	0	0	0	0	8	9	1	4	1	23_274.cif
.0000000000481699008483225014370729253565	0	0	1	0	1	0	1	0	0	1	2	0	0	1	1	0	2	2	0	0	0	0	0	0	0	0	7	8	3	5	0	23_275.cif
.0000000000446493076419157630022619047710	0	0	0	0	0	0	2	1	1	0	3	1	0	1	1	0	1	1	0	0	0	0	0	0	0	0	7	7	4	5	0	23_276.cif
.0000000000429867109458812312363628728539	0	0	0	0	0	0	4	0	3	1	1	0	0	0	0	1	1	0	0	1	0	0	0	0	0	0	8	10	0	3	2	23_277.cif
.0000000000398459736174020769523606574205	0	0	1	0	1	0	1	0	0	1	2	0	0	0	1	1	2	0	0	2	0	0	0	0	0	0	8	7	4	4	0	23_278.cif
.0000000000388502381544170987161077809597	0	0	1	1	0	0	1	0	1	0	3	0	0	1	0	1	1	0	1	0	0	0	0	0	0	0	9	8	3	2	1	23_279.cif
.0000000000383622376406233488648298897660	0	0	0	0	0	0	2	0	2	0	4	0	0	0	1	3	0	0	0	0	0	0	0	0	0	0	7	9	3	3	1	23_280.cif
.0000000000378803669348507600851662880281	0	0	1	0	0	1	2	0	2	0	1	0	0	1	0	0	1	1	0	0	1	0	1	0	0	0	8	8	4	3	0	23_281.cif
.0000000000369337512223050537598345562016	0	0	1	0	0	1	2	0	1	1	1	0	0	0	1	0	1	1	0	0	1	0	1	0	0	0	9	7	4	3	0	23_282.cif
.0000000000364698238326922261293273528492	0	0	0	0	0	0	3	0	3	0	2	0	0	0	2	0	1	0	0	1	0	0	0	0	0	0	10	7	0	5	1	23_283.cif
.0000000000351118048216141435579963027969	0	0	0	0	0	0	3	2	1	0	1	0	0	0	0	1	2	1	0	1	0	0	0	0	0	0	6	8	5	4	0	23_284.cif
.0000000000338043540732978981928109959082	0	0	1	0	1	0	2	1	1	0	1	0	0	0	1	0	1	1	0	0	1	1	0	0	0	0	6	9	4	4	0	23_285.cif
.0000000000321367812112613197772509355130	0	0	0	0	0	0	3	0	2	1	2	0	0	1	1	0	0	0	0	0	1	1	0	0	0	0	10	5	3	5	0	23_286.cif
.0000000000317331088919195710252718793878	0	0	1	0	1	0	2	1	1	0	1	0	0	0	1	0	2	0	0	2	0	0	0	0	0	0	9	7	5	1	1	23_287.cif
.0000000000313336954835664422126391215062	0	0	1	0	1	0	2	0	1	1	1	0	0	0	1	0	2	0	0	2	0	0	0	0	0	0	10	8	2	2	1	23_288.cif
.0000000000305514699195588842706994129030	0	0	0	0	0	0	2	1	1	0	3	1	0	0	1	1	1	1	0	0	0	0	0	0	0	0	7	8	3	5	0	23_289.cif
.0000000000301677108043987645361975704157	0	0	0	0	0	0	3	2	1	0	1	0	0	1	0	0	2	1	1	0	0	0	0	0	0	0	9	5	4	5	0	23_290.cif
.0000000000294138313842734682042298654752	0	0	0	0	0	0	2	1	1	0	3	0	1	2	0	0	1	1	0	0	0	0	0	0	0	0	10	4	5	4	0	23_291.cif
.0000000000272640628956079426098323491135	0	0	1	0	0	1	2	0	2	0	2	0	0	1	0	1	0	0	0	0	1	0	1	0	0	0	9	8	2	3	1	23_292.cif
.0000000000252720691333951607354637868467	0	0	0	0	0	0	3	1	2	0	1	0	0	0	0	1	2	1	0	1	0	0	0	0	0	0	7	8	3	5	0	23_293.cif
.0000000000243310185133023597462872352491	0	0	0	0	0	0	3	0	3	0	1	0	0	0	1	0	2	0	0	2	0	0	0	0	0	0	7	8	2	6	0	23_294.cif
.0000000000228396276675581108607394730946	0	0	0	0	0	0	2	1	1	0	3	0	0	1	2	0	1	0	0	1	0	0	0	0	0	0	6	8	6	3	0	23_295.cif
.0000000000225527375333889055021253301374	0	0	0	0	0	0	3	1	2	0	2	0	1	0	1	0	1	1	0	0	0	0	0	0	0	0	8	8	3	3	1	23_296.cif
.0000000000217129460810720532171161762332	0	0	0	0	0	0	3	1	1	1	1	0	1	0	0	0	2	2	0	0	0	0	0	0	0	0	6	8	6	3	0	23_297.cif
.0000000000211708963409308021646684150605	0	0	1	0	1	0	1	0	1	0	3	0	0	2	1	0	0	0	0	0	1	1	0	0	0	0	6	9	4	4	0	23_298.cif
.0000000000203825602128364574414234411032	0	0	0	0	0	0	2	1	1	0	4	1	0	0	3	0	0	0	0	0	0	0	0	0	0	0	8	8	3	3	1	23_299.cif
.0000000000201265334719768177131717744429	0	0	1	1	0	0	1	1	0	0	3	0	0	2	1	0	1	0	0	1	0	0	0	0	0	0	5	10	6	1	1	23_300.cif
.0000000000196235791881279459935717399338	0	0	1	0	1	0	0	0	0	0	4	1	0	2	0	1	1	0	0	1	0	0	0	0	0	0	8	7	4	4	0	23_301.cif
.0000000000191331935372229512966087088748	0	0	1	0	1	0	2	0	2	0	1	0	0	1	0	0	1	1	0	0	1	0	0	1	0	0	8	7	5	3	0	23_302.cif
.0000000000184212120685943187287561335094	0	0	0	0	0	0	2	0	1	1	3	1	0	2	0	0	1	0	0	1	0	0	0	0	0	0	7	7	6	3	0	23_303.cif
.0000000000181893507932502384037005138331	0	0	0	0	0	0	2	1	0	1	3	0	0	2	1	0	1	0	0	1	0	0	0	0	0	0	4	10	6	3	0	23_304.cif
.0000000000170748610709727514567432630733	0	0	0	0	0	0	2	2	0	0	3	0	0	2	1	0	1	1	0	0	0	0	0	0	0	0	7	7	4	5	0	23_305.cif
.0000000000166481668996328429948664470524	0	0	1	1	0	0	1	0	1	0	3	0	0	2	1	0	1	0	0	1	0	0	0	0	0	0	10	6	3	3	1	23_306.cif
.0000000000160282426780895637385312819344	0	0	0	0	0	0	2	1	0	1	3	0	0	1	2	0	1	0	0	1	0	0	0	0	0	0	7	7	7	2	0	23_307.cif
.0000000000154318021654652044946763605732	0	0	1	0	0	1	1	0	1	0	3	0	0	1	2	0	1	0	0	1	0	0	0	0	0	0	10	6	3	3	1	23_308.cif
.0000000000141242653975377543688562298897	0	0	0	0	0	0	2	2	0	0	3	0	0	1	2	0	1	0	0	1	0	0	0	0	0	0	6	8	5	4	0	23_309.cif
.0000000000139464882688571406073754248356	0	0	0	0	0	0	2	0	1	1	3	0	0	0	3	0	1	1	0	0	0	0	0	0	0	0	8	7	5	3	0	23_310.cif
.0000000000129275162343988227119867611623	0	0	0	0	0	0	2	0	2	0	3	1	0	0	1	1	1	0	1	0	0	0	0	0	0	0	7	7	5	4	0	23_311.cif
.0000000000126044626057811716161149036207	0	0	0	0	0	0	2	2	0	0	3	0	0	2	1	0	1	1	0	0	0	0	0	0	0	0	7	7	6	3	0	23_312.cif
.0000000000121351129340745171734936702523	0	0	0	0	0	0	2	1	1	0	4	1	0	1	1	1	0	0	0	0	0	0	0	0	0	0	8	8	1	5	1	23_313.cif
.0000000000115364863499743248517839956559	0	0	0	0	0	0	3	0	2	1	2	0	0	0	0	2	1	1	0	0	0	0	0	0	0	0	8	8	4	2	1	23_314.cif
.0000000000108296279461542154449547349927	0	0	1	0	1	0	2	2	0	0	2	0	0	1	1	0	0	0	0	0	0	0	0	0	1	0	10	6	5	2	0	23_315.cif
.0000000000106933192527985769730616199383	0	0	1	0	1	0	1	0	1	0	2	0	0	1	0	1	2	1	0	1	0	0	0	0	0	0	6	8	5	4	0	23_316.cif
.0000000000104263674121508559458073455588	0	0	0	0	0	0	3	0	2	1	2	0	0	0	2	0	1	0	0	1	0	0	0	0	0	0	10	5	7	0	1	23_317.cif
Average: 0 .0000004077845993885220327443377103314618 .2748990283087092376185631837479881949861 .0000090081011094258318337704011078594354 .2746170506582618120729012866806256936259 .0002729695493379997138281266662546419248 1.0427428419815376091508267138407141767523 .0068708754317107005046333694880152101793 1.0156268997211620472978162268475283224540 .0202450668286648613483771175051706441190 4.0918289866252859217790111344690824231727 .0003646214449084268792863469542091642341 .6753632739531885221866641791604244677151 1.3932302386037072746146582340218561157990 .7512777511606926960102016678537378198414 1.2711687942865674677440271152836870339782 .5885205629792728989614450604860002967659 .0002626885476906591772130614040448967321 .0036618275636612000694192931889978292854 .5845960468679210397148127058929575707484 .0020081720726942846805209438182159653256 .0000231211518363447584753924495059079895 .0017866419524994862827100446727639761097 .0001984089683584536393355066959460812264 .0000000002479006651788084807204512535902 0 9.0283541812054130820132974439155246099174 9.5143087789941857241585083489080084988157 3.0071283502867734837018128623236532584029 1.4502034754292369475960754664674286281602 .0000052140843907851132708804960084659131
