1 .0007824514975509679508491822188249727624
2 .0010175432871427201240722379050562564889
3 0
4 .0003060242231858606728959058982950927927
5 .0009900343205215139181781277185984504152
6 .0010477572344346941600230112078822903722
7 .0002680873546396719612524359000378841728
8 .0055106856636482096395226233924092566833
9 .0030749164394998186700149635056170664995
10 .0483856670836197698639743642193498158938
11 .0501479069797252480179362494431417820654
12 .6603766402404329532079408772908573119624
13 .9591647362547660909958254930327853943715
14 .8359666188600292968991254951271420404644
15 .0118110793163493294464178395458954993007
16 1.0067245863051010054316713957133315518542
17 1.0066494400151831968878741330851292185338
18 1.4356162855414022415199210920520533623871
19 1.0000094907051467495488605063967703005837
20 1.0060161642618443754605126595438224144473
21 1.9733322379066721076472305927494446655636
22 2.9969321397322603515079851836780989861721
23 3.0071283502867734837018128623236532584029
24 2.0000402708047943456089552413271822698292
25 1.0192575334119317329782376368957233292965
26 3.7144939020851802366330828716917198014808
27 3.2626154576775270030099361496764316948282
28 5.4216831746882403530703976545672381260151
29 4.0762393223618688510311482945680970042425
30 4.7607529167442286718932792939343190020840
31 5.2175894103593748636445733983319002816054
32 5.7059369660804006136589480085590269746292
33 8.0864116417181635266673427373668144145816
34 7.1572784673185549959166865348971034991095
35 5.9967517576182050404345253459053291679535
36 6.7906222350197106373649906397499395508731
37 9.6394317678336209627248802843342864074404
38 9.7175102857983699120353140402052095441729
39 9.8439963653005617628821805453298861704657
40 8.1990314873949871881268355548147797475423
41 9.8464511240454227304201764382699836775359
42 8.5598210830463460508627045191339905450317
43 10.2068557849774308398024474979199395733882
44 10.5493715932060527001164594220898782738657
45 10.9822173569309469790814863069873049021475
46 10.2455508857860919307230573634509141225990
47 11.8837766457743156503116503982156474872397
48 10.8215380871461929549758859650533996360317
49 11.6810993134753174182091668125826652811961
50 11.9994454502979303660815665096082178717066
51 11.9989434163731293071117539292253303067933
52 11.9998587788728357709103119447288605213816
53 11.9999016269346624086909394499426847879781
54 11.9998822681551689232792455146471541309281
55 11.9999190106917209462948784988927188637775
56 11.9999397823135080408033848853569912615018
57 11.9999453929125876110876087688923417261511
58 11.9999114414406536960892929375523065567075
59 11.9999261222111302849485296094117738858443
