.9947509279367408233128175600821295469505	0	0	0	0	0	0	4	0	4	0	2	0	0	1	0	1	0	0	0	0	0	0	0	0	0	0	10	9	1	0	0	20_1.cif
.0025412900754713275468759193875139547991	0	0	0	0	0	0	4	2	2	0	2	0	0	1	0	1	0	0	0	0	0	0	0	0	0	0	7	10	3	0	0	20_2.cif
.0017170457531336149305484727753820736858	0	0	1	0	1	0	2	0	2	0	3	1	0	0	1	1	0	0	0	0	0	0	0	0	0	0	9	8	1	2	0	20_3.cif
.0003716446546084330720169108618762803967	0	0	0	0	0	0	4	0	2	2	2	0	0	1	1	0	0	0	0	0	0	0	0	0	0	0	9	7	2	2	0	20_4.cif
.0001654173800979961579252663604886991211	0	0	0	0	0	0	4	0	4	0	2	1	0	1	0	0	0	0	0	0	0	0	0	0	0	0	8	8	3	1	0	20_5.cif
.0001334167387914449911649960753556694490	0	0	1	1	0	0	3	1	2	0	1	0	0	1	0	0	1	0	0	1	0	0	0	0	0	0	8	9	2	1	0	20_6.cif
.0001252388442740483031280390497166966053	0	0	0	0	0	0	4	1	3	0	2	0	0	1	1	0	0	0	0	0	0	0	0	0	0	0	10	7	0	3	0	20_7.cif
.0000856951873539675446602285585625680160	0	0	0	0	0	0	4	2	2	0	2	0	0	2	0	0	0	0	0	0	0	0	0	0	0	0	5	11	3	1	0	20_8.cif
.0000491215722298966407793778856694200054	0	0	1	0	1	0	2	0	2	0	3	0	0	1	2	0	0	0	0	0	0	0	0	0	0	0	7	10	1	2	0	20_9.cif
.0000144029391659091462663107551504082849	0	0	0	0	0	0	4	0	2	2	2	0	0	0	2	0	0	0	0	0	0	0	0	0	0	0	9	7	1	3	0	20_10.cif
.0000074615047677528354467258398026890376	0	0	0	0	0	0	4	1	3	0	2	0	0	0	1	1	0	0	0	0	0	0	0	0	0	0	7	9	3	1	0	20_11.cif
.0000073675894485547799138514986186080661	0	0	0	0	0	0	4	2	2	0	2	0	0	0	1	1	0	0	0	0	0	0	0	0	0	0	8	8	2	2	0	20_12.cif
.0000057938045713521315874860037813021781	0	0	1	0	1	0	3	0	3	0	1	0	0	0	0	1	1	1	0	0	0	0	0	0	0	0	7	10	2	1	0	20_13.cif
.0000054388091830586469361490826290161931	0	0	1	0	1	0	2	0	2	0	3	0	0	0	1	2	0	0	0	0	0	0	0	0	0	0	9	8	1	2	0	20_14.cif
.0000040659378099654115707223459974318957	0	0	0	0	0	0	4	0	4	0	2	0	0	1	0	1	0	0	0	0	0	0	0	0	0	0	10	7	1	2	0	20_15.cif
.0000029264989922214829352555115594284808	0	0	0	0	0	0	4	0	4	0	2	0	0	2	0	0	0	0	0	0	0	0	0	0	0	0	7	9	3	1	0	20_16.cif
.0000027126099808445803855819360180662846	0	0	1	0	0	1	3	1	2	0	1	0	0	1	0	0	1	0	0	1	0	0	0	0	0	0	8	8	2	2	0	20_17.cif
.0000017645520394331934781196112494791829	0	0	0	0	0	0	4	2	2	0	2	0	0	0	2	0	0	0	0	0	0	0	0	0	0	0	7	9	1	3	0	20_18.cif
.0000014970029969529625466661414805368084	0	0	0	0	0	0	4	1	3	0	2	0	0	1	1	0	0	0	0	0	0	0	0	0	0	0	7	8	4	1	0	20_19.cif
.0000014052429021387348455817257836500191	0	0	1	1	0	0	3	2	1	0	1	0	0	0	0	1	1	0	0	1	0	0	0	0	0	0	8	9	2	1	0	20_20.cif
.0000009737748099629724865042971693623166	0	0	0	0	0	0	4	2	2	0	2	0	0	0	2	0	0	0	0	0	0	0	0	0	0	0	10	6	3	1	0	20_21.cif
.0000007466313184028959752124765770632148	0	0	1	0	1	0	2	2	0	0	3	0	0	2	0	1	0	0	0	0	0	0	0	0	0	0	8	8	2	2	0	20_22.cif
.0000005797688446994666056670685240526983	0	0	0	0	0	0	4	2	2	0	2	0	1	1	0	0	0	0	0	0	0	0	0	0	0	0	6	9	3	2	0	20_23.cif
.0000004334228297705856734611439794047748	0	0	0	0	0	0	4	1	2	1	2	0	0	0	0	1	0	0	0	0	0	0	0	0	0	0	9	6	3	2	0	20_24.cif
.0000003585258498787201642287036253880201	0	0	0	0	0	0	4	0	3	1	2	0	0	2	0	0	0	0	0	0	0	0	0	0	0	0	9	7	1	3	0	20_25.cif
.0000003119603726895647094184703813168202	0	0	0	0	0	0	4	1	3	0	2	0	0	0	2	0	0	0	0	0	0	0	0	0	0	0	7	8	4	1	0	20_26.cif
.0000002928460770188587909011080356425101	0	0	0	0	0	0	4	2	1	1	2	0	0	0	1	1	0	0	0	0	0	0	0	0	0	0	9	6	2	3	0	20_27.cif
.0000001303444842586911722782068648709639	0	0	1	0	0	1	3	1	2	0	1	0	0	0	1	0	1	0	0	1	0	0	0	0	0	0	6	9	5	0	0	20_28.cif
.0000001148580314490383850829807452661444	0	0	1	0	1	0	3	1	2	0	1	0	0	1	0	0	1	0	0	1	0	0	0	0	0	0	8	8	2	2	0	20_29.cif
.0000001105810875570589673434863841606294	0	0	0	0	0	0	4	1	3	0	2	0	1	1	0	0	0	0	0	0	0	0	0	0	0	0	10	5	2	3	0	20_30.cif
.0000000986823132948594593330857559581861	0	0	0	0	0	0	4	1	3	0	2	0	0	1	0	1	0	0	0	0	0	0	0	0	0	0	9	6	4	1	0	20_31.cif
.0000000806043088087546361828169657497052	0	0	0	0	0	0	4	2	1	1	2	0	0	0	1	1	0	0	0	0	0	0	0	0	0	0	7	8	3	2	0	20_32.cif
.0000000701353897490790928811017656607055	0	0	1	0	1	0	3	1	2	0	1	0	0	1	0	0	1	1	0	0	0	0	0	0	0	0	7	9	2	2	0	20_33.cif
.0000000692544142941375344794769882761243	0	0	0	0	0	0	4	2	2	0	2	0	0	1	1	0	0	0	0	0	0	0	0	0	0	0	11	4	0	5	0	20_34.cif
.0000000683827334969319171336490895816678	0	0	1	0	1	0	3	1	2	0	1	0	0	0	0	1	1	1	0	0	0	0	0	0	0	0	8	7	3	2	0	20_35.cif
.0000000633864870060653180619398327892761	0	0	0	0	0	0	4	1	3	0	2	0	0	1	0	1	0	0	0	0	0	0	0	0	0	0	8	8	2	2	0	20_36.cif
.0000000595011574045507515816917315409284	0	0	0	0	0	0	5	2	3	0	0	0	0	0	0	0	1	0	0	1	0	0	0	0	0	0	11	4	4	1	0	20_37.cif
.0000000558554292449951835459321452462230	0	0	1	0	0	1	2	1	1	0	3	0	0	3	0	0	0	0	0	0	0	0	0	0	0	0	10	5	2	3	0	20_38.cif
.0000000544596236804600492704280170840015	0	0	0	0	0	0	4	1	2	1	2	0	0	0	0	2	0	0	0	0	0	0	0	0	0	0	10	6	1	3	0	20_39.cif
.0000000504793335454104539276620135616729	0	0	1	1	0	0	2	0	2	0	3	0	0	0	3	0	0	0	0	0	0	0	0	0	0	0	8	7	1	4	0	20_40.cif
.0000000479891819356060987703238384492314	0	0	0	0	0	0	4	3	1	0	2	0	0	0	2	0	0	0	0	0	0	0	0	0	0	0	6	8	4	2	0	20_41.cif
.0000000422885999096948268842771004051397	0	0	0	0	0	0	4	1	2	1	2	0	0	1	1	0	0	0	0	0	0	0	0	0	0	0	7	8	2	3	0	20_42.cif
.0000000417563282724612619977380604957317	0	0	0	0	0	0	4	1	3	0	2	0	0	2	0	0	0	0	0	0	0	0	0	0	0	0	9	6	4	1	0	20_43.cif
.0000000332545045760421726904342206296694	0	0	1	0	0	1	2	0	1	1	3	1	0	2	0	0	0	0	0	0	0	0	0	0	0	0	8	7	3	2	0	20_44.cif
.0000000296770136420395102100077563352113	0	0	1	1	0	0	3	3	0	0	1	0	0	0	0	1	1	0	0	1	0	0	0	0	0	0	6	10	2	2	0	20_45.cif
.0000000282130429810871241584414184271585	0	0	1	1	0	0	2	1	1	0	3	1	0	0	1	1	0	0	0	0	0	0	0	0	0	0	7	8	3	2	0	20_46.cif
.0000000248610027223204523219136029027259	0	0	1	0	0	1	2	1	1	0	3	1	0	1	1	0	0	0	0	0	0	0	0	0	0	0	9	6	4	1	0	20_47.cif
.0000000230439867902291398285978963236511	0	0	1	1	0	0	2	2	0	0	3	0	0	1	1	1	0	0	0	0	0	0	0	0	0	0	5	10	3	2	0	20_48.cif
.0000000224681264768155062460536507136196	0	0	1	1	0	0	2	0	2	0	3	0	0	1	1	1	0	0	0	0	0	0	0	0	0	0	7	10	0	3	0	20_49.cif
.0000000213597710888585898536884564700269	0	0	1	0	0	1	2	1	1	0	3	0	0	0	2	1	0	0	0	0	0	0	0	0	0	0	8	7	3	2	0	20_50.cif
.0000000208265381353495581778716994343702	0	0	1	1	0	0	3	0	3	0	1	0	0	1	0	0	1	0	0	1	0	0	0	0	0	0	7	9	4	0	0	20_51.cif
.0000000161716564700886925756842958490000	0	0	1	0	0	1	2	0	2	0	3	1	0	1	1	0	0	0	0	0	0	0	0	0	0	0	7	9	3	1	0	20_52.cif
.0000000157679414627131318147763395767375	0	0	1	1	0	0	2	1	1	0	3	0	0	2	0	1	0	0	0	0	0	0	0	0	0	0	7	9	4	0	0	20_53.cif
.0000000155694759652484772341757925073492	0	1	0	0	0	0	2	0	2	0	2	1	0	0	0	1	1	0	0	1	0	0	0	0	0	0	9	7	3	1	0	20_54.cif
.0000000146155100353069410028190081823819	0	0	1	1	0	0	2	0	2	0	3	0	0	0	3	0	0	0	0	0	0	0	0	0	0	0	5	10	3	2	0	20_55.cif
.0000000142502740947447535961513852613045	0	0	0	0	0	0	4	3	0	1	2	0	0	1	1	0	0	0	0	0	0	0	0	0	0	0	7	7	5	1	0	20_56.cif
.0000000140712754216273135556161057165142	0	0	2	0	2	0	0	0	0	0	4	0	0	1	3	0	0	0	0	0	0	0	0	0	0	0	6	9	4	1	0	20_57.cif
.0000000138945251631554290082779690058321	0	0	2	1	0	1	0	0	0	0	4	1	0	0	2	1	0	0	0	0	0	0	0	0	0	0	8	7	4	1	0	20_58.cif
.0000000137199950768380786288849479563683	0	0	0	0	0	0	4	2	1	1	2	0	0	1	1	0	0	0	0	0	0	0	0	0	0	0	6	8	6	0	0	20_59.cif
.0000000130428482132996796557268151765576	0	0	1	0	0	1	3	1	2	0	1	0	0	1	0	0	1	0	0	1	0	0	0	0	0	0	7	9	3	1	0	20_60.cif
.0000000114935026505602792256022221100113	0	0	0	0	0	0	4	2	2	0	2	0	0	1	1	0	0	0	0	0	0	0	0	0	0	0	7	8	4	1	0	20_61.cif
.0000000110655215565209508391299649301978	0	0	0	0	0	0	4	3	0	1	2	0	0	0	2	0	0	0	0	0	0	0	0	0	0	0	8	6	5	1	0	20_62.cif
.0000000109262437537960978550862818200917	0	0	0	0	0	0	4	1	3	0	2	0	0	0	1	1	0	0	0	0	0	0	0	0	0	0	6	9	3	2	0	20_63.cif
.0000000095071389543718631423201861747621	0	0	1	0	0	1	3	0	3	0	2	0	0	0	1	1	0	0	0	0	0	0	0	0	0	0	8	9	2	0	1	20_64.cif
.0000000088125190231418148336827443797538	0	0	1	0	0	1	3	1	2	0	1	0	0	0	1	0	1	0	0	1	0	0	0	0	0	0	6	9	3	2	0	20_65.cif
.0000000084843691416448308118350078732174	0	0	0	0	0	0	4	1	3	0	2	1	0	0	1	0	0	0	0	0	0	0	0	0	0	0	9	6	3	2	0	20_66.cif
.0000000078642721135281126949087099390001	0	0	0	0	0	0	5	0	4	1	1	0	0	0	1	0	0	0	0	0	0	0	0	0	0	0	7	9	1	2	1	20_67.cif
.0000000068428573847556080080250820126600	0	0	2	2	0	0	1	0	1	0	2	0	0	2	0	0	1	0	0	1	0	0	0	0	0	0	6	10	3	1	0	20_68.cif
.0000000065880513713998761013664792028337	0	0	1	1	0	0	2	1	1	0	3	0	0	1	1	1	0	0	0	0	0	0	0	0	0	0	8	8	3	1	0	20_69.cif
.0000000062630620029644296149089094959371	0	0	0	0	0	0	4	0	3	1	2	0	0	1	0	0	0	0	0	0	0	0	0	0	0	0	7	7	3	3	0	20_70.cif
.0000000058053136341568857017480316024830	0	0	1	1	0	0	2	1	1	0	3	0	0	0	2	1	0	0	0	0	0	0	0	0	0	0	8	8	2	2	0	20_71.cif
.0000000055892871919920844151364512236366	0	0	1	0	1	0	2	0	1	1	3	0	0	0	3	0	0	0	0	0	0	0	0	0	0	0	7	8	3	2	0	20_72.cif
.0000000050513172355745514691854842589324	0	1	0	0	0	0	2	0	2	0	2	0	0	0	0	2	1	0	0	1	0	0	0	0	0	0	10	7	2	1	0	20_73.cif
.0000000049878672923207199451612600230775	0	0	1	0	1	0	2	0	2	0	3	0	0	1	1	1	0	0	0	0	0	0	0	0	0	0	6	9	2	3	0	20_74.cif
.0000000043400411433787027478130087399343	0	0	2	0	0	2	1	1	0	0	2	0	0	1	0	1	1	1	0	0	0	0	0	0	0	0	6	10	3	1	0	20_75.cif
.0000000040228405866863196494423913468411	0	0	1	0	1	0	3	0	3	0	1	0	0	1	0	0	1	0	1	0	0	0	0	0	0	0	7	8	3	2	0	20_76.cif
.0000000034129684331550736007539447092237	0	0	0	0	0	0	4	2	1	1	2	0	0	1	1	0	0	0	0	0	0	0	0	0	0	0	6	9	3	2	0	20_77.cif
.0000000028954793390962720351673262970664	0	0	1	1	0	0	2	1	1	0	3	0	0	2	0	1	0	0	0	0	0	0	0	0	0	0	9	5	5	1	0	20_78.cif
.0000000026501453427134510895000630610574	0	0	0	0	0	0	4	2	1	1	2	0	0	1	1	0	0	0	0	0	0	0	0	0	0	0	9	6	1	4	0	20_79.cif
.0000000025194133534442818411582742359290	0	0	1	0	0	1	3	2	1	0	1	0	0	1	0	0	1	0	1	0	0	0	0	0	0	0	10	5	3	2	0	20_80.cif
.0000000024877668290123625478252358143660	0	0	1	0	0	1	3	1	2	0	1	0	0	0	1	0	1	0	0	1	0	0	0	0	0	0	9	6	4	1	0	20_81.cif
.0000000024564541885853572154615872525965	0	0	1	1	0	0	3	1	2	0	1	0	0	1	0	0	1	0	1	0	0	0	0	0	0	0	5	9	5	1	0	20_82.cif
.0000000023649837306186552305119375232193	0	0	0	0	0	0	4	1	2	1	2	0	0	1	1	0	0	0	0	0	0	0	0	0	0	0	8	6	3	3	0	20_83.cif
.0000000022483187980544535616598896991178	0	0	0	0	0	0	4	2	1	1	2	0	0	2	0	0	0	0	0	0	0	0	0	0	0	0	6	8	3	3	0	20_84.cif
.0000000021921909646554432311816073908386	0	0	0	0	0	0	4	1	2	1	2	0	0	0	1	1	0	0	0	0	0	0	0	0	0	0	6	8	5	1	0	20_85.cif
.0000000021645986330015811730803291608353	0	0	0	0	0	0	5	1	3	1	0	0	0	0	0	0	1	0	0	1	0	0	0	0	0	0	9	5	3	3	0	20_86.cif
.0000000020064466000069654955841331692889	0	0	1	1	0	0	2	1	1	0	3	0	1	2	0	0	0	0	0	0	0	0	0	0	0	0	12	1	4	3	0	20_87.cif
.0000000017022204538673390921247831797961	0	0	1	0	0	1	2	0	1	1	3	0	0	2	1	0	0	0	0	0	0	0	0	0	0	0	8	7	2	3	0	20_88.cif
.0000000013217961283401757031589566810888	0	0	2	2	0	0	2	1	1	0	0	0	0	0	0	0	2	1	0	1	0	0	0	0	0	0	8	7	4	1	0	20_89.cif
.0000000013051591483781287701148970385176	0	0	1	0	1	0	3	0	2	1	1	0	0	1	0	0	1	0	0	1	0	0	0	0	0	0	7	8	3	2	0	20_90.cif
.0000000012887649545392236908378528142255	0	0	1	0	0	1	4	1	3	0	0	0	0	0	0	0	0	0	0	0	1	1	0	0	0	0	10	6	2	2	0	20_91.cif
.0000000012725766892968132098835673632875	0	0	0	0	0	0	5	3	2	0	0	0	0	0	0	0	1	0	0	1	0	0	0	0	0	0	7	7	3	3	0	20_92.cif
.0000000012407754902329397602885409968501	0	0	1	0	1	0	2	0	2	0	3	0	0	0	2	1	0	0	0	0	0	0	0	0	0	0	8	7	4	1	0	20_93.cif
.0000000011945729993202856203758367191569	0	0	0	0	0	0	4	0	4	0	2	0	0	0	2	0	0	0	0	0	0	0	0	0	0	0	7	8	2	3	0	20_94.cif
.0000000011356445692408698662516683481711	0	0	1	0	0	1	2	1	1	0	3	0	1	1	1	0	0	0	0	0	0	0	0	0	0	0	8	6	1	5	0	20_95.cif
.0000000011072939326505429626340153116316	0	0	1	0	0	1	3	1	2	0	1	0	0	0	1	0	1	0	1	0	0	0	0	0	0	0	8	7	4	1	0	20_96.cif
.0000000010526437225513266569408304466079	0	0	1	1	0	0	2	1	1	0	3	0	0	1	1	1	0	0	0	0	0	0	0	0	0	0	8	6	6	0	0	20_97.cif
.0000000009757344322088195999020727338602	0	0	1	0	1	0	3	0	3	0	1	0	0	1	0	0	1	1	0	0	0	0	0	0	0	0	9	6	2	3	0	20_98.cif
.0000000009634532083128757926768440168702	0	0	1	0	1	0	2	0	1	1	3	0	0	1	2	0	0	0	0	0	0	0	0	0	0	0	7	7	2	4	0	20_99.cif
.0000000009044209365861452003373276629551	0	0	0	0	0	0	5	4	1	0	0	0	0	0	0	0	1	1	0	0	0	0	0	0	0	0	9	4	5	2	0	20_100.cif
.0000000008707432080746071155951282996136	0	0	0	0	0	0	4	1	2	1	2	0	0	0	2	0	0	0	0	0	0	0	0	0	0	0	8	7	1	4	0	20_101.cif
.0000000008277893406396768015309528892096	0	0	1	1	0	0	2	0	1	1	3	0	0	2	1	0	0	0	0	0	0	0	0	0	0	0	8	7	2	3	0	20_102.cif
.0000000007202757382815145193912893351508	0	0	0	0	0	0	4	1	2	1	2	0	0	0	2	0	0	0	0	0	0	0	0	0	0	0	9	6	3	2	0	20_103.cif
.0000000006346985364975369980195531187937	0	0	0	0	0	0	4	1	3	0	2	0	0	0	1	1	0	0	0	0	0	0	0	0	0	0	8	6	4	2	0	20_104.cif
.0000000005958095731853577281127398232912	0	0	1	0	0	1	2	1	1	0	3	0	0	2	0	1	0	0	0	0	0	0	0	0	0	0	5	9	4	2	0	20_105.cif
.0000000005736235398477707462330618319575	0	0	1	0	1	0	3	0	3	0	1	1	0	0	0	0	1	1	0	0	0	0	0	0	0	0	7	7	4	2	0	20_106.cif
.0000000005664182151067157152782789020693	0	0	1	0	0	1	2	0	1	1	3	0	1	1	1	0	0	0	0	0	0	0	0	0	0	0	8	6	3	3	0	20_107.cif
.0000000005119003540578808864305235774684	0	0	0	0	0	0	4	2	2	0	2	0	0	1	0	1	0	0	0	0	0	0	0	0	0	0	8	6	4	2	0	20_108.cif
.0000000004991210908082395142763612747546	0	0	1	0	0	1	3	1	2	0	1	0	0	1	0	0	1	0	0	1	0	0	0	0	0	0	5	9	5	1	0	20_109.cif
.0000000004866482478752597974670041832355	0	0	1	0	0	1	2	1	1	0	3	0	1	0	2	0	0	0	0	0	0	0	0	0	0	0	8	5	5	2	0	20_110.cif
.0000000004626418311351317852261593388270	0	0	0	0	0	0	4	1	3	0	2	0	1	0	1	0	0	0	0	0	0	0	0	0	0	0	7	7	4	2	0	20_111.cif
.0000000003974972246117801902249437193966	0	0	1	1	0	0	3	1	2	0	1	0	0	1	0	0	1	1	0	0	0	0	0	0	0	0	10	4	4	2	0	20_112.cif
.0000000003592473464957463305376860848938	0	0	1	1	0	0	2	1	1	0	3	0	0	1	1	1	0	0	0	0	0	0	0	0	0	0	7	7	4	2	0	20_113.cif
.0000000003502698943113971305107485900554	0	0	1	0	1	0	3	0	3	0	1	0	0	0	1	0	1	0	0	1	0	0	0	0	0	0	8	8	2	2	0	20_114.cif
.0000000003458701300754342664067889363600	0	0	1	0	1	0	2	0	2	0	3	0	0	1	2	0	0	0	0	0	0	0	0	0	0	0	9	6	2	3	0	20_115.cif
.0000000003288083148591973171023217833228	0	0	1	0	1	0	2	1	1	0	3	0	0	2	0	1	0	0	0	0	0	0	0	0	0	0	9	6	1	4	0	20_116.cif
.0000000003205915222975859204850588698464	0	1	0	0	0	0	1	0	1	0	4	0	1	1	0	2	0	0	0	0	0	0	0	0	0	0	7	9	2	2	0	20_117.cif
.0000000003165645501339325348125936327828	0	0	1	0	0	1	3	1	2	0	1	0	1	0	0	0	1	0	1	0	0	0	0	0	0	0	10	5	2	3	0	20_118.cif
.0000000003125800642027426894504905077939	0	0	1	1	0	0	2	0	2	0	3	1	0	0	1	1	0	0	0	0	0	0	0	0	0	0	7	8	3	2	0	20_119.cif
.0000000003009483827094187712892666488386	0	0	0	0	0	0	4	2	2	0	2	0	0	2	0	0	0	0	0	0	0	0	0	0	0	0	3	11	4	2	0	20_120.cif
.0000000002971604519496015736854215623595	0	0	1	0	1	0	3	0	3	0	1	0	0	0	1	0	1	0	0	1	0	0	0	0	0	0	8	7	4	1	0	20_121.cif
.0000000002651921867071320281693520469491	0	0	1	0	0	1	2	1	1	0	3	0	0	2	0	1	0	0	0	0	0	0	0	0	0	0	5	9	5	1	0	20_122.cif
.0000000002585651365728745365995754636622	0	0	2	0	1	1	1	0	1	0	2	0	0	1	1	0	1	0	0	1	0	0	0	0	0	0	8	8	1	3	0	20_123.cif
.0000000002521102241641391798695020046290	0	0	1	0	1	0	2	1	1	0	3	0	0	1	1	1	0	0	0	0	0	0	0	0	0	0	7	8	3	2	0	20_124.cif
.0000000002336842459738839284846937870209	0	0	2	1	0	1	2	1	1	0	1	0	0	0	1	0	1	0	0	1	0	0	0	0	0	0	10	6	1	2	1	20_125.cif
.0000000002221565739459973648592521703034	0	0	0	0	0	0	4	2	2	0	2	0	0	0	2	0	0	0	0	0	0	0	0	0	0	0	9	5	2	4	0	20_126.cif
.0000000002007791621051745835621830601946	0	0	0	0	0	0	5	0	3	2	0	0	0	0	0	0	1	0	0	1	0	0	0	0	0	0	8	7	3	2	0	20_127.cif
.0000000001703361536980789091156376646309	0	0	1	0	1	0	4	1	1	2	0	0	0	0	0	0	0	0	0	0	1	1	0	0	0	0	9	6	2	3	0	20_128.cif
.0000000001391279940397879556792360045987	0	0	1	0	1	0	3	1	2	0	1	0	0	0	1	0	1	1	0	0	0	0	0	0	0	0	7	7	4	2	0	20_129.cif
.0000000001339507844259776502569114088857	0	0	0	0	0	0	4	2	2	0	2	0	1	1	0	0	0	0	0	0	0	0	0	0	0	0	4	10	3	3	0	20_130.cif
.0000000001306034061531237392791667222575	0	0	1	1	0	0	2	0	1	1	3	0	1	1	0	1	0	0	0	0	0	0	0	0	0	0	7	7	4	2	0	20_131.cif
.0000000001273396775680980199947621924341	0	0	1	0	1	0	2	1	1	0	3	0	1	1	1	0	0	0	0	0	0	0	0	0	0	0	9	5	4	2	0	20_132.cif
.0000000001195373781072267744970162198111	0	0	1	1	0	0	2	2	0	0	3	0	0	0	3	0	0	0	0	0	0	0	0	0	0	0	6	9	1	4	0	20_133.cif
.0000000001150861903869690279648492376382	0	0	1	0	1	0	2	0	2	0	3	1	0	1	0	1	0	0	0	0	0	0	0	0	0	0	7	8	1	4	0	20_134.cif
.0000000001122131376303242677131323257865	0	0	1	0	0	1	3	2	1	0	1	0	0	1	0	0	1	0	0	1	0	0	0	0	0	0	8	7	4	1	0	20_135.cif
.0000000001094089747398853261006655386994	0	0	0	0	0	0	4	1	2	1	2	0	0	1	0	0	0	0	0	0	0	0	0	0	0	0	7	6	4	3	0	20_136.cif
.0000000001001387511017291183791134156946	0	0	1	1	0	0	2	1	1	0	3	0	0	3	0	0	0	0	0	0	0	0	0	0	0	0	7	8	3	2	0	20_137.cif
.0000000000988809013610383474198230511807	0	0	1	1	0	0	3	1	2	0	1	0	0	1	0	0	1	0	0	1	0	0	0	0	0	0	8	7	4	1	0	20_138.cif
.0000000000860382113337275661490647029544	0	0	0	0	0	0	4	0	4	0	2	0	0	0	2	0	0	0	0	0	0	0	0	0	0	0	6	7	4	3	0	20_139.cif
.0000000000838881497235032125818078833039	0	0	1	1	0	0	3	1	2	0	1	0	0	0	1	0	1	0	0	1	0	0	0	0	0	0	9	6	2	3	0	20_140.cif
.0000000000828344249045313583328509315575	0	0	1	1	0	0	2	0	2	0	3	1	0	1	1	0	0	0	0	0	0	0	0	0	0	0	7	7	4	2	0	20_141.cif
.0000000000817939359954916810788921692125	0	0	0	0	0	0	4	1	3	0	2	0	1	1	0	0	0	0	0	0	0	0	0	0	0	0	7	8	1	4	0	20_142.cif
.0000000000787481927371102280074238308547	0	0	2	1	1	0	1	1	0	0	2	0	0	1	1	0	1	1	0	0	0	0	0	0	0	0	10	5	2	3	0	20_143.cif
.0000000000720758574967041046847706605803	0	0	1	0	0	1	2	1	1	0	3	1	0	2	0	0	0	0	0	0	0	0	0	0	0	0	9	5	3	3	0	20_144.cif
.0000000000643203327767539592328844810028	0	0	1	0	0	1	3	2	1	0	1	0	0	0	0	0	1	0	0	1	0	0	0	0	0	0	9	5	4	2	0	20_145.cif
.0000000000552633852890790068566468484360	0	1	0	0	0	0	2	1	1	0	2	0	0	2	0	0	1	1	0	0	0	0	0	0	0	0	8	7	4	1	0	20_146.cif
.0000000000525372358299732775068566599961	0	0	2	0	2	0	2	0	1	1	0	0	0	0	0	0	2	0	0	2	0	0	0	0	0	0	9	7	2	2	0	20_147.cif
.0000000000518773119969088098026742028607	0	0	1	0	1	0	3	0	2	1	2	0	0	0	1	1	0	0	0	0	0	0	0	0	0	0	9	7	2	1	1	20_148.cif
.0000000000499455676523617372192334693219	0	0	1	0	1	0	2	0	2	0	3	0	0	0	3	0	0	0	0	0	0	0	0	0	0	0	6	8	3	3	0	20_149.cif
.0000000000480857552578145403890440153378	0	0	0	0	0	0	5	0	4	1	1	0	0	0	1	0	0	0	0	0	0	0	0	0	0	0	9	6	2	2	1	20_150.cif
.0000000000468841108398773864012439766310	0	0	2	1	1	0	1	0	1	0	2	0	0	0	2	0	1	1	0	0	0	0	0	0	0	0	6	8	3	3	0	20_151.cif
.0000000000451382972562929500235547582958	0	0	1	1	0	0	3	0	3	0	2	0	0	0	1	0	0	0	0	0	0	0	0	0	0	0	8	8	1	2	1	20_152.cif
.0000000000423726038049405052532947483423	0	0	1	0	1	0	3	2	0	1	1	0	0	0	1	0	1	1	0	0	0	0	0	0	0	0	8	6	3	3	0	20_153.cif
.0000000000397763686790411191939250225764	0	0	1	0	0	1	2	1	1	0	3	0	0	2	1	0	0	0	0	0	0	0	0	0	0	0	6	9	3	2	0	20_154.cif
.0000000000346093019105816916297830105713	0	0	1	0	0	1	3	2	1	0	1	0	0	0	1	0	1	0	0	1	0	0	0	0	0	0	8	6	3	3	0	20_155.cif
.0000000000337453029379386086125645132307	0	0	1	0	1	0	2	1	1	0	3	0	0	2	1	0	0	0	0	0	0	0	0	0	0	0	8	6	4	2	0	20_156.cif
.0000000000333214258665449685072743611771	0	0	1	0	0	1	2	2	0	0	3	0	0	2	0	1	0	0	0	0	0	0	0	0	0	0	6	8	4	2	0	20_157.cif
.0000000000329020208746838714416601365389	0	0	1	0	1	0	2	0	2	0	3	0	0	1	2	0	0	0	0	0	0	0	0	0	0	0	6	8	4	2	0	20_158.cif
.0000000000304981010848302776478891253022	0	1	0	0	0	0	2	0	2	0	2	0	0	1	1	0	1	0	0	1	0	0	0	0	0	0	9	7	2	2	0	20_159.cif
.0000000000286286935733596381850740410188	0	0	1	1	0	0	2	0	2	0	3	1	0	1	1	0	0	0	0	0	0	0	0	0	0	0	10	4	4	2	0	20_160.cif
.0000000000279139966430545037121035132767	0	0	1	1	0	0	2	1	1	0	3	0	0	1	1	1	0	0	0	0	0	0	0	0	0	0	6	8	3	3	0	20_161.cif
.0000000000275626530486423217305211836076	0	0	0	0	0	0	4	0	2	2	2	0	0	0	1	1	0	0	0	0	0	0	0	0	0	0	7	7	4	2	0	20_162.cif
.0000000000255488433991723820177573497812	0	0	1	0	0	1	3	1	2	0	1	1	0	0	0	0	1	1	0	0	0	0	0	0	0	0	7	7	4	2	0	20_163.cif
.0000000000252272691513954099958277921223	0	0	1	0	0	1	3	3	0	0	1	0	0	0	1	0	1	0	0	1	0	0	0	0	0	0	9	5	4	2	0	20_164.cif
.0000000000245974865950840961822638889155	0	0	1	0	0	1	3	1	1	1	1	0	0	1	0	0	1	0	0	1	0	0	0	0	0	0	7	8	3	2	0	20_165.cif
.0000000000227997302643411065197221034214	0	0	0	0	0	0	5	1	3	1	0	0	0	0	0	0	1	1	0	0	0	0	0	0	0	0	8	6	3	3	0	20_166.cif
.0000000000219507415966560103799909522889	0	0	0	0	0	0	4	0	3	1	2	0	0	1	1	0	0	0	0	0	0	0	0	0	0	0	7	7	6	0	0	20_167.cif
.0000000000214027554443416824142797134582	0	0	0	0	0	0	4	3	0	1	2	1	0	0	1	0	0	0	0	0	0	0	0	0	0	0	10	3	5	2	0	20_168.cif
.0000000000190997707184058186063670004944	0	0	1	1	0	0	3	1	1	1	1	0	0	0	1	0	1	0	0	1	0	0	0	0	0	0	8	6	4	2	0	20_169.cif
.0000000000179294981558788020332535632595	0	0	1	0	0	1	2	1	1	0	3	1	0	0	1	0	0	0	0	0	0	0	0	0	0	0	6	7	5	2	0	20_170.cif
.0000000000177042844962519007529590617693	0	0	0	0	0	0	4	3	1	0	2	1	0	1	0	0	0	0	0	0	0	0	0	0	0	0	9	5	4	2	0	20_171.cif
.0000000000172618612770588308746024126229	0	0	0	0	0	0	4	2	2	0	2	0	0	0	2	0	0	0	0	0	0	0	0	0	0	0	6	8	2	4	0	20_172.cif
.0000000000166190850495568845880517526522	0	0	1	1	0	0	2	1	1	0	3	0	0	1	2	0	0	0	0	0	0	0	0	0	0	0	6	8	4	2	0	20_173.cif
.0000000000162042002753368363658716190196	0	0	0	0	0	0	4	2	0	2	2	0	0	1	1	0	0	0	0	0	0	0	0	0	0	0	5	8	4	3	0	20_174.cif
.0000000000157992635803926551790119761668	0	0	1	1	0	0	3	0	2	1	1	0	0	0	0	1	1	0	1	0	0	0	0	0	0	0	9	6	1	4	0	20_175.cif
.0000000000152109497897465508722355954877	0	0	1	1	0	0	3	1	1	1	1	0	0	1	0	0	1	0	0	1	0	0	0	0	0	0	9	5	3	3	0	20_176.cif
.0000000000148312182070286591522267510506	0	0	1	0	1	0	2	0	1	1	3	1	0	0	1	1	0	0	0	0	0	0	0	0	0	0	7	7	1	5	0	20_177.cif
.0000000000146445429135906842417077021349	0	0	1	0	1	0	2	1	1	0	3	0	0	1	2	0	0	0	0	0	0	0	0	0	0	0	9	5	2	4	0	20_178.cif
.0000000000140995924247593940742036186125	0	1	0	0	0	0	1	1	0	0	4	0	0	2	1	1	0	0	0	0	0	0	0	0	0	0	7	8	4	1	0	20_179.cif
.0000000000134037106307700104550696000244	0	0	1	1	0	0	2	0	2	0	3	0	0	0	1	2	0	0	0	0	0	0	0	0	0	0	5	8	6	1	0	20_180.cif
.0000000000132353456995549149953439010144	0	0	0	0	0	0	4	2	0	2	2	0	0	1	1	0	0	0	0	0	0	0	0	0	0	0	8	6	3	3	0	20_181.cif
.0000000000125824445004846998366510631728	0	0	1	1	0	0	3	0	3	0	2	0	0	1	0	1	0	0	0	0	0	0	0	0	0	0	9	6	2	2	1	20_182.cif
.0000000000122680140809779925529018857641	0	0	1	0	0	1	2	0	2	0	3	1	0	0	2	0	0	0	0	0	0	0	0	0	0	0	6	8	3	3	0	20_183.cif
.0000000000121139147122443791107924866733	0	0	1	0	1	0	3	1	2	0	1	1	0	0	0	0	1	1	0	0	0	0	0	0	0	0	7	7	4	2	0	20_184.cif
.0000000000119617509962812428530485610255	0	0	0	0	0	0	4	2	2	0	2	0	0	0	2	0	0	0	0	0	0	0	0	0	0	0	7	7	3	3	0	20_185.cif
.0000000000115163338389828178482017612780	0	0	0	0	0	0	4	1	2	1	2	0	0	1	1	0	0	0	0	0	0	0	0	0	0	0	6	7	5	2	0	20_186.cif
.0000000000112285451123938656744534251853	0	0	1	1	0	0	3	2	0	1	1	0	0	1	0	0	1	0	0	1	0	0	0	0	0	0	9	5	3	3	0	20_187.cif
.0000000000110875025848751120641104625262	0	0	1	0	1	0	3	0	1	2	1	0	0	0	1	0	1	0	0	1	0	0	0	0	0	0	8	5	4	3	0	20_188.cif
.0000000000109482317022462134039575917964	0	0	1	1	0	0	2	0	2	0	3	2	0	1	0	0	0	0	0	0	0	0	0	0	0	0	10	4	3	3	0	20_189.cif
.0000000000105405547456054125226009922359	0	0	1	0	0	1	2	0	2	0	3	0	0	1	2	0	0	0	0	0	0	0	0	0	0	0	7	7	4	2	0	20_190.cif
.0000000000100205879091893112051358723796	0	0	0	0	0	0	4	1	3	0	2	0	0	0	2	0	0	0	0	0	0	0	0	0	0	0	8	5	3	4	0	20_191.cif
Average: 0 .0000000210412458019192833024250752284787 .0019165941465561812152424897300990472623 .0001350811902942232297294766090995756543 .0017784506267836820765920393928590682823 .0000030623294782759089209737281404033257 3.9963106711064946978869151926205564923531 .0055531894331971501396984321458369159225 3.9899840088505458509930663989806170460557 .0007734728227516967541503614941025303749 2.0016288104042390929932125256306734516067 .0018826049103323929881183295913611736546 .0000006961185755964647252162695371503385 .9983265452305308639584246032404762884939 .0023701618793062801631905499106048620939 .9990483623428050829398397131754467350564 .0001439018423631231283880240661333450676 .0000059412586667782025446382701252624825 .0000000104383658750808268586878737559478 .0001379501453304698450165271081343266373 .0000000014591011082373025999534904788564 .0000000014591011082373025999534904788564 0 0 0 0 9.9890036240559670078809764496628040068426 8.9998275889027755124767205911891280023585 1.0060161642618443754605126595438224144473 .0051526050166339992309099819254917813174 .0000000177627791228853607657655139404502
