.4628164831245448511887106670605133840978	0	0	5	3	0	2	1	0	1	0	0	0	0	0	0	0	0	0	0	0	0	0	0	0	0	0	7	6	0	0	0	13_1.cif
.3010541954957059767993428991689813782018	0	0	5	4	0	1	1	1	0	0	0	0	0	0	0	0	0	0	0	0	0	0	0	0	0	0	10	1	2	0	0	13_2.cif
.0559875107519172689970057445748055899572	0	0	5	4	0	1	1	1	0	0	0	0	0	0	0	0	0	0	0	0	0	0	0	0	0	0	10	1	2	0	0	13_3.cif
.0350637016742131388996285513972665943626	0	0	5	4	1	0	1	1	0	0	0	0	0	0	0	0	0	0	0	0	0	0	0	0	0	0	4	7	2	0	0	13_4.cif
.0301256007110607531355931326623651138142	0	0	5	1	1	3	1	1	0	0	0	0	0	0	0	0	0	0	0	0	0	0	0	0	0	0	5	6	1	1	0	13_5.cif
.0214108352018683721513980845592107125685	0	0	5	4	0	1	1	0	1	0	0	0	0	0	0	0	0	0	0	0	0	0	0	0	0	0	7	5	0	1	0	13_6.cif
.0195966948987267721462321433140730553639	0	1	3	2	0	1	2	1	1	0	0	0	0	0	0	0	0	0	0	0	0	0	0	0	0	0	10	2	1	0	0	13_7.cif
.0118156515160329780281792682681168809086	0	0	5	2	1	2	1	0	1	0	0	0	0	0	0	0	0	0	0	0	0	0	0	0	0	0	8	4	1	0	0	13_8.cif
.0101518893634830847313904591801500795196	0	0	5	5	0	0	1	0	1	0	0	0	0	0	0	0	0	0	0	0	0	0	0	0	0	0	9	1	3	0	0	13_9.cif
.0071243256995012076804787457632340017873	0	0	5	2	3	0	1	0	1	0	0	0	0	0	0	0	0	0	0	0	0	0	0	0	0	0	5	6	2	0	0	13_10.cif
.0059681840884116974957060345544637295904	0	0	5	4	1	0	1	1	0	0	0	0	0	0	0	0	0	0	0	0	0	0	0	0	0	0	6	4	3	0	0	13_11.cif
.0045185607292573726038079843544241039985	0	0	5	3	0	2	1	0	1	0	0	0	0	0	0	0	0	0	0	0	0	0	0	0	0	0	9	3	0	1	0	13_12.cif
.0044618027771253557922446976348923270126	0	0	5	3	1	1	1	1	0	0	0	0	0	0	0	0	0	0	0	0	0	0	0	0	0	0	10	1	2	0	0	13_13.cif
.0038823020925554064770271395413791653193	0	0	5	4	1	0	1	0	0	1	0	0	0	0	0	0	0	0	0	0	0	0	0	0	0	0	5	6	2	0	0	13_14.cif
.0032936505910582631028344984821913100530	0	0	5	3	0	2	1	1	0	0	0	0	0	0	0	0	0	0	0	0	0	0	0	0	0	0	6	5	1	1	0	13_15.cif
.0027244962568948000492474086110113996139	0	1	3	0	2	1	2	0	1	1	0	0	0	0	0	0	0	0	0	0	0	0	0	0	0	0	7	5	1	0	0	13_16.cif
.0024313343188529877163193435851560882180	0	0	5	3	1	1	1	0	0	1	0	0	0	0	0	0	0	0	0	0	0	0	0	0	0	0	6	5	2	0	0	13_17.cif
.0016427531461005128056255854659975564771	0	0	5	2	2	1	1	0	0	1	0	0	0	0	0	0	0	0	0	0	0	0	0	0	0	0	5	5	3	0	0	13_18.cif
.0012595632324173281520382135480752994703	0	1	3	1	1	1	2	1	1	0	0	0	0	0	0	0	0	0	0	0	0	0	0	0	0	0	8	4	0	1	0	13_19.cif
.0012437095558863093557249236755925748149	0	1	3	2	1	0	2	0	1	1	0	0	0	0	0	0	0	0	0	0	0	0	0	0	0	0	7	4	1	1	0	13_20.cif
.0011823572135473734594417110557584390018	0	1	3	2	0	1	2	0	2	0	0	0	0	0	0	0	0	0	0	0	0	0	0	0	0	0	8	3	2	0	0	13_21.cif
.0010959706686251539369141007998816988026	0	0	5	3	1	1	1	0	1	0	0	0	0	0	0	0	0	0	0	0	0	0	0	0	0	0	5	6	2	0	0	13_22.cif
.0009297948367855512050904355575018155993	0	0	5	2	2	1	1	0	1	0	0	0	0	0	0	0	0	0	0	0	0	0	0	0	0	0	5	7	0	1	0	13_23.cif
.0008951722657923474343004924015261741966	0	0	5	4	1	0	1	0	0	1	0	0	0	0	0	0	0	0	0	0	0	0	0	0	0	0	6	4	2	1	0	13_24.cif
.0006950948001950202236298579147502288321	0	1	3	2	1	0	2	1	1	0	0	0	0	0	0	0	0	0	0	0	0	0	0	0	0	0	7	4	1	1	0	13_25.cif
.0005823093103698278000311906515889801072	0	0	5	4	1	0	1	0	1	0	0	0	0	0	0	0	0	0	0	0	0	0	0	0	0	0	5	6	1	1	0	13_26.cif
.0004637358417093499847823227194080731686	0	1	3	0	1	2	2	0	2	0	0	0	0	0	0	0	0	0	0	0	0	0	0	0	0	0	6	5	2	0	0	13_27.cif
.0004408596967278062137429449567847231788	0	0	5	1	1	3	1	0	1	0	0	0	0	0	0	0	0	0	0	0	0	0	0	0	0	0	4	7	0	2	0	13_28.cif
.0004298539178179430836270172222465815440	0	1	3	1	1	1	2	1	1	0	0	0	0	0	0	0	0	0	0	0	0	0	0	0	0	0	7	5	0	1	0	13_29.cif
.0004138475396390641851568260063800165624	0	0	5	1	3	1	1	0	1	0	0	0	0	0	0	0	0	0	0	0	0	0	0	0	0	0	5	5	2	1	0	13_30.cif
.0004035056497546687554081857579958226323	0	1	3	2	1	0	2	1	1	0	0	0	0	0	0	0	0	0	0	0	0	0	0	0	0	0	6	4	1	2	0	13_31.cif
.0003934323906133995301643697080069338279	0	1	3	1	1	1	2	1	1	0	0	0	0	0	0	0	0	0	0	0	0	0	0	0	0	0	8	4	1	0	0	13_32.cif
.0003740243233505105784870255435798826061	0	0	5	2	2	1	1	0	1	0	0	0	0	0	0	0	0	0	0	0	0	0	0	0	0	0	7	5	0	1	0	13_33.cif
.0003600968598111805755925828799344750574	0	0	5	2	3	0	1	0	1	0	0	0	0	0	0	0	0	0	0	0	0	0	0	0	0	0	3	8	2	0	0	13_34.cif
.0003337784631366358098852132882687263305	0	1	3	1	2	0	2	1	1	0	0	0	0	0	0	0	0	0	0	0	0	0	0	0	0	0	6	5	2	0	0	13_35.cif
.0003173131313083140455998078058464433654	0	0	5	0	4	1	1	0	1	0	0	0	0	0	0	0	0	0	0	0	0	0	0	0	0	0	7	4	0	2	0	13_36.cif
.0003133273392393829255682576360761878236	0	0	5	3	1	1	1	1	0	0	0	0	0	0	0	0	0	0	0	0	0	0	0	0	0	0	6	4	2	1	0	13_37.cif
.0002978708638185895998294541718612091089	0	0	5	1	3	1	1	1	0	0	0	0	0	0	0	0	0	0	0	0	0	0	0	0	0	0	5	5	1	2	0	13_38.cif
.0002796126113220860734610467366059573472	0	0	5	0	3	2	1	0	0	1	0	0	0	0	0	0	0	0	0	0	0	0	0	0	0	0	5	6	2	0	0	13_39.cif
.0002692007364620766802636664866572966556	0	1	3	3	0	0	2	1	1	0	0	0	0	0	0	0	0	0	0	0	0	0	0	0	0	0	5	6	2	0	0	13_40.cif
.0002090378425388302111190482373826727287	0	2	1	1	0	0	3	0	3	0	0	0	0	0	0	0	0	0	0	0	0	0	0	0	0	0	5	8	0	0	0	13_41.cif
.0001987259805638730530813205945941925358	0	0	5	2	2	1	1	1	0	0	0	0	0	0	0	0	0	0	0	0	0	0	0	0	0	0	5	6	1	1	0	13_42.cif
.0001773426171424954172276100610864051759	0	1	4	3	1	0	0	0	0	0	1	0	0	1	0	0	0	0	0	0	0	0	0	0	0	0	9	2	2	0	0	13_43.cif
.0001707389481294863113412248981001860166	0	1	3	0	0	3	2	1	1	0	0	0	0	0	0	0	0	0	0	0	0	0	0	0	0	0	6	6	1	0	0	13_44.cif
.0001602775080788939793230800714566291949	0	2	1	0	0	1	3	0	2	1	0	0	0	0	0	0	0	0	0	0	0	0	0	0	0	0	7	5	0	1	0	13_45.cif
.0001582642512751338355634464285865909242	0	0	5	2	3	0	1	1	0	0	0	0	0	0	0	0	0	0	0	0	0	0	0	0	0	0	4	6	3	0	0	13_46.cif
.0001543092888733971702083614881061771606	0	0	5	2	1	2	1	0	1	0	0	0	0	0	0	0	0	0	0	0	0	0	0	0	0	0	6	5	2	0	0	13_47.cif
.0001485633069668938529225338437514652565	0	1	3	3	0	0	2	0	2	0	0	0	0	0	0	0	0	0	0	0	0	0	0	0	0	0	7	4	2	0	0	13_48.cif
.0001448545195165289548796107119280198813	0	1	3	1	1	1	2	0	2	0	0	0	0	0	0	0	0	0	0	0	0	0	0	0	0	0	7	5	0	1	0	13_49.cif
.0001276441044113874755378949891544025614	0	0	5	2	3	0	1	0	1	0	0	0	0	0	0	0	0	0	0	0	0	0	0	0	0	0	5	5	3	0	0	13_50.cif
.0001213474053514421664093136816960318960	0	0	5	1	3	1	1	0	1	0	0	0	0	0	0	0	0	0	0	0	0	0	0	0	0	0	6	4	1	2	0	13_51.cif
.0001183149806450002185800092233217830489	0	1	3	0	3	0	2	0	0	2	0	0	0	0	0	0	0	0	0	0	0	0	0	0	0	0	6	4	0	3	0	13_52.cif
.0001003755495173101276190656339053975055	0	1	3	1	1	1	2	0	2	0	0	0	0	0	0	0	0	0	0	0	0	0	0	0	0	0	6	6	0	1	0	13_53.cif
.0000740979752307441805329357067304998422	0	1	3	2	1	0	2	1	1	0	0	0	0	0	0	0	0	0	0	0	0	0	0	0	0	0	5	6	1	1	0	13_54.cif
.0000731653302466117427216669248737106166	0	1	3	0	2	1	2	0	1	1	0	0	0	0	0	0	0	0	0	0	0	0	0	0	0	0	5	6	0	2	0	13_55.cif
.0000652942670935874193093366634443385680	0	1	3	3	0	0	2	0	1	1	0	0	0	0	0	0	0	0	0	0	0	0	0	0	0	0	8	3	1	1	0	13_56.cif
.0000636625886234118655127761264274298538	0	0	5	3	1	1	1	0	1	0	0	0	0	0	0	0	0	0	0	0	0	0	0	0	0	0	6	5	2	0	0	13_57.cif
.0000560987267533529686868344368290937993	0	0	5	0	5	0	1	0	0	1	0	0	0	0	0	0	0	0	0	0	0	0	0	0	0	0	6	4	2	1	0	13_58.cif
.0000553940667878207142448483188617976168	0	1	3	0	2	1	2	0	2	0	0	0	0	0	0	0	0	0	0	0	0	0	0	0	0	0	6	6	1	0	0	13_59.cif
.0000519999864376254722860433124332972756	0	0	5	1	2	2	1	0	1	0	0	0	0	0	0	0	0	0	0	0	0	0	0	0	0	0	6	5	0	2	0	13_60.cif
.0000317525842097324502268965104856688156	0	1	3	1	1	1	2	0	2	0	0	0	0	0	0	0	0	0	0	0	0	0	0	0	0	0	5	6	2	0	0	13_61.cif
.0000305702200391377931388920650084371496	0	1	4	0	4	0	0	0	0	0	1	0	0	0	0	0	0	0	0	0	0	0	0	0	0	0	6	4	1	2	0	13_62.cif
.0000301862254024359049029174534584130475	0	0	5	2	1	2	1	0	1	0	0	0	0	0	0	0	0	0	0	0	0	0	0	0	0	0	5	5	1	2	0	13_63.cif
.0000249692933594058105756349877877896556	0	1	4	2	2	0	0	0	0	0	1	1	0	0	0	0	0	0	0	0	0	0	0	0	0	0	5	6	1	1	0	13_64.cif
.0000231449623046674510031529515348803194	0	1	3	1	1	1	2	1	1	0	0	0	0	0	0	0	0	0	0	0	0	0	0	0	0	0	3	7	1	2	0	13_65.cif
.0000228542368411188954919347267893386348	0	1	3	2	0	1	2	1	1	0	0	0	0	0	0	0	0	0	0	0	0	0	0	0	0	0	4	7	0	2	0	13_66.cif
.0000222831183055130489531835775043065241	0	0	5	3	1	1	1	1	0	0	0	0	0	0	0	0	0	0	0	0	0	0	0	0	0	0	1	9	3	0	0	13_67.cif
.0000203950694453650804631558342334351678	0	0	5	2	3	0	1	0	0	1	0	0	0	0	0	0	0	0	0	0	0	0	0	0	0	0	5	5	1	2	0	13_68.cif
.0000201388855751751939017200750602209450	0	0	5	1	2	2	1	1	0	0	0	0	0	0	0	0	0	0	0	0	0	0	0	0	0	0	4	6	2	1	0	13_69.cif
.0000196356226170468285629451453272071504	0	0	5	2	3	0	1	1	0	0	0	0	0	0	0	0	0	0	0	0	0	0	0	0	0	0	3	6	4	0	0	13_70.cif
.0000177461498727578344905942044617170557	0	1	3	1	1	1	2	0	1	1	0	0	0	0	0	0	0	0	0	0	0	0	0	0	0	0	4	7	1	1	0	13_71.cif
.0000164491371411220629212731754942519543	0	1	3	1	2	0	2	1	1	0	0	0	0	0	0	0	0	0	0	0	0	0	0	0	0	0	9	2	2	0	0	13_72.cif
.0000160384950071803391905704307399696306	0	1	3	3	0	0	2	1	1	0	0	0	0	0	0	0	0	0	0	0	0	0	0	0	0	0	6	5	0	2	0	13_73.cif
.0000158366241480252898854431469182745154	0	1	3	2	1	0	2	0	2	0	0	0	0	0	0	0	0	0	0	0	0	0	0	0	0	0	6	5	1	1	0	13_74.cif
.0000136066687498071425061352596077852355	0	0	5	3	1	1	1	0	1	0	0	0	0	0	0	0	0	0	0	0	0	0	0	0	0	0	7	3	2	1	0	13_75.cif
.0000129354501398996537954562407178576483	0	1	3	1	0	2	2	0	2	0	0	0	0	0	0	0	0	0	0	0	0	0	0	0	0	0	7	4	2	0	0	13_76.cif
.0000107001591434999001480643374617882656	0	0	5	3	1	1	1	0	1	0	0	0	0	0	0	0	0	0	0	0	0	0	0	0	0	0	4	6	1	2	0	13_77.cif
.0000095487979023435418288051686461317144	0	0	5	1	1	3	1	1	0	0	0	0	0	0	0	0	0	0	0	0	0	0	0	0	0	0	5	5	2	1	0	13_78.cif
.0000093104183014224730663925433531928598	0	2	2	2	0	0	1	0	1	0	1	0	0	1	0	0	0	0	0	0	0	0	0	0	0	0	3	9	0	1	0	13_79.cif
.0000083085963072400225176759614714505025	0	1	3	1	1	1	2	0	1	1	0	0	0	0	0	0	0	0	0	0	0	0	0	0	0	0	6	5	2	0	0	13_80.cif
.0000072294725789243028452897932425014976	0	2	1	1	0	0	3	0	3	0	0	0	0	0	0	0	0	0	0	0	0	0	0	0	0	0	6	5	1	1	0	13_81.cif
.0000067010921671105413243716745276511465	0	1	3	0	1	2	2	1	0	1	0	0	0	0	0	0	0	0	0	0	0	0	0	0	0	0	5	6	1	1	0	13_82.cif
.0000062905058612457806079039055368615559	0	1	3	0	1	2	2	0	1	1	0	0	0	0	0	0	0	0	0	0	0	0	0	0	0	0	6	5	1	1	0	13_83.cif
.0000057575112301424316023338234793727750	0	1	4	1	2	1	0	0	0	0	1	0	0	1	0	0	0	0	0	0	0	0	0	0	0	0	3	8	1	1	0	13_84.cif
.0000055431200188522894855678050781607450	0	0	5	2	2	1	1	1	0	0	0	0	0	0	0	0	0	0	0	0	0	0	0	0	0	0	7	4	1	1	0	13_85.cif
.0000052696772400195100182895580717004414	0	1	3	3	0	0	2	0	2	0	0	0	0	0	0	0	0	0	0	0	0	0	0	0	0	0	6	5	0	2	0	13_86.cif
.0000051379900448023601884818571797589944	0	0	5	2	3	0	1	1	0	0	0	0	0	0	0	0	0	0	0	0	0	0	0	0	0	0	8	2	2	1	0	13_87.cif
.0000046435778054036417375934472422836655	0	1	3	1	1	1	2	1	1	0	0	0	0	0	0	0	0	0	0	0	0	0	0	0	0	0	7	5	0	1	0	13_88.cif
.0000045276538707451880458979790267295490	0	1	3	0	1	2	2	1	1	0	0	0	0	0	0	0	0	0	0	0	0	0	0	0	0	0	6	5	1	1	0	13_89.cif
.0000044145095524130280684394142496271375	0	0	5	1	4	0	1	0	1	0	0	0	0	0	0	0	0	0	0	0	0	0	0	0	0	0	7	4	2	0	0	13_90.cif
.0000043041926668167415563409270299193837	0	0	5	2	1	2	1	1	0	0	0	0	0	0	0	0	0	0	0	0	0	0	0	0	0	0	6	5	1	1	0	13_91.cif
.0000041967412639599119358129288801769045	0	0	5	3	2	0	1	1	0	0	0	0	0	0	0	0	0	0	0	0	0	0	0	0	0	0	9	1	2	1	0	13_92.cif
.0000035156905356671076380888637331588150	0	0	5	2	2	1	1	0	1	0	0	0	0	0	0	0	0	0	0	0	0	0	0	0	0	0	5	6	0	2	0	13_93.cif
.0000034278347895167482675241840357601859	0	1	3	0	2	1	2	1	1	0	0	0	0	0	0	0	0	0	0	0	0	0	0	0	0	0	5	7	0	1	0	13_94.cif
.0000032587392860751309162597513236120300	0	0	5	0	4	1	1	0	1	0	0	0	0	0	0	0	0	0	0	0	0	0	0	0	0	0	4	6	2	1	0	13_95.cif
.0000032178060377484733544779151140132869	0	1	3	0	3	0	2	1	1	0	0	0	0	0	0	0	0	0	0	0	0	0	0	0	0	0	3	7	2	1	0	13_96.cif
.0000031773869547696641152783337253240486	0	1	4	2	2	0	0	0	0	0	1	0	0	0	0	1	0	0	0	0	0	0	0	0	0	0	8	3	2	0	0	13_97.cif
.0000030979852842051820964802208682211240	0	0	5	4	1	0	1	0	1	0	0	0	0	0	0	0	0	0	0	0	0	0	0	0	0	0	8	2	1	2	0	13_98.cif
.0000030205678306649962470662030959777178	0	1	3	0	2	1	2	1	1	0	0	0	0	0	0	0	0	0	0	0	0	0	0	0	0	0	4	6	2	1	0	13_99.cif
.0000027299083135400938238920392728127436	0	1	3	1	2	0	2	1	1	0	0	0	0	0	0	0	0	0	0	0	0	0	0	0	0	0	4	7	0	2	0	13_100.cif
.0000025952416073034736297390395583995867	0	1	3	1	2	0	2	0	2	0	0	0	0	0	0	0	0	0	0	0	0	0	0	0	0	0	3	8	0	2	0	13_101.cif
.0000024672180259215130688343062338216020	0	0	5	3	2	0	1	0	1	0	0	0	0	0	0	0	0	0	0	0	0	0	0	0	0	0	8	3	0	2	0	13_102.cif
.0000024362271305888930866196558274233301	0	2	2	1	0	1	1	1	0	0	1	0	0	1	0	0	0	0	0	0	0	0	0	0	0	0	4	7	2	0	0	13_103.cif
.0000022581706153342280245840775784934721	0	0	5	4	1	0	1	0	1	0	0	0	0	0	0	0	0	0	0	0	0	0	0	0	0	0	3	6	3	1	0	13_104.cif
.0000022298055789054420567290590868635789	0	0	5	0	3	2	1	0	1	0	0	0	0	0	0	0	0	0	0	0	0	0	0	0	0	0	5	5	2	1	0	13_105.cif
.0000021467747866248635473085562205952495	0	0	5	3	1	1	1	0	1	0	0	0	0	0	0	0	0	0	0	0	0	0	0	0	0	0	7	3	1	2	0	13_106.cif
.0000020152385672769089410149422153907896	0	1	3	2	1	0	2	0	1	1	0	0	0	0	0	0	0	0	0	0	0	0	0	0	0	0	4	6	3	0	0	13_107.cif
.0000019898734728091019393960410266887271	0	0	5	1	3	1	1	0	0	1	0	0	0	0	0	0	0	0	0	0	0	0	0	0	0	0	5	5	2	1	0	13_108.cif
.0000018679508402046824788850470708163024	0	1	3	1	1	1	2	1	1	0	0	0	0	0	0	0	0	0	0	0	0	0	0	0	0	0	8	2	1	2	0	13_109.cif
.0000016669551195846188211799765773301837	0	0	5	2	2	1	1	1	0	0	0	0	0	0	0	0	0	0	0	0	0	0	0	0	0	0	7	3	2	1	0	13_110.cif
.0000016253406566727596587589826514064692	0	0	5	4	1	0	1	0	1	0	0	0	0	0	0	0	0	0	0	0	0	0	0	0	0	0	6	4	1	2	0	13_111.cif
.0000016048830691849517568053874476602228	0	1	3	2	1	0	2	2	0	0	0	0	0	0	0	0	0	0	0	0	0	0	0	0	0	0	3	7	3	0	0	13_112.cif
.0000015648181951065722070728257874991479	0	1	3	2	1	0	2	0	2	0	0	0	0	0	0	0	0	0	0	0	0	0	0	0	0	0	3	8	2	0	0	13_113.cif
.0000014876255248806386158814979585482476	0	1	3	2	1	0	2	0	2	0	0	0	0	0	0	0	0	0	0	0	0	0	0	0	0	0	6	6	0	1	0	13_114.cif
.0000014322311321514378688532552228507619	0	1	4	1	1	2	0	0	0	0	1	0	0	0	1	0	0	0	0	0	0	0	0	0	0	0	5	6	2	0	0	13_115.cif
.0000014142407783836363051117803526319113	0	0	5	2	3	0	1	1	0	0	0	0	0	0	0	0	0	0	0	0	0	0	0	0	0	0	4	5	2	2	0	13_116.cif
.0000013788994485479649399216837535520856	0	0	5	1	2	2	1	0	1	0	0	0	0	0	0	0	0	0	0	0	0	0	0	0	0	0	5	6	0	2	0	13_117.cif
.0000012944121416105963710864346680408640	0	1	3	2	1	0	2	0	1	1	0	0	0	0	0	0	0	0	0	0	0	0	0	0	0	0	4	7	2	0	0	13_118.cif
.0000011698247265272806458590658854421499	0	1	3	1	2	0	2	0	1	1	0	0	0	0	0	0	0	0	0	0	0	0	0	0	0	0	4	6	2	1	0	13_119.cif
.0000010981477519392415491216558197257595	0	1	4	2	2	0	0	0	0	0	1	0	0	0	1	0	0	0	0	0	0	0	0	0	0	0	5	6	1	1	0	13_120.cif
.0000010707054645276577368388197083533485	1	0	2	1	0	1	3	1	2	0	0	0	0	0	0	0	0	0	0	0	0	0	0	0	0	0	3	9	1	0	0	13_121.cif
.0000010439759909385823037994916277271169	0	0	5	3	1	1	1	1	0	0	0	0	0	0	0	0	0	0	0	0	0	0	0	0	0	0	8	2	1	2	0	13_122.cif
.0000009924765294392700418275702199647675	0	1	3	2	1	0	2	2	0	0	0	0	0	0	0	0	0	0	0	0	0	0	0	0	0	0	5	5	3	0	0	13_123.cif
.0000008969737084544129604616950035822629	0	1	3	2	1	0	2	1	1	0	0	0	0	0	0	0	0	0	0	0	0	0	0	0	0	0	9	1	1	2	0	13_124.cif
.0000008745586825486802976577918843163305	0	1	3	1	2	0	2	0	2	0	0	0	0	0	0	0	0	0	0	0	0	0	0	0	0	0	7	5	1	0	0	13_125.cif
.0000008527037994672232938026606462431233	0	1	3	1	0	2	2	1	1	0	0	0	0	0	0	0	0	0	0	0	0	0	0	0	0	0	5	6	1	1	0	13_126.cif
.0000008004573157166413367843583547383137	0	0	5	1	3	1	1	1	0	0	0	0	0	0	0	0	0	0	0	0	0	0	0	0	0	0	4	6	2	1	0	13_127.cif
.0000007904027163140048653736987244203752	0	1	3	1	1	1	2	1	0	1	0	0	0	0	0	0	0	0	0	0	0	0	0	0	0	0	5	5	2	1	0	13_128.cif
.0000007143263043777997730636196217554993	0	1	3	0	2	1	2	1	1	0	0	0	0	0	0	0	0	0	0	0	0	0	0	0	0	0	5	6	2	0	0	13_129.cif
.0000006964936074135871225205600138295974	0	1	3	2	1	0	2	0	2	0	0	0	0	0	0	0	0	0	0	0	0	0	0	0	0	0	9	2	2	0	0	13_130.cif
.0000006374796963645117674767278263375194	0	1	4	3	0	1	0	0	0	0	1	0	0	1	0	0	0	0	0	0	0	0	0	0	0	0	9	2	1	1	0	13_131.cif
.0000006294722700490672687354013515801430	0	0	5	1	1	3	1	0	1	0	0	0	0	0	0	0	0	0	0	0	0	0	0	0	0	0	4	7	0	2	0	13_132.cif
.0000006137420015840052454167881464334289	0	0	5	2	3	0	1	0	1	0	0	0	0	0	0	0	0	0	0	0	0	0	0	0	0	0	3	6	3	1	0	13_133.cif
.0000005834660346504459433068189116489545	0	1	3	1	1	1	2	1	1	0	0	0	0	0	0	0	0	0	0	0	0	0	0	0	0	0	5	5	3	0	0	13_134.cif
.0000005688854442066742647381534968150072	0	0	5	3	2	0	1	0	1	0	0	0	0	0	0	0	0	0	0	0	0	0	0	0	0	0	4	6	2	1	0	13_135.cif
.0000005546835848159221273325083241127255	0	2	1	0	1	0	3	0	3	0	0	0	0	0	0	0	0	0	0	0	0	0	0	0	0	0	6	5	1	1	0	13_136.cif
.0000004949983808766257631830129291060774	0	1	4	1	2	1	0	0	0	0	1	0	0	0	1	0	0	0	0	0	0	0	0	0	0	0	7	4	1	1	0	13_137.cif
.0000004765662322935350105265467030372782	0	0	5	4	1	0	1	0	1	0	0	0	0	0	0	0	0	0	0	0	0	0	0	0	0	0	5	4	4	0	0	13_138.cif
.0000004646690626782152943616798841439644	0	1	3	2	1	0	2	1	1	0	0	0	0	0	0	0	0	0	0	0	0	0	0	0	0	0	2	8	0	3	0	13_139.cif
.0000004473662804143979673887210621501720	0	1	3	1	0	2	2	0	2	0	0	0	0	0	0	0	0	0	0	0	0	0	0	0	0	0	4	6	2	1	0	13_140.cif
.0000004199554548559414623619684001209186	0	1	3	0	2	1	2	1	0	1	0	0	0	0	0	0	0	0	0	0	0	0	0	0	0	0	6	4	3	0	0	13_141.cif
.0000004146696242065778924787462353056119	0	0	5	0	4	1	1	0	1	0	0	0	0	0	0	0	0	0	0	0	0	0	0	0	0	0	5	5	2	1	0	13_142.cif
.0000004094609305336289695668763674678802	0	1	3	1	2	0	2	0	2	0	0	0	0	0	0	0	0	0	0	0	0	0	0	0	0	0	7	3	1	2	0	13_143.cif
.0000003518047278058054354815967537889412	0	0	5	1	3	1	1	1	0	0	0	0	0	0	0	0	0	0	0	0	0	0	0	0	0	0	6	2	4	1	0	13_144.cif
.0000003430132637827246143763144424224728	0	1	3	0	2	1	2	2	0	0	0	0	0	0	0	0	0	0	0	0	0	0	0	0	0	0	6	4	1	2	0	13_145.cif
.0000003387046505819839365580999957090745	0	1	3	1	1	1	2	0	2	0	0	0	0	0	0	0	0	0	0	0	0	0	0	0	0	0	4	6	3	0	0	13_146.cif
.0000003344501581680282150885954904009367	0	1	3	2	1	0	2	0	2	0	0	0	0	0	0	0	0	0	0	0	0	0	0	0	0	0	7	3	0	3	0	13_147.cif
.0000003022592667657626309829001312383120	0	1	3	0	1	2	2	1	0	1	0	0	0	0	0	0	0	0	0	0	0	0	0	0	0	0	6	5	0	2	0	13_148.cif
.0000002984625673248392845047106830366438	0	1	3	1	2	0	2	1	0	1	0	0	0	0	0	0	0	0	0	0	0	0	0	0	0	0	4	6	2	1	0	13_149.cif
.0000002947135584867515446286150598099575	0	0	5	1	2	2	1	1	0	0	0	0	0	0	0	0	0	0	0	0	0	0	0	0	0	0	4	6	3	0	0	13_150.cif
.0000002873487806945082254358717796871975	0	1	3	1	1	1	2	2	0	0	0	0	0	0	0	0	0	0	0	0	0	0	0	0	0	0	8	1	1	3	0	13_151.cif
.0000002697424754209942670296467817628369	0	1	3	0	3	0	2	0	1	1	0	0	0	0	0	0	0	0	0	0	0	0	0	0	0	0	6	4	1	2	0	13_152.cif
.0000002500278090064471346764918730493340	0	0	5	2	3	0	1	1	0	0	0	0	0	0	0	0	0	0	0	0	0	0	0	0	0	0	3	7	2	1	0	13_153.cif
.0000002468871924992096019484767498940953	0	1	3	3	0	0	2	1	0	1	0	0	0	0	0	0	0	0	0	0	0	0	0	0	0	0	2	8	1	2	0	13_154.cif
.0000002437860254919486040035301033870630	0	2	2	0	2	0	1	1	0	0	1	0	0	1	0	0	0	0	0	0	0	0	0	0	0	0	5	6	1	1	0	13_155.cif
.0000002016537247131547171356832996564807	0	1	3	2	1	0	2	1	1	0	0	0	0	0	0	0	0	0	0	0	0	0	0	0	0	0	8	2	2	1	0	13_156.cif
.0000001917061221607996756726966976255096	0	1	3	0	2	1	2	0	2	0	0	0	0	0	0	0	0	0	0	0	0	0	0	0	0	0	4	6	3	0	0	13_157.cif
.0000001869203020646804234815735986179880	0	1	3	1	2	0	2	0	1	1	0	0	0	0	0	0	0	0	0	0	0	0	0	0	0	0	3	7	1	2	0	13_158.cif
.0000001799599908516400765073859472895354	0	0	5	3	1	1	1	0	1	0	0	0	0	0	0	0	0	0	0	0	0	0	0	0	0	0	3	7	1	2	0	13_159.cif
.0000001776995010279004999327901291865480	0	1	3	1	2	0	2	1	1	0	0	0	0	0	0	0	0	0	0	0	0	0	0	0	0	0	4	6	2	1	0	13_160.cif
.0000001754628603126796514640854858275317	0	0	5	3	2	0	1	0	1	0	0	0	0	0	0	0	0	0	0	0	0	0	0	0	0	0	7	2	2	2	0	13_161.cif
.0000001732588592549776837000901385933331	0	0	5	2	3	0	1	0	1	0	0	0	0	0	0	0	0	0	0	0	0	0	0	0	0	0	5	5	0	3	0	13_162.cif
.0000001626430203430771743366045028260692	0	1	3	0	2	1	2	1	1	0	0	0	0	0	0	0	0	0	0	0	0	0	0	0	0	0	5	6	2	0	0	13_163.cif
.0000001451422647696069583151053615335350	0	1	3	3	0	0	2	2	0	0	0	0	0	0	0	0	0	0	0	0	0	0	0	0	0	0	9	0	4	0	0	13_164.cif
.0000001397376333742843016174804530580563	0	0	5	4	0	1	1	0	1	0	0	0	0	0	0	0	0	0	0	0	0	0	0	0	0	0	4	6	1	2	0	13_165.cif
.0000001379823793495359293708413217095846	0	1	3	1	1	1	2	0	0	2	0	0	0	0	0	0	0	0	0	0	0	0	0	0	0	0	6	4	2	1	0	13_166.cif
.0000001278976621550488926011717302381519	0	1	3	0	2	1	2	2	0	0	0	0	0	0	0	0	0	0	0	0	0	0	0	0	0	0	6	3	2	2	0	13_167.cif
.0000001247047792419258093559029223659062	0	0	5	4	1	0	1	1	0	0	0	0	0	0	0	0	0	0	0	0	0	0	0	0	0	0	4	6	2	1	0	13_168.cif
.0000001215884550610387350881419969930817	0	0	5	2	3	0	1	0	0	1	0	0	0	0	0	0	0	0	0	0	0	0	0	0	0	0	7	2	1	3	0	13_169.cif
.0000001185500066156240066239658065377341	0	1	3	0	2	1	2	0	2	0	0	0	0	0	0	0	0	0	0	0	0	0	0	0	0	0	7	4	2	0	0	13_170.cif
.0000001098883895047476461902062587152551	0	1	3	0	3	0	2	0	0	2	0	0	0	0	0	0	0	0	0	0	0	0	0	0	0	0	4	6	2	1	0	13_171.cif
.0000001085080738854420391857594851950820	0	0	5	2	2	1	1	1	0	0	0	0	0	0	0	0	0	0	0	0	0	0	0	0	0	0	4	6	2	1	0	13_172.cif
.0000001071423211704455768769417550023810	0	1	3	1	2	0	2	0	1	1	0	0	0	0	0	0	0	0	0	0	0	0	0	0	0	0	5	5	1	2	0	13_173.cif
.0000001057964991043770378729151637449427	0	0	5	3	2	0	1	1	0	0	0	0	0	0	0	0	0	0	0	0	0	0	0	0	0	0	4	5	2	2	0	13_174.cif
.0000001044675820018535355187898617660161	0	0	5	2	2	1	1	0	1	0	0	0	0	0	0	0	0	0	0	0	0	0	0	0	0	0	4	6	2	1	0	13_175.cif
.0000000956160426249695099965140709693830	0	2	1	1	0	0	3	1	2	0	0	0	0	0	0	0	0	0	0	0	0	0	0	0	0	0	3	9	1	0	0	13_176.cif
.0000000944125573437715560569475896889128	0	0	5	1	4	0	1	1	0	0	0	0	0	0	0	0	0	0	0	0	0	0	0	0	0	0	6	3	2	2	0	13_177.cif
.0000000897551745072124151733315669590049	0	0	5	5	0	0	1	1	0	0	0	0	0	0	0	0	0	0	0	0	0	0	0	0	0	0	9	1	1	2	0	13_178.cif
.0000000790932562604103087224854238317137	0	1	3	1	2	0	2	2	0	0	0	0	0	0	0	0	0	0	0	0	0	0	0	0	0	0	4	5	3	1	0	13_179.cif
.0000000771167463902372830028084170577301	0	0	5	3	1	1	1	1	0	0	0	0	0	0	0	0	0	0	0	0	0	0	0	0	0	0	2	7	2	2	0	13_180.cif
.0000000761480776343094794365067273128242	0	1	3	3	0	0	2	2	0	0	0	0	0	0	0	0	0	0	0	0	0	0	0	0	0	0	5	4	4	0	0	13_181.cif
.0000000733125679932746111995153199663910	0	1	3	2	0	1	2	0	2	0	0	0	0	0	0	0	0	0	0	0	0	0	0	0	0	0	5	5	1	2	0	13_182.cif
.0000000723916837838636685204515102544092	0	1	3	3	0	0	2	1	1	0	0	0	0	0	0	0	0	0	0	0	0	0	0	0	0	0	1	9	2	1	0	13_183.cif
.0000000714805152861594443711458488800397	0	0	5	2	2	1	1	0	1	0	0	0	0	0	0	0	0	0	0	0	0	0	0	0	0	0	5	4	3	1	0	13_184.cif
.0000000705826436168213810925631533876159	0	0	5	3	2	0	1	0	1	0	0	0	0	0	0	0	0	0	0	0	0	0	0	0	0	0	5	5	2	1	0	13_185.cif
.0000000696960501752824956604320070574337	0	0	5	2	2	1	1	1	0	0	0	0	0	0	0	0	0	0	0	0	0	0	0	0	0	0	3	6	3	1	0	13_186.cif
.0000000688188106635765142157260222613957	0	0	5	3	0	2	1	0	1	0	0	0	0	0	0	0	0	0	0	0	0	0	0	0	0	0	6	3	4	0	0	13_187.cif
.0000000662579356172751385849165024190553	0	0	5	2	1	2	1	1	0	0	0	0	0	0	0	0	0	0	0	0	0	0	0	0	0	0	6	4	3	0	0	13_188.cif
.0000000637907030741229031198882351827030	0	0	5	2	2	1	1	1	0	0	0	0	0	0	0	0	0	0	0	0	0	0	0	0	0	0	6	3	2	2	0	13_189.cif
.0000000598805966987435587600333383949200	0	1	3	1	2	0	2	0	2	0	0	0	0	0	0	0	0	0	0	0	0	0	0	0	0	0	6	5	0	2	0	13_190.cif
.0000000591284324046891401021947864553920	0	1	3	1	1	1	2	1	0	1	0	0	0	0	0	0	0	0	0	0	0	0	0	0	0	0	7	2	1	3	0	13_191.cif
.0000000583857160980703952912696363131643	0	1	3	0	2	1	2	0	2	0	0	0	0	0	0	0	0	0	0	0	0	0	0	0	0	0	6	6	0	1	0	13_192.cif
.0000000548069130790649110522552363551682	0	1	3	1	1	1	2	1	1	0	0	0	0	0	0	0	0	0	0	0	0	0	0	0	0	0	6	5	1	1	0	13_193.cif
.0000000534386937281980633842020970428178	0	1	3	1	1	1	2	1	0	1	0	0	0	0	0	0	0	0	0	0	0	0	0	0	0	0	6	4	1	2	0	13_194.cif
.0000000508025565237833870683890575625818	0	1	3	0	1	2	2	2	0	0	0	0	0	0	0	0	0	0	0	0	0	0	0	0	0	0	3	8	0	2	0	13_195.cif
.0000000495330202934291760658006660114200	0	0	5	2	3	0	1	0	1	0	0	0	0	0	0	0	0	0	0	0	0	0	0	0	0	0	3	6	2	2	0	13_196.cif
.0000000470895504304367223401130114470856	0	1	3	1	2	0	2	0	2	0	0	0	0	0	0	0	0	0	0	0	0	0	0	0	0	0	5	6	2	0	0	13_197.cif
.0000000420226086679846957115802069075390	0	0	5	1	3	1	1	0	0	1	0	0	0	0	0	0	0	0	0	0	0	0	0	0	0	0	5	4	3	1	0	13_198.cif
.0000000414947597899566814363965311014324	0	1	3	3	0	0	2	1	1	0	0	0	0	0	0	0	0	0	0	0	0	0	0	0	0	0	4	6	1	2	0	13_199.cif
.0000000399496283159634955891170814232664	0	1	3	0	3	0	2	0	1	1	0	0	0	0	0	0	0	0	0	0	0	0	0	0	0	0	4	6	2	1	0	13_200.cif
.0000000352040560029075361968721138846909	0	0	5	3	1	1	1	1	0	0	0	0	0	0	0	0	0	0	0	0	0	0	0	0	0	0	2	6	2	3	0	13_201.cif
.0000000322212159489447890631147124051908	0	1	3	0	1	2	2	1	1	0	0	0	0	0	0	0	0	0	0	0	0	0	0	0	0	0	3	7	0	3	0	13_202.cif
.0000000314160202298257705598311778975143	0	1	3	1	1	1	2	1	1	0	0	0	0	0	0	0	0	0	0	0	0	0	0	0	0	0	5	6	1	1	0	13_203.cif
.0000000291199177790084366093813594746594	0	1	3	2	1	0	2	1	1	0	0	0	0	0	0	0	0	0	0	0	0	0	0	0	0	0	6	3	3	1	0	13_204.cif
.0000000283929577522064550829780601214161	0	1	3	0	1	2	2	1	1	0	0	0	0	0	0	0	0	0	0	0	0	0	0	0	0	0	8	4	0	1	0	13_205.cif
.0000000266525868239572791331265915481482	0	1	3	2	1	0	2	1	1	0	0	0	0	0	0	0	0	0	0	0	0	0	0	0	0	0	3	8	1	1	0	13_206.cif
.0000000240878942063194065566868077178220	0	2	2	1	0	1	1	0	1	0	1	0	0	0	1	0	0	0	0	0	0	0	0	0	0	0	5	6	1	1	0	13_207.cif
.0000000237853245102940842390799654836328	0	1	3	0	2	1	2	0	2	0	0	0	0	0	0	0	0	0	0	0	0	0	0	0	0	0	4	6	2	1	0	13_208.cif
.0000000234859470504996903474975960527894	0	0	5	3	2	0	1	1	0	0	0	0	0	0	0	0	0	0	0	0	0	0	0	0	0	0	2	6	4	1	0	13_209.cif
.0000000223273824509300326689372104137719	0	2	1	0	1	0	3	0	3	0	0	0	0	0	0	0	0	0	0	0	0	0	0	0	0	0	5	7	1	0	0	13_210.cif
.0000000220469266641619762967077328535765	0	0	5	2	2	1	1	1	0	0	0	0	0	0	0	0	0	0	0	0	0	0	0	0	0	0	6	3	2	2	0	13_211.cif
.0000000217699937018228270918706403446344	0	1	3	1	1	1	2	1	1	0	0	0	0	0	0	0	0	0	0	0	0	0	0	0	0	0	6	5	1	1	0	13_212.cif
.0000000204355830892519761153644037581188	0	1	3	3	0	0	2	2	0	0	0	0	0	0	0	0	0	0	0	0	0	0	0	0	0	0	9	0	1	3	0	13_213.cif
.0000000201788903243944718149346242362842	0	1	3	1	1	1	2	0	2	0	0	0	0	0	0	0	0	0	0	0	0	0	0	0	0	0	7	4	1	1	0	13_214.cif
.0000000182371406777680603279484572007421	0	0	5	2	3	0	1	1	0	0	0	0	0	0	0	0	0	0	0	0	0	0	0	0	0	0	5	5	2	1	0	13_215.cif
.0000000171192793500762845683723267061336	0	1	3	1	1	1	2	0	1	1	0	0	0	0	0	0	0	0	0	0	0	0	0	0	0	0	6	4	1	2	0	13_216.cif
.0000000166919075467076202853405137537548	0	1	3	1	2	0	2	0	2	0	0	0	0	0	0	0	0	0	0	0	0	0	0	0	0	0	6	5	0	2	0	13_217.cif
.0000000164822393478509045470093130645693	0	1	3	1	2	0	2	0	2	0	0	0	0	0	0	0	0	0	0	0	0	0	0	0	0	0	6	4	1	2	0	13_218.cif
.0000000158684937349791462898149672808023	0	0	5	0	3	2	1	0	1	0	0	0	0	0	0	0	0	0	0	0	0	0	0	0	0	0	4	6	1	2	0	13_219.cif
.0000000150856990258576088111838963433241	0	1	3	3	0	0	2	0	2	0	0	0	0	0	0	0	0	0	0	0	0	0	0	0	0	0	7	2	3	1	0	13_220.cif
.0000000148958206724372302238405764559594	0	0	5	0	3	2	1	0	1	0	0	0	0	0	0	0	0	0	0	0	0	0	0	0	0	0	4	6	2	1	0	13_221.cif
.0000000145239560855434273019343326170986	0	1	3	1	1	1	2	2	0	0	0	0	0	0	0	0	0	0	0	0	0	0	0	0	0	0	4	6	1	2	0	13_222.cif
.0000000143415196741141909858811841050787	0	1	3	1	0	2	2	1	1	0	0	0	0	0	0	0	0	0	0	0	0	0	0	0	0	0	4	6	2	1	0	13_223.cif
.0000000138074875807718940943673639226950	0	1	3	2	1	0	2	0	1	1	0	0	0	0	0	0	0	0	0	0	0	0	0	0	0	0	7	4	1	1	0	13_224.cif
.0000000134624438086981515977477783260539	0	1	4	1	2	1	1	0	1	0	0	0	0	0	0	0	0	0	0	0	0	0	0	0	0	0	7	5	0	0	1	13_225.cif
.0000000131263625537213175108495681859488	0	1	4	1	2	1	1	0	1	0	0	0	0	0	0	0	0	0	0	0	0	0	0	0	0	0	7	4	1	0	1	13_226.cif
.0000000126375790055464130894333578838113	0	1	3	1	1	1	2	2	0	0	0	0	0	0	0	0	0	0	0	0	0	0	0	0	0	0	3	7	3	0	0	13_227.cif
.0000000120141657095610046930849050936800	0	0	5	2	2	1	1	0	1	0	0	0	0	0	0	0	0	0	0	0	0	0	0	0	0	0	3	6	2	2	0	13_228.cif
.0000000117139363571537802330968493323277	0	2	1	1	0	0	3	1	1	1	0	0	0	0	0	0	0	0	0	0	0	0	0	0	0	0	7	3	1	2	0	13_229.cif
.0000000115667967968216796369006730488280	0	0	5	4	1	0	1	0	1	0	0	0	0	0	0	0	0	0	0	0	0	0	0	0	0	0	4	6	2	1	0	13_230.cif
.0000000114212096200946301579238797776494	0	1	3	2	0	1	2	1	1	0	0	0	0	0	0	0	0	0	0	0	0	0	0	0	0	0	8	2	2	1	0	13_231.cif
.0000000112777470204421075749126038189712	0	2	2	1	1	0	1	0	1	0	1	1	0	0	0	0	0	0	0	0	0	0	0	0	0	0	4	6	1	2	0	13_232.cif
.0000000111360864643719782765354802909383	0	1	4	1	3	0	0	0	0	0	1	0	0	1	0	0	0	0	0	0	0	0	0	0	0	0	4	7	0	2	0	13_233.cif
.0000000099378184609439447198147172249834	0	0	5	0	0	5	1	0	1	0	0	0	0	0	0	0	0	0	0	0	0	0	0	0	0	0	5	4	4	0	0	13_234.cif
.0000000094475846781187165593471078122792	0	1	3	1	1	1	2	0	2	0	0	0	0	0	0	0	0	0	0	0	0	0	0	0	0	0	5	6	0	2	0	13_235.cif
.0000000087573159599585469727911629064170	0	0	5	3	0	2	1	1	0	0	0	0	0	0	0	0	0	0	0	0	0	0	0	0	0	0	4	5	3	1	0	13_236.cif
.0000000084312216630900091320246094443424	0	1	3	1	2	0	2	1	1	0	0	0	0	0	0	0	0	0	0	0	0	0	0	0	0	0	5	5	3	0	0	13_237.cif
.0000000083251008606024527596218574763502	0	1	3	1	2	0	2	1	1	0	0	0	0	0	0	0	0	0	0	0	0	0	0	0	0	0	3	6	4	0	0	13_238.cif
.0000000082205286960455443631175894240693	0	0	5	1	1	3	1	1	0	0	0	0	0	0	0	0	0	0	0	0	0	0	0	0	0	0	5	4	1	3	0	13_239.cif
.0000000081172700696406921549115631791963	0	1	3	1	1	1	2	1	1	0	0	0	0	0	0	0	0	0	0	0	0	0	0	0	0	0	7	3	1	2	0	13_240.cif
.0000000079144226314383585970720488244268	0	1	3	2	1	0	2	0	2	0	0	0	0	0	0	0	0	0	0	0	0	0	0	0	0	0	6	4	2	1	0	13_241.cif
.0000000077168441584517308887339778879532	0	1	3	2	1	0	2	1	1	0	0	0	0	0	0	0	0	0	0	0	0	0	0	0	0	0	3	7	2	1	0	13_242.cif
.0000000075240032088320928843315443259847	0	1	3	1	0	2	2	1	1	0	0	0	0	0	0	0	0	0	0	0	0	0	0	0	0	0	5	5	2	1	0	13_243.cif
.0000000073361713057388204661149817747797	0	2	2	2	0	0	1	0	1	0	1	0	0	0	0	1	0	0	0	0	0	0	0	0	0	0	8	3	1	1	0	13_244.cif
.0000000072438335144600814747756140722030	0	0	5	3	2	0	1	1	0	0	0	0	0	0	0	0	0	0	0	0	0	0	0	0	0	0	6	4	2	1	0	13_245.cif
.0000000070629958676719075813119681338721	0	2	1	1	0	0	3	1	1	1	0	0	0	0	0	0	0	0	0	0	0	0	0	0	0	0	7	3	2	1	0	13_246.cif
.0000000067999926048246046134552894120570	0	1	3	1	2	0	2	0	2	0	0	0	0	0	0	0	0	0	0	0	0	0	0	0	0	0	4	6	3	0	0	13_247.cif
.0000000064645481497917541006414131396609	0	0	5	2	3	0	1	0	0	1	0	0	0	0	0	0	0	0	0	0	0	0	0	0	0	0	6	3	3	1	0	13_248.cif
.0000000063833465158145339289917780509303	0	0	5	2	3	0	1	0	1	0	0	0	0	0	0	0	0	0	0	0	0	0	0	0	0	0	3	7	2	1	0	13_249.cif
.0000000061456512101683248937492822992647	0	1	3	1	2	0	2	1	1	0	0	0	0	0	0	0	0	0	0	0	0	0	0	0	0	0	2	8	1	2	0	13_250.cif
.0000000060682980738978377642083255420617	0	1	3	1	2	0	2	1	1	0	0	0	0	0	0	0	0	0	0	0	0	0	0	0	0	0	7	4	0	2	0	13_251.cif
.0000000058424854950241294003380465271921	0	1	3	1	0	2	2	1	1	0	0	0	0	0	0	0	0	0	0	0	0	0	0	0	0	0	5	5	1	2	0	13_252.cif
.0000000056964840431527126420035860240515	0	1	3	3	0	0	2	0	2	0	0	0	0	0	0	0	0	0	0	0	0	0	0	0	0	0	2	8	1	2	0	13_253.cif
.0000000054154757985109556903115298113547	0	0	5	1	3	1	1	1	0	0	0	0	0	0	0	0	0	0	0	0	0	0	0	0	0	0	5	4	2	2	0	13_254.cif
.0000000053474516344992224784486096371107	0	1	3	1	1	1	2	0	0	2	0	0	0	0	0	0	0	0	0	0	0	0	0	0	0	0	4	6	1	2	0	13_255.cif
.0000000052801451537313482249696859673639	0	0	5	1	4	0	1	0	1	0	0	0	0	0	0	0	0	0	0	0	0	0	0	0	0	0	6	3	2	2	0	13_256.cif
.0000000052138208872574883885100140946917	0	2	1	0	0	1	3	1	2	0	0	0	0	0	0	0	0	0	0	0	0	0	0	0	0	0	5	5	1	2	0	13_257.cif
.0000000050835295206832068448458867825952	0	1	3	2	1	0	2	2	0	0	0	0	0	0	0	0	0	0	0	0	0	0	0	0	0	0	6	3	1	3	0	13_258.cif
.0000000045943578421757686468544164716435	0	2	1	1	0	0	3	2	1	0	0	0	0	0	0	0	0	0	0	0	0	0	0	0	0	0	2	8	2	1	0	13_259.cif
.0000000043677176159053600205483626845965	0	1	3	1	2	0	2	0	2	0	0	0	0	0	0	0	0	0	0	0	0	0	0	0	0	0	5	5	0	3	0	13_260.cif
.0000000042050778514625424616048309803885	0	1	3	1	2	0	2	1	1	0	0	0	0	0	0	0	0	0	0	0	0	0	0	0	0	0	6	3	2	2	0	13_261.cif
.0000000041001007862523081978667400873216	0	2	1	0	0	1	3	1	2	0	0	0	0	0	0	0	0	0	0	0	0	0	0	0	0	0	4	6	1	2	0	13_262.cif
.0000000039474262123193363393016926851420	0	1	3	1	2	0	2	1	1	0	0	0	0	0	0	0	0	0	0	0	0	0	0	0	0	0	7	4	1	1	0	13_263.cif
.0000000038004367487631073245823080095206	0	0	5	3	1	1	1	0	1	0	0	0	0	0	0	0	0	0	0	0	0	0	0	0	0	0	7	2	2	2	0	13_264.cif
.0000000037054653049251267233945254313171	0	0	5	5	0	0	1	0	1	0	0	0	0	0	0	0	0	0	0	0	0	0	0	0	0	0	6	3	2	2	0	13_265.cif
.0000000036589207003473866075547422875097	0	1	3	1	1	1	2	1	1	0	0	0	0	0	0	0	0	0	0	0	0	0	0	0	0	0	6	4	2	1	0	13_266.cif
.0000000035226742546860647219543895930881	0	1	3	0	1	2	2	1	1	0	0	0	0	0	0	0	0	0	0	0	0	0	0	0	0	0	4	5	3	1	0	13_267.cif
.0000000034347329565671786431612595573743	0	1	4	2	1	1	0	0	0	0	1	0	0	0	1	0	0	0	0	0	0	0	0	0	0	0	5	5	2	1	0	13_268.cif
.0000000032241980261778175217692103639205	0	0	5	0	2	3	1	0	1	0	0	0	0	0	0	0	0	0	0	0	0	0	0	0	0	0	5	4	2	2	0	13_269.cif
.0000000031836986529926706669020261261734	0	1	3	3	0	0	2	0	2	0	0	0	0	0	0	0	0	0	0	0	0	0	0	0	0	0	5	4	2	2	0	13_270.cif
.0000000030266464145999065761961210213716	0	1	3	1	2	0	2	0	1	1	0	0	0	0	0	0	0	0	0	0	0	0	0	0	0	0	6	4	1	2	0	13_271.cif
.0000000028773415820619623720428436071041	0	2	1	1	0	0	3	1	2	0	0	0	0	0	0	0	0	0	0	0	0	0	0	0	0	0	4	6	2	1	0	13_272.cif
.0000000028054379292640514445356266418431	0	2	1	0	1	0	3	0	3	0	0	0	0	0	0	0	0	0	0	0	0	0	0	0	0	0	4	7	2	0	0	13_273.cif
.0000000027701986304608940359621992054663	0	1	3	0	3	0	2	1	1	0	0	0	0	0	0	0	0	0	0	0	0	0	0	0	0	0	5	6	0	2	0	13_274.cif
.0000000027354019749139586511044481292570	0	1	3	0	3	0	2	0	2	0	0	0	0	0	0	0	0	0	0	0	0	0	0	0	0	0	5	5	1	2	0	13_275.cif
.0000000026335443980329939226454302855198	0	1	3	2	1	0	2	1	0	1	0	0	0	0	0	0	0	0	0	0	0	0	0	0	0	0	6	3	3	1	0	13_276.cif
.0000000026004642656994258595783577937545	0	0	5	2	2	1	1	1	0	0	0	0	0	0	0	0	0	0	0	0	0	0	0	0	0	0	6	3	1	3	0	13_277.cif
.0000000025677331425308413418261528901442	0	1	3	2	0	1	2	0	1	1	0	0	0	0	0	0	0	0	0	0	0	0	0	0	0	0	5	4	0	4	0	13_278.cif
.0000000025036313353663941323891555962703	0	1	3	1	1	1	2	0	0	2	0	0	0	0	0	0	0	0	0	0	0	0	0	0	0	0	4	6	2	1	0	13_279.cif
.0000000024721190140138203275472626030371	0	1	3	2	1	0	2	0	2	0	0	0	0	0	0	0	0	0	0	0	0	0	0	0	0	0	6	2	3	2	0	13_280.cif
.0000000022342349606931720373018512643902	0	1	3	1	2	0	2	1	1	0	0	0	0	0	0	0	0	0	0	0	0	0	0	0	0	0	6	4	1	2	0	13_281.cif
.0000000021784587212396986160081392289548	0	1	3	1	0	2	2	1	1	0	0	0	0	0	0	0	0	0	0	0	0	0	0	0	0	0	4	5	3	1	0	13_282.cif
.0000000021240198807130380740479908794196	0	2	2	1	1	0	2	0	2	0	0	0	0	0	0	0	0	0	0	0	0	0	0	0	0	0	7	4	1	0	1	13_283.cif
.0000000020449282077960325354026739103791	0	1	3	2	1	0	2	1	1	0	0	0	0	0	0	0	0	0	0	0	0	0	0	0	0	0	2	8	1	2	0	13_284.cif
.0000000018716614181628015801595882413392	0	0	5	2	3	0	1	1	0	0	0	0	0	0	0	0	0	0	0	0	0	0	0	0	0	0	1	7	4	1	0	13_285.cif
.0000000017349122518983986301813412038128	0	0	5	2	3	0	1	1	0	0	0	0	0	0	0	0	0	0	0	0	0	0	0	0	0	0	3	6	2	2	0	13_286.cif
.0000000016915574660179025434483352990745	0	1	3	0	2	1	2	0	2	0	0	0	0	0	0	0	0	0	0	0	0	0	0	0	0	0	5	5	3	0	0	13_287.cif
.0000000016703096963324923524874098803449	0	2	2	1	1	0	1	0	1	0	1	0	0	0	0	1	0	0	0	0	0	0	0	0	0	0	4	8	0	1	0	13_288.cif
.0000000015287843373133094162137217758989	0	1	3	2	0	1	2	0	2	0	0	0	0	0	0	0	0	0	0	0	0	0	0	0	0	0	6	3	2	2	0	13_289.cif
.0000000014905806082606448062658097353574	0	0	5	3	0	2	1	0	0	1	0	0	0	0	0	0	0	0	0	0	0	0	0	0	0	0	4	5	2	2	0	13_290.cif
.0000000014533692216367169923023792616548	0	1	4	0	3	1	1	0	0	1	0	0	0	0	0	0	0	0	0	0	0	0	0	0	0	0	6	4	1	1	1	13_291.cif
.0000000014350761777251804626609571420095	0	2	1	0	0	1	3	0	2	1	0	0	0	0	0	0	0	0	0	0	0	0	0	0	0	0	4	8	0	1	0	13_292.cif
.0000000013992504235269999656069585227720	0	1	3	2	1	0	2	1	0	1	0	0	0	0	0	0	0	0	0	0	0	0	0	0	0	0	7	2	2	2	0	13_293.cif
.0000000013471468354996472693168240703885	0	1	3	1	0	2	2	2	0	0	0	0	0	0	0	0	0	0	0	0	0	0	0	0	0	0	7	2	3	1	0	13_294.cif
.0000000012969834176088746365382226185902	0	1	3	1	2	0	2	1	0	1	0	0	0	0	0	0	0	0	0	0	0	0	0	0	0	0	5	5	2	1	0	13_295.cif
.0000000012806919196865345312366020824255	0	2	1	1	0	0	3	2	1	0	0	0	0	0	0	0	0	0	0	0	0	0	0	0	0	0	8	2	2	1	0	13_296.cif
.0000000012330030692482347967058655928306	0	1	3	0	3	0	2	2	0	0	0	0	0	0	0	0	0	0	0	0	0	0	0	0	0	0	2	7	4	0	0	13_297.cif
.0000000011574550596555183123620790138168	0	2	2	1	1	0	1	0	1	0	1	0	0	0	0	1	0	0	0	0	0	0	0	0	0	0	4	7	2	0	0	13_298.cif
.0000000010728601498055796909928153767500	0	0	5	5	0	0	1	1	0	0	0	0	0	0	0	0	0	0	0	0	0	0	0	0	0	0	5	4	4	0	0	13_299.cif
.0000000010199358292669579106590812478394	0	1	3	1	2	0	2	1	1	0	0	0	0	0	0	0	0	0	0	0	0	0	0	0	0	0	3	6	2	2	0	13_300.cif
.0000000009944480275401967062669880701218	0	1	3	0	1	2	2	0	1	1	0	0	0	0	0	0	0	0	0	0	0	0	0	0	0	0	5	4	2	2	0	13_301.cif
.0000000008874661660384939655571189354203	0	1	4	2	1	1	1	1	0	0	0	0	0	0	0	0	0	0	0	0	0	0	0	0	0	0	2	8	1	1	1	13_302.cif
.0000000008652887299389551677919491878640	0	1	3	1	2	0	2	1	1	0	0	0	0	0	0	0	0	0	0	0	0	0	0	0	0	0	6	3	2	2	0	13_303.cif
.0000000008544197786828058628068270270536	0	2	1	0	1	0	3	2	1	0	0	0	0	0	0	0	0	0	0	0	0	0	0	0	0	0	7	3	2	1	0	13_304.cif
.0000000007919728062939268431501112990355	0	2	2	0	1	1	1	0	1	0	1	0	0	0	1	0	0	0	0	0	0	0	0	0	0	0	4	7	1	1	0	13_305.cif
.0000000007722017143265965057020441690882	0	2	1	0	1	0	3	1	2	0	0	0	0	0	0	0	0	0	0	0	0	0	0	0	0	0	7	3	2	1	0	13_306.cif
.0000000007529046922757416808014601602401	1	0	2	2	0	0	3	2	1	0	0	0	0	0	0	0	0	0	0	0	0	0	0	0	0	0	2	8	2	1	0	13_307.cif
.0000000007340898953392870608129916050148	0	2	1	1	0	0	3	2	1	0	0	0	0	0	0	0	0	0	0	0	0	0	0	0	0	0	3	7	3	0	0	13_308.cif
.0000000007157638130322963091502102380986	0	1	3	3	0	0	2	1	1	0	0	0	0	0	0	0	0	0	0	0	0	0	0	0	0	0	3	8	0	2	0	13_309.cif
.0000000006891110693832233706224427573981	0	1	3	1	2	0	2	0	1	1	0	0	0	0	0	0	0	0	0	0	0	0	0	0	0	0	5	4	2	2	0	13_310.cif
.0000000006804550978397969598244155381344	0	0	6	5	1	0	0	0	0	0	0	0	0	0	0	0	0	0	0	0	0	0	0	0	0	0	6	4	1	1	1	13_311.cif
.0000000006718904503990080408464686496308	0	1	4	3	0	1	0	0	0	0	1	0	0	1	0	0	0	0	0	0	0	0	0	0	0	0	6	3	1	3	0	13_312.cif
.0000000006387460134747733104501922763965	0	2	1	0	1	0	3	1	1	1	0	0	0	0	0	0	0	0	0	0	0	0	0	0	0	0	4	5	1	3	0	13_313.cif
.0000000005920773243893691862702826418174	0	0	5	0	4	1	1	1	0	0	0	0	0	0	0	0	0	0	0	0	0	0	0	0	0	0	4	5	3	1	0	13_314.cif
.0000000005772815411470122141036438852419	0	1	3	1	2	0	2	0	1	1	0	0	0	0	0	0	0	0	0	0	0	0	0	0	0	0	7	3	1	2	0	13_315.cif
.0000000005628700785938095285432569881427	0	1	3	0	2	1	2	0	1	1	0	0	0	0	0	0	0	0	0	0	0	0	0	0	0	0	4	6	0	3	0	13_316.cif
.0000000005283684697894267353978227860773	0	0	5	3	1	1	1	0	1	0	0	0	0	0	0	0	0	0	0	0	0	0	0	0	0	0	6	2	5	0	0	13_317.cif
.0000000005217315970962707496522520835486	0	0	5	3	0	2	1	0	0	1	0	0	0	0	0	0	0	0	0	0	0	0	0	0	0	0	6	3	1	3	0	13_318.cif
.0000000005151780906175346256430327015315	0	1	3	2	0	1	2	0	1	1	0	0	0	0	0	0	0	0	0	0	0	0	0	0	0	0	6	3	2	2	0	13_319.cif
.0000000005086937263598995030518656106413	0	1	4	0	3	1	0	0	0	0	1	0	1	0	0	0	0	0	0	0	0	0	0	0	0	0	3	7	1	2	0	13_320.cif
.0000000005023039894723004227574391125770	0	1	3	1	2	0	2	1	1	0	0	0	0	0	0	0	0	0	0	0	0	0	0	0	0	0	5	4	1	3	0	13_321.cif
.0000000004959945145092682244907946818736	0	1	4	1	1	2	0	0	0	0	1	0	0	0	1	0	0	0	0	0	0	0	0	0	0	0	4	6	3	0	0	13_322.cif
.0000000004715270453092577889815434240674	0	1	3	1	2	0	2	1	1	0	0	0	0	0	0	0	0	0	0	0	0	0	0	0	0	0	3	6	3	1	0	13_323.cif
.0000000004597437668962565040253956835139	0	1	3	1	2	0	2	0	1	1	0	0	0	0	0	0	0	0	0	0	0	0	0	0	0	0	5	4	3	1	0	13_324.cif
.0000000004426243868155088660870444753423	0	1	3	2	1	0	2	2	0	0	0	0	0	0	0	0	0	0	0	0	0	0	0	0	0	0	1	8	2	2	0	13_325.cif
.0000000004370645514465446358756710755414	0	1	3	2	1	0	2	1	1	0	0	0	0	0	0	0	0	0	0	0	0	0	0	0	0	0	7	2	1	3	0	13_326.cif
.0000000003900354206018286764652868740253	0	1	3	1	1	1	2	0	1	1	0	0	0	0	0	0	0	0	0	0	0	0	0	0	0	0	4	5	1	3	0	13_327.cif
.0000000003851361588548369608642727473950	0	1	3	2	0	1	2	0	2	0	0	0	0	0	0	0	0	0	0	0	0	0	0	0	0	0	5	4	2	2	0	13_328.cif
.0000000003802984370716477629991245388057	0	0	5	1	3	1	1	0	0	1	0	0	0	0	0	0	0	0	0	0	0	0	0	0	0	0	5	5	0	3	0	13_329.cif
.0000000003755214822445426974171263132336	1	0	3	2	1	0	1	0	1	0	1	0	0	0	1	0	0	0	0	0	0	0	0	0	0	0	8	4	1	0	0	13_330.cif
.0000000003707949262791640785231762380189	0	2	2	0	1	1	2	0	2	0	0	0	0	0	0	0	0	0	0	0	0	0	0	0	0	0	7	4	0	1	1	13_331.cif
.0000000003525035678611546819478114844526	0	1	3	1	1	1	2	0	1	1	0	0	0	0	0	0	0	0	0	0	0	0	0	0	0	0	4	6	1	2	0	13_332.cif
.0000000003480757462980887853443892817861	0	1	3	1	1	1	2	0	2	0	0	0	0	0	0	0	0	0	0	0	0	0	0	0	0	0	5	5	2	1	0	13_333.cif
.0000000003393774680800205699360664730930	0	1	3	1	2	0	2	1	1	0	0	0	0	0	0	0	0	0	0	0	0	0	0	0	0	0	4	5	2	2	0	13_334.cif
.0000000003309051277676695490752668663997	0	0	5	3	1	1	1	0	1	0	0	0	0	0	0	0	0	0	0	0	0	0	0	0	0	0	3	6	1	3	0	13_335.cif
.0000000003267401420622548699339481603371	0	1	3	2	1	0	2	0	2	0	0	0	0	0	0	0	0	0	0	0	0	0	0	0	0	0	4	5	4	0	0	13_336.cif
.0000000003106220114611030929627318617540	0	0	5	4	1	0	1	1	0	0	0	0	0	0	0	0	0	0	0	0	0	0	0	0	0	0	4	5	3	1	0	13_337.cif
.0000000002952989901857784618817409579337	0	0	5	3	0	2	1	1	0	0	0	0	0	0	0	0	0	0	0	0	0	0	0	0	0	0	6	3	3	1	0	13_338.cif
.0000000002772055632514264728140871691097	0	1	3	0	3	0	2	0	2	0	0	0	0	0	0	0	0	0	0	0	0	0	0	0	0	0	3	6	1	3	0	13_339.cif
.0000000002737235651036801993006678136814	0	1	3	1	2	0	2	0	2	0	0	0	0	0	0	0	0	0	0	0	0	0	0	0	0	0	4	6	1	2	0	13_340.cif
.0000000002473776198460711996421493897119	0	1	3	1	1	1	2	0	0	2	0	0	0	0	0	0	0	0	0	0	0	0	0	0	0	0	5	5	0	3	0	13_341.cif
.0000000002412019966002134691201945507148	0	1	3	2	1	0	2	1	1	0	0	0	0	0	0	0	0	0	0	0	0	0	0	0	0	0	4	5	1	3	0	13_342.cif
.0000000002351744520341365867424900945939	0	1	4	4	0	0	0	0	0	0	1	0	0	0	1	0	0	0	0	0	0	0	0	0	0	0	8	2	3	0	0	13_343.cif
.0000000002293034730275571698191060833328	0	2	1	0	1	0	3	1	2	0	0	0	0	0	0	0	0	0	0	0	0	0	0	0	0	0	5	4	4	0	0	13_344.cif
.0000000002264173113841744196832058566117	0	1	3	1	1	1	2	2	0	0	0	0	0	0	0	0	0	0	0	0	0	0	0	0	0	0	3	6	3	1	0	13_345.cif
.0000000002020595322169664596499157978907	0	0	6	2	2	2	0	0	0	0	0	0	0	0	0	0	0	0	0	0	0	0	0	0	0	0	6	4	1	1	1	13_346.cif
.0000000001896741182451266173925676341172	0	1	3	2	0	1	2	1	1	0	0	0	0	0	0	0	0	0	0	0	0	0	0	0	0	0	7	1	2	3	0	13_347.cif
.0000000001872916085990055814038380129742	0	1	3	2	1	0	2	1	1	0	0	0	0	0	0	0	0	0	0	0	0	0	0	0	0	0	5	4	3	1	0	13_348.cif
.0000000001849390258204317766737576577435	0	0	5	1	2	2	1	0	1	0	0	0	0	0	0	0	0	0	0	0	0	0	0	0	0	0	4	5	2	2	0	13_349.cif
.0000000001826112637693818315965589654366	0	1	3	1	1	1	2	2	0	0	0	0	0	0	0	0	0	0	0	0	0	0	0	0	0	0	6	3	2	2	0	13_350.cif
.0000000001803174711241531587210399789008	0	0	5	4	0	1	1	0	0	1	0	0	0	0	0	0	0	0	0	0	0	0	0	0	0	0	3	6	0	4	0	13_351.cif
.0000000001692691401199751631980258877787	0	1	3	2	1	0	2	1	1	0	0	0	0	0	0	0	0	0	0	0	0	0	0	0	0	0	8	1	2	2	0	13_352.cif
.0000000001650391698041583009718038761987	0	2	1	1	0	0	3	0	2	1	0	0	0	0	0	0	0	0	0	0	0	0	0	0	0	0	3	6	2	2	0	13_353.cif
.0000000001510553991237587409223664135508	0	1	4	1	2	1	0	0	0	0	1	0	1	0	0	0	0	0	0	0	0	0	0	0	0	0	3	6	2	2	0	13_354.cif
.0000000001472843981948086298020142663901	0	2	1	0	1	0	3	0	2	1	0	0	0	0	0	0	0	0	0	0	0	0	0	0	0	0	5	4	3	1	0	13_355.cif
.0000000001365198244140343704505389476291	0	2	1	1	0	0	3	1	2	0	0	0	0	0	0	0	0	0	0	0	0	0	0	0	0	0	7	3	1	2	0	13_356.cif
.0000000001331082468259247423978791479779	0	1	3	1	2	0	2	0	2	0	0	0	0	0	0	0	0	0	0	0	0	0	0	0	0	0	3	7	1	2	0	13_357.cif
.0000000001281550431238176395042202991106	0	0	5	2	2	1	1	0	1	0	0	0	0	0	0	0	0	0	0	0	0	0	0	0	0	0	5	4	2	2	0	13_358.cif
.0000000001265420009618893993058950506618	0	1	4	2	1	1	0	0	0	0	1	0	0	0	1	0	0	0	0	0	0	0	0	0	0	0	4	6	2	1	0	13_359.cif
.0000000001233829612589289509768734276966	0	0	5	3	2	0	1	0	1	0	0	0	0	0	0	0	0	0	0	0	0	0	0	0	0	0	6	3	0	4	0	13_360.cif
.0000000001218331393955871442833666110238	0	1	3	1	1	1	2	2	0	0	0	0	0	0	0	0	0	0	0	0	0	0	0	0	0	0	2	7	2	2	0	13_361.cif
.0000000001187885763833284442774107240551	0	2	2	0	1	1	1	0	1	0	1	0	0	0	1	0	0	0	0	0	0	0	0	0	0	0	5	6	0	2	0	13_362.cif
.0000000001172964649044364782935434068041	0	2	1	1	0	0	3	2	1	0	0	0	0	0	0	0	0	0	0	0	0	0	0	0	0	0	2	7	2	2	0	13_363.cif
.0000000001158200958227048164771405684658	0	1	4	1	3	0	0	0	0	0	1	0	0	1	0	0	0	0	0	0	0	0	0	0	0	0	5	4	2	2	0	13_364.cif
.0000000001129287215886684818164571624217	0	0	6	2	1	3	0	0	0	0	0	0	0	0	0	0	0	0	0	0	0	0	0	0	0	0	5	5	2	0	1	13_365.cif
.0000000001101066765319934186055595136986	0	1	3	1	2	0	2	1	1	0	0	0	0	0	0	0	0	0	0	0	0	0	0	0	0	0	5	4	1	3	0	13_366.cif
.0000000001087236189943235779474485210434	0	1	3	1	2	0	2	1	1	0	0	0	0	0	0	0	0	0	0	0	0	0	0	0	0	0	6	3	1	3	0	13_367.cif
.0000000001060066578243890981839705222836	0	1	3	2	1	0	2	1	1	0	0	0	0	0	0	0	0	0	0	0	0	0	0	0	0	0	8	2	2	1	0	13_368.cif
.0000000001046751009037276351513872341921	0	0	5	3	2	0	1	0	1	0	0	0	0	0	0	0	0	0	0	0	0	0	0	0	0	0	7	1	2	3	0	13_369.cif
.0000000001020619543029728763290774752623	0	2	2	1	1	0	2	0	2	0	0	0	0	0	0	0	0	0	0	0	0	0	0	0	0	0	6	4	0	2	1	13_370.cif
.0000000000982614951922553134145989455202	0	1	3	0	2	1	2	2	0	0	0	0	0	0	0	0	0	0	0	0	0	0	0	0	0	0	4	5	2	2	0	13_371.cif
.0000000000946025529626407749691039085050	0	1	3	1	0	2	2	1	1	0	0	0	0	0	0	0	0	0	0	0	0	0	0	0	0	0	3	6	3	1	0	13_372.cif
.0000000000922384717689345151799955057200	0	1	4	2	2	0	0	0	0	0	1	0	1	0	0	0	0	0	0	0	0	0	0	0	0	0	5	4	1	3	0	13_373.cif
.0000000000910798579803682635560786245576	0	0	5	2	3	0	1	1	0	0	0	0	0	0	0	0	0	0	0	0	0	0	0	0	0	0	3	5	2	3	0	13_374.cif
.0000000000888038075712227820827281103791	0	1	3	2	0	1	2	1	1	0	0	0	0	0	0	0	0	0	0	0	0	0	0	0	0	0	3	6	3	1	0	13_375.cif
.0000000000876883368358993522469865718610	0	0	5	3	1	1	1	0	1	0	0	0	0	0	0	0	0	0	0	0	0	0	0	0	0	0	3	6	3	1	0	13_376.cif
.0000000000865868776052106201399099611623	0	2	1	0	0	1	3	3	0	0	0	0	0	0	0	0	0	0	0	0	0	0	0	0	0	0	6	3	3	1	0	13_377.cif
.0000000000792503705093503855251857767680	0	1	3	0	2	1	2	0	1	1	0	0	0	0	0	0	0	0	0	0	0	0	0	0	0	0	4	5	3	1	0	13_378.cif
.0000000000782549011540998323743925114934	0	2	2	1	1	0	1	0	1	0	1	0	0	0	1	0	0	0	0	0	0	0	0	0	0	0	6	5	2	0	0	13_379.cif
.0000000000716243625149706918044117310226	0	1	3	0	3	0	2	0	2	0	0	0	0	0	0	0	0	0	0	0	0	0	0	0	0	0	5	4	1	3	0	13_380.cif
.0000000000707228520184523657143608508184	0	0	5	3	1	1	1	0	1	0	0	0	0	0	0	0	0	0	0	0	0	0	0	0	0	0	6	3	1	3	0	13_381.cif
.0000000000623217623816556558361009024394	0	1	3	0	1	2	2	0	2	0	0	0	0	0	0	0	0	0	0	0	0	0	0	0	0	0	4	4	4	1	0	13_382.cif
.0000000000615373404199685247627689461368	0	1	4	4	0	0	1	1	0	0	0	0	0	0	0	0	0	0	0	0	0	0	0	0	0	0	4	6	1	1	1	13_383.cif
.0000000000577668521703386484773951560400	0	1	4	1	3	0	1	0	1	0	0	0	0	0	0	0	0	0	0	0	0	0	0	0	0	0	5	4	2	1	1	13_384.cif
.0000000000563232808864913939473919669539	0	2	2	1	1	0	1	0	0	1	1	0	0	1	0	0	0	0	0	0	0	0	0	0	0	0	3	6	2	2	0	13_385.cif
.0000000000556158002810467017333349237805	0	1	3	2	1	0	2	0	0	2	0	0	0	0	0	0	0	0	0	0	0	0	0	0	0	0	4	4	4	1	0	13_386.cif
.0000000000542273875811980670231769552864	0	0	5	2	1	2	1	1	0	0	0	0	0	0	0	0	0	0	0	0	0	0	0	0	0	0	3	6	4	0	0	13_387.cif
.0000000000528722661478985130402599066571	0	2	2	2	0	0	2	1	1	0	0	0	0	0	0	0	0	0	0	0	0	0	0	0	0	0	7	3	1	1	1	13_388.cif
.0000000000515510086748761925755168902957	0	1	3	2	0	1	2	1	1	0	0	0	0	0	0	0	0	0	0	0	0	0	0	0	0	0	5	4	1	3	0	13_389.cif
.0000000000509034729089451050139102900824	0	0	6	4	0	2	0	0	0	0	0	0	0	0	0	0	0	0	0	0	0	0	0	0	0	0	3	6	2	1	1	13_390.cif
.0000000000502640708843110002748498317249	0	1	3	1	2	0	2	2	0	0	0	0	0	0	0	0	0	0	0	0	0	0	0	0	0	0	3	6	1	3	0	13_391.cif
.0000000000477845382075316891840168963278	0	2	1	1	0	0	3	1	2	0	0	0	0	0	0	0	0	0	0	0	0	0	0	0	0	0	6	4	1	2	0	13_392.cif
.0000000000460051956031058250227397507540	0	1	3	2	1	0	2	1	1	0	0	0	0	0	0	0	0	0	0	0	0	0	0	0	0	0	3	5	4	1	0	13_393.cif
.0000000000431852673069831659606727070594	0	1	3	0	1	2	2	1	1	0	0	0	0	0	0	0	0	0	0	0	0	0	0	0	0	0	5	4	2	2	0	13_394.cif
.0000000000421071748715173603325624278106	0	1	3	0	3	0	2	0	2	0	0	0	0	0	0	0	0	0	0	0	0	0	0	0	0	0	3	6	3	1	0	13_395.cif
.0000000000395261791310718904239681511358	0	1	3	2	1	0	2	0	1	1	0	0	0	0	0	0	0	0	0	0	0	0	0	0	0	0	6	2	1	4	0	13_396.cif
.0000000000375763479490870637659136134361	0	1	4	2	2	0	1	0	1	0	0	0	0	0	0	0	0	0	0	0	0	0	0	0	0	0	6	5	1	0	1	13_397.cif
.0000000000366382785795409568029321686039	0	1	3	0	2	1	2	0	1	1	0	0	0	0	0	0	0	0	0	0	0	0	0	0	0	0	5	4	2	2	0	13_398.cif
.0000000000357227021743897248017520036025	0	2	2	1	1	0	1	1	0	0	1	0	0	0	0	1	0	0	0	0	0	0	0	0	0	0	5	5	2	1	0	13_399.cif
.0000000000352739868551704712939603457611	0	2	2	0	2	0	2	0	2	0	0	0	0	0	0	0	0	0	0	0	0	0	0	0	0	0	8	4	0	0	1	13_400.cif
.0000000000348309078799410737634447149348	0	1	3	0	2	1	2	1	1	0	0	0	0	0	0	0	0	0	0	0	0	0	0	0	0	0	5	3	2	3	0	13_401.cif
.0000000000339604969692418483295572559524	0	1	3	2	0	1	2	2	0	0	0	0	0	0	0	0	0	0	0	0	0	0	0	0	0	0	6	3	2	2	0	13_402.cif
.0000000000326959172245887329985040416594	0	1	3	0	2	1	2	2	0	0	0	0	0	0	0	0	0	0	0	0	0	0	0	0	0	0	3	6	2	2	0	13_403.cif
.0000000000318796846705587764928494294870	0	1	3	1	1	1	2	1	1	0	0	0	0	0	0	0	0	0	0	0	0	0	0	0	0	0	6	3	3	1	0	13_404.cif
.0000000000288112589511939007210593407333	0	1	3	2	1	0	2	2	0	0	0	0	0	0	0	0	0	0	0	0	0	0	0	0	0	0	5	5	3	0	0	13_405.cif
.0000000000277391387940856065362215563149	0	1	3	1	2	0	2	0	2	0	0	0	0	0	0	0	0	0	0	0	0	0	0	0	0	0	6	2	5	0	0	13_406.cif
.0000000000270459484488038827495742408979	0	0	5	3	0	2	1	0	1	0	0	0	0	0	0	0	0	0	0	0	0	0	0	0	0	0	3	6	4	0	0	13_407.cif
.0000000000260388442649556193403787375249	0	1	3	1	2	0	2	0	2	0	0	0	0	0	0	0	0	0	0	0	0	0	0	0	0	0	4	5	2	2	0	13_408.cif
.0000000000257117685510465386258473543469	0	0	6	2	1	3	0	0	0	0	0	0	0	0	0	0	0	0	0	0	0	0	0	0	0	0	6	4	1	1	1	13_409.cif
.0000000000253888012576779621559270681620	0	1	3	2	1	0	2	0	2	0	0	0	0	0	0	0	0	0	0	0	0	0	0	0	0	0	5	4	2	2	0	13_410.cif
.0000000000250692414036823286245124089629	0	1	3	1	1	1	2	0	2	0	0	0	0	0	0	0	0	0	0	0	0	0	0	0	0	0	3	6	4	0	0	13_411.cif
.0000000000244434039085001286922153072264	0	0	5	2	2	1	1	0	1	0	0	0	0	0	0	0	0	0	0	0	0	0	0	0	0	0	6	3	1	3	0	13_412.cif
.0000000000238325727027812785800074600716	0	1	3	0	2	1	2	1	1	0	0	0	0	0	0	0	0	0	0	0	0	0	0	0	0	0	5	4	2	2	0	13_413.cif
.0000000000232376078466901225096782573810	0	1	4	1	2	1	0	0	0	0	1	0	0	0	1	0	0	0	0	0	0	0	0	0	0	0	7	3	1	2	0	13_414.cif
.0000000000229451243026531465195091064666	0	1	4	3	1	0	0	0	0	0	1	0	0	0	1	0	0	0	0	0	0	0	0	0	0	0	7	3	3	0	0	13_415.cif
.0000000000226569090179938653150375935738	0	2	2	0	2	0	1	1	0	0	1	0	0	0	0	1	0	0	0	0	0	0	0	0	0	0	6	4	2	1	0	13_416.cif
.0000000000223723140253502445064628653430	0	1	4	1	2	1	0	0	0	0	1	0	0	1	0	0	0	0	0	0	0	0	0	0	0	0	3	6	4	0	0	13_417.cif
.0000000000212686850771756777243979571404	0	2	1	0	1	0	3	2	1	0	0	0	0	0	0	0	0	0	0	0	0	0	0	0	0	0	4	5	4	0	0	13_418.cif
.0000000000210009836670554985385166378366	0	2	1	1	0	0	3	1	1	1	0	0	0	0	0	0	0	0	0	0	0	0	0	0	0	0	5	4	0	4	0	13_419.cif
.0000000000197142208396908152271515605499	0	1	4	1	3	0	0	0	0	0	1	0	0	0	0	1	0	0	0	0	0	0	0	0	0	0	6	3	1	3	0	13_420.cif
.0000000000192215700889854919160220648519	0	1	3	1	1	1	2	0	1	1	0	0	0	0	0	0	0	0	0	0	0	0	0	0	0	0	6	3	2	2	0	13_421.cif
.0000000000182733677190592692397278769431	0	1	3	1	1	1	2	1	1	0	0	0	0	0	0	0	0	0	0	0	0	0	0	0	0	0	5	4	1	3	0	13_422.cif
.0000000000173719402863609324455474158519	0	1	3	0	2	1	2	1	1	0	0	0	0	0	0	0	0	0	0	0	0	0	0	0	0	0	4	5	1	3	0	13_423.cif
.0000000000171537301494849858758387708756	0	1	3	1	1	1	2	1	0	1	0	0	0	0	0	0	0	0	0	0	0	0	0	0	0	0	4	5	2	2	0	13_424.cif
.0000000000165149803775976388891541554608	0	2	2	1	0	1	1	0	1	0	1	0	0	0	1	0	0	0	0	0	0	0	0	0	0	0	3	7	3	0	0	13_425.cif
.0000000000159000155940207432835526774158	0	1	4	3	1	0	0	0	0	0	1	0	0	1	0	0	0	0	0	0	0	0	0	0	0	0	6	4	0	3	0	13_426.cif
.0000000000157002944044524736934713202315	0	0	5	2	2	1	1	0	1	0	0	0	0	0	0	0	0	0	0	0	0	0	0	0	0	0	4	4	4	1	0	13_427.cif
.0000000000153079501222439862178246162703	0	2	2	2	0	0	2	1	1	0	0	0	0	0	0	0	0	0	0	0	0	0	0	0	0	0	3	7	1	1	1	13_428.cif
.0000000000151156659077922706171679593777	0	1	3	1	0	2	2	1	1	0	0	0	0	0	0	0	0	0	0	0	0	0	0	0	0	0	6	4	0	3	0	13_429.cif
.0000000000149257969885846639949257092472	0	1	3	0	2	1	2	0	2	0	0	0	0	0	0	0	0	0	0	0	0	0	0	0	0	0	5	3	4	1	0	13_430.cif
.0000000000141895056236184095898689580924	0	2	2	2	0	0	1	0	1	0	1	0	0	0	1	0	0	0	0	0	0	0	0	0	0	0	4	5	4	0	0	13_431.cif
.0000000000140109073393066424471944126927	0	1	3	2	1	0	2	1	1	0	0	0	0	0	0	0	0	0	0	0	0	0	0	0	0	0	3	5	3	2	0	13_432.cif
.0000000000138349153684692413311101282015	0	1	3	1	2	0	2	1	1	0	0	0	0	0	0	0	0	0	0	0	0	0	0	0	0	0	5	4	1	3	0	13_433.cif
.0000000000136611340448832383827814324992	0	1	3	2	1	0	2	0	2	0	0	0	0	0	0	0	0	0	0	0	0	0	0	0	0	0	5	3	3	2	0	13_434.cif
.0000000000133197475910423708456999462451	0	1	3	1	1	1	2	2	0	0	0	0	0	0	0	0	0	0	0	0	0	0	0	0	0	0	2	7	1	3	0	13_435.cif
.0000000000126626828364892182638861314402	0	2	1	1	0	0	3	0	2	1	0	0	0	0	0	0	0	0	0	0	0	0	0	0	0	0	4	5	0	4	0	13_436.cif
.0000000000125036260063701095466624627512	0	2	2	2	0	0	1	0	1	0	1	0	0	1	0	0	0	0	0	0	0	0	0	0	0	0	3	7	1	2	0	13_437.cif
.0000000000108796501848824433866877495440	0	2	2	0	1	1	1	0	1	0	1	0	1	0	0	0	0	0	0	0	0	0	0	0	0	0	5	4	2	2	0	13_438.cif
.0000000000107429901505471002693278084527	0	0	5	4	1	0	1	1	0	0	0	0	0	0	0	0	0	0	0	0	0	0	0	0	0	0	0	7	6	0	0	13_439.cif
.0000000000104745269835001226234313257642	0	1	4	0	1	3	1	0	1	0	0	0	0	0	0	0	0	0	0	0	0	0	0	0	0	0	5	5	1	1	1	13_440.cif
Average: .0000010718338907021780212170382948268222 .0312023797245143789032588598661143914256 4.9378495923711338255550923698570132904375 3.3164117741103879788831777761812892668571 .1447879150700089741057763146474759281146 1.4766499031907368725661382790282480954658 1.0306894216180127899218023334426341202670 .4607730732099364496476590555834945596169 .5561560633270455837199954382199639241107 .0137602850810307565541478396391756365394 .0002575344524483096111138836717581863135 .0000249805711064262526832099003916086268 .0000000007628672474374752025409152794561 .0001957400704227527812780614848356002220 .0000030551990280819235177030384701101428 .0000031876289846634230208146421371507162 0 0 0 0 0 0 0 0 0 0 7.9685994474848835207876269757368568287391 4.0006032048173004612004007893598895139158 .9591647362547660909958254930327853943715 .0716325785736635652394528764655443413292 .0000000328693863751434859704691893547203
