.8926101585137274442775209415564287053028	0	0	1	0	0	1	5	0	4	1	0	0	0	0	0	0	0	0	0	0	0	0	0	0	0	0	7	9	1	0	0	17_1.cif
.0667743649307631127628903892949037227083	0	0	1	0	1	0	5	1	3	1	0	0	0	0	0	0	0	0	0	0	0	0	0	0	0	0	7	8	1	1	0	17_2.cif
.0236696149299821721616993041825581527168	0	0	1	1	0	0	5	0	4	1	0	0	0	0	0	0	0	0	0	0	0	0	0	0	0	0	7	9	1	0	0	17_3.cif
.0055272548399484335965489809439560931180	0	0	2	1	1	0	3	0	3	0	1	0	0	0	1	0	0	0	0	0	0	0	0	0	0	0	7	8	1	1	0	17_4.cif
.0032085962302225382803046974069916602507	0	0	2	1	0	1	3	1	2	0	1	0	0	0	1	0	0	0	0	0	0	0	0	0	0	0	7	8	1	1	0	17_5.cif
.0025553079601344407550677791217429251677	0	0	1	0	1	0	5	0	5	0	0	0	0	0	0	0	0	0	0	0	0	0	0	0	0	0	5	9	3	0	0	17_6.cif
.0024601565054704066281769825554233338098	0	0	2	0	1	1	3	0	3	0	1	0	0	0	0	1	0	0	0	0	0	0	0	0	0	0	7	9	1	0	0	17_7.cif
.0008943832777565289880594375074102249802	0	0	2	0	2	0	3	0	3	0	1	0	0	0	1	0	0	0	0	0	0	0	0	0	0	0	9	6	1	1	0	17_8.cif
.0008083196545535803519199815964899268822	0	0	1	1	0	0	5	0	4	1	0	0	0	0	0	0	0	0	0	0	0	0	0	0	0	0	6	8	2	1	0	17_9.cif
.0002224914037338545766499944337207666019	0	0	2	1	1	0	3	1	2	0	1	0	0	0	1	0	0	0	0	0	0	0	0	0	0	0	8	6	2	1	0	17_10.cif
.0001705928808216300902928011596028012229	0	0	2	0	1	1	3	0	3	0	1	0	0	0	1	0	0	0	0	0	0	0	0	0	0	0	8	7	0	2	0	17_11.cif
.0001642405502928854061104047538410188983	0	0	3	1	1	1	1	0	1	0	2	0	0	1	0	1	0	0	0	0	0	0	0	0	0	0	6	9	1	1	0	17_12.cif
.0001522367023423083383784050745806306215	0	0	2	0	1	1	3	0	3	0	1	0	0	0	1	0	0	0	0	0	0	0	0	0	0	0	7	8	0	2	0	17_13.cif
.0001358592091456591504007127545613866248	0	0	1	1	0	0	5	2	3	0	0	0	0	0	0	0	0	0	0	0	0	0	0	0	0	0	8	6	2	1	0	17_14.cif
.0001138118615694518843079088515204789875	0	0	1	1	0	0	5	2	3	0	0	0	0	0	0	0	0	0	0	0	0	0	0	0	0	0	7	7	3	0	0	17_15.cif
.0000539635850732391692539229784393779025	0	0	3	0	1	2	1	0	1	0	2	0	0	1	1	0	0	0	0	0	0	0	0	0	0	0	8	7	2	0	0	17_16.cif
.0000403430708866582435197193885874283462	0	0	1	0	1	0	5	1	3	1	0	0	0	0	0	0	0	0	0	0	0	0	0	0	0	0	7	7	2	1	0	17_17.cif
.0000393349131552577889419892653041932885	0	0	1	1	0	0	5	1	4	0	0	0	0	0	0	0	0	0	0	0	0	0	0	0	0	0	7	7	2	1	0	17_18.cif
.0000383519488954757439653312303201668625	0	0	1	0	1	0	5	0	4	1	0	0	0	0	0	0	0	0	0	0	0	0	0	0	0	0	8	6	1	2	0	17_19.cif
.0000346614643337356567734264760810865491	0	0	2	1	0	1	3	1	2	0	1	0	0	0	1	0	0	0	0	0	0	0	0	0	0	0	10	4	1	2	0	17_20.cif
.0000329516101192147215819736901902321075	0	0	1	1	0	0	5	2	3	0	0	0	0	0	0	0	0	0	0	0	0	0	0	0	0	0	8	5	2	2	0	17_21.cif
.0000313261032192436074206587238246555470	0	0	1	1	0	0	5	0	2	3	0	0	0	0	0	0	0	0	0	0	0	0	0	0	0	0	6	7	2	2	0	17_22.cif
.0000283116931660498584604106420976370244	0	0	3	0	2	1	1	0	1	0	2	0	1	0	1	0	0	0	0	0	0	0	0	0	0	0	8	5	3	1	0	17_23.cif
.0000228340935456611843660029266095796432	0	0	2	1	0	1	3	3	0	0	1	0	0	0	0	1	0	0	0	0	0	0	0	0	0	0	5	9	2	1	0	17_24.cif
.0000198683925718117188190917108227479440	0	0	2	2	0	0	3	0	3	0	1	1	0	0	0	0	0	0	0	0	0	0	0	0	0	0	9	5	1	2	0	17_25.cif
.0000164350648910286670525053342140768739	0	0	2	1	1	0	3	0	3	0	1	0	0	0	1	0	0	0	0	0	0	0	0	0	0	0	8	6	1	2	0	17_26.cif
.0000162282025471282199090776981030700439	0	0	3	0	1	2	1	0	1	0	2	0	0	1	0	1	0	0	0	0	0	0	0	0	0	0	8	7	1	1	0	17_27.cif
.0000121321725536450441832589611914350465	0	0	2	0	2	0	3	1	2	0	1	0	0	0	0	1	0	0	0	0	0	0	0	0	0	0	9	5	2	1	0	17_28.cif
.0000109647326503530463579022140904983699	0	0	1	1	0	0	5	2	2	1	0	0	0	0	0	0	0	0	0	0	0	0	0	0	0	0	4	10	2	1	0	17_29.cif
.0000100356907317807956720210259987036740	0	0	2	0	2	0	3	0	1	2	1	0	0	1	0	0	0	0	0	0	0	0	0	0	0	0	6	7	3	1	0	17_30.cif
.0000085140357247807392010491653637092654	0	0	2	0	2	0	3	0	2	1	1	0	0	0	1	0	0	0	0	0	0	0	0	0	0	0	9	5	3	0	0	17_31.cif
.0000081970004018712379224630240785358982	0	0	1	0	1	0	5	1	3	1	0	0	0	0	0	0	0	0	0	0	0	0	0	0	0	0	10	4	2	1	0	17_32.cif
.0000075024684672830505122843148747677174	0	0	2	0	2	0	3	1	2	0	1	0	0	0	0	1	0	0	0	0	0	0	0	0	0	0	7	7	3	0	0	17_33.cif
.0000072231006574651409853622529489208245	0	0	2	0	0	2	3	1	2	0	1	0	0	0	1	0	0	0	0	0	0	0	0	0	0	0	8	5	3	1	0	17_34.cif
.0000067805300821201482314928902045025552	0	0	1	0	1	0	5	1	4	0	0	0	0	0	0	0	0	0	0	0	0	0	0	0	0	0	4	9	2	2	0	17_35.cif
.0000063649116201047261101129458291152267	0	0	2	0	2	0	3	1	2	0	1	0	0	1	0	0	0	0	0	0	0	0	0	0	0	0	6	8	1	2	0	17_36.cif
.0000058998721909913658308518413297368904	0	0	2	2	0	0	3	0	3	0	1	0	0	0	1	0	0	0	0	0	0	0	0	0	0	0	6	8	1	2	0	17_37.cif
.0000057524366677925224406083534934632835	0	0	3	0	2	1	1	0	1	0	2	0	0	0	1	0	0	0	0	0	0	0	0	0	0	0	6	8	2	1	0	17_38.cif
.0000051988982081764520709816631791433713	0	0	3	1	1	1	1	0	1	0	2	0	0	0	0	2	0	0	0	0	0	0	0	0	0	0	7	9	1	0	0	17_39.cif
.0000049424359327651988434614698631915350	0	0	2	0	1	1	3	1	2	0	1	0	0	0	0	1	0	0	0	0	0	0	0	0	0	0	5	9	1	2	0	17_40.cif
.0000046986249723201964710502549987081634	0	0	1	0	1	0	5	1	2	2	0	0	0	0	0	0	0	0	0	0	0	0	0	0	0	0	5	8	4	0	0	17_41.cif
.0000041403732417776285055103105008281411	0	0	2	2	0	0	3	1	2	0	1	0	0	0	1	0	0	0	0	0	0	0	0	0	0	0	5	9	2	1	0	17_42.cif
.0000037895593712704945641845257845862326	0	0	2	1	0	1	3	0	3	0	1	0	0	0	1	0	0	0	0	0	0	0	0	0	0	0	7	7	2	1	0	17_43.cif
.0000027622699374645301405018820953727369	0	0	2	0	2	0	3	0	3	0	1	0	0	1	0	0	0	0	0	0	0	0	0	0	0	0	7	8	1	1	0	17_44.cif
.0000026594118840224501854552983293799979	0	0	1	0	0	1	5	3	2	0	0	0	0	0	0	0	0	0	0	0	0	0	0	0	0	0	8	5	4	0	0	17_45.cif
.0000024964655949693259014673047898845463	0	0	2	0	2	0	3	0	3	0	1	0	0	0	1	0	0	0	0	0	0	0	0	0	0	0	7	7	0	3	0	17_46.cif
.0000024340798857154501229680327071762675	0	0	1	0	0	1	5	1	3	1	0	0	0	0	0	0	0	0	0	0	0	0	0	0	0	0	9	5	2	1	0	17_47.cif
.0000023434425748677565742613950183754202	0	1	1	0	1	0	2	0	2	0	2	0	0	1	1	0	0	0	0	0	0	0	0	0	0	0	9	6	1	1	0	17_48.cif
.0000022278402701138426981465504374019197	0	0	2	0	1	1	3	1	2	0	1	0	0	0	0	1	0	0	0	0	0	0	0	0	0	0	6	8	0	3	0	17_49.cif
.0000021722236699996771204511230347017757	0	0	2	2	0	0	3	1	2	0	1	0	0	0	1	0	0	0	0	0	0	0	0	0	0	0	6	7	2	2	0	17_50.cif
.0000020913370429156986999240101444199695	0	0	1	1	0	0	5	2	1	2	0	0	0	0	0	0	0	0	0	0	0	0	0	0	0	0	4	8	4	1	0	17_51.cif
.0000020650141238732845064962969155043206	0	0	2	1	1	0	3	1	2	0	1	0	0	0	1	0	0	0	0	0	0	0	0	0	0	0	9	5	1	2	0	17_52.cif
.0000019384875070866837787548173030382840	0	0	2	1	1	0	3	1	2	0	1	0	0	0	1	0	0	0	0	0	0	0	0	0	0	0	7	6	3	1	0	17_53.cif
.0000015833682898804457761431177081716579	0	0	2	0	2	0	3	0	3	0	1	0	0	0	0	0	0	0	0	0	0	0	0	0	0	0	7	5	4	1	0	17_54.cif
.0000015634389937155669865218778388086545	0	0	1	1	0	0	5	2	2	1	0	0	0	0	0	0	0	0	0	0	0	0	0	0	0	0	8	4	4	1	0	17_55.cif
.0000013952455745926360322407830814226430	0	0	1	1	0	0	5	2	3	0	0	0	0	0	0	0	0	0	0	0	0	0	0	0	0	0	5	8	3	1	0	17_56.cif
.0000013776841124511321933290307192829369	0	0	1	0	1	0	5	1	4	0	0	0	0	0	0	0	0	0	0	0	0	0	0	0	0	0	5	8	3	1	0	17_57.cif
.0000012140305352894973074635085632360387	0	0	1	0	1	0	5	1	3	1	0	0	0	0	0	0	0	0	0	0	0	0	0	0	0	0	6	7	3	1	0	17_58.cif
.0000010971798651190728278641049533715992	0	0	2	0	1	1	3	2	0	1	1	0	0	0	0	1	0	0	0	0	0	0	0	0	0	0	7	7	1	2	0	17_59.cif
.0000010430558500919451743034523794570566	0	0	1	1	0	0	5	3	2	0	0	0	0	0	0	0	0	0	0	0	0	0	0	0	0	0	9	4	2	2	0	17_60.cif
.0000010299539538117399164400561655839445	0	0	1	0	1	0	5	3	2	0	0	0	0	0	0	0	0	0	0	0	0	0	0	0	0	0	6	6	5	0	0	17_61.cif
.0000010170166313519318353954003689637601	0	0	1	0	0	1	5	4	0	1	0	0	0	0	0	0	0	0	0	0	0	0	0	0	0	0	8	4	3	2	0	17_62.cif
.0000008628121534879162887960303547123226	0	1	0	0	0	0	4	1	3	0	1	0	0	0	1	0	0	0	0	0	0	0	0	0	0	0	7	7	2	1	0	17_63.cif
.0000007997518076603514435223024581109487	0	0	2	1	1	0	3	0	3	0	1	0	0	0	1	0	0	0	0	0	0	0	0	0	0	0	8	5	2	2	0	17_64.cif
.0000007507497745399030062178945814024749	0	0	2	2	0	0	3	0	3	0	1	0	0	1	0	0	0	0	0	0	0	0	0	0	0	0	8	5	1	3	0	17_65.cif
.0000007413195549811495338871992635436612	0	1	0	0	0	0	4	2	2	0	1	0	0	0	0	1	0	0	0	0	0	0	0	0	0	0	7	7	2	1	0	17_66.cif
.0000006785075408995623564927315007154372	0	0	3	2	0	1	1	0	1	0	2	0	0	0	2	0	0	0	0	0	0	0	0	0	0	0	7	6	3	1	0	17_67.cif
.0000006615518999893008134879783129655526	0	0	1	1	0	0	5	4	1	0	0	0	0	0	0	0	0	0	0	0	0	0	0	0	0	0	3	9	4	1	0	17_68.cif
.0000005403595827798020020368760308384282	0	0	1	1	0	0	5	3	2	0	0	0	0	0	0	0	0	0	0	0	0	0	0	0	0	0	5	8	2	2	0	17_69.cif
.0000004413575343821943264127723858232123	0	0	1	0	0	1	5	2	3	0	0	0	0	0	0	0	0	0	0	0	0	0	0	0	0	0	9	4	2	2	0	17_70.cif
.0000003470795051977101344882499035863148	0	0	2	0	1	1	3	1	2	0	1	0	0	0	1	0	0	0	0	0	0	0	0	0	0	0	8	5	3	1	0	17_71.cif
.0000003427198156588570544171524510065640	0	0	2	0	2	0	3	0	2	1	1	0	0	0	1	0	0	0	0	0	0	0	0	0	0	0	7	6	2	2	0	17_72.cif
.0000003176714548887401595200861591449967	0	0	2	1	1	0	3	1	1	1	1	0	0	0	0	1	0	0	0	0	0	0	0	0	0	0	7	6	3	1	0	17_73.cif
.0000002834892903362780174499000100985917	0	0	1	0	1	0	5	0	4	1	0	0	0	0	0	0	0	0	0	0	0	0	0	0	0	0	6	6	4	1	0	17_74.cif
.0000002661194620204283637089001375763204	0	0	2	1	0	1	3	1	1	1	1	0	0	0	0	1	0	0	0	0	0	0	0	0	0	0	9	5	2	1	0	17_75.cif
.0000002627767171528085468839800589260475	0	0	1	1	0	0	5	0	5	0	0	0	0	0	0	0	0	0	0	0	0	0	0	0	0	0	6	8	0	3	0	17_76.cif
.0000002405116430060255603628957594633961	0	0	1	1	0	0	5	1	3	1	0	0	0	0	0	0	0	0	0	0	0	0	0	0	0	0	7	6	2	2	0	17_77.cif
.0000002257692736112553816452302567118532	0	0	2	0	1	1	3	0	2	1	1	0	0	0	1	0	0	0	0	0	0	0	0	0	0	0	7	6	4	0	0	17_78.cif
.0000002092738970250540571508137024183009	0	0	1	0	1	0	5	1	4	0	0	0	0	0	0	0	0	0	0	0	0	0	0	0	0	0	8	6	1	2	0	17_79.cif
.0000001775428800224923141323974353737890	0	0	2	1	1	0	3	2	1	0	1	0	0	0	0	1	0	0	0	0	0	0	0	0	0	0	5	9	1	2	0	17_80.cif
.0000001753127516941400299270933197310954	0	0	3	0	2	1	1	0	1	0	2	0	0	1	1	0	0	0	0	0	0	0	0	0	0	0	5	8	2	2	0	17_81.cif
.0000001687846683456365498703531016297323	0	0	2	0	0	2	3	1	1	1	1	0	0	1	0	0	0	0	0	0	0	0	0	0	0	0	9	5	2	1	0	17_82.cif
.0000001544835415324476985476370071803149	0	0	1	0	1	0	5	2	3	0	0	0	0	0	0	0	0	0	0	0	0	0	0	0	0	0	7	6	1	3	0	17_83.cif
.0000001525430631410188087728194218850353	0	0	2	0	2	0	3	1	2	0	1	0	0	0	1	0	0	0	0	0	0	0	0	0	0	0	7	6	4	0	0	17_84.cif
.0000001506230576043001758834669529674753	0	0	2	0	0	2	3	1	2	0	1	0	0	1	0	0	0	0	0	0	0	0	0	0	0	0	7	6	3	1	0	17_85.cif
.0000001261798201905396283165716338487081	0	0	1	1	0	0	5	0	5	0	0	0	0	0	0	0	0	0	0	0	0	0	0	0	0	0	5	8	2	2	0	17_86.cif
.0000001245948667897742995654474410280772	0	0	2	2	0	0	3	1	1	1	1	0	0	0	1	0	0	0	0	0	0	0	0	0	0	0	9	4	4	0	0	17_87.cif
.0000001140379423504995460392701622286160	0	0	2	0	2	0	3	1	2	0	1	0	0	1	0	0	0	0	0	0	0	0	0	0	0	0	7	6	2	2	0	17_88.cif
.0000001111881782961802130224162620074944	0	0	1	0	1	0	5	2	3	0	0	0	0	0	0	0	0	0	0	0	0	0	0	0	0	0	6	7	3	1	0	17_89.cif
.0000001070506608282548494023819584457234	0	0	1	0	1	0	5	2	3	0	0	0	0	0	0	0	0	0	0	0	0	0	0	0	0	0	6	7	2	2	0	17_90.cif
.0000000979802571538791777819113790930986	0	0	2	0	2	0	3	0	2	1	1	0	0	0	1	0	0	0	0	0	0	0	0	0	0	0	7	7	2	1	0	17_91.cif
.0000000955317684393783901782887755214075	0	0	3	1	1	1	2	0	2	0	0	0	0	0	0	0	1	0	0	1	0	0	0	0	0	0	8	6	2	1	0	17_92.cif
.0000000885496387475874688810361584443810	0	0	2	1	0	1	3	2	1	0	1	0	0	1	0	0	0	0	0	0	0	0	0	0	0	0	9	4	2	2	0	17_93.cif
.0000000780309247648658116793079670314437	0	0	1	0	1	0	5	2	3	0	0	0	0	0	0	0	0	0	0	0	0	0	0	0	0	0	5	8	2	2	0	17_94.cif
.0000000732479516716656955705652745034671	0	0	1	1	0	0	5	1	3	1	0	0	0	0	0	0	0	0	0	0	0	0	0	0	0	0	7	6	4	0	0	17_95.cif
.0000000687599361155391667525078309434907	0	1	1	1	0	0	3	1	2	0	0	0	0	0	0	0	1	0	0	1	0	0	0	0	0	0	7	7	3	0	0	17_96.cif
.0000000661995371162516656564522380351879	0	0	2	1	0	1	3	0	3	0	1	0	0	0	1	0	0	0	0	0	0	0	0	0	0	0	7	7	0	3	0	17_97.cif
.0000000653680001769609538575284012011366	0	0	2	2	0	0	3	1	2	0	1	1	0	0	0	0	0	0	0	0	0	0	0	0	0	0	5	8	2	2	0	17_98.cif
.0000000645452362984883914975005858049436	0	0	3	2	0	1	1	0	1	0	2	0	0	1	1	0	0	0	0	0	0	0	0	0	0	0	7	6	4	0	0	17_99.cif
.0000000605904496052034962298108188175328	0	0	2	0	1	1	3	0	3	0	1	0	0	0	0	0	0	0	0	0	0	0	0	0	0	0	7	6	1	3	0	17_100.cif
.0000000576015154211291703777123190153518	0	0	1	1	0	0	5	0	4	1	0	0	0	0	0	0	0	0	0	0	0	0	0	0	0	0	6	6	3	2	0	17_101.cif
.0000000554566201409200195626783905126466	0	0	2	1	1	0	3	0	2	1	1	0	0	1	0	0	0	0	0	0	0	0	0	0	0	0	7	6	3	1	0	17_102.cif
.0000000547600257207142103607430881617625	0	1	0	0	0	0	4	3	1	0	1	0	0	0	1	0	0	0	0	0	0	0	0	0	0	0	9	4	3	1	0	17_103.cif
.0000000482538926917466454895936368338660	0	0	2	1	1	0	3	1	2	0	1	0	0	0	0	1	0	0	0	0	0	0	0	0	0	0	6	7	3	1	0	17_104.cif
.0000000476477722264736793293169544141042	0	0	3	1	2	0	2	1	1	0	0	0	0	0	0	0	1	0	0	1	0	0	0	0	0	0	6	8	1	2	0	17_105.cif
.0000000384291282715062490652322108192101	0	0	3	2	1	0	1	0	1	0	2	0	0	0	2	0	0	0	0	0	0	0	0	0	0	0	7	7	2	1	0	17_106.cif
.0000000365334147406890458125522013443147	0	1	0	0	0	0	4	0	4	0	1	0	0	1	0	0	0	0	0	0	0	0	0	0	0	0	8	6	3	0	0	17_107.cif
.0000000330170666160139064464482672423026	0	0	2	1	0	1	3	1	2	0	1	0	0	0	0	0	0	0	0	0	0	0	0	0	0	0	4	9	2	2	0	17_108.cif
.0000000326023369711521194075638430431126	0	0	2	0	1	1	3	2	1	0	1	0	0	1	0	0	0	0	0	0	0	0	0	0	0	0	7	5	4	1	0	17_109.cif
.0000000321928167738868599291858059430666	0	0	2	1	0	1	3	1	2	0	1	1	0	0	0	0	0	0	0	0	0	0	0	0	0	0	9	4	2	2	0	17_110.cif
.0000000317884405879885331606448812465046	0	0	3	0	3	0	1	0	1	0	2	0	0	2	0	0	0	0	0	0	0	0	0	0	0	0	7	6	3	1	0	17_111.cif
.0000000294651190530588214637777334079687	0	0	1	1	0	0	5	3	2	0	0	0	0	0	0	0	0	0	0	0	0	0	0	0	0	0	7	5	3	2	0	17_112.cif
.0000000276597455285401533212429021970465	0	0	3	0	2	1	1	1	0	0	2	0	0	0	2	0	0	0	0	0	0	0	0	0	0	0	6	7	4	0	0	17_113.cif
.0000000262946058308925587737126850499797	0	0	2	2	0	0	3	0	3	0	1	0	0	0	1	0	0	0	0	0	0	0	0	0	0	0	6	6	5	0	0	17_114.cif
.0000000253161349843990909338587851802583	0	0	2	0	2	0	3	3	0	0	1	0	1	0	0	0	0	0	0	0	0	0	0	0	0	0	5	7	4	1	0	17_115.cif
.0000000234658548038523783699441347248216	0	0	2	1	0	1	4	2	2	0	0	0	0	0	0	0	0	0	0	0	0	0	0	0	0	0	6	7	3	0	1	17_116.cif
.0000000201611050291497093883849997072704	0	0	1	1	0	0	5	2	2	1	0	0	0	0	0	0	0	0	0	0	0	0	0	0	0	0	4	7	3	3	0	17_117.cif
.0000000191665552873507437916131559938623	0	0	3	1	1	1	2	0	1	1	0	0	0	0	0	0	1	0	0	1	0	0	0	0	0	0	7	6	3	1	0	17_118.cif
.0000000177661895853753576789115487728254	0	1	0	0	0	0	4	1	2	1	1	1	0	0	0	0	0	0	0	0	0	0	0	0	0	0	5	8	1	3	0	17_119.cif
.0000000175425728461547781541024528235547	0	0	2	1	1	0	3	0	3	0	1	0	0	1	0	0	0	0	0	0	0	0	0	0	0	0	6	6	4	1	0	17_120.cif
.0000000171046337927825390238387777857843	0	0	2	1	1	0	3	0	3	0	1	0	0	1	0	0	0	0	0	0	0	0	0	0	0	0	5	7	2	3	0	17_121.cif
.0000000160561904551385830191589330024450	0	0	1	1	0	0	5	2	3	0	0	0	0	0	0	0	0	0	0	0	0	0	0	0	0	0	8	5	4	0	0	17_122.cif
.0000000154587099541134607296241028271431	0	0	2	1	0	1	4	2	2	0	0	0	0	0	0	0	0	0	0	0	0	0	0	0	0	0	3	10	2	1	1	17_123.cif
.0000000152641366441820429267216524423705	0	0	2	2	0	0	3	0	2	1	1	0	0	0	1	0	0	0	0	0	0	0	0	0	0	0	7	5	3	2	0	17_124.cif
.0000000143288793278135653595723883983271	0	0	3	1	1	1	2	0	2	0	1	0	0	1	0	0	0	0	0	0	0	0	0	0	0	0	6	9	1	0	1	17_125.cif
.0000000137953179203364267292214083321254	0	1	0	0	0	0	4	1	2	1	1	1	0	0	0	0	0	0	0	0	0	0	0	0	0	0	7	5	3	2	0	17_126.cif
.0000000115566020391932608849285827403282	0	1	1	1	0	0	2	0	2	0	2	0	0	1	1	0	0	0	0	0	0	0	0	0	0	0	8	5	2	2	0	17_127.cif
.0000000111262713267476549473912790608426	0	0	2	0	1	1	3	2	1	0	1	1	0	0	0	0	0	0	0	0	0	0	0	0	0	0	7	5	2	3	0	17_128.cif
.0000000109865134672853649283232622149194	0	0	3	0	3	0	1	1	0	0	2	0	0	2	0	0	0	0	0	0	0	0	0	0	0	0	9	4	2	2	0	17_129.cif
.0000000103133527546173564109504819543478	0	0	2	1	1	0	4	0	4	0	0	0	0	0	0	0	0	0	0	0	0	0	0	0	0	0	8	6	2	0	1	17_130.cif
.0000000101835422343402595532322400453592	0	0	1	0	0	1	5	2	3	0	0	0	0	0	0	0	0	0	0	0	0	0	0	0	0	0	7	4	3	3	0	17_131.cif
.0000000099293166492339822817961009624467	0	0	2	2	0	0	3	2	1	0	1	0	0	0	0	0	0	0	0	0	0	0	0	0	0	0	6	6	4	1	0	17_132.cif
.0000000098043398554696032941235513003303	0	0	2	2	0	0	3	1	2	0	1	0	0	0	1	0	0	0	0	0	0	0	0	0	0	0	5	8	2	2	0	17_133.cif
.0000000089736180312246154395864108013645	0	1	1	0	1	0	2	1	1	0	2	0	0	0	2	0	0	0	0	0	0	0	0	0	0	0	6	8	1	2	0	17_134.cif
.0000000085309483718456631769086764486174	0	0	2	0	1	1	3	0	3	0	1	0	0	1	0	0	0	0	0	0	0	0	0	0	0	0	7	5	4	1	0	17_135.cif
.0000000083179787301005271482979203700911	0	0	1	0	1	0	5	0	4	1	0	0	0	0	0	0	0	0	0	0	0	0	0	0	0	0	6	7	3	1	0	17_136.cif
.0000000078081210220730153584838877190523	0	0	2	0	2	0	3	1	2	0	1	0	0	0	1	0	0	0	0	0	0	0	0	0	0	0	7	6	2	2	0	17_137.cif
.0000000075175664180174851005285228953502	0	0	2	1	0	1	3	0	2	1	1	0	0	1	0	0	0	0	0	0	0	0	0	0	0	0	7	5	4	1	0	17_138.cif
.0000000071465388416303879720554862905915	0	0	2	0	2	0	3	2	0	1	1	0	0	1	0	0	0	0	0	0	0	0	0	0	0	0	7	6	2	2	0	17_139.cif
.0000000069681300938008145180132452815018	0	0	2	1	0	1	3	0	2	1	1	0	0	1	0	0	0	0	0	0	0	0	0	0	0	0	7	6	3	1	0	17_140.cif
.0000000062976093699269354762820058107684	0	0	2	1	1	0	3	1	2	0	1	0	0	1	0	0	0	0	0	0	0	0	0	0	0	0	5	8	1	3	0	17_141.cif
.0000000059869475404411072913802505034476	0	1	0	0	0	0	4	0	3	1	1	0	0	1	0	0	0	0	0	0	0	0	0	0	0	0	5	8	2	2	0	17_142.cif
.0000000056914632690201494728324065714641	0	0	2	1	1	0	3	2	1	0	1	0	0	1	0	0	0	0	0	0	0	0	0	0	0	0	7	5	3	2	0	17_143.cif
.0000000054107026997716783534213428790327	0	0	2	2	0	0	3	2	1	0	1	0	0	0	0	1	0	0	0	0	0	0	0	0	0	0	4	9	2	2	0	17_144.cif
.0000000052756279852929512695353412143786	0	0	3	3	0	0	2	0	2	0	0	0	0	0	0	0	1	1	0	0	0	0	0	0	0	0	5	8	3	1	0	17_145.cif
.0000000048286239678286305291628804157380	0	0	2	2	0	0	3	0	3	0	1	0	0	1	0	0	0	0	0	0	0	0	0	0	0	0	7	7	0	3	0	17_146.cif
.0000000045904273653356173974305338691492	0	0	3	0	3	0	2	2	0	0	0	0	0	0	0	0	1	0	1	0	0	0	0	0	0	0	3	9	3	2	0	17_147.cif
.0000000045326492810631040326984194641172	0	0	3	0	0	3	1	1	0	0	2	0	0	1	0	1	0	0	0	0	0	0	0	0	0	0	8	5	0	4	0	17_148.cif
.0000000044757143616627662387154771824790	0	1	1	0	1	0	2	0	2	0	2	0	0	1	1	0	0	0	0	0	0	0	0	0	0	0	6	8	2	1	0	17_149.cif
.0000000044194946057013174707483452325065	0	0	1	1	0	0	5	2	3	0	0	0	0	0	0	0	0	0	0	0	0	0	0	0	0	0	4	8	2	3	0	17_150.cif
.0000000043638679915654766162690984516814	0	1	1	0	0	1	3	1	1	1	0	0	0	0	0	0	1	0	0	1	0	0	0	0	0	0	6	8	2	1	0	17_151.cif
.0000000043090531455522372033420622381373	0	0	2	1	1	0	3	0	3	0	1	0	0	1	0	0	0	0	0	0	0	0	0	0	0	0	8	3	3	3	0	17_152.cif
.0000000042549268325902409987070297029928	0	0	2	0	2	0	3	2	1	0	1	0	1	0	0	0	0	0	0	0	0	0	0	0	0	0	4	8	2	3	0	17_153.cif
.0000000042014804039684701919949039170268	0	0	3	0	1	2	1	0	0	1	2	0	0	1	1	0	0	0	0	0	0	0	0	0	0	0	8	4	3	2	0	17_154.cif
.0000000040964870343638495795708694678515	0	0	2	0	0	2	4	1	3	0	0	0	0	0	0	0	0	0	0	0	0	0	0	0	0	0	7	7	2	0	1	17_155.cif
.0000000037970871151336463266058366511349	0	0	2	0	2	0	3	0	2	1	1	0	0	1	0	0	0	0	0	0	0	0	0	0	0	0	5	7	4	1	0	17_156.cif
.0000000035644337009183860063302756571604	0	0	2	2	0	0	3	1	1	1	1	0	0	0	0	1	0	0	0	0	0	0	0	0	0	0	6	7	3	1	0	17_157.cif
.0000000033885997567083635998497739495812	0	0	2	2	0	0	3	1	2	0	1	0	0	1	0	0	0	0	0	0	0	0	0	0	0	0	4	9	1	3	0	17_158.cif
.0000000033039199599485930542866423120114	0	0	3	1	1	1	2	0	2	0	0	0	0	0	0	0	1	0	0	1	0	0	0	0	0	0	8	4	3	2	0	17_159.cif
.0000000032214397221655310403582244859092	0	0	1	0	1	0	5	1	2	2	0	0	0	0	0	0	0	0	0	0	0	0	0	0	0	0	7	5	3	2	0	17_160.cif
.0000000031014836618946487639636552061478	0	0	2	1	1	0	3	1	1	1	1	0	0	0	1	0	0	0	0	0	0	0	0	0	0	0	7	4	4	2	0	17_161.cif
.0000000030239787852496401962268758105631	0	0	2	0	1	1	3	2	0	1	1	0	0	1	0	0	0	0	0	0	0	0	0	0	0	0	5	7	5	0	0	17_162.cif
.0000000028748055471891656957321956724515	0	0	2	1	1	0	3	0	3	0	1	0	0	1	0	0	0	0	0	0	0	0	0	0	0	0	4	9	2	2	0	17_163.cif
.0000000027329910429471924921504412082796	0	0	3	1	2	0	2	0	1	1	0	0	0	0	0	0	1	0	0	1	0	0	0	0	0	0	9	4	2	2	0	17_164.cif
.0000000025981722652972527789872621258984	0	0	2	1	0	1	4	0	4	0	0	0	0	0	0	0	0	0	0	0	0	0	0	0	0	0	5	8	2	1	1	17_165.cif
.0000000025655364447560709828648896421361	0	0	2	1	0	1	3	1	2	0	1	0	0	0	1	0	0	0	0	0	0	0	0	0	0	0	7	6	3	1	0	17_166.cif
.0000000025332449457055282217355454926631	0	0	3	1	1	1	2	0	2	0	0	0	0	0	0	0	1	1	0	0	0	0	0	0	0	0	8	4	3	2	0	17_167.cif
.0000000025014246816918013336617355032620	0	0	2	0	2	0	3	1	1	1	1	0	0	1	0	0	0	0	0	0	0	0	0	0	0	0	8	4	3	2	0	17_168.cif
.0000000024082796671147830140472090182428	0	0	2	2	0	0	3	1	2	0	1	1	0	0	0	0	0	0	0	0	0	0	0	0	0	0	3	9	3	2	0	17_169.cif
.0000000021765386686048450047339112400145	0	1	1	0	0	1	2	1	1	0	2	0	0	0	1	0	0	0	0	0	0	0	0	0	0	0	4	9	2	2	0	17_170.cif
.0000000021491990166740275186213103161008	0	0	1	0	0	1	5	0	5	0	0	0	0	0	0	0	0	0	0	0	0	0	0	0	0	0	4	7	5	1	0	17_171.cif
.0000000020174620021549775740209388415961	0	0	2	1	1	0	3	2	1	0	1	0	0	1	0	0	0	0	0	0	0	0	0	0	0	0	2	10	2	3	0	17_172.cif
.0000000017333831327978073251436383244267	0	0	2	0	2	0	3	1	2	0	1	0	0	1	0	0	0	0	0	0	0	0	0	0	0	0	6	7	3	1	0	17_173.cif
.0000000016900665590119686892406927288069	0	0	2	1	1	0	4	2	2	0	0	0	0	0	0	0	0	0	0	0	0	0	0	0	0	0	9	4	1	2	1	17_174.cif
.0000000016478751338726388856821822429989	0	0	1	0	1	0	5	0	5	0	0	0	0	0	0	0	0	0	0	0	0	0	0	0	0	0	6	6	2	3	0	17_175.cif
.0000000016066953718940912794043379880788	0	1	2	0	2	0	1	1	0	0	1	0	0	0	0	1	1	0	1	0	0	0	0	0	0	0	9	5	2	1	0	17_176.cif
.0000000015665852548436673823558374716227	0	0	2	1	1	0	3	0	3	0	1	0	0	0	0	1	0	0	0	0	0	0	0	0	0	0	8	5	1	3	0	17_177.cif
.0000000015082506555784739148522753332048	0	0	3	1	2	0	1	1	0	0	2	0	1	0	0	1	0	0	0	0	0	0	0	0	0	0	9	4	2	2	0	17_178.cif
.0000000014520882492794208664676408789763	0	0	2	1	1	0	3	1	2	0	1	0	0	0	1	0	0	0	0	0	0	0	0	0	0	0	8	5	3	1	0	17_179.cif
.0000000013804565608723560198751046580010	0	0	3	2	1	0	2	1	1	0	0	0	0	0	0	0	1	0	0	1	0	0	0	0	0	0	10	3	2	2	0	17_180.cif
.0000000012958402807644343543595186948346	0	0	3	0	1	2	1	1	0	0	2	0	0	2	0	0	0	0	0	0	0	0	0	0	0	0	6	7	2	2	0	17_181.cif
.0000000011419088421562539438182633255834	0	0	3	1	2	0	2	0	2	0	0	0	0	0	0	0	1	1	0	0	0	0	0	0	0	0	7	6	2	2	0	17_182.cif
.0000000010993878274214295973976257759376	0	0	1	1	0	0	5	1	3	1	0	0	0	0	0	0	0	0	0	0	0	0	0	0	0	0	4	8	4	1	0	17_183.cif
.0000000010855783412991610220165729894332	0	0	3	0	2	1	1	0	1	0	2	0	0	0	2	0	0	0	0	0	0	0	0	0	0	0	6	7	3	1	0	17_184.cif
.0000000010062366846610361906259965285606	0	0	2	1	1	0	4	3	0	1	0	0	0	0	0	0	0	0	0	0	0	0	0	0	0	0	8	4	4	0	1	17_185.cif
.0000000009687676649673100278781641047699	0	1	0	0	0	0	4	2	2	0	1	0	0	1	0	0	0	0	0	0	0	0	0	0	0	0	8	4	1	4	0	17_186.cif
.0000000008218789048993040627027081721326	0	0	2	2	0	0	3	1	2	0	1	0	0	1	0	0	0	0	0	0	0	0	0	0	0	0	7	5	4	1	0	17_187.cif
.0000000007912747763250175786480329068636	0	0	3	0	2	1	2	0	2	0	1	0	0	0	1	0	0	0	0	0	0	0	0	0	0	0	8	6	1	1	1	17_188.cif
.0000000007427921440565313579010775799073	0	0	2	1	1	0	4	0	4	0	0	0	0	0	0	0	0	0	0	0	0	0	0	0	0	0	7	6	2	1	1	17_189.cif
.0000000007334618808416497352548552970592	0	0	3	1	2	0	2	1	1	0	0	0	0	0	0	0	1	0	0	1	0	0	0	0	0	0	6	7	3	1	0	17_190.cif
.0000000007061501180359526788003562097806	0	0	2	0	2	0	3	2	1	0	1	0	0	0	1	0	0	0	0	0	0	0	0	0	0	0	7	5	2	3	0	17_191.cif
.0000000006713156475766920814635274643690	0	0	2	1	1	0	3	1	1	1	1	0	0	0	1	0	0	0	0	0	0	0	0	0	0	0	7	5	0	5	0	17_192.cif
.0000000006222512055373568912453440009789	0	0	3	2	1	0	1	0	1	0	2	0	0	2	0	0	0	0	0	0	0	0	0	0	0	0	7	6	2	2	0	17_193.cif
.0000000005623739754696386537837136439786	0	1	0	0	0	0	4	1	3	0	1	0	0	0	1	0	0	0	0	0	0	0	0	0	0	0	9	4	1	3	0	17_194.cif
.0000000005553099572805451366648473655552	0	0	1	1	0	0	5	2	1	2	0	0	0	0	0	0	0	0	0	0	0	0	0	0	0	0	7	4	4	2	0	17_195.cif
.0000000005414329763157375956853830920306	0	0	3	0	3	0	2	0	2	0	1	0	0	0	0	1	0	0	0	0	0	0	0	0	0	0	8	5	2	1	1	17_196.cif
.0000000004955573542522611460111065447513	0	0	2	1	1	0	3	2	0	1	1	0	0	0	0	1	0	0	0	0	0	0	0	0	0	0	8	5	1	3	0	17_197.cif
.0000000004893326242382990694376326710680	0	0	1	0	1	0	5	4	1	0	0	0	0	0	0	0	0	0	0	0	0	0	0	0	0	0	6	6	3	2	0	17_198.cif
.0000000004831860834862140271846029178292	0	0	1	1	0	0	5	1	4	0	0	0	0	0	0	0	0	0	0	0	0	0	0	0	0	0	5	7	1	4	0	17_199.cif
.0000000004711114502204348224816940206401	0	0	2	1	0	1	3	2	1	0	1	0	0	0	1	0	0	0	0	0	0	0	0	0	0	0	7	4	3	3	0	17_200.cif
.0000000004478714655818036121303101630179	0	0	2	0	1	1	3	2	1	0	1	0	0	0	1	0	0	0	0	0	0	0	0	0	0	0	6	7	2	2	0	17_201.cif
.0000000004366793309530718504678412507756	0	0	2	0	1	1	3	1	1	1	1	0	0	1	0	0	0	0	0	0	0	0	0	0	0	0	3	8	4	2	0	17_202.cif
.0000000004151378869091865663723207056093	0	0	2	0	1	1	3	1	2	0	1	0	0	0	1	0	0	0	0	0	0	0	0	0	0	0	8	4	4	1	0	17_203.cif
.0000000003946590848971168632291068078287	0	0	3	1	1	1	1	1	0	0	2	0	0	2	0	0	0	0	0	0	0	0	0	0	0	0	6	7	4	0	0	17_204.cif
.0000000003897017449848706081399956665482	0	1	2	1	1	0	1	1	0	0	1	0	0	0	0	1	1	1	0	0	0	0	0	0	0	0	10	3	2	2	0	17_205.cif
.0000000003847967070720802920611225942934	0	0	1	1	0	0	5	5	0	0	0	0	0	0	0	0	0	0	0	0	0	0	0	0	0	0	2	9	4	2	0	17_206.cif
.0000000003751905046573165068963135323419	0	0	3	1	1	1	2	0	2	0	0	0	0	0	0	0	1	0	0	1	0	0	0	0	0	0	7	6	2	2	0	17_207.cif
.0000000003704777109206199436430005592496	0	0	2	1	1	0	3	1	2	0	1	0	0	0	1	0	0	0	0	0	0	0	0	0	0	0	7	5	2	3	0	17_208.cif
.0000000003658146391194404000962600677441	0	0	2	0	1	1	3	1	2	0	1	0	0	1	0	0	0	0	0	0	0	0	0	0	0	0	5	8	1	3	0	17_209.cif
.0000000003566823118279626947483404584591	0	1	1	0	1	0	2	0	2	0	2	0	0	0	2	0	0	0	0	0	0	0	0	0	0	0	5	8	1	3	0	17_210.cif
.0000000003434006090536420317995312194223	0	0	2	1	1	0	3	2	1	0	1	0	0	0	1	0	0	0	0	0	0	0	0	0	0	0	6	6	4	1	0	17_211.cif
.0000000003306134741979864282131851208370	0	0	1	0	0	1	5	1	3	1	0	0	0	0	0	0	0	0	0	0	0	0	0	0	0	0	5	6	5	1	0	17_212.cif
.0000000002950463616614631699493586496029	0	0	2	0	2	0	4	1	3	0	0	0	0	0	0	0	0	0	0	0	0	0	0	0	0	0	8	5	2	1	1	17_213.cif
.0000000002769612394701550549448726893706	0	0	2	1	1	0	3	1	1	1	1	0	0	0	0	0	0	0	0	0	0	0	0	0	0	0	6	6	2	3	0	17_214.cif
.0000000002734823102902312844125227902427	0	1	1	0	1	0	2	1	1	0	2	0	0	0	2	0	0	0	0	0	0	0	0	0	0	0	8	4	2	3	0	17_215.cif
.0000000002700470801790366934911213783834	0	0	2	0	2	0	3	1	2	0	1	0	0	1	0	0	0	0	0	0	0	0	0	0	0	0	6	6	2	3	0	17_216.cif
.0000000002632987081354337997763500593358	0	0	2	2	0	0	3	2	1	0	1	0	0	0	1	0	0	0	0	0	0	0	0	0	0	0	9	2	3	3	0	17_217.cif
.0000000002567189752980340928916570506204	0	0	1	1	0	0	5	1	3	1	0	0	0	0	0	0	0	0	0	0	0	0	0	0	0	0	6	5	3	3	0	17_218.cif
.0000000002534943105907521903907007594791	0	0	3	2	1	0	2	0	1	1	1	0	0	0	0	1	0	0	0	0	0	0	0	0	0	0	8	6	1	1	1	17_219.cif
.0000000002503101511186688840858791724635	0	0	3	1	2	0	1	0	1	0	2	0	0	1	0	1	0	0	0	0	0	0	0	0	0	0	7	5	3	2	0	17_220.cif
.0000000002471659880927386683641573596083	0	0	3	0	3	0	1	1	0	0	2	0	0	1	0	1	0	0	0	0	0	0	0	0	0	0	7	6	3	1	0	17_221.cif
.0000000002440549972954194764944357140595	0	0	1	0	1	0	5	2	3	0	0	0	0	0	0	0	0	0	0	0	0	0	0	0	0	0	5	6	4	2	0	17_222.cif
.0000000002409894056869274725881904031924	0	0	1	1	0	0	5	1	4	0	0	0	0	0	0	0	0	0	0	0	0	0	0	0	0	0	7	4	2	4	0	17_223.cif
.0000000002349732601007111991276622737815	0	0	2	1	1	0	3	2	1	0	1	0	0	0	0	1	0	0	0	0	0	0	0	0	0	0	9	3	4	1	0	17_224.cif
.0000000002262236111916392721420684107213	0	0	3	1	1	1	1	1	0	0	2	0	0	0	2	0	0	0	0	0	0	0	0	0	0	0	6	6	3	2	0	17_225.cif
.0000000002233762146789384997545804521791	0	0	2	1	1	0	3	1	2	0	1	0	0	0	0	1	0	0	0	0	0	0	0	0	0	0	7	5	1	4	0	17_226.cif
.0000000002177997710831058020303949667295	0	0	2	0	2	0	3	1	2	0	1	0	0	1	0	0	0	0	0	0	0	0	0	0	0	0	7	5	2	3	0	17_227.cif
.0000000002150639731770476008527709596363	0	0	3	2	0	1	2	1	1	0	1	0	0	0	1	0	0	0	0	0	0	0	0	0	0	0	9	3	2	2	1	17_228.cif
.0000000002070556821166830976225296453362	0	1	1	1	0	0	3	1	2	0	0	0	0	0	0	0	1	1	0	0	0	0	0	0	0	0	8	5	2	2	0	17_229.cif
.0000000002044495455419535703072061695409	0	1	0	0	0	0	4	1	2	1	1	0	0	0	0	1	0	0	0	0	0	0	0	0	0	0	5	8	2	2	0	17_230.cif
.0000000001968416003543283874960222759986	0	0	2	0	2	0	3	1	2	0	1	1	0	0	0	0	0	0	0	0	0	0	0	0	0	0	7	5	4	1	0	17_231.cif
.0000000001943640248110374928992476060543	0	0	1	1	0	0	5	2	3	0	0	0	0	0	0	0	0	0	0	0	0	0	0	0	0	0	5	7	1	4	0	17_232.cif
.0000000001895118518839618706664881450022	0	0	2	0	2	0	3	1	2	0	1	0	0	0	1	0	0	0	0	0	0	0	0	0	0	0	5	7	3	2	0	17_233.cif
.0000000001847760240337320007000700573307	0	1	1	0	1	0	2	1	1	0	2	0	0	1	1	0	0	0	0	0	0	0	0	0	0	0	7	6	0	4	0	17_234.cif
.0000000001756610004907423016967431768467	0	0	1	1	0	0	5	2	2	1	0	0	0	0	0	0	0	0	0	0	0	0	0	0	0	0	6	5	4	2	0	17_235.cif
.0000000001691199494764628491339729971862	0	0	2	2	0	0	3	1	1	1	1	0	0	1	0	0	0	0	0	0	0	0	0	0	0	0	6	6	2	3	0	17_236.cif
.0000000001669956221580753935585624415050	0	0	2	0	1	1	3	2	1	0	1	0	0	0	1	0	0	0	0	0	0	0	0	0	0	0	8	5	3	1	0	17_237.cif
.0000000001648979786612572868977506460229	0	0	2	2	0	0	3	0	3	0	1	0	0	1	0	0	0	0	0	0	0	0	0	0	0	0	5	8	0	4	0	17_238.cif
.0000000001587577079832948596306530644414	0	0	3	2	0	1	1	1	0	0	2	0	0	0	2	0	0	0	0	0	0	0	0	0	0	0	8	5	3	1	0	17_239.cif
.0000000001567594809118815995262725066720	0	1	1	0	0	1	2	0	1	1	2	0	0	1	0	1	0	0	0	0	0	0	0	0	0	0	5	8	1	3	0	17_240.cif
.0000000001490265168188897687299744909814	0	1	0	0	0	0	5	2	3	0	0	0	0	0	0	0	0	0	0	0	0	0	0	0	0	0	7	6	2	1	1	17_241.cif
.0000000001453061656323571596040133262859	0	1	0	0	0	0	5	1	4	0	0	0	0	0	0	0	0	0	0	0	0	0	0	0	0	0	6	7	2	1	1	17_242.cif
.0000000001434809648908804199358265143219	0	0	3	1	1	1	1	0	1	0	2	0	0	0	1	1	0	0	0	0	0	0	0	0	0	0	6	6	3	2	0	17_243.cif
.0000000001381381949629660582866235490557	0	0	1	0	1	0	5	3	2	0	0	0	0	0	0	0	0	0	0	0	0	0	0	0	0	0	7	5	2	3	0	17_244.cif
.0000000001363994984027952173527824859577	0	0	1	0	0	1	5	1	4	0	0	0	0	0	0	0	0	0	0	0	0	0	0	0	0	0	8	4	3	2	0	17_245.cif
.0000000001346861749210392655087096719964	0	0	2	1	1	0	3	1	2	0	1	0	0	0	1	0	0	0	0	0	0	0	0	0	0	0	6	6	2	3	0	17_246.cif
.0000000001296708947016651671269905331078	0	0	1	0	0	1	5	0	3	2	0	0	0	0	0	0	0	0	0	0	0	0	0	0	0	0	5	6	5	1	0	17_247.cif
.0000000001171930820015138955963460567121	0	0	2	0	1	1	3	1	1	1	1	0	0	0	1	0	0	0	0	0	0	0	0	0	0	0	5	7	2	3	0	17_248.cif
.0000000001142644722281427144714783615464	0	0	2	0	1	1	3	1	1	1	1	0	0	0	0	1	0	0	0	0	0	0	0	0	0	0	5	7	3	2	0	17_249.cif
.0000000001072633108691027555498737477534	0	0	2	1	1	0	4	1	3	0	0	0	0	0	0	0	0	0	0	0	0	0	0	0	0	0	8	5	2	1	1	17_250.cif
.0000000001059159690431070372775981759290	0	0	3	2	0	1	1	0	1	0	2	0	0	0	1	1	0	0	0	0	0	0	0	0	0	0	8	4	3	2	0	17_251.cif
.0000000001006911215205180447451048286099	0	0	2	1	0	1	4	0	3	1	0	0	0	0	0	0	0	0	0	0	0	0	0	0	0	0	8	5	2	1	1	17_252.cif
.0000000000909995819027945830889585830578	0	0	2	1	1	0	3	2	1	0	1	0	0	0	0	1	0	0	0	0	0	0	0	0	0	0	7	5	3	2	0	17_253.cif
.0000000000887278358422094750970110846047	0	1	1	0	1	0	2	0	1	1	2	0	0	1	1	0	0	0	0	0	0	0	0	0	0	0	6	6	3	2	0	17_254.cif
.0000000000865105615562220843837960618840	0	0	2	2	0	0	3	3	0	0	1	0	0	1	0	0	0	0	0	0	0	0	0	0	0	0	2	9	4	2	0	17_255.cif
.0000000000832891863230607885659939349938	0	0	3	1	1	1	1	0	1	0	2	0	0	0	2	0	0	0	0	0	0	0	0	0	0	0	5	7	4	1	0	17_256.cif
.0000000000772038299236650671272613341960	0	0	2	0	0	2	3	1	1	1	1	0	0	0	0	1	0	0	0	0	0	0	0	0	0	0	7	6	2	2	0	17_257.cif
.0000000000724715543248610317800872494211	0	0	1	1	0	0	5	2	2	1	0	0	0	0	0	0	0	0	0	0	0	0	0	0	0	0	6	5	5	1	0	17_258.cif
.0000000000715612341459886440046140195960	0	0	2	0	2	0	3	2	1	0	1	0	0	1	0	0	0	0	0	0	0	0	0	0	0	0	6	6	2	3	0	17_259.cif
.0000000000654978499863897602634127468589	0	1	0	0	0	0	4	1	3	0	1	0	0	0	1	0	0	0	0	0	0	0	0	0	0	0	6	6	1	4	0	17_260.cif
.0000000000614846951755983897244219355206	0	0	2	1	1	0	3	1	2	0	1	0	0	1	0	0	0	0	0	0	0	0	0	0	0	0	6	6	4	1	0	17_261.cif
.0000000000591952027634097990029356415783	0	0	2	1	1	0	3	1	2	0	1	0	0	0	1	0	0	0	0	0	0	0	0	0	0	0	7	5	1	4	0	17_262.cif
.0000000000508586075432032194216972390801	0	0	3	1	0	2	2	1	0	1	0	0	0	0	0	0	1	0	0	1	0	0	0	0	0	0	8	4	3	2	0	17_263.cif
.0000000000483497463013608149593690718120	0	0	2	1	1	0	3	2	1	0	1	0	0	0	1	0	0	0	0	0	0	0	0	0	0	0	5	7	2	3	0	17_264.cif
.0000000000459646474870577818134522995696	0	0	3	0	1	2	1	1	0	0	2	0	0	2	0	0	0	0	0	0	0	0	0	0	0	0	8	4	4	1	0	17_265.cif
.0000000000436972058848222631747562252132	0	0	2	2	0	0	3	1	1	1	1	0	0	0	1	0	0	0	0	0	0	0	0	0	0	0	3	8	4	2	0	17_266.cif
.0000000000420700623977899305118298379734	0	0	3	1	1	1	1	1	0	0	2	0	0	1	0	1	0	0	0	0	0	0	0	0	0	0	7	6	2	2	0	17_267.cif
.0000000000410198103359415678829525867486	0	0	1	1	0	0	5	0	4	1	0	0	0	0	0	0	0	0	0	0	0	0	0	0	0	0	5	5	5	2	0	17_268.cif
.0000000000385054655461522765713904958546	0	0	3	1	2	0	2	0	2	0	0	0	0	0	0	0	1	1	0	0	0	0	0	0	0	0	4	8	3	2	0	17_269.cif
.0000000000375442013531045862563662361779	0	0	1	1	0	0	5	1	4	0	0	0	0	0	0	0	0	0	0	0	0	0	0	0	0	0	5	6	5	1	0	17_270.cif
.0000000000361461759766410197379623045219	0	0	2	2	0	0	3	0	3	0	1	0	0	1	0	0	0	0	0	0	0	0	0	0	0	0	6	6	4	1	0	17_271.cif
.0000000000343630807577722329403775743921	0	0	2	0	2	0	3	1	2	0	1	0	0	1	0	0	0	0	0	0	0	0	0	0	0	0	3	9	3	2	0	17_272.cif
.0000000000339305648245328478062011733070	0	2	0	0	0	0	1	0	1	0	3	0	1	0	2	0	0	0	0	0	0	0	0	0	0	0	7	6	1	3	0	17_273.cif
.0000000000335043606658383513696109735564	0	0	2	0	1	1	3	2	1	0	1	0	0	0	1	0	0	0	0	0	0	0	0	0	0	0	4	8	4	1	0	17_274.cif
.0000000000326679458410280025455059530672	0	0	2	0	2	0	4	3	1	0	0	0	0	0	0	0	0	0	0	0	0	0	0	0	0	0	9	3	2	2	1	17_275.cif
.0000000000302803439118205512127009511635	0	1	1	0	1	0	3	0	3	0	0	0	0	0	0	0	1	0	0	1	0	0	0	0	0	0	6	7	2	2	0	17_276.cif
.0000000000295236498339222273783126567080	0	0	2	0	1	1	3	1	2	0	1	0	0	1	0	0	0	0	0	0	0	0	0	0	0	0	6	6	2	3	0	17_277.cif
.0000000000284250202963523910786828085921	0	0	2	1	0	1	3	1	2	0	1	0	1	0	0	0	0	0	0	0	0	0	0	0	0	0	6	6	4	1	0	17_278.cif
.0000000000280672446281144784349556506507	0	0	2	1	1	0	3	1	2	0	1	0	0	0	0	1	0	0	0	0	0	0	0	0	0	0	7	5	2	3	0	17_279.cif
.0000000000263475210367541250610616881565	0	0	3	0	1	2	1	0	1	0	2	1	1	0	0	0	0	0	0	0	0	0	0	0	0	0	4	8	3	2	0	17_280.cif
.0000000000238121839176088242283870022884	0	0	3	0	3	0	1	0	0	1	2	0	0	0	2	0	0	0	0	0	0	0	0	0	0	0	6	5	3	3	0	17_281.cif
.0000000000232171266552226331384616801788	0	0	3	1	1	1	1	1	0	0	2	0	0	0	2	0	0	0	0	0	0	0	0	0	0	0	5	7	3	2	0	17_282.cif
.0000000000226369396435763038651502634813	0	0	2	2	0	0	3	0	3	0	1	0	0	1	0	0	0	0	0	0	0	0	0	0	0	0	3	9	0	5	0	17_283.cif
.0000000000223525954876183470228677442923	0	0	2	0	2	0	3	2	1	0	1	0	0	1	0	0	0	0	0	0	0	0	0	0	0	0	8	3	4	2	0	17_284.cif
.0000000000215202566817502235239165176199	0	0	2	1	1	0	3	2	1	0	1	0	0	0	1	0	0	0	0	0	0	0	0	0	0	0	8	4	2	3	0	17_285.cif
.0000000000212499392572874479048795176040	0	0	3	1	2	0	1	1	0	0	2	1	0	1	0	0	0	0	0	0	0	0	0	0	0	0	2	9	5	1	0	17_286.cif
.0000000000207194481848451349147215673978	0	0	4	1	1	2	1	0	1	0	0	0	0	0	0	0	1	0	0	1	0	0	0	0	0	0	7	8	0	1	1	17_287.cif
.0000000000194494316693073200221008170335	0	0	3	1	2	0	2	1	1	0	0	0	0	0	0	0	1	0	0	1	0	0	0	0	0	0	5	7	2	3	0	17_288.cif
.0000000000187251973521152902827391452703	0	0	2	0	2	0	4	0	3	1	0	0	0	0	0	0	0	0	0	0	0	0	0	0	0	0	6	7	1	2	1	17_289.cif
.0000000000180279311929196883046202471067	0	0	1	0	0	1	5	2	3	0	0	0	0	0	0	0	0	0	0	0	0	0	0	0	0	0	5	7	2	3	0	17_290.cif
.0000000000175778754804466074767781187770	0	0	3	1	1	1	2	0	2	0	0	0	0	0	0	0	1	1	0	0	0	0	0	0	0	0	6	7	2	2	0	17_291.cif
.0000000000171386111736467182106599415710	0	0	2	1	1	0	3	2	1	0	1	0	0	1	0	0	0	0	0	0	0	0	0	0	0	0	6	6	2	3	0	17_292.cif
.0000000000167107567637306197763978993066	0	0	1	0	1	0	5	2	2	1	0	0	0	0	0	0	0	0	0	0	0	0	0	0	0	0	4	7	4	2	0	17_293.cif
.0000000000165004243838212147073610680625	0	0	3	1	1	1	2	0	2	0	1	0	0	0	1	0	0	0	0	0	0	0	0	0	0	0	7	7	0	2	1	17_294.cif
.0000000000162931614181447952927076337841	0	0	2	0	1	1	4	0	3	1	0	0	0	0	0	0	0	0	0	0	0	0	0	0	0	0	6	7	1	2	1	17_295.cif
.0000000000158864131178538571619896225628	0	1	1	1	0	0	3	0	3	0	0	0	0	0	0	0	1	1	0	0	0	0	0	0	0	0	8	5	2	2	0	17_296.cif
.0000000000156864564596039747966557663818	0	1	1	1	0	0	2	1	1	0	2	0	0	1	1	0	0	0	0	0	0	0	0	0	0	0	6	6	4	1	0	17_297.cif
.0000000000154894178010129028973034934992	0	0	2	1	0	1	4	3	1	0	0	0	0	0	0	0	0	0	0	0	0	0	0	0	0	0	9	3	2	2	1	17_298.cif
.0000000000149126416712239047091603700846	0	0	2	2	0	0	3	2	1	0	1	0	0	1	0	0	0	0	0	0	0	0	0	0	0	0	8	3	3	3	0	17_299.cif
.0000000000147253229534169729471037228326	0	1	0	0	0	0	4	1	2	1	1	0	0	1	0	0	0	0	0	0	0	0	0	0	0	0	5	7	4	1	0	17_300.cif
.0000000000145403571589092404730894440387	0	0	2	0	2	0	3	1	2	0	1	0	0	0	0	1	0	0	0	0	0	0	0	0	0	0	5	7	4	1	0	17_301.cif
.0000000000139989209967755673289379665716	0	0	1	0	1	0	5	1	1	3	0	0	0	0	0	0	0	0	0	0	0	0	0	0	0	0	7	3	4	3	0	17_302.cif
.0000000000138227215336964211204014313913	0	1	1	0	1	0	3	2	1	0	0	0	0	0	0	0	1	0	0	1	0	0	0	0	0	0	5	8	4	0	0	17_303.cif
.0000000000131408450139114056181952580233	0	1	0	0	0	0	4	2	2	0	1	0	0	1	0	0	0	0	0	0	0	0	0	0	0	0	7	5	2	3	0	17_304.cif
.0000000000124926055450574008004051229090	0	0	3	1	1	1	1	0	1	0	2	0	0	1	1	0	0	0	0	0	0	0	0	0	0	0	6	6	3	2	0	17_305.cif
.0000000000123356850674948320685443546596	0	0	4	3	1	0	0	0	0	0	2	0	0	2	0	0	0	0	0	0	0	0	0	0	0	0	9	5	0	2	1	17_306.cif
.0000000000114341069392411644990414641987	0	0	1	0	1	0	5	1	3	1	0	0	0	0	0	0	0	0	0	0	0	0	0	0	0	0	6	6	2	3	0	17_307.cif
.0000000000111486618102374205591904371297	0	0	2	2	0	0	3	1	0	2	1	1	0	0	0	0	0	0	0	0	0	0	0	0	0	0	5	6	2	4	0	17_308.cif
.0000000000104652949319870833045939540793	0	1	1	0	1	0	2	0	1	1	2	0	0	1	1	0	0	0	0	0	0	0	0	0	0	0	4	8	2	3	0	17_309.cif
Average: 0 .0000041822636270600582326961660528379745 1.0133693643910149718481515396879402872939 .0341299042225616321108699361644098418664 .0802002691387174260924992781010948331019 .8990391910297359136447823254224356123256 4.9732490608066534602435864687188319793938 .0710936918672159027700131902228994375201 3.9180491672083730352123684978975363642010 .9841062017310645222612047805983961776727 .0133771325910222617906760001776199564031 .0000200113050349845994626290176289950722 .0000283428611816285839056220061335235359 .0002578213655884249216213913869647178134 .0103601833082403342509800019470015117991 .0027033319556864379401045866147186215739 .0000002599476822540478856820474997772373 .0000000096195089544007398820618335817039 .0000000061971227372297086768348718572280 .0000002441310505624174371231507943383054 0 0 0 0 0 0 6.9964524184294856035658826285002778795556 8.9178475997971232802599575672260727613905 1.0066494400151831968878741330851292185338 .0790504653263256211737132638349282030627 .0000000764318823207467475032811023126481
