.7770806878710838582390595735625375410500	0	0	0	0	0	0	0	0	0	0	0	0	0	0	0	0	2	0	0	2	2	1	1	0	2	0	12	12	7	5	0	36_1.cif
.2112006300709415021963326384543914248401	0	0	0	0	0	0	0	0	0	0	0	0	0	0	0	0	1	0	0	1	4	3	1	0	1	0	12	12	6	6	0	36_2.cif
.0044601838002161336351248282488768424385	0	0	0	0	0	0	0	0	0	0	0	0	0	0	0	0	2	0	0	2	3	2	0	1	0	1	12	11	6	7	0	36_3.cif
.0025566341292418930309983531772446749908	0	0	0	0	0	0	0	0	0	0	0	0	0	0	0	0	2	1	0	1	2	2	0	0	2	0	12	10	8	6	0	36_4.cif
.0021148388157138970041593063821066499448	0	0	0	0	0	0	0	0	0	0	0	0	0	0	0	0	2	0	2	0	2	0	1	1	2	0	11	11	9	5	0	36_5.cif
.0008615485238586209001379227368487141021	0	0	0	0	0	0	0	0	0	0	0	0	0	0	0	0	2	0	0	2	2	1	0	1	2	0	12	11	6	7	0	36_6.cif
.0005001327830638533845765007439146921250	0	0	0	0	0	0	0	0	0	0	0	0	0	0	0	0	3	1	0	2	1	1	0	0	1	1	12	10	7	7	0	36_7.cif
.0003294662578072136805124905757262239570	0	0	0	0	0	0	0	0	0	0	0	0	0	0	0	0	1	0	1	0	4	2	1	1	1	0	11	11	7	7	0	36_8.cif
.0002977627805897824639192658006726659304	0	0	0	0	0	0	0	0	0	0	0	0	0	0	0	0	1	0	1	0	4	1	1	2	1	0	11	11	9	5	0	36_9.cif
.0001411834137533680590063628562142909506	0	0	0	0	0	0	0	0	0	0	0	0	0	0	0	0	1	1	0	0	4	1	2	1	1	0	11	11	8	6	0	36_10.cif
.0000990813277585145369538996010596542782	0	0	0	0	0	0	0	0	0	0	1	0	0	0	1	0	1	0	0	1	1	0	1	0	3	0	11	12	5	8	0	36_11.cif
.0000620507695675564050285089558652571519	0	0	0	0	0	0	0	0	0	0	0	0	0	0	0	0	2	0	1	1	2	0	1	1	2	0	11	11	6	8	0	36_12.cif
.0000567932071767332174433710065745528858	0	0	0	0	0	0	0	0	0	0	1	0	0	0	0	1	0	0	0	0	4	2	2	0	0	1	12	10	7	7	0	36_13.cif
.0000481832225600295158987955048390480582	0	0	0	0	0	0	0	0	0	0	0	0	0	0	0	0	2	0	0	2	3	2	1	0	1	0	12	12	5	6	1	36_14.cif
.0000321456688553491886300537030429760326	0	0	0	0	0	0	0	0	0	0	0	0	0	0	0	0	1	0	0	1	5	0	5	0	0	0	12	11	6	6	1	36_15.cif
.0000269290424758764878183725616002046100	0	0	0	0	0	0	0	0	0	0	1	0	0	0	0	1	0	0	0	0	4	3	0	1	1	0	12	11	7	5	1	36_16.cif
.0000214461377063430232536588961915155892	0	0	0	0	0	0	0	0	0	0	1	0	0	0	1	0	1	0	0	1	1	0	1	0	3	0	12	11	6	7	0	36_17.cif
.0000168646085710327617579440129611098531	0	0	0	0	0	0	0	0	0	0	0	0	0	0	0	0	2	0	0	2	3	1	1	1	1	0	12	11	8	4	1	36_18.cif
.0000143078939993153188474914644152065135	0	0	0	0	0	0	0	0	0	0	1	0	0	0	0	1	0	0	0	0	3	1	2	0	2	0	11	11	8	6	0	36_19.cif
.0000091901336220538460885269676623312631	0	0	0	0	0	0	0	0	0	0	0	0	0	0	0	0	2	0	0	2	2	1	0	1	2	0	12	9	7	8	0	36_20.cif
.0000084114534987502156660908329365306067	0	0	0	0	0	0	0	0	0	0	0	0	0	0	0	0	1	0	0	1	4	1	2	1	1	0	11	11	6	8	0	36_21.cif
.0000083055815111494305112937531286126420	0	0	0	0	0	0	0	0	0	0	2	0	0	1	1	0	0	0	0	0	1	1	0	0	2	1	11	11	8	6	0	36_22.cif
.0000079965154835352405830761587821134646	0	0	0	0	0	0	0	0	0	0	1	0	0	0	1	0	1	1	0	0	1	0	0	1	3	0	12	10	7	7	0	36_23.cif
.0000071360723939909007323136729641385911	0	0	0	0	0	0	0	0	0	0	0	0	0	0	0	0	2	1	0	1	3	1	1	1	0	1	11	11	6	8	0	36_24.cif
.0000059029341421767712378090180791510664	0	0	0	0	0	0	0	0	0	0	0	0	0	0	0	0	2	0	0	2	3	2	1	0	1	0	12	11	8	4	1	36_25.cif
.0000037915260996051766943495380991787175	0	0	0	0	0	0	0	0	0	0	1	0	0	0	1	0	1	1	0	0	1	0	1	0	3	0	11	11	7	7	0	36_26.cif
.0000032990812112854752183773477099392434	0	0	0	0	0	0	0	0	0	0	0	0	0	0	0	0	1	0	0	1	4	1	3	0	1	0	12	9	8	7	0	36_27.cif
.0000024977612257118887667072082227508254	0	0	0	0	0	0	0	0	0	0	1	0	0	0	0	1	2	0	1	1	0	0	0	0	2	1	12	10	7	7	0	36_28.cif
.0000024663227893515638498381478532348950	0	0	0	0	0	0	0	0	0	0	0	0	0	0	0	0	2	0	0	2	3	1	1	1	1	0	12	11	6	6	1	36_29.cif
.0000023745463633065022876229976005591709	0	0	0	0	0	0	0	0	0	0	1	0	0	1	0	0	1	0	0	1	2	2	0	0	2	0	12	11	7	5	1	36_30.cif
.0000023152073684773315270042207435405675	0	0	0	0	0	0	0	0	0	0	1	0	1	0	0	0	1	0	0	1	1	1	0	0	3	0	11	11	8	6	0	36_31.cif
.0000021459958237297162143718537250690746	0	0	0	0	0	0	0	0	0	0	0	0	0	0	0	0	3	0	1	2	1	0	1	0	1	1	11	11	7	7	0	36_32.cif
.0000019394935550023116395149837988238264	0	0	0	0	0	0	0	0	0	0	1	0	0	0	0	1	1	1	0	0	2	1	0	1	2	0	12	11	6	6	1	36_33.cif
.0000017977418031124469833923520123344615	0	0	0	0	0	0	0	0	0	0	0	0	0	0	0	0	2	0	1	1	3	1	1	1	1	0	12	11	4	8	1	36_34.cif
.0000016663934244213883201112138403664379	0	0	0	0	0	0	0	0	0	0	0	0	0	0	0	0	2	0	0	2	2	1	1	0	2	0	11	10	8	7	0	36_35.cif
.0000012939424607499747095809720954381314	0	0	0	0	0	0	0	0	0	0	0	0	0	0	0	0	2	1	0	1	3	0	3	0	0	1	11	10	9	6	0	36_36.cif
.0000006535811245862680249732920029332968	0	0	0	0	0	0	0	0	0	0	1	0	0	0	1	0	1	0	0	1	1	0	0	1	3	0	12	9	6	9	0	36_37.cif
.0000006372483851748277999071130269109947	0	0	0	0	0	0	0	0	0	0	0	0	0	0	0	0	3	1	0	2	1	1	0	0	2	0	11	12	7	5	1	36_38.cif
.0000005406400218488998307743658096500032	0	0	0	0	0	0	0	0	0	0	0	0	0	0	0	0	1	0	0	1	4	2	2	0	1	0	10	11	6	9	0	36_39.cif
.0000004472039523792663584988566392498156	0	0	0	0	0	0	0	0	0	0	1	0	0	0	1	0	0	0	0	0	3	1	1	1	2	0	11	10	9	6	0	36_40.cif
.0000003990941367111781785131051942289048	0	0	0	0	0	0	0	0	0	0	1	0	0	0	0	1	0	0	0	0	3	3	0	0	2	0	10	11	6	9	0	36_41.cif
.0000003561507080743112185715396791682698	0	0	0	0	0	0	0	0	0	0	1	0	1	0	0	0	1	0	1	0	1	1	0	0	3	0	12	9	8	7	0	36_42.cif
.0000003178363219326993939384326417548544	0	0	0	0	0	0	0	0	0	0	0	0	0	0	0	0	2	0	1	1	2	2	0	0	2	0	10	10	9	7	0	36_43.cif
.0000002872519559999618561204769202330137	0	0	0	0	0	0	0	0	0	0	0	0	0	0	0	0	2	1	0	1	2	2	0	0	2	0	11	10	7	8	0	36_44.cif
.0000002662575743007989627215253334144640	0	0	0	0	0	0	0	0	0	0	1	0	0	0	0	1	1	0	0	1	2	0	1	1	2	0	12	11	6	6	1	36_45.cif
.0000002406364651863315302750274229359005	0	0	0	0	0	0	0	0	0	0	0	0	0	0	0	0	2	1	0	1	2	1	1	0	2	0	11	10	7	8	0	36_46.cif
.0000002287658393465049680058150641234589	0	0	0	0	0	0	0	0	0	0	1	0	0	0	1	0	1	0	0	1	2	0	1	1	2	0	11	12	8	4	1	36_47.cif
.0000002174751595954802071648621352484147	0	0	0	0	0	0	0	0	0	0	0	0	0	0	0	0	1	0	0	1	4	1	1	2	1	0	10	10	11	5	0	36_48.cif
.0000002147434391566466601349783552593383	0	0	0	0	0	0	0	0	0	0	0	0	0	0	0	0	3	0	0	3	1	1	0	0	2	0	12	11	8	4	1	36_49.cif
.0000001990484869208951250233384439048905	0	0	0	0	0	0	0	0	0	0	0	0	0	0	0	0	2	1	0	1	2	0	2	0	2	0	10	11	10	5	0	36_50.cif
.0000001667510490893390397515266964634569	0	0	0	0	0	0	0	0	0	0	0	0	0	0	0	0	0	0	0	0	6	2	3	1	0	0	10	11	6	9	0	36_51.cif
.0000001450895995159075117150636863296195	0	0	0	0	0	0	0	0	0	0	0	0	0	0	0	0	3	1	0	2	2	1	1	0	0	1	12	11	7	5	1	36_52.cif
.0000001327995959994018763292264309305430	0	0	0	0	0	0	0	0	0	0	0	0	0	0	0	0	2	1	0	1	2	0	2	0	2	0	11	10	8	7	0	36_53.cif
.0000001278545659148580462909994662803987	0	0	0	0	0	0	0	0	0	0	0	0	0	0	0	0	2	0	0	2	3	2	0	1	1	0	11	12	4	8	1	36_54.cif
.0000000687956215611016744165320966627938	0	0	0	0	0	0	0	0	0	0	0	0	0	0	0	0	2	0	0	2	3	1	1	1	1	0	11	11	8	5	1	36_55.cif
.0000000569074976996116663528399407758757	0	0	0	0	0	0	0	0	0	0	0	0	0	0	0	0	1	1	0	0	4	0	3	1	1	0	11	10	6	9	0	36_56.cif
.0000000561912231708705653356934196493279	0	0	0	0	0	0	0	0	0	0	0	0	0	0	0	0	2	0	0	2	3	0	2	1	1	0	10	12	8	5	1	36_57.cif
.0000000541002439770729770676696504607403	0	0	0	0	0	0	0	0	0	0	1	0	0	0	1	0	2	2	0	0	1	1	0	0	0	2	10	11	8	7	0	36_58.cif
.0000000507841226821167122587968143162269	0	0	0	0	0	0	0	0	0	0	0	0	0	0	0	0	1	1	0	0	4	2	1	1	1	0	10	11	8	7	0	36_59.cif
.0000000453208105443246910688668206622127	0	0	0	0	0	0	0	0	0	0	0	0	0	0	0	0	2	0	0	2	3	1	0	2	1	0	12	11	2	10	1	36_60.cif
.0000000414807777663259324454578765434980	0	0	0	0	0	0	0	0	0	0	0	0	0	0	0	0	2	0	0	2	3	0	3	0	1	0	11	11	7	6	1	36_61.cif
.0000000409586739004483048890170000551498	0	0	0	0	0	0	0	0	0	0	0	0	0	0	0	0	1	1	0	0	4	3	1	0	1	0	11	10	8	7	0	36_62.cif
.0000000404441891802186839739220983708669	0	0	0	0	0	0	0	0	0	0	0	0	0	0	0	0	2	0	1	1	2	1	1	0	2	0	10	10	9	7	0	36_63.cif
.0000000384490724518301389320942668988672	0	0	0	0	0	0	0	0	0	0	0	0	0	0	0	0	2	0	0	2	3	1	1	1	1	0	11	11	7	6	1	36_64.cif
.0000000379661110080209989164427181079543	0	0	0	0	0	0	0	0	0	0	0	0	0	0	0	0	1	1	0	0	4	2	2	0	1	0	10	11	7	8	0	36_65.cif
.0000000370173525842639621196204998048029	0	0	0	0	0	0	0	0	0	0	0	0	0	0	0	0	2	1	0	1	2	0	2	0	2	0	11	9	9	7	0	36_66.cif
.0000000365523750721930005731811630366231	0	0	0	0	0	0	0	0	0	0	1	0	0	0	1	0	1	0	0	1	2	1	1	0	2	0	12	11	4	8	1	36_67.cif
.0000000338808718909346331727508406946454	0	0	0	0	0	0	0	0	0	0	1	0	0	1	0	0	0	0	0	0	3	1	1	1	2	0	12	9	6	9	0	36_68.cif
.0000000253292737045299652964185745776571	0	0	0	0	0	0	0	0	0	0	0	0	0	0	0	0	2	0	0	2	3	1	2	0	1	0	11	11	9	4	1	36_69.cif
.0000000246963049553804048262689009583699	0	0	0	0	0	0	0	0	0	0	0	0	0	0	0	0	2	0	0	2	2	1	1	0	2	0	11	10	6	9	0	36_70.cif
.0000000240797775788774697189814251620430	0	0	0	0	0	0	1	0	1	0	0	0	0	0	0	0	0	0	0	0	3	0	1	2	2	0	11	12	8	4	1	36_71.cif
.0000000234780332544369381777602850244752	0	0	0	0	0	0	0	0	0	0	0	0	0	0	0	0	1	0	1	0	4	4	0	0	1	0	11	9	8	8	0	36_72.cif
.0000000186977734057871306613861188950136	0	0	0	0	0	0	0	0	0	0	1	0	0	0	0	1	0	0	0	0	4	0	3	1	1	0	12	10	8	5	1	36_73.cif
.0000000180015284262013693293292878065252	0	0	0	0	0	0	0	0	0	0	1	0	0	0	0	1	1	0	0	1	2	0	2	0	2	0	12	11	4	8	1	36_74.cif
.0000000175516771962122865329715634426887	0	0	0	0	0	0	0	0	0	0	0	0	0	0	0	0	2	0	1	1	2	0	2	0	2	0	9	11	9	7	0	36_75.cif
.0000000156634828945227717171385788342363	0	0	0	0	0	0	0	0	0	0	0	0	0	0	0	0	2	1	0	1	2	1	1	0	2	0	12	8	9	7	0	36_76.cif
.0000000145186860297593388413713350641809	0	0	0	0	0	0	0	0	0	0	1	0	0	0	0	1	0	0	0	0	3	2	1	0	2	0	11	9	9	7	0	36_77.cif
.0000000138024774974750156950181452848443	0	0	0	0	0	0	0	0	0	0	0	0	0	0	0	0	2	1	0	1	2	2	0	0	2	0	12	8	9	7	0	36_78.cif
.0000000127936959211499597934539600869321	0	0	0	0	0	0	0	0	0	0	0	0	0	0	0	0	2	0	0	2	3	1	1	1	1	0	10	12	9	4	1	36_79.cif
.0000000107178017255141655804511488516461	0	0	0	0	0	0	0	0	0	0	0	0	0	0	0	0	2	0	0	2	3	1	1	1	1	0	12	10	7	6	1	36_80.cif
.0000000093255278964549066477376856410602	0	0	0	0	0	0	0	0	0	0	0	0	0	0	0	0	3	1	0	2	1	0	0	1	2	0	10	12	9	4	1	36_81.cif
.0000000090927220876954999424873108475048	0	0	0	0	0	0	0	0	0	0	0	0	0	0	0	0	2	0	1	1	3	2	1	0	1	0	12	10	6	7	1	36_82.cif
.0000000087541383447581122127930985524397	0	0	0	0	0	0	0	0	0	0	1	0	0	0	0	1	1	1	0	0	2	0	1	1	1	1	10	10	8	8	0	36_83.cif
.0000000084281623720655253623680829674507	0	0	0	0	0	0	0	0	0	0	0	0	0	0	0	0	1	1	0	0	4	1	2	1	1	0	9	11	7	9	0	36_84.cif
.0000000081143246967801877040853925513466	0	0	0	0	0	0	0	0	0	0	0	0	0	0	0	0	2	0	0	2	3	0	2	1	1	0	10	12	7	6	1	36_85.cif
.0000000079117557972449169083943052235505	0	0	0	0	0	0	0	0	0	0	1	0	0	1	0	0	1	1	0	0	2	1	0	1	2	0	11	11	8	5	1	36_86.cif
.0000000076171474428707335628658514260306	0	0	0	0	0	0	1	0	1	0	0	0	0	0	0	0	0	0	0	0	2	2	0	0	3	0	11	10	9	6	0	36_87.cif
.0000000063008777411477411640313744652249	0	0	0	0	0	0	0	0	0	0	0	0	0	0	0	0	2	1	0	1	3	1	0	2	1	0	10	12	10	3	1	36_88.cif
.0000000062215708234807798748865902558220	0	0	0	0	0	0	0	0	0	0	0	0	0	0	0	0	0	0	0	0	6	2	3	1	0	0	10	10	8	8	0	36_89.cif
.0000000061434212444126878679635532804579	0	0	0	0	0	0	0	0	0	0	1	0	0	0	1	0	1	0	0	1	2	0	2	0	2	0	11	11	5	8	1	36_90.cif
.0000000059146599846586803109451588682958	0	0	0	0	0	0	0	0	0	0	1	0	0	0	0	1	0	0	0	0	3	1	1	1	2	0	11	9	12	4	0	36_91.cif
.0000000054825172831045537298217270495327	0	0	0	0	0	0	0	0	0	0	0	0	0	0	0	0	1	1	0	0	5	1	3	1	0	0	10	12	8	5	1	36_92.cif
.0000000053455112975655011942119184737134	0	0	0	0	0	0	0	0	0	0	0	0	0	0	0	0	3	0	1	2	1	0	0	1	2	0	12	10	8	5	1	36_93.cif
.0000000052120640445327409758428919981580	0	0	0	0	0	0	0	0	0	0	0	0	0	0	0	0	2	1	1	0	2	1	1	0	2	0	10	11	8	7	0	36_94.cif
.0000000047104018878806481363618543908901	0	0	0	0	0	0	0	0	0	0	0	0	0	0	0	0	1	0	0	1	4	1	3	0	1	0	9	11	9	7	0	36_95.cif
.0000000044217882616160138361529006022354	0	0	0	0	0	0	0	0	0	0	0	0	0	0	0	0	2	0	0	2	2	2	0	0	2	0	10	10	10	6	0	36_96.cif
.0000000042036609135603613957753676660714	0	0	0	0	0	0	0	0	0	0	0	0	0	0	0	0	2	0	1	1	3	0	2	1	1	0	12	10	4	9	1	36_97.cif
.0000000039962938138826814981632385430746	0	0	0	0	0	0	0	0	0	0	0	0	0	0	0	0	2	0	0	2	2	0	2	0	2	0	10	10	8	8	0	36_98.cif
.0000000039459938783037300429634907206240	0	0	0	0	0	0	0	0	0	0	0	0	0	0	0	0	3	1	0	2	0	0	0	0	3	0	9	11	9	7	0	36_99.cif
.0000000036576877948924747738574214098076	0	0	0	0	0	0	0	0	0	0	0	0	0	0	0	0	2	0	1	1	3	2	1	0	1	0	10	12	7	6	1	36_100.cif
.0000000033056346482181620423257477616424	0	0	0	0	0	0	0	0	0	0	0	0	0	0	0	0	2	1	0	1	3	2	0	1	0	1	12	8	7	9	0	36_101.cif
.0000000026325888095001063798525868035753	0	0	0	0	0	0	0	0	0	0	1	0	1	0	0	0	0	0	0	0	3	2	1	0	2	0	11	9	7	9	0	36_102.cif
.0000000025345596644169384651356050244778	0	0	0	0	0	0	0	0	0	0	0	0	0	0	0	0	2	1	0	1	2	1	0	1	2	0	9	11	8	8	0	36_103.cif
.0000000021776682617452847930296652065598	0	0	0	0	0	0	0	0	0	0	0	0	0	0	0	0	2	2	0	0	2	1	1	0	2	0	9	11	8	8	0	36_104.cif
.0000000020442391512821661815141722308352	0	0	0	0	0	0	0	0	0	0	1	0	0	0	1	0	1	1	0	0	2	2	0	0	2	0	11	11	7	6	1	36_105.cif
.0000000020185090367294622807764373137704	0	0	0	0	0	0	0	0	0	0	1	0	0	1	0	0	1	1	0	0	2	0	2	0	1	1	11	9	8	8	0	36_106.cif
.0000000016909436799285340338523546173368	0	0	0	0	0	0	0	0	0	0	0	0	0	0	0	0	3	1	0	2	1	0	0	1	2	0	12	9	9	5	1	36_107.cif
.0000000014528418627802325303424329671418	0	0	0	0	0	0	0	0	0	0	0	0	0	0	0	0	1	1	0	0	4	3	1	0	1	0	9	11	7	9	0	36_108.cif
.0000000014165725996758185768502216718492	0	0	0	0	0	0	0	0	0	0	1	0	0	1	0	0	2	0	0	2	0	0	0	0	3	0	11	11	6	7	1	36_109.cif
.0000000013130395679906537999747644455221	0	0	0	0	0	0	0	0	0	0	1	0	0	0	1	0	0	0	0	0	4	2	1	1	1	0	11	11	5	8	1	36_110.cif
.0000000012325556708315349326651119663495	0	0	0	0	0	0	0	0	0	0	0	0	0	0	0	0	2	0	0	2	3	1	2	0	1	0	11	10	10	4	1	36_111.cif
.0000000011866899979119603750170768762123	0	0	0	0	0	0	0	0	0	0	0	0	0	0	0	0	2	0	0	2	3	3	0	0	1	0	11	11	6	7	1	36_112.cif
.0000000011139508070451844263170180031836	0	0	0	0	0	0	0	0	0	0	0	0	0	0	0	0	2	1	0	1	3	1	1	1	1	0	12	10	6	7	1	36_113.cif
.0000000008649971633042603562888740543048	0	0	0	0	0	0	0	0	0	0	0	0	0	0	0	0	2	0	1	1	3	0	1	2	1	0	10	11	9	5	1	36_114.cif
.0000000007817410216426204379345656410245	0	0	0	0	0	0	0	0	0	0	1	0	0	0	1	0	1	1	0	0	1	0	1	0	3	0	10	10	9	7	0	36_115.cif
.0000000007431776427948729336910818177507	0	0	0	0	0	0	0	0	0	0	0	0	0	0	0	0	2	0	1	1	3	2	0	1	1	0	11	10	10	4	1	36_116.cif
.0000000006976419964633584471536147505394	0	0	0	0	0	0	0	0	0	0	0	0	0	0	0	0	2	0	0	2	2	1	1	0	2	0	9	11	7	9	0	36_117.cif
.0000000006716640510126202850996601261510	0	0	0	0	0	0	0	0	0	0	0	0	0	0	0	0	3	0	0	3	2	0	2	0	0	1	11	11	5	8	1	36_118.cif
.0000000006632272326670502760334335446480	0	0	0	0	0	0	0	0	0	0	1	0	0	0	0	1	2	1	0	1	1	0	1	0	1	1	12	11	7	5	1	36_119.cif
.0000000005918624875701411510838460808121	0	0	0	0	0	0	0	0	0	0	0	0	0	0	0	0	2	1	0	1	3	1	1	1	1	0	12	9	8	6	1	36_120.cif
.0000000005215422854097836423207901068344	0	0	0	0	0	0	0	0	0	0	0	0	0	0	0	0	2	0	0	2	3	2	0	1	1	0	10	12	6	7	1	36_121.cif
.0000000005085223175425263900959212523325	0	0	0	0	0	0	0	0	0	0	0	0	0	0	0	0	2	1	1	0	2	1	0	1	2	0	10	10	9	7	0	36_122.cif
.0000000004834368503084785968366538757059	0	0	0	0	0	0	0	0	0	0	1	0	0	1	0	0	0	0	0	0	3	2	0	1	2	0	11	9	8	8	0	36_123.cif
.0000000004773520018064656423248935804491	0	0	0	0	0	0	0	0	0	0	0	0	0	0	0	0	2	1	0	1	2	1	0	1	2	0	9	11	9	7	0	36_124.cif
.0000000004713559504768409077083644263357	0	0	0	0	0	0	0	0	0	0	0	0	0	0	0	0	3	1	0	2	1	0	1	0	2	0	11	10	8	6	1	36_125.cif
.0000000004654352159604094504062149259164	0	0	0	0	0	0	0	0	0	0	1	0	0	0	1	0	1	0	0	1	2	2	0	0	2	0	12	10	5	8	1	36_126.cif
.0000000004481039046110831647745316600692	0	0	0	0	0	0	0	0	0	0	1	0	0	0	1	0	1	0	0	1	2	1	1	0	2	0	10	11	7	7	1	36_127.cif
.0000000004101360558239818118302167226796	0	0	0	0	0	0	0	0	0	0	0	0	0	0	0	0	3	1	0	2	1	0	1	0	2	0	10	12	7	6	1	36_128.cif
.0000000003850063838446568176022176142543	0	0	0	0	0	0	0	0	0	0	0	0	0	0	0	0	3	1	0	2	1	1	0	0	2	0	10	12	7	6	1	36_129.cif
.0000000003706699836732147860885166710463	0	0	0	0	0	0	0	0	0	0	0	0	0	0	0	0	2	0	0	2	3	1	0	2	1	0	11	10	9	5	1	36_130.cif
.0000000003479494460952187822856218639500	0	0	0	0	0	0	0	0	0	0	0	0	0	0	0	0	1	1	0	0	4	3	1	0	1	0	9	11	10	6	0	36_131.cif
.0000000003105173446471134592765154797684	0	0	0	0	0	0	0	0	0	0	1	0	0	1	0	0	0	0	0	0	4	0	3	1	1	0	10	11	8	6	1	36_132.cif
.0000000003066089727507233111664127744088	0	0	0	0	0	0	0	0	0	0	0	0	0	0	0	0	2	0	0	2	3	0	1	2	1	0	11	10	10	4	1	36_133.cif
.0000000002878225656506115823137340897192	0	0	0	0	0	0	0	0	0	0	0	0	0	0	0	0	2	1	0	1	3	2	1	0	1	0	12	9	9	5	1	36_134.cif
.0000000002568588621661136616868750354730	0	0	0	0	0	0	0	0	0	0	0	0	0	0	0	0	2	1	0	1	3	2	1	0	1	0	12	9	6	8	1	36_135.cif
.0000000002292202696573994146921867161905	0	0	0	0	0	0	0	0	0	0	1	0	0	0	0	0	2	1	0	1	0	0	0	0	2	1	10	10	8	8	0	36_136.cif
.0000000001994490516500107058610668960881	0	0	0	0	0	0	0	0	0	0	0	0	0	0	0	0	2	1	0	1	3	1	1	1	1	0	12	9	8	6	1	36_137.cif
.0000000001848719202069895294323495563299	0	0	0	0	0	0	0	0	0	0	0	0	0	0	0	0	2	0	1	1	3	1	1	1	1	0	12	10	4	9	1	36_138.cif
.0000000001735445310466875210632065711103	0	0	0	0	0	0	0	0	0	0	1	0	0	0	1	0	2	1	0	1	1	0	1	0	1	1	11	11	7	6	1	36_139.cif
.0000000001491038594976900299023169699965	0	0	0	0	0	0	0	0	0	0	0	0	0	0	0	0	2	1	0	1	3	1	1	1	1	0	9	12	9	5	1	36_140.cif
.0000000001399680348687128025209659378567	0	0	0	0	0	0	0	0	0	0	1	0	0	0	1	0	0	0	0	0	4	1	1	2	1	0	11	10	7	7	1	36_141.cif
.0000000001172539035726834825951036255778	0	0	0	0	0	0	0	0	0	0	0	0	0	0	0	0	2	0	1	1	3	1	1	1	1	0	11	10	5	9	1	36_142.cif
.0000000000876587894809083402145703377056	0	0	0	0	0	0	0	0	0	0	0	0	0	0	0	0	2	1	0	1	3	1	1	1	1	0	12	9	8	6	1	36_143.cif
.0000000000865554593282300321562843737925	0	0	0	0	0	0	0	0	0	0	0	0	0	0	0	0	1	0	1	0	4	0	3	1	1	0	8	11	11	6	0	36_144.cif
.0000000000782265061567567235699749918660	0	0	0	0	0	0	0	0	0	0	1	1	0	0	0	0	1	0	0	1	2	2	0	0	2	0	11	10	8	6	1	36_145.cif
.0000000000753136025184379939077766972882	0	0	0	0	0	0	0	0	0	0	0	0	0	0	0	0	2	1	0	1	3	1	2	0	1	0	10	10	9	6	1	36_146.cif
.0000000000680664170327451693217339983954	0	0	0	0	0	0	0	0	0	0	1	0	0	0	0	1	1	1	0	0	3	0	2	1	0	1	11	10	9	5	1	36_147.cif
.0000000000607423171436799541602627517293	0	0	0	0	0	0	0	0	0	0	1	0	0	0	1	0	0	0	0	0	4	1	2	1	1	0	11	10	7	7	1	36_148.cif
.0000000000570205412027226767504138188311	0	0	0	0	0	0	0	0	0	0	0	0	0	0	0	0	2	0	0	2	4	2	2	0	0	0	11	11	6	6	2	36_149.cif
.0000000000454108377533016874627729102310	0	0	0	0	0	0	0	0	0	0	1	0	0	0	1	0	1	1	0	0	2	1	1	0	2	0	12	9	7	7	1	36_150.cif
.0000000000395128604379780788852220582403	0	0	0	0	0	0	0	0	0	0	1	0	0	0	1	0	1	0	0	1	2	0	1	1	1	1	10	10	8	8	0	36_151.cif
.0000000000366249842834958631301786343401	0	0	0	0	0	0	0	0	0	0	2	0	0	1	0	1	0	0	0	0	1	0	1	0	3	0	10	11	7	7	1	36_152.cif
.0000000000348182693931227030442871219896	0	0	0	0	0	0	0	0	0	0	1	0	0	1	0	0	0	0	0	0	3	3	0	0	2	0	9	10	8	9	0	36_153.cif
.0000000000343809147162808769117865234056	0	0	0	0	0	0	0	0	0	0	1	0	0	0	1	0	2	0	0	2	1	0	1	0	1	1	11	10	9	5	1	36_154.cif
.0000000000318681170428681211375859718212	0	0	0	0	0	0	0	0	0	0	0	0	0	0	0	0	2	0	0	2	3	3	0	0	1	0	11	10	6	8	1	36_155.cif
.0000000000302960589869838494443927257028	0	0	0	0	0	0	1	0	1	0	0	0	0	0	0	0	0	0	0	0	3	0	1	2	2	0	11	10	8	6	1	36_156.cif
.0000000000280818111356892260719745704496	0	0	0	0	0	0	0	0	0	0	2	0	0	1	0	1	0	0	0	0	2	1	1	0	1	1	9	12	7	7	1	36_157.cif
.0000000000266965320066996913908649352853	0	0	0	0	0	0	0	0	0	0	0	0	0	0	0	0	2	1	0	1	3	1	0	2	1	0	12	8	9	6	1	36_158.cif
.0000000000241276106856153336977050290935	0	0	0	0	0	0	0	0	0	0	0	0	0	0	0	0	3	2	0	1	2	0	2	0	0	1	12	10	7	6	1	36_159.cif
.0000000000238245421081616542243352883357	0	0	0	0	0	0	0	0	0	0	0	0	0	0	0	0	1	0	0	1	5	2	2	1	0	0	9	12	5	9	1	36_160.cif
.0000000000235246710303456205693188631847	0	0	0	0	0	0	0	0	0	0	2	0	0	0	1	1	0	0	0	0	2	1	0	1	1	1	11	11	6	7	1	36_161.cif
.0000000000226492745735750306433657076138	0	0	0	0	0	0	0	0	0	0	1	0	0	1	0	0	1	0	0	1	2	0	2	0	2	0	11	10	10	4	1	36_162.cif
.0000000000218058883921899110451214825527	0	0	0	0	0	0	0	0	0	0	1	0	0	1	0	0	0	0	0	0	3	1	1	1	2	0	9	11	8	8	0	36_163.cif
.0000000000215314253941093706543164069948	0	0	0	0	0	0	0	0	0	0	0	0	0	0	0	0	2	1	0	1	3	0	2	1	1	0	11	10	6	8	1	36_164.cif
.0000000000212609676786824054444721274841	0	0	0	0	0	0	0	0	0	0	0	0	0	0	0	0	3	2	0	1	2	0	1	1	1	0	11	11	8	4	2	36_165.cif
.0000000000180377546616742039033930347894	0	0	0	0	0	0	0	0	0	0	0	0	0	0	0	0	2	1	0	1	2	0	2	0	2	0	10	9	9	8	0	36_166.cif
.0000000000173660866585576779054692091146	0	0	0	0	0	0	0	0	0	0	0	0	0	0	0	0	3	1	0	2	1	0	1	0	2	0	11	10	9	5	1	36_167.cif
.0000000000169321148724687524072668651291	0	0	0	0	0	0	1	0	1	0	0	0	0	0	0	0	1	0	1	0	2	2	0	0	0	2	10	11	7	8	0	36_168.cif
.0000000000156945975112058441472282927585	0	0	0	0	0	0	0	0	0	0	0	0	0	0	0	0	3	1	0	2	1	1	0	0	1	1	9	10	9	8	0	36_169.cif
.0000000000154974565923056142207596196012	0	0	0	0	0	0	0	0	0	0	0	0	0	0	0	0	2	1	0	1	3	1	1	1	1	0	11	9	10	5	1	36_170.cif
.0000000000145479034009968100103490520703	0	0	0	0	0	0	0	0	0	0	1	0	0	0	0	0	2	2	0	0	1	1	0	0	0	2	10	10	8	8	0	36_171.cif
.0000000000141843569240668088736224867845	0	0	0	0	0	0	0	0	0	0	1	0	0	0	0	1	2	0	1	1	0	0	0	0	3	0	11	10	8	6	1	36_172.cif
.0000000000140061862410644052324902813207	0	0	0	0	0	0	0	0	0	0	0	0	0	0	0	0	3	0	2	1	1	1	0	0	2	0	11	10	7	7	1	36_173.cif
.0000000000124990890326854714621148016770	0	0	0	0	0	0	0	0	0	0	0	0	0	0	0	0	2	0	0	2	2	0	2	0	2	0	11	8	10	7	0	36_174.cif
.0000000000121870573103723192813134700897	0	0	0	0	0	0	0	0	0	0	1	0	0	0	1	0	0	0	0	0	4	2	2	0	1	0	11	10	7	7	1	36_175.cif
.0000000000115858683039267151615842874913	0	0	0	0	0	0	0	0	0	0	1	0	0	1	0	0	0	0	0	0	4	1	3	0	0	1	10	9	10	7	0	36_176.cif
.0000000000112963419379639797909318930926	0	0	0	0	0	0	0	0	0	0	0	0	0	0	0	0	1	0	0	1	5	2	2	1	0	0	12	8	8	7	1	36_177.cif
.0000000000107390920282278204970493440533	0	0	0	0	0	0	0	0	0	0	0	0	0	0	0	0	3	0	1	2	1	1	0	0	2	0	11	10	7	7	1	36_178.cif
.0000000000104707262737492902924820762250	0	0	0	0	0	0	0	0	0	0	0	0	0	0	0	0	2	1	1	0	3	0	0	3	1	0	11	10	6	8	1	36_179.cif
.0000000000103392027607897586099601854871	0	0	0	0	0	0	0	0	0	0	0	0	0	0	0	0	2	1	0	1	3	2	0	1	1	0	10	11	7	7	1	36_180.cif
Average: 0 0 0 0 0 0 .0000000317441531956076558836989361789055 0 .0000000317441531956076558836989361789055 0 .0002586531057492662732124364825681226657 .0000000000782265061567567235699749918660 .0000026739906653611428519556130095124126 .0000107263051040715552213607322152355398 .0001420530173458389203051601844321482991 .0001031994706393154396810116804004662874 1.7881339481401805247645870121487846082772 .0032221915929081768265909695926447721137 .0049261844965377460650470331066317726221 1.7799855720507346018729490094495080635414 2.4281354812347103399867759964240085201894 1.4275681145158309807919834527689954069243 .9919169262590038015953195170899924537062 .0086504404598755575994730265650206595589 1.7784331272173742536798529161819221060377 .0050387585578324236917568402480453911839 11.9968992549035995156870316364673235660291 11.9852734538596738359272378269631165842572 6.7906222350197106373649906397499395508731 5.2270643509659164919731734683924933604774 .0001407052510995430706129395327165019196
