0.0 -7721.76067140   4  18  22  24   9465 4_1 0
0.0 -7721.69086102   6  16  22  23   8475 4_2 0
0.0 -7720.04671861  17  21  22  41  26092 4_3 0
0.0 -7719.94134051  11  15  23  28   7568 4_4 0
0.0 -7719.91545697   5  20  22  46  13988 4_5 0
0.0 -7719.90760641   3   5  22  46   2966 4_6 0
0.0 -7719.90008441  12  14  24  36   7561 4_7 0
0.0 -7719.85880631   5   8  18  34   6706 4_8 0
0.0 -7719.85264588   5   8  21  34   6704 4_9 0
0.0 -7719.85120937  17  22  29  41  27144 4_10 0
0.0 -7719.84568344   1  12  24  26   6663 4_11 0
0.0 -7719.83924879  20  24  32  44  26190 4_12 0
0.0 -7719.83105220  11  15  23  27   7570 4_13 0
0.0 -7719.79171658  14  24  32  60  27949 4_14 0
0.0 -7719.78815098  15  23  27  45  27799 4_15 0
0.0 -7719.74350197   5  17  22  46   7503 4_16 0
0.0 -7719.73830569   1  12  44  48   7079 4_17 0
0.0 -7719.73494437   1  12  13  32   6661 4_18 0
0.0 -7719.69297165   1  12  24  36   6654 4_19 0
0.0 -7719.64187945  12  24  36  48   7681 4_20 0
0.0 -7719.63771611   6  18  26  60   7860 4_21 0
0.0 -7719.62449379   5  22  41  46  14365 4_22 0
0.0 -7719.62366698  15  29  35  57  31503 4_23 0
0.0 -7719.62289420   3  10  29  39   7051 4_24 0
0.0 -7719.59197439  16  31  36  43  32628 4_25 0
0.0 -7719.48251543  15  31  51  59  32910 4_26 0
0.0 -7719.43758858   4  16  27  52   7853 4_27 0
0.0 -7719.41383641   8  25  41  53  21172 4_28 0
0.0 -7719.31982290  14  24  36  54  27811 4_29 0
0.0 -7719.30893415   1  18  20  32  12226 4_30 0
0.0 -7719.24828817   5   8  13  25   6864 4_31 0
0.0 -7719.22614218   5  13  22  25  12224 4_32 0
0.0 -7719.22436996   1  12  20  32   6864 4_33 0
0.0 -7719.22236764   3  10  17  29   6864 4_34 0
0.0 -7719.21943269   8  22  25  53  12656 4_35 0
0.0 -7719.21925574   5   8  13  34   6866 4_36 0
0.0 -7719.20722025  10  17  21  33  12224 4_37 0
0.0 -7719.20301413  10  17  21  45  12236 4_38 0
0.0 -7719.19588499   5  22  46  56  14514 4_39 0
0.0 -7719.18894830  14  24  26  36  27789 4_40 0
0.0 -7719.18845605  13  22  25  58  27813 4_41 0
0.0 -7719.18539108   3  10  17  33   6866 4_42 0
0.0 -7719.18226543  18  20  30  32  27789 4_43 0
0.0 -7719.16463654  12  18  20  42  12238 4_44 0
0.0 -7719.11810748  14  24  26  54  27808 4_45 0
0.0 -7719.10214539   6  14  36  48  12640 4_46 0
0.0 -7719.09255599   3  21  29  33  14171 4_47 0
0.0 -7719.08742596   1  20  30  32  14171 4_48 0
0.0 -7719.08708412   6  14  26  48  12583 4_49 0
0.0 -7719.07977019  15  23  35  39  27801 4_50 0
0.0 -7719.07713766   8  13  25  34  14171 4_51 0
0.0 -7719.07099621  14  24  38  60  27981 4_52 0
0.0 -7719.06037503   5  22  25  53  14188 4_53 0
0.0 -7719.04378344   2  19  31  43  14240 4_54 0
0.0 -7719.03376571  18  20  32  44  27792 4_55 0
0.0 -7719.03366999  14  24  36  48  27792 4_56 0
0.0 -7719.02144632   5  13  25  53  12588 4_57 0
0.0 -7719.00007589  15  35  57  58  33286 4_58 0
0.0 -7718.98210939  29  39  47  51  38885 4_59 0
0.0 -7718.97793945   4   9  35  47   7056 4_60 0
0.0 -7718.97072377  10  21  33  45  12581 4_61 0
0.0 -7718.96844250  14  24  38  48  27969 4_62 0
0.0 -7718.96519573  10  33  45  53  20297 4_63 0
0.0 -7718.95985505   5   8  25  34   7050 4_64 0
0.0 -7718.94481763   5  22  25  46  14183 4_65 0
0.0 -7718.91874370  16  31  43  55  33199 4_66 0
0.0 -7718.91395918   2  19  28  43  14183 4_67 0
0.0 -7718.90572717  14  26  38  48  29080 4_68 0
0.0 -7718.88921240   9  39  47  51  23574 4_69 0
0.0 -7718.87013786  19  28  31  43  28999 4_70 0
0.0 -7718.87013385  13  25  34  37  28999 4_71 0
0.0 -7718.82373414   3  41  53  57  23679 4_72 0
0.0 -7718.76740919  19  31  43  55  29083 4_73 0
0.0 -7718.74370048   3  29  45  57  20330 4_74 0
0.0 -7718.71678597  18  42  44  54  34019 4_75 0
0.0 -7718.71314699  35  39  53  57  39578 4_76 0
0.0 -7718.68631212  27  39  47  51  38093 4_77 0
