-7721.76067140   4  18  22  24   9465 
-7721.69086102   6  16  22  23   8475 
-7720.04671861  17  21  22  41  26092 
-7719.94134051  11  15  23  28   7568 
-7719.91545697   5  20  22  46  13988 
-7719.90760641   3   5  22  46   2966 
-7719.90008441  12  14  24  36   7561 
-7719.85880631   5   8  18  34   6706 
-7719.85264588   5   8  21  34   6704 
-7719.85120937  17  22  29  41  27144 
-7719.84568344   1  12  24  26   6663 
-7719.83924879  20  24  32  44  26190 
-7719.83105220  11  15  23  27   7570 
-7719.79171658  14  24  32  60  27949 
-7719.78815098  15  23  27  45  27799 
-7719.74350197   5  17  22  46   7503 
-7719.73830569   1  12  44  48   7079 
-7719.73494437   1  12  13  32   6661 
-7719.69297165   1  12  24  36   6654 
-7719.64187945  12  24  36  48   7681 
-7719.63771611   6  18  26  60   7860 
-7719.62449379   5  22  41  46  14365 
-7719.62366698  15  29  35  57  31503 
-7719.62289420   3  10  29  39   7051 
-7719.59197439  16  31  36  43  32628 
-7719.48251543  15  31  51  59  32910 
-7719.43758858   4  16  27  52   7853 
-7719.41383641   8  25  41  53  21172 
-7719.31982290  14  24  36  54  27811 
-7719.30893415   1  18  20  32  12226 
-7719.24828817   5   8  13  25   6864 
-7719.22614218   5  13  22  25  12224 
-7719.22436996   1  12  20  32   6864 
-7719.22236764   3  10  17  29   6864 
-7719.21943269   8  22  25  53  12656 
-7719.21925574   5   8  13  34   6866 
-7719.20722025  10  17  21  33  12224 
-7719.20301413  10  17  21  45  12236 
-7719.19588499   5  22  46  56  14514 
-7719.18894830  14  24  26  36  27789 
-7719.18845605  13  22  25  58  27813 
-7719.18539108   3  10  17  33   6866 
-7719.18226543  18  20  30  32  27789 
-7719.16463654  12  18  20  42  12238 
-7719.11810748  14  24  26  54  27808 
-7719.10214539   6  14  36  48  12640 
-7719.09255599   3  21  29  33  14171 
-7719.08742596   1  20  30  32  14171 
-7719.08708412   6  14  26  48  12583 
-7719.07977019  15  23  35  39  27801 
-7719.07713766   8  13  25  34  14171 
-7719.07099621  14  24  38  60  27981 
-7719.06037503   5  22  25  53  14188 
-7719.04378344   2  19  31  43  14240 
-7719.03376571  18  20  32  44  27792 
-7719.03366999  14  24  36  48  27792 
-7719.02144632   5  13  25  53  12588 
-7719.00007589  15  35  57  58  33286 
-7718.98210939  29  39  47  51  38885 
-7718.97793945   4   9  35  47   7056 
-7718.97072377  10  21  33  45  12581 
-7718.96844250  14  24  38  48  27969 
-7718.96519573  10  33  45  53  20297 
-7718.95985505   5   8  25  34   7050 
-7718.94481763   5  22  25  46  14183 
-7718.91874370  16  31  43  55  33199 
-7718.91395918   2  19  28  43  14183 
-7718.90572717  14  26  38  48  29080 
-7718.88921240   9  39  47  51  23574 
-7718.87013786  19  28  31  43  28999 
-7718.87013385  13  25  34  37  28999 
-7718.82373414   3  41  53  57  23679 
-7718.76740919  19  31  43  55  29083 
-7718.74370048   3  29  45  57  20330 
-7718.71678597  18  42  44  54  34019 
-7718.71314699  35  39  53  57  39578 
-7718.68631212  27  39  47  51  38093 
