5 6
5 11
5 15
5 18
6 11
6 15
6 18
11 15
11 18
15 18
7 8
7 9
7 12
7 13
7 14
7 16
7 17
7 19
7 20
7 21
7 22
7 23
7 24
8 9
8 12
8 13
8 14
8 16
8 17
8 19
8 20
8 21
8 22
8 23
8 24
9 12
9 13
9 14
9 16
9 17
9 19
9 20
9 21
9 22
9 23
9 24
12 13
12 14
12 16
12 17
12 19
12 20
12 21
12 22
12 23
12 24
13 14
13 16
13 17
13 19
13 20
13 21
13 22
13 23
13 24
14 16
14 17
14 19
14 20
14 21
14 22
14 23
14 24
16 17
16 19
16 20
16 21
16 22
16 23
16 24
17 19
17 20
17 21
17 22
17 23
17 24
19 20
19 21
19 22
19 23
19 24
20 21
20 22
20 23
20 24
21 22
21 23
21 24
22 23
22 24
23 24
