     0.0000000      1.0000000      0.0000000      0.0000000      0.0000000      0.0000000      0.0000000      0.0000000      0.0000000      0.0000000      0.0000000      0.0000000      0.0000000      0.0000000      0.0000000      0.0000000      0.0000000      0.0000000      0.0000000      0.0000000      0.0000000      0.0000000      0.0000000      0.0000000      0.0000000      0.0000000      0.0000000      1.0000000
     0.9999368      0.8333376      0.1666566      0.0000000      0.0000001      0.0000057      0.0000000      0.0000000      0.0000000      0.0000000      0.0000000      0.0000000      0.0000000      0.0000000      0.0000000      0.0000000      0.0000000      0.0000000      0.0000000      0.0000000      0.0000000      0.0000000      0.0000000      0.0000000      0.0000000      0.0000000      0.0000000      0.9999999
     1.9999577      0.6822922      0.3176979      0.0000000      0.0000001      0.0000099      0.0000000      0.0000000      0.0000000      0.0000000      0.0000000      0.0000000      0.0000000      0.0000000      0.0000000      0.0000000      0.0000000      0.0000000      0.0000000      0.0000000      0.0000000      0.0000000      0.0000000      0.0000000      0.0000000      0.0000000      0.0000000      1.0000000
     3.0003095      0.6640617      0.3359280      0.0000000      0.0000001      0.0000102      0.0000000      0.0000000      0.0000000      0.0000000      0.0000000      0.0000000      0.0000000      0.0000000      0.0000000      0.0000000      0.0000000      0.0000000      0.0000000      0.0000000      0.0000000      0.0000000      0.0000000      0.0000000      0.0000000      0.0000000      0.0000000      1.0000000
     3.9996133      0.4999992      0.4999953      0.0000000      0.0000000      0.0000055      0.0000000      0.0000000      0.0000000      0.0000000      0.0000000      0.0000000      0.0000000      0.0000000      0.0000000      0.0000000      0.0000000      0.0000000      0.0000000      0.0000000      0.0000000      0.0000000      0.0000000      0.0000000      0.0000000      0.0000000      0.0000000      1.0000001
     5.0002074      0.3243717      0.6741722      0.0000000      0.0000258      0.0014272      0.0000030      0.0000000      0.0000000      0.0000000      0.0000000      0.0000000      0.0000000      0.0000000      0.0000000      0.0000000      0.0000000      0.0000000      0.0000000      0.0000000      0.0000000      0.0000000      0.0000000      0.0000000      0.0000000      0.0000000      0.0000000      1.0000000
     5.9999285      0.1262499      0.8412654      0.0000000      0.0008509      0.0264749      0.0051434      0.0000000      0.0000000      0.0000155      0.0000000      0.0000000      0.0000000      0.0000000      0.0000000      0.0000000      0.0000000      0.0000000      0.0000000      0.0000000      0.0000000      0.0000000      0.0000000      0.0000000      0.0000000      0.0000000      0.0000000      1.0000000
     7.0000010      0.0302037      0.8355185      0.0000000      0.0051553      0.0994976      0.0295377      0.0000000      0.0000000      0.0000873      0.0000000      0.0000000      0.0000000      0.0000000      0.0000000      0.0000000      0.0000000      0.0000000      0.0000000      0.0000000      0.0000000      0.0000000      0.0000000      0.0000000      0.0000000      0.0000000      0.0000000      1.0000001
     7.9997754      0.0008772      0.6652139      0.0000000      0.0441771      0.2030101      0.0864068      0.0000000      0.0000168      0.0002647      0.0000333      0.0000000      0.0000000      0.0000000      0.0000000      0.0000000      0.0000000      0.0000000      0.0000000      0.0000000      0.0000000      0.0000000      0.0000000      0.0000000      0.0000000      0.0000000      0.0000000      0.9999999
     8.9994698      0.0000053      0.5003603      0.0000000      0.1624553      0.2333770      0.1034323      0.0000000      0.0000348      0.0002691      0.0000658      0.0000000      0.0000000      0.0000000      0.0000000      0.0000000      0.0000000      0.0000000      0.0000000      0.0000000      0.0000000      0.0000000      0.0000000      0.0000000      0.0000000      0.0000000      0.0000000      1.0000000
    10.0008173      0.0000097      0.3365833      0.0000000      0.3600294      0.1599424      0.1401587      0.0000000      0.0006747      0.0016649      0.0009367      0.0000000      0.0000000      0.0000000      0.0000001      0.0000000      0.0000000      0.0000000      0.0000000      0.0000000      0.0000000      0.0000000      0.0000000      0.0000000      0.0000000      0.0000000      0.0000000      1.0000000
    11.0036383      0.0000056      0.1882640      0.0000000      0.4936002      0.1330184      0.1635254      0.0000000      0.0069941      0.0112275      0.0033413      0.0000000      0.0000003      0.0000000      0.0000029      0.0000042      0.0000164      0.0000000      0.0000000      0.0000000      0.0000000      0.0000000      0.0000000      0.0000000      0.0000000      0.0000000      0.0000000      1.0000001
    12.0180197      0.0000020      0.0846824      0.0000000      0.5229000      0.1403952      0.1679625      0.0000000      0.0233772      0.0480362      0.0120235      0.0000000      0.0000010      0.0000000      0.0000235      0.0001200      0.0004765      0.0000000      0.0000000      0.0000000      0.0000000      0.0000000      0.0000000      0.0000000      0.0000000      0.0000000      0.0000000      1.0000001
    13.0344696      0.0000002      0.0307771      0.0000000      0.4643568      0.1428950      0.1668705      0.0000000      0.0381711      0.1243507      0.0302301      0.0000000      0.0000015      0.0000000      0.0000715      0.0004588      0.0018166      0.0000000      0.0000000      0.0000000      0.0000000      0.0000000      0.0000000      0.0000000      0.0000000      0.0000000      0.0000000      0.9999999
    14.0342627      0.0000001      0.0169805      0.0000000      0.3466104      0.1655906      0.1234772      0.0000000      0.0304627      0.2793859      0.0345192      0.0000000      0.0000014      0.0000001      0.0000906      0.0006137      0.0022677      0.0000000      0.0000000      0.0000000      0.0000002      0.0000000      0.0000000      0.0000000      0.0000000      0.0000000      0.0000000      1.0000002
    15.0176201      0.0000000      0.0080192      0.0000000      0.2475321      0.1615612      0.0776466      0.0000000      0.0164420      0.4479661      0.0380596      0.0000000      0.0000019      0.0000050      0.0000815      0.0006737      0.0020104      0.0000000      0.0000000      0.0000000      0.0000006      0.0000000      0.0000000      0.0000000      0.0000000      0.0000000      0.0000000      1.0000000
    16.0058861      0.0000000      0.0024812      0.0000000      0.1698049      0.1025441      0.0638070      0.0000000      0.0135338      0.5862707      0.0537784      0.0000000      0.0000045      0.0000485      0.0001000      0.0008998      0.0067258      0.0000000      0.0000000      0.0000001      0.0000014      0.0000000      0.0000000      0.0000000      0.0000000      0.0000000      0.0000000      0.9999999
    17.0013943      0.0000000      0.0004558      0.0000000      0.1005911      0.0542187      0.0590741      0.0000000      0.0311576      0.6567873      0.0661764      0.0000000      0.0000128      0.0001921      0.0016007      0.0017364      0.0279927      0.0000000      0.0000000      0.0000005      0.0000037      0.0000000      0.0000000      0.0000000      0.0000001      0.0000000      0.0000000      1.0000000
    17.9977379      0.0000000      0.0003370      0.0000000      0.0553920      0.0392293      0.0434712      0.0000000      0.0499322      0.6782185      0.0595477      0.0000000      0.0000336      0.0003232      0.0112986      0.0034729      0.0587341      0.0000000      0.0000002      0.0000014      0.0000080      0.0000000      0.0000000      0.0000000      0.0000002      0.0000000      0.0000000      1.0000000
    18.9989777      0.0000000      0.0000026      0.0000000      0.0239318      0.0276794      0.0266708      0.0000000      0.0612584      0.6594042      0.0424645      0.0000000      0.0000712      0.0008417      0.0354296      0.0166615      0.1051741      0.0000000      0.0000014      0.0000213      0.0003845      0.0000000      0.0000000      0.0000010      0.0000019      0.0000000      0.0000000      1.0000000
    19.9993801      0.0000000      0.0000014      0.0000000      0.0039495      0.0242911      0.0088517      0.0000000      0.0684112      0.5847441      0.0215493      0.0000000      0.0000965      0.0020035      0.0667993      0.0539913      0.1638057      0.0000000      0.0000074      0.0001424      0.0013460      0.0000000      0.0000001      0.0000035      0.0000060      0.0000000      0.0000000      1.0000000
    21.0002499      0.0000000      0.0000006      0.0000000      0.0017104      0.0294898      0.0033341      0.0000000      0.0495388      0.4684987      0.0115168      0.0000000      0.0001066      0.0078484      0.1116352      0.0999666      0.2036932      0.0000000      0.0000336      0.0026562      0.0099405      0.0000000      0.0000010      0.0000187      0.0000111      0.0000000      0.0000000      1.0000001
    22.0004940      0.0000000      0.0000001      0.0000000      0.0002480      0.0316653      0.0005578      0.0000000      0.0340105      0.3453459      0.0058626      0.0000000      0.0000773      0.0196320      0.1561736      0.1390812      0.2288009      0.0000000      0.0001220      0.0076667      0.0305963      0.0000000      0.0000060      0.0000546      0.0000991      0.0000003      0.0000000      1.0000000
    22.9991226      0.0000000      0.0000001      0.0000000      0.0000714      0.0262615      0.0002125      0.0000000      0.0166286      0.2875121      0.0036050      0.0000000      0.0000570      0.0306123      0.1667815      0.1271782      0.2332962      0.0000000      0.0016836      0.0214707      0.0815678      0.0000000      0.0000126      0.0008236      0.0022253      0.0000000      0.0000000      1.0000000
    23.9994354      0.0000000      0.0000000      0.0000000      0.0000114      0.0215922      0.0000226      0.0000000      0.0064606      0.2456254      0.0019007      0.0000000      0.0000383      0.0284641      0.1321211      0.1134707      0.2597262      0.0000000      0.0027288      0.0399395      0.1428086      0.0000000      0.0000210      0.0017442      0.0033247      0.0000000      0.0000000      1.0000001
    24.9983788      0.0000000      0.0000000      0.0000000      0.0000088      0.0172403      0.0000143      0.0000000      0.0020124      0.2191961      0.0010788      0.0000000      0.0000388      0.0255858      0.1123044      0.1019880      0.2631259      0.0000000      0.0068419      0.0498064      0.1857830      0.0000000      0.0000952      0.0052243      0.0096484      0.0000068      0.0000000      0.9999999
    25.9977169      0.0000000      0.0000000      0.0000000      0.0000088      0.0106826      0.0000071      0.0000000      0.0005150      0.1772522      0.0005272      0.0000000      0.0000489      0.0156290      0.1071052      0.0966197      0.2604301      0.0000000      0.0126922      0.0491492      0.2344444      0.0000000      0.0019230      0.0156447      0.0170746      0.0002463      0.0000000      1.0000001
    26.9914398      0.0000000      0.0000000      0.0000000      0.0000113      0.0034541      0.0000016      0.0000000      0.0006174      0.1304634      0.0001869      0.0000000      0.0000788      0.0034941      0.1255835      0.0923991      0.2367741      0.0000000      0.0217927      0.0477529      0.2734261      0.0000000      0.0044397      0.0270302      0.0318975      0.0005963      0.0000000      0.9999998
    27.9899693      0.0000000      0.0000000      0.0000000      0.0000079      0.0009545      0.0000004      0.0000000      0.0008697      0.0711809      0.0001275      0.0000000      0.0001069      0.0008762      0.1863506      0.0582415      0.2091276      0.0000000      0.0296475      0.0520073      0.2908904      0.0000000      0.0123853      0.0459667      0.0389759      0.0022834      0.0000000      1.0000000
    28.9832439      0.0000000      0.0000000      0.0000000      0.0000044      0.0001371      0.0000000      0.0000000      0.0012874      0.0322923      0.0001273      0.0000000      0.0001357      0.0000577      0.1754458      0.0342303      0.1896602      0.0000000      0.0454884      0.0648895      0.3275721      0.0000000      0.0265967      0.0388714      0.0578806      0.0053233      0.0000000      1.0000000
    29.9835567      0.0000000      0.0000000      0.0000000      0.0000019      0.0000729      0.0000000      0.0000000      0.0010867      0.0159510      0.0000871      0.0000000      0.0001126      0.0000279      0.1188067      0.0237749      0.1742011      0.0000000      0.0732702      0.0546172      0.3659960      0.0000000      0.0410645      0.0379735      0.0803003      0.0126161      0.0000395      1.0000001
    30.9874439      0.0000000      0.0000000      0.0000000      0.0000005      0.0000224      0.0000000      0.0000000      0.0007959      0.0046904      0.0000545      0.0000000      0.0000815      0.0000026      0.0706375      0.0168163      0.1499274      0.0000000      0.0976205      0.0406785      0.3946256      0.0000000      0.0507601      0.0447328      0.1045179      0.0235811      0.0004543      0.9999999
    31.9930496      0.0000000      0.0000000      0.0000000      0.0000002      0.0000120      0.0000000      0.0000000      0.0003981      0.0025670      0.0000284      0.0000000      0.0000412      0.0000023      0.0339547      0.0203487      0.1137175      0.0000000      0.1099154      0.0222029      0.3958229      0.0000000      0.0557766      0.0598877      0.1346673      0.0486802      0.0019768      1.0000001
    32.9973984      0.0000000      0.0000000      0.0000000      0.0000000      0.0000029      0.0000000      0.0000000      0.0001192      0.0012862      0.0000069      0.0000000      0.0000141      0.0000018      0.0150866      0.0218235      0.0830890      0.0000000      0.0985746      0.0091369      0.3699448      0.0000000      0.0833446      0.0699032      0.1445509      0.0990586      0.0040561      0.9999999
    33.9985695      0.0000000      0.0000000      0.0000000      0.0000000      0.0000012      0.0000000      0.0000000      0.0000653      0.0010406      0.0000028      0.0000000      0.0000084      0.0000014      0.0118100      0.0255731      0.0576965      0.0000000      0.0741783      0.0059937      0.3196983      0.0000000      0.1155765      0.0748440      0.1559209      0.1517324      0.0058566      0.9999999
    34.9948502      0.0000000      0.0000000      0.0000000      0.0000000      0.0000000      0.0000000      0.0000000      0.0000058      0.0006345      0.0000000      0.0000000      0.0000016      0.0000008      0.0058160      0.0170579      0.0467897      0.0000000      0.0507363      0.0025604      0.2761025      0.0000000      0.1540187      0.0810236      0.1539973      0.2046367      0.0066182      1.0000000
    36.0000076      0.0000000      0.0000000      0.0000000      0.0000000      0.0000000      0.0000000      0.0000000      0.0000000      0.0003927      0.0000000      0.0000000      0.0000006      0.0000005      0.0033699      0.0102185      0.0384078      0.0000000      0.0340262      0.0014607      0.2109674      0.0000000      0.1717883      0.0978697      0.1748737      0.2477184      0.0089056      1.0000000
    36.9969978      0.0000000      0.0000000      0.0000000      0.0000000      0.0000000      0.0000000      0.0000000      0.0000000      0.0001301      0.0000000      0.0000000      0.0000002      0.0000002      0.0012749      0.0038506      0.0281610      0.0000000      0.0138211      0.0007648      0.1522405      0.0000000      0.1947860      0.1185672      0.1815039      0.2955128      0.0093867      0.9999999
    37.9996262      0.0000000      0.0000000      0.0000000      0.0000000      0.0000000      0.0000000      0.0000000      0.0000000      0.0000646      0.0000000      0.0000000      0.0000001      0.0000001      0.0006233      0.0018363      0.0216225      0.0000000      0.0054004      0.0003233      0.0909810      0.0000000      0.1748244      0.1432214      0.1829361      0.3570602      0.0211063      0.9999999
    38.9997978      0.0000000      0.0000000      0.0000000      0.0000000      0.0000000      0.0000000      0.0000000      0.0000000      0.0000112      0.0000000      0.0000000      0.0000000      0.0000000      0.0001173      0.0003447      0.0089500      0.0000000      0.0017512      0.0001407      0.0516149      0.0000000      0.1390359      0.1656262      0.1793552      0.4183274      0.0347254      1.0000001
    39.9983406      0.0000000      0.0000000      0.0000000      0.0000000      0.0000000      0.0000000      0.0000000      0.0000000      0.0000105      0.0000000      0.0000000      0.0000000      0.0000000      0.0001053      0.0003150      0.0023943      0.0000000      0.0013034      0.0000937      0.0331259      0.0000000      0.1126020      0.1563981      0.1500145      0.4731792      0.0704581      1.0000000
    40.9974403      0.0000000      0.0000000      0.0000000      0.0000000      0.0000000      0.0000000      0.0000000      0.0000000      0.0000059      0.0000000      0.0000000      0.0000000      0.0000000      0.0000570      0.0001617      0.0008772      0.0000000      0.0003626      0.0000265      0.0179344      0.0000000      0.0905739      0.1279791      0.1242930      0.5181428      0.1195859      1.0000001
    41.9947586      0.0000000      0.0000000      0.0000000      0.0000000      0.0000000      0.0000000      0.0000000      0.0000000      0.0000000      0.0000000      0.0000000      0.0000000      0.0000000      0.0000009      0.0000003      0.0004610      0.0000000      0.0000925      0.0000052      0.0100801      0.0000000      0.0701642      0.1088967      0.1025798      0.5126103      0.1951090      1.0000000
    43.0051346      0.0000000      0.0000000      0.0000000      0.0000000      0.0000000      0.0000000      0.0000000      0.0000000      0.0000000      0.0000000      0.0000000      0.0000000      0.0000000      0.0000002      0.0000000      0.0000000      0.0000000      0.0000323      0.0000010      0.0054199      0.0000000      0.0590263      0.0822333      0.0787709      0.4951982      0.2793178      0.9999999
    43.9973526      0.0000000      0.0000000      0.0000000      0.0000000      0.0000000      0.0000000      0.0000000      0.0000000      0.0000000      0.0000000      0.0000000      0.0000000      0.0000000      0.0000001      0.0000000      0.0000000      0.0000000      0.0000107      0.0000005      0.0032040      0.0000000      0.0557288      0.0657881      0.0591096      0.4375860      0.3785722      1.0000000
    44.9989548      0.0000000      0.0000000      0.0000000      0.0000000      0.0000000      0.0000000      0.0000000      0.0000000      0.0000000      0.0000000      0.0000000      0.0000000      0.0000000      0.0000000      0.0000000      0.0000000      0.0000000      0.0000019      0.0000002      0.0016268      0.0000000      0.0617142      0.0488755      0.0402318      0.3636466      0.4839029      1.0000000
    46.0007935      0.0000000      0.0000000      0.0000000      0.0000000      0.0000000      0.0000000      0.0000000      0.0000000      0.0000000      0.0000000      0.0000000      0.0000000      0.0000000      0.0000000      0.0000000      0.0000000      0.0000000      0.0000011      0.0000001      0.0009284      0.0000000      0.0617464      0.0302844      0.0259073      0.3120863      0.5690460      1.0000000
    47.0020790      0.0000000      0.0000000      0.0000000      0.0000000      0.0000000      0.0000000      0.0000000      0.0000000      0.0000000      0.0000000      0.0000000      0.0000000      0.0000000      0.0000000      0.0000000      0.0000000      0.0000000      0.0000000      0.0000000      0.0001669      0.0000000      0.0525542      0.0154446      0.0125197      0.2653674      0.6539472      1.0000000
    47.9978523      0.0000000      0.0000000      0.0000000      0.0000000      0.0000000      0.0000000      0.0000000      0.0000000      0.0000000      0.0000000      0.0000000      0.0000000      0.0000000      0.0000000      0.0000000      0.0000000      0.0000000      0.0000000      0.0000000      0.0000674      0.0000000      0.0399934      0.0070649      0.0051491      0.2219615      0.7257636      1.0000000
    49.0010948      0.0000000      0.0000000      0.0000000      0.0000000      0.0000000      0.0000000      0.0000000      0.0000000      0.0000000      0.0000000      0.0000000      0.0000000      0.0000000      0.0000000      0.0000000      0.0000000      0.0000000      0.0000000      0.0000000      0.0000375      0.0000000      0.0229613      0.0037883      0.0024521      0.1733207      0.7974402      1.0000000
    50.0134468      0.0000000      0.0000000      0.0000000      0.0000000      0.0000000      0.0000000      0.0000000      0.0000000      0.0000000      0.0000000      0.0000000      0.0000000      0.0000000      0.0000000      0.0000000      0.0000000      0.0000000      0.0000000      0.0000000      0.0000116      0.0000000      0.0115572      0.0033508      0.0018007      0.1221819      0.8610978      1.0000000
    51.0090027      0.0000000      0.0000000      0.0000000      0.0000000      0.0000000      0.0000000      0.0000000      0.0000000      0.0000000      0.0000000      0.0000000      0.0000000      0.0000000      0.0000000      0.0000000      0.0000000      0.0000000      0.0000000      0.0000000      0.0000034      0.0000000      0.0068184      0.0001200      0.0000686      0.0740197      0.9189698      1.0000000
    52.0007172      0.0000000      0.0000000      0.0000000      0.0000000      0.0000000      0.0000000      0.0000000      0.0000000      0.0000000      0.0000000      0.0000000      0.0000000      0.0000000      0.0000000      0.0000000      0.0000000      0.0000000      0.0000000      0.0000000      0.0000009      0.0000000      0.0021175      0.0000066      0.0000016      0.0385389      0.9593345      1.0000000
    52.9994469      0.0000000      0.0000000      0.0000000      0.0000000      0.0000000      0.0000000      0.0000000      0.0000000      0.0000000      0.0000000      0.0000000      0.0000000      0.0000000      0.0000000      0.0000000      0.0000000      0.0000000      0.0000000      0.0000000      0.0000002      0.0000000      0.0005583      0.0000019      0.0000007      0.0130865      0.9863525      1.0000000
    53.9982376      0.0000000      0.0000000      0.0000000      0.0000000      0.0000000      0.0000000      0.0000000      0.0000000      0.0000000      0.0000000      0.0000000      0.0000000      0.0000000      0.0000000      0.0000000      0.0000000      0.0000000      0.0000000      0.0000000      0.0000000      0.0000000      0.0000976      0.0000005      0.0000002      0.0039198      0.9959818      1.0000000
    54.9907150      0.0000000      0.0000000      0.0000000      0.0000000      0.0000000      0.0000000      0.0000000      0.0000000      0.0000000      0.0000000      0.0000000      0.0000000      0.0000000      0.0000000      0.0000000      0.0000000      0.0000000      0.0000000      0.0000000      0.0000000      0.0000000      0.0000128      0.0000001      0.0000002      0.0022997      0.9976872      1.0000000
    55.9853020      0.0000000      0.0000000      0.0000000      0.0000000      0.0000000      0.0000000      0.0000000      0.0000000      0.0000000      0.0000000      0.0000000      0.0000000      0.0000000      0.0000000      0.0000000      0.0000000      0.0000000      0.0000000      0.0000000      0.0000000      0.0000000      0.0000521      0.0000002      0.0000000      0.0014048      0.9985428      0.9999999
    56.9782028      0.0000000      0.0000000      0.0000000      0.0000000      0.0000000      0.0000000      0.0000000      0.0000000      0.0000000      0.0000000      0.0000000      0.0000000      0.0000000      0.0000000      0.0000000      0.0000000      0.0000000      0.0000000      0.0000000      0.0000000      0.0000000      0.0000000      0.0000000      0.0000000      0.0000793      0.9999207      1.0000000
    57.9682884      0.0000000      0.0000000      0.0000000      0.0000000      0.0000000      0.0000000      0.0000000      0.0000000      0.0000000      0.0000000      0.0000000      0.0000000      0.0000000      0.0000000      0.0000000      0.0000000      0.0000000      0.0000000      0.0000000      0.0000000      0.0000000      0.0000000      0.0000000      0.0000000      0.0000650      0.9999350      1.0000000
    58.9757309      0.0000000      0.0000000      0.0000000      0.0000000      0.0000000      0.0000000      0.0000000      0.0000000      0.0000000      0.0000000      0.0000000      0.0000000      0.0000000      0.0000000      0.0000000      0.0000000      0.0000000      0.0000000      0.0000000      0.0000000      0.0000000      0.0000000      0.0000000      0.0000000      0.0000535      0.9999465      1.0000000
    60.0000000      0.0000000      0.0000000      0.0000000      0.0000000      0.0000000      0.0000000      0.0000000      0.0000000      0.0000000      0.0000000      0.0000000      0.0000000      0.0000000      0.0000000      0.0000000      0.0000000      0.0000000      0.0000000      0.0000000      0.0000000      0.0000000      0.0000000      0.0000000      0.0000000      0.0000000      1.0000000      1.0000000
