    -7739.8886718750  1
    -7739.8886718750 10
    -7739.8886718750 11
    -7739.8886718750 12
    -7739.8886718750  2
    -7739.8886718750  3
    -7739.8886718750  4
    -7739.8886718750  5
    -7739.8886718750  6
    -7739.8886718750  7
    -7739.8886718750  8
    -7739.8886718750  9
    -7739.8295898438 13
    -7739.8295898438 14
    -7739.8295898438 15
    -7739.8295898438 16
    -7739.8295898438 17
    -7739.8295898438 18
    -7739.8295898438 19
    -7739.8295898438 20
    -7739.8295898438 21
    -7739.8295898438 22
    -7739.8295898438 23
    -7739.8295898438 24
    -7739.6201171875 34
