0 -7639.8491210938 1 2 3 4 5 6 10 13 14 15 18 19 20 21 22 24 31 17_1.cif 
.1000976563 -7639.7490234375 2 3 4 5 6 9 11 14 15 18 19 20 21 22 24 30 41 17_2.cif 
.1401367188 -7639.7089843750 2 4 8 9 10 11 12 13 14 17 18 19 20 22 23 24 29 17_3.cif 
.1962890626 -7639.6528320312 1 2 3 4 6 8 11 13 15 17 18 20 21 22 24 35 39 17_4.cif 
.2172851563 -7639.6318359375 2 3 4 5 6 10 11 13 14 15 18 20 21 22 24 31 41 17_5.cif 
.2260742188 -7639.6230468750 2 5 6 9 12 13 15 16 18 19 20 21 23 24 25 29 33 17_6.cif 
.2275390626 -7639.6215820312 1 3 4 5 6 8 10 13 14 15 18 19 20 21 22 24 31 17_7.cif 
.2666015626 -7639.5825195312 1 3 4 6 7 8 10 11 12 14 15 16 20 21 23 35 46 17_8.cif 
.2705078126 -7639.5786132812 1 3 4 6 9 12 14 16 19 20 21 22 23 24 25 34 41 17_9.cif 
.3203125000 -7639.5288085938 1 2 3 4 5 6 8 10 16 18 20 22 23 24 27 32 43 17_10.cif 
.3305664063 -7639.5185546875 2 3 4 7 8 10 11 12 13 15 16 18 20 21 24 38 41 17_11.cif 
.3320312500 -7639.5170898438 1 2 3 6 9 12 16 17 18 19 20 21 22 23 24 25 45 17_12.cif 
.3349609376 -7639.5141601562 2 4 7 8 10 11 12 13 14 17 19 20 21 22 24 39 45 17_13.cif 
.3393554688 -7639.5097656250 1 4 5 7 8 9 11 12 14 15 17 18 21 24 25 31 41 17_14.cif 
.3461914063 -7639.5029296875 1 3 4 5 7 8 10 14 16 18 20 21 23 24 27 31 34 17_15.cif 
.3750000000 -7639.4741210938 1 2 3 4 5 6 10 12 14 15 16 20 21 22 24 29 32 17_16.cif 
.3862304688 -7639.4628906250 1 4 5 9 10 11 12 14 16 17 19 21 22 23 26 34 44 17_17.cif 
.3872070313 -7639.4619140625 1 3 6 7 8 9 11 13 15 17 18 21 22 23 28 32 40 17_18.cif 
.3881835938 -7639.4609375000 1 2 3 4 6 8 9 11 18 19 20 21 22 23 33 37 38 17_19.cif 
.3920898438 -7639.4570312500 1 2 3 4 5 6 7 9 10 12 14 16 20 21 25 37 41 17_20.cif 
.3940429688 -7639.4550781250 2 3 4 5 6 10 11 12 13 20 21 22 24 27 32 39 48 17_21.cif 
.3959960938 -7639.4531250000 1 3 4 5 9 11 13 16 19 20 21 22 24 32 36 38 41 17_22.cif 
.3999023438 -7639.4492187500 1 2 7 8 9 10 11 12 14 15 17 18 22 28 29 33 40 17_23.cif 
.4082031250 -7639.4409179688 2 4 8 9 11 14 15 17 18 20 21 22 23 24 26 30 45 17_24.cif 
.4135742188 -7639.4355468750 1 2 3 4 5 6 8 9 10 14 16 20 21 24 32 40 44 17_25.cif 
.4208984376 -7639.4282226562 1 2 3 4 6 7 10 11 13 16 20 21 22 24 28 39 47 17_26.cif 
.4213867188 -7639.4277343750 1 2 3 5 7 9 10 12 13 14 16 17 20 21 23 25 37 17_27.cif 
.4326171876 -7639.4165039062 1 2 3 4 5 7 9 10 12 14 17 20 21 23 25 31 37 17_28.cif 
.4365234376 -7639.4125976562 1 2 6 10 13 15 16 17 18 19 20 22 23 24 26 29 47 17_29.cif 
.4399414063 -7639.4091796875 2 3 4 5 7 12 18 19 20 21 22 23 24 31 32 36 37 17_30.cif 
.4462890626 -7639.4028320312 2 3 4 5 6 7 8 11 12 18 19 21 22 24 33 34 35 17_31.cif 
.4477539063 -7639.4013671875 2 4 5 6 7 8 9 10 11 12 14 18 19 22 30 35 45 17_32.cif 
.4511718750 -7639.3979492188 1 5 7 8 9 10 12 13 15 16 19 20 22 23 26 29 31 17_33.cif 
.4526367188 -7639.3964843750 1 2 3 5 7 8 9 12 16 17 22 23 24 32 35 36 39 17_34.cif 
.4550781250 -7639.3940429688 1 3 6 8 14 16 17 18 19 21 22 23 24 30 35 37 40 17_35.cif 
.4575195313 -7639.3916015625 2 3 4 5 6 10 13 14 17 18 19 20 22 24 30 39 41 17_36.cif 
.4604492188 -7639.3886718750 3 4 5 6 10 11 13 14 15 18 20 21 22 24 31 41 47 17_37.cif 
.4614257813 -7639.3876953125 2 3 4 5 7 12 15 18 19 20 21 22 23 24 30 31 40 17_38.cif 
.4653320313 -7639.3837890625 1 5 6 7 8 9 11 13 14 15 17 19 21 22 23 24 32 17_39.cif 
.4672851563 -7639.3818359375 1 4 7 10 12 13 14 15 18 19 20 21 22 24 25 39 40 17_40.cif 
.4692382813 -7639.3798828125 1 5 7 9 10 14 15 16 17 18 19 22 23 26 28 29 32 17_41.cif 
.4741210938 -7639.3750000000 4 6 9 11 12 13 14 15 17 18 19 21 22 24 28 36 42 17_42.cif 
.4775390626 -7639.3715820312 1 3 4 6 7 8 12 14 15 16 17 20 22 23 31 35 41 17_43.cif 
.4897460938 -7639.3593750000 1 2 3 6 7 8 10 13 16 19 20 21 22 23 24 35 45 17_44.cif 
.4912109376 -7639.3579101562 2 3 4 5 9 10 11 12 13 14 20 21 24 25 27 31 36 17_45.cif 
.4936523438 -7639.3554687500 1 3 4 5 6 7 10 13 14 18 19 20 21 23 40 42 46 17_46.cif 
.4946289063 -7639.3544921875 1 2 3 4 5 6 9 10 12 13 14 17 18 19 26 31 47 17_47.cif 
.4960937500 -7639.3530273438 1 3 4 5 7 8 9 11 12 14 15 17 20 21 22 30 37 17_48.cif 
.4980468750 -7639.3510742188 1 5 8 9 10 11 14 15 18 19 20 21 22 24 41 45 48 17_49.cif 
.4990234376 -7639.3500976562 2 4 5 9 10 11 14 17 18 19 20 21 24 34 36 37 46 17_50.cif 
.5004882813 -7639.3486328125 7 8 9 10 13 14 15 16 17 18 20 21 25 27 31 36 42 17_51.cif 
.5009765626 -7639.3481445312 1 3 5 6 7 8 9 10 11 14 16 19 20 22 29 37 39 17_52.cif 
.5034179688 -7639.3457031250 1 2 3 4 5 6 9 14 16 17 19 20 24 25 33 36 37 17_53.cif 
.5112304688 -7639.3378906250 1 2 4 5 6 9 12 19 20 21 22 23 26 33 34 36 37 17_54.cif 
.5117187500 -7639.3374023438 1 2 3 5 6 8 10 11 15 17 20 24 26 27 32 35 46 17_55.cif 
.5161132813 -7639.3330078125 6 7 8 9 11 13 14 15 17 18 21 22 23 28 29 32 40 17_56.cif 
.5166015626 -7639.3325195312 2 3 7 8 9 13 14 15 17 20 21 22 23 28 30 32 43 17_57.cif 
.5214843750 -7639.3276367188 2 3 4 5 11 12 14 15 17 18 19 22 24 27 33 36 44 17_58.cif 
.5253906250 -7639.3237304688 1 2 3 4 6 10 12 13 14 18 19 20 22 23 34 40 45 17_59.cif 
.5273437500 -7639.3217773438 1 2 3 4 6 7 9 10 11 13 15 16 22 32 36 44 45 17_60.cif 
.5278320313 -7639.3212890625 1 3 5 8 9 10 14 15 19 20 23 24 26 28 29 31 34 17_61.cif 
.5283203126 -7639.3208007812 1 2 5 6 7 8 10 12 15 16 17 23 27 34 36 44 45 17_62.cif 
.5346679688 -7639.3144531250 1 3 4 5 7 8 11 17 18 20 21 22 23 24 26 27 42 17_63.cif 
.5375976563 -7639.3115234375 2 4 6 7 8 10 11 12 17 19 21 22 24 32 36 37 39 17_64.cif 
.5400390626 -7639.3090820312 1 5 6 7 9 10 11 12 15 17 19 21 23 25 40 42 44 17_65.cif 
.5405273438 -7639.3085937500 1 3 4 5 6 10 12 15 18 19 20 21 22 24 25 26 47 17_66.cif 
.5439453126 -7639.3051757812 1 2 3 4 6 8 11 17 18 20 21 22 24 26 27 36 42 17_67.cif 
.5449218750 -7639.3041992188 2 4 5 14 16 17 19 20 21 22 23 24 25 27 29 30 44 17_68.cif 
.5527343750 -7639.2963867188 2 3 5 6 11 15 16 17 18 20 21 23 24 27 30 46 48 17_69.cif 
.5605468750 -7639.2885742188 1 2 3 4 6 7 8 10 11 15 16 18 22 25 29 47 48 17_70.cif 
.5698242188 -7639.2792968750 1 2 3 4 5 8 9 10 16 18 21 22 24 32 35 36 42 17_71.cif 
.5703125000 -7639.2788085938 1 2 5 7 10 11 12 14 16 17 20 21 22 34 35 39 42 17_72.cif 
.5732421876 -7639.2758789062 1 4 5 6 8 10 12 16 18 19 20 21 23 28 35 36 45 17_73.cif 
.5776367188 -7639.2714843750 6 8 9 10 11 12 14 15 17 18 19 21 25 30 34 36 40 17_74.cif 
.5800781250 -7639.2690429688 2 3 4 5 6 7 10 11 12 13 14 15 18 24 27 30 40 17_75.cif 
.5805664063 -7639.2685546875 2 4 7 8 10 11 13 14 15 19 20 21 22 24 39 44 45 17_76.cif 
.5839843750 -7639.2651367188 1 3 4 8 9 10 12 13 14 16 20 23 24 28 31 41 46 17_77.cif 
.5864257813 -7639.2626953125 4 7 8 9 10 11 12 14 15 17 19 20 22 27 29 32 34 17_78.cif 
.5893554688 -7639.2597656250 1 2 5 6 8 9 10 12 14 16 17 20 22 24 31 41 47 17_79.cif 
.5957031250 -7639.2534179688 1 2 4 6 12 13 16 17 18 19 20 21 23 24 34 41 47 17_80.cif 
.5961914063 -7639.2529296875 1 2 3 7 9 17 18 19 20 21 22 23 24 34 36 42 48 17_81.cif 
.5976562500 -7639.2514648438 2 4 5 6 8 9 10 11 12 14 17 19 20 23 27 29 46 17_82.cif 
.6010742188 -7639.2480468750 1 2 5 6 7 11 12 13 14 15 16 22 23 29 44 45 47 17_83.cif 
.6015625000 -7639.2475585938 1 2 3 4 5 10 12 14 15 20 21 22 24 31 32 35 36 17_84.cif 
.6020507813 -7639.2470703125 1 2 3 5 6 8 10 14 16 17 18 20 23 27 34 35 41 17_85.cif 
.6088867188 -7639.2402343750 3 8 9 10 12 14 15 16 20 21 22 23 24 28 31 44 46 17_86.cif 
.6093750000 -7639.2397460938 2 3 4 5 6 8 9 11 12 13 17 21 24 32 33 35 36 17_87.cif 
.6127929688 -7639.2363281250 1 2 4 5 6 7 10 13 16 18 20 22 23 28 29 46 48 17_88.cif 
.6137695313 -7639.2353515625 2 4 6 7 9 10 16 18 19 20 21 22 23 26 30 34 41 17_89.cif 
.6152343750 -7639.2338867188 3 6 8 9 11 12 13 15 17 19 21 22 24 30 35 40 42 17_90.cif 
.6186523438 -7639.2304687500 1 2 5 6 9 10 12 14 15 16 17 20 22 24 27 31 38 17_91.cif 
.6196289063 -7639.2294921875 2 4 6 7 8 10 11 12 14 17 19 21 22 24 32 36 39 17_92.cif 
.6225585938 -7639.2265625000 1 2 5 6 7 8 9 10 11 15 20 21 23 30 31 38 48 17_93.cif 
.6274414063 -7639.2216796875 3 5 6 7 9 13 14 15 17 18 19 20 22 28 30 41 43 17_94.cif 
.6298828126 -7639.2192382812 1 3 5 8 9 10 12 13 14 15 19 21 24 27 28 30 31 17_95.cif 
.6323242188 -7639.2167968750 1 2 4 5 6 9 12 13 16 17 19 21 22 23 25 33 34 17_96.cif 
.6337890626 -7639.2153320312 1 2 3 4 6 9 11 13 14 17 18 19 22 23 38 40 45 17_97.cif 
.6342773438 -7639.2148437500 3 4 6 9 12 13 14 16 17 19 21 22 24 28 32 42 43 17_98.cif 
.6347656250 -7639.2143554688 2 5 7 8 10 11 12 14 15 18 21 23 24 25 30 32 34 17_99.cif 
.6372070313 -7639.2119140625 1 4 5 6 7 10 11 14 15 16 17 19 22 34 37 42 44 17_100.cif 
.6391601563 -7639.2099609375 1 2 7 9 10 12 13 15 17 20 21 24 25 28 34 47 48 17_101.cif 
.6406250000 -7639.2084960938 2 3 5 7 9 11 12 13 17 18 19 21 22 29 30 36 47 17_102.cif 
.6411132813 -7639.2080078125 1 2 3 4 5 6 7 10 11 13 19 20 22 30 33 36 40 17_103.cif 
.6459960938 -7639.2031250000 4 6 7 8 10 11 13 15 18 19 20 21 23 29 30 33 40 17_104.cif 
.6464843750 -7639.2026367188 3 7 8 9 10 11 13 15 16 17 18 20 21 23 34 45 48 17_105.cif 
.6547851563 -7639.1943359375 2 4 5 6 8 11 12 15 17 18 19 20 21 24 30 31 39 17_106.cif 
.6567382813 -7639.1923828125 1 3 4 7 8 10 11 12 16 18 19 21 22 24 25 29 36 17_107.cif 
.6606445313 -7639.1884765625 3 6 8 12 13 14 15 17 18 19 21 22 23 27 30 43 44 17_108.cif 
.6611328126 -7639.1879882812 1 2 3 4 7 8 11 15 20 22 23 24 25 27 28 30 41 17_109.cif 
.6616210938 -7639.1875000000 1 2 5 6 7 9 10 11 12 13 15 21 24 28 35 46 47 17_110.cif 
.6621093750 -7639.1870117188 1 3 6 7 8 10 11 14 15 16 20 21 23 27 29 35 46 17_111.cif 
.6650390626 -7639.1840820312 1 2 3 5 7 8 9 14 15 18 20 22 28 29 35 38 41 17_112.cif 
.6674804688 -7639.1816406250 2 4 5 7 8 12 13 15 17 18 19 20 21 25 26 30 33 17_113.cif 
.6694335938 -7639.1796875000 1 6 7 8 10 11 13 15 17 21 22 24 25 30 31 32 35 17_114.cif 
.6708984376 -7639.1782226562 1 2 5 6 7 15 17 19 20 21 22 23 29 30 35 36 44 17_115.cif 
.6738281250 -7639.1752929688 1 3 5 8 9 10 14 16 18 19 21 23 24 28 34 35 49 17_116.cif 
.6796875000 -7639.1694335938 7 9 10 11 13 14 15 18 20 21 24 25 30 33 39 40 46 17_117.cif 
.6816406250 -7639.1674804688 1 4 7 8 9 11 12 14 15 18 20 21 22 26 28 29 42 17_118.cif 
.6845703126 -7639.1645507812 2 3 4 6 9 13 15 16 18 19 20 21 22 34 37 41 42 17_119.cif 
.6850585938 -7639.1640625000 1 2 7 9 10 12 13 15 17 20 21 24 25 26 28 34 44 17_120.cif 
.6860351563 -7639.1630859375 4 5 6 10 11 13 14 16 18 19 20 21 26 34 39 41 46 17_121.cif 
.6884765626 -7639.1606445312 1 2 3 5 9 10 11 12 13 15 17 23 24 26 28 30 34 17_122.cif 
.6899414063 -7639.1591796875 4 6 12 13 14 15 17 19 20 21 22 23 24 25 31 43 52 17_123.cif 
.6904296876 -7639.1586914062 4 5 7 9 10 11 12 13 14 16 18 19 26 33 34 42 44 17_124.cif 
.6928710938 -7639.1562500000 1 2 4 6 8 12 15 16 17 18 19 21 22 23 24 28 53 17_125.cif 
.6943359376 -7639.1547851562 2 3 4 6 7 9 12 13 19 20 22 23 25 30 31 46 48 17_126.cif 
.7011718750 -7639.1479492188 1 2 3 4 5 6 7 10 15 16 17 19 23 29 30 42 44 17_127.cif 
.7026367188 -7639.1464843750 2 3 4 6 7 11 12 15 18 20 21 22 29 31 37 38 41 17_128.cif 
.7031250000 -7639.1459960938 1 3 4 5 7 9 10 11 12 14 16 17 23 27 32 37 41 17_129.cif 
.7055664063 -7639.1435546875 2 4 5 8 9 10 11 12 15 18 19 20 21 24 29 36 50 17_130.cif 
.7060546876 -7639.1430664062 2 3 4 5 8 9 11 13 16 18 20 26 32 36 39 41 45 17_131.cif 
.7070312500 -7639.1420898438 3 4 5 9 10 11 14 16 18 20 23 24 25 28 33 36 43 17_132.cif 
.7075195313 -7639.1416015625 5 6 9 10 12 15 16 18 19 20 21 23 24 25 33 44 48 17_133.cif 
.7109375000 -7639.1381835938 2 3 5 8 9 12 15 16 18 19 21 22 23 24 29 37 40 17_134.cif 
.7128906250 -7639.1362304688 1 2 3 4 5 8 11 15 18 19 22 24 26 28 33 36 44 17_135.cif 
.7138671876 -7639.1352539062 3 4 6 8 10 12 13 14 16 17 18 20 22 26 28 35 43 17_136.cif 
.7163085938 -7639.1328125000 1 3 5 7 9 11 12 14 15 16 18 19 24 25 33 37 48 17_137.cif 
.7177734376 -7639.1313476562 1 4 5 7 8 10 11 14 19 20 21 24 27 28 32 35 47 17_138.cif 
.7197265626 -7639.1293945312 1 2 5 7 8 9 12 14 15 17 19 20 21 30 33 37 40 17_139.cif 
.7207031250 -7639.1284179688 2 3 5 6 7 10 12 13 16 18 21 23 24 27 29 31 44 17_140.cif 
.7246093750 -7639.1245117188 2 3 5 7 9 13 14 15 18 20 21 22 23 35 38 40 43 17_141.cif 
.7265625000 -7639.1225585938 3 7 10 11 12 13 14 15 16 18 20 21 24 25 34 38 43 17_142.cif 
.7285156250 -7639.1206054688 1 2 3 5 7 8 9 14 15 18 20 22 28 29 30 38 41 17_143.cif 
.7304687500 -7639.1186523438 1 4 7 9 13 14 15 16 17 18 21 22 23 33 36 40 42 17_144.cif 
.7314453126 -7639.1176757812 1 2 4 7 9 13 15 16 17 18 19 20 22 30 33 36 44 17_145.cif 
.7348632813 -7639.1142578125 1 3 5 6 8 9 12 13 14 16 17 19 23 24 37 41 47 17_146.cif 
.7368164063 -7639.1123046875 7 8 9 13 14 15 16 17 18 20 21 22 25 28 29 42 46 17_147.cif 
.7373046876 -7639.1118164062 1 2 3 7 8 9 10 12 16 20 22 23 24 40 43 44 45 17_148.cif 
.7377929688 -7639.1113281250 1 3 5 6 10 11 13 14 16 18 20 21 23 24 26 32 46 17_149.cif 
.7382812500 -7639.1108398438 3 7 9 12 13 15 16 18 20 22 23 24 29 34 38 40 41 17_150.cif 
.7387695313 -7639.1103515625 1 4 6 10 11 12 14 17 18 19 20 22 23 24 27 29 42 17_151.cif 
.7392578126 -7639.1098632812 4 5 7 8 9 10 11 12 14 19 22 29 32 33 40 42 44 17_152.cif 
.7397460938 -7639.1093750000 2 3 5 6 15 17 19 20 21 22 23 24 26 28 42 43 47 17_153.cif 
.7402343750 -7639.1088867188 1 2 4 5 7 8 10 12 15 16 17 18 26 29 30 37 46 17_154.cif 
.7412109376 -7639.1079101562 1 2 3 4 6 8 9 14 15 16 17 20 22 24 25 30 50 17_155.cif 
.7441406250 -7639.1049804688 1 2 3 7 9 14 17 18 19 21 22 23 29 30 34 35 40 17_156.cif 
.7465820313 -7639.1025390625 1 3 4 7 8 12 14 16 18 19 20 21 24 25 27 33 37 17_157.cif 
.7485351563 -7639.1005859375 1 5 9 10 14 17 18 19 20 21 22 23 24 35 43 44 46 17_158.cif 
.7495117188 -7639.0996093750 1 2 4 5 6 9 11 12 13 16 18 20 29 33 36 37 44 17_159.cif 
.7504882813 -7639.0986328125 1 4 5 7 8 9 10 14 17 18 19 23 25 26 30 40 45 17_160.cif 
.7519531250 -7639.0971679688 1 2 3 5 6 8 9 14 19 22 24 29 32 35 36 41 42 17_161.cif 
.7529296876 -7639.0961914062 1 3 6 7 8 16 19 20 21 22 23 24 26 28 30 33 35 17_162.cif 
.7548828126 -7639.0942382812 1 2 3 8 13 14 16 17 18 19 20 22 23 26 29 37 47 17_163.cif 
.7568359376 -7639.0922851562 1 2 3 4 5 6 7 8 11 13 22 23 24 32 33 39 46 17_164.cif 
.7587890626 -7639.0903320312 6 9 10 11 12 13 14 16 18 19 20 21 24 25 34 39 58 17_165.cif 
.7592773438 -7639.0898437500 1 5 7 8 10 11 12 13 14 19 21 23 24 25 27 32 41 17_166.cif 
.7597656250 -7639.0893554688 1 2 3 7 8 10 11 12 16 17 18 22 32 35 36 39 44 17_167.cif 
.7602539063 -7639.0888671875 1 3 4 5 7 10 11 12 14 18 19 23 28 33 35 37 42 17_168.cif 
.7617187500 -7639.0874023438 2 6 12 14 15 17 19 20 21 22 23 24 25 30 31 39 43 17_169.cif 
.7656250000 -7639.0834960938 2 3 4 5 13 14 16 17 19 20 22 23 24 35 36 37 39 17_170.cif 
.7661132813 -7639.0830078125 7 8 10 11 14 15 16 19 21 22 24 25 27 30 32 35 44 17_171.cif 
.7685546876 -7639.0805664062 6 12 13 14 15 17 18 19 20 21 22 23 34 35 38 40 42 17_172.cif 
.7744140626 -7639.0747070312 3 5 6 8 9 11 15 18 19 21 22 23 24 29 30 35 43 17_173.cif 
.7753906250 -7639.0737304688 1 2 3 4 6 7 8 9 11 18 20 21 22 28 37 39 60 17_174.cif 
.7763671876 -7639.0727539062 2 3 6 7 8 9 17 18 19 22 23 24 34 35 41 42 44 17_175.cif 
.7773437500 -7639.0717773438 1 2 3 4 5 6 8 11 12 18 19 20 21 23 31 34 40 17_176.cif 
.7783203126 -7639.0708007812 1 2 3 4 7 8 9 12 13 17 18 23 24 29 38 43 48 17_177.cif 
.7797851563 -7639.0693359375 1 2 3 5 6 7 9 10 12 14 15 22 24 31 35 39 42 17_178.cif 
.7812500000 -7639.0678710938 1 2 3 4 5 7 11 12 13 14 19 20 23 25 32 36 45 17_179.cif 
.7832031250 -7639.0659179688 1 2 3 4 5 6 7 8 9 12 15 23 24 33 35 43 44 17_180.cif 
.7856445313 -7639.0634765625 2 5 6 7 9 10 13 15 16 17 18 20 23 35 36 42 44 17_181.cif 
.7905273438 -7639.0585937500 1 2 3 4 6 7 9 13 18 20 21 23 24 27 34 40 47 17_182.cif 
.7919921876 -7639.0571289062 1 5 6 7 13 15 17 19 21 22 23 24 27 30 31 32 40 17_183.cif 
.7924804688 -7639.0566406250 1 2 3 6 7 8 14 16 18 19 21 22 23 25 26 31 39 17_184.cif 
.7954101563 -7639.0537109375 1 2 3 4 5 6 10 11 20 22 23 24 25 27 32 33 56 17_185.cif 
.7968750000 -7639.0522460938 3 4 5 7 9 10 11 12 14 16 19 24 36 39 42 44 45 17_186.cif 
.8032226563 -7639.0458984375 1 2 4 7 9 10 11 13 15 17 21 22 28 30 32 35 38 17_187.cif 
.8046875000 -7639.0444335938 1 4 5 7 9 10 11 12 14 17 19 20 23 24 34 42 60 17_188.cif 
.8071289063 -7639.0419921875 1 2 3 4 5 6 7 13 18 20 22 23 24 29 33 43 55 17_189.cif 
.8076171876 -7639.0415039062 1 2 6 7 9 12 15 18 19 20 21 22 24 25 29 30 37 17_190.cif 
.8090820313 -7639.0400390625 2 4 6 7 8 9 12 13 14 17 19 22 25 28 39 44 45 17_191.cif 
.8110351563 -7639.0380859375 1 2 4 9 10 11 12 14 15 17 18 22 37 38 40 45 47 17_192.cif 
.8139648438 -7639.0351562500 1 2 3 7 8 9 12 13 15 16 19 22 23 33 36 37 43 17_193.cif 
.8178710938 -7639.0312500000 1 2 3 6 7 8 10 11 12 17 20 22 24 29 43 46 47 17_194.cif 
.8183593750 -7639.0307617188 1 2 3 6 8 9 11 13 16 20 24 29 32 34 35 38 41 17_195.cif 
.8193359376 -7639.0297851562 1 3 4 5 6 9 11 12 18 19 20 22 23 33 36 40 50 17_196.cif 
.8227539063 -7639.0263671875 1 2 4 5 6 7 8 9 13 17 19 20 22 27 41 42 48 17_197.cif 
.8232421876 -7639.0258789062 1 2 3 5 8 12 14 15 17 19 23 24 26 27 34 41 42 17_198.cif 
.8237304688 -7639.0253906250 1 2 8 10 11 14 15 16 18 21 22 23 35 38 42 45 46 17_199.cif 
.8247070313 -7639.0244140625 2 3 4 5 8 9 11 16 18 20 21 26 32 36 41 45 46 17_200.cif 
.8266601563 -7639.0224609375 2 4 5 7 9 10 14 16 18 20 21 22 23 31 35 44 46 17_201.cif 
.8276367188 -7639.0214843750 3 4 6 13 14 15 17 19 20 21 22 25 27 31 32 42 45 17_202.cif 
.8295898438 -7639.0195312500 1 2 3 5 6 7 9 10 13 21 22 23 30 32 33 36 40 17_203.cif 
.8315429688 -7639.0175781250 3 4 7 10 11 12 14 15 16 18 20 22 24 25 29 32 36 17_204.cif 
.8320312500 -7639.0170898438 1 2 3 4 6 7 8 10 11 12 17 20 21 32 36 39 44 17_205.cif 
.8325195313 -7639.0166015625 7 11 13 14 15 16 17 18 20 22 23 27 33 34 36 40 41 17_206.cif 
.8334960938 -7639.0156250000 1 2 3 4 5 6 7 13 15 17 19 21 23 29 33 42 44 17_207.cif 
.8339843750 -7639.0151367188 1 3 5 6 9 10 12 13 16 20 22 24 33 34 39 40 43 17_208.cif 
.8344726563 -7639.0146484375 1 4 5 6 10 13 14 16 18 19 21 22 23 29 43 46 48 17_209.cif 
.8354492188 -7639.0136718750 1 2 4 10 12 15 16 17 19 20 21 23 24 25 42 45 46 17_210.cif 
.8369140626 -7639.0122070312 1 3 5 6 8 10 15 16 20 22 23 24 26 29 31 36 40 17_211.cif 
.8383789063 -7639.0107421875 1 2 3 4 11 13 14 15 17 18 21 25 26 27 28 36 46 17_212.cif 
.8427734376 -7639.0063476562 2 3 4 5 6 7 10 12 13 19 20 23 24 32 34 41 59 17_213.cif 
.8452148438 -7639.0039062500 1 4 6 7 10 11 13 15 16 17 22 23 28 29 37 42 43 17_214.cif 
.8457031250 -7639.0034179688 1 2 7 8 9 10 11 12 15 16 20 23 25 27 37 43 48 17_215.cif 
.8461914063 -7639.0029296875 1 2 4 5 10 11 15 19 20 21 22 23 26 30 45 47 48 17_216.cif 
.8471679688 -7639.0019531250 1 3 4 7 8 9 10 11 12 23 24 25 31 36 37 39 45 17_217.cif 
.8481445313 -7639.0009765625 1 2 5 7 8 10 15 17 22 23 24 31 33 36 40 42 44 17_218.cif 
.8486328126 -7639.0004882812 1 3 4 5 6 7 9 11 15 16 18 20 21 23 28 46 54 17_219.cif 
.8491210938 -7639.0000000000 1 2 7 8 9 11 12 13 18 21 22 23 26 33 34 39 47 17_220.cif 
.8496093750 -7638.9995117188 1 3 4 5 6 8 12 13 16 18 19 20 21 34 35 36 43 17_221.cif 
.8500976563 -7638.9990234375 1 5 6 8 9 14 16 17 19 22 23 26 29 30 31 44 47 17_222.cif 
.8505859376 -7638.9985351562 2 5 6 8 9 10 12 14 16 19 22 29 36 39 41 42 44 17_223.cif 
.8515625000 -7638.9975585938 1 3 4 5 6 8 9 10 11 13 14 16 26 30 33 36 47 17_224.cif 
.8530273438 -7638.9960937500 2 7 8 9 11 12 13 15 19 21 22 24 29 31 32 42 46 17_225.cif 
.8535156250 -7638.9956054688 1 2 3 5 6 10 12 14 16 17 19 23 27 37 38 39 48 17_226.cif 
.8544921876 -7638.9946289062 2 4 7 8 9 11 12 15 18 19 20 21 26 33 38 39 46 17_227.cif 
.8549804688 -7638.9941406250 1 2 3 4 7 8 9 11 12 15 18 22 26 29 38 47 56 17_228.cif 
.8564453126 -7638.9926757812 1 2 3 4 5 9 10 11 14 18 19 23 24 29 31 43 44 17_229.cif 
.8569335938 -7638.9921875000 2 5 7 9 12 15 16 17 18 19 21 23 24 29 30 38 48 17_230.cif 
.8583984376 -7638.9907226562 1 6 7 8 9 10 12 13 17 18 19 23 25 26 27 31 37 17_231.cif 
.8588867188 -7638.9902343750 1 2 7 10 11 14 15 16 18 21 22 23 35 38 42 45 46 17_232.cif 
.8598632813 -7638.9892578125 1 3 7 10 11 16 18 19 20 21 22 23 25 26 35 42 46 17_233.cif 
.8608398438 -7638.9882812500 1 2 3 6 9 10 12 13 15 16 17 20 22 40 41 42 46 17_234.cif 
.8627929688 -7638.9863281250 4 6 7 8 11 12 16 17 19 21 22 30 33 34 35 44 47 17_235.cif 
.8642578126 -7638.9848632812 2 4 5 7 9 11 14 17 18 22 23 24 33 36 37 40 42 17_236.cif 
.8647460938 -7638.9843750000 1 4 5 6 7 9 11 12 13 16 19 21 23 33 35 36 44 17_237.cif 
.8652343750 -7638.9838867188 1 2 4 6 7 13 14 15 16 17 18 21 22 38 39 43 44 17_238.cif 
.8666992188 -7638.9824218750 1 4 5 6 8 9 10 12 14 16 18 21 24 30 34 36 40 17_239.cif 
.8671875000 -7638.9819335938 4 5 6 8 11 13 15 16 19 20 21 22 24 29 38 41 45 17_240.cif 
.8691406250 -7638.9799804688 1 2 3 5 7 8 11 15 18 20 22 23 24 31 35 38 51 17_241.cif 
.8701171876 -7638.9790039062 1 4 6 10 11 12 14 15 17 19 21 22 24 28 30 47 56 17_242.cif 
.8706054688 -7638.9785156250 1 2 3 5 7 9 13 14 16 18 19 23 25 30 32 45 46 17_243.cif 
.8720703126 -7638.9770507812 1 2 3 4 6 8 9 13 14 17 20 21 34 36 39 40 44 17_244.cif 
.8725585938 -7638.9765625000 4 5 7 8 9 10 11 12 19 21 23 24 30 31 32 46 48 17_245.cif 
.8730468750 -7638.9760742188 1 3 4 5 7 11 16 17 19 20 21 22 28 36 39 44 47 17_246.cif 
.8745117188 -7638.9746093750 1 2 3 5 6 14 17 18 19 21 22 26 27 31 32 35 37 17_247.cif 
.8784179688 -7638.9707031250 3 5 7 9 12 13 14 15 16 17 22 23 28 32 37 42 43 17_248.cif 
.8793945313 -7638.9697265625 7 9 10 11 12 13 14 16 19 21 22 23 29 33 34 44 48 17_249.cif 
.8818359376 -7638.9672851562 2 3 5 6 8 9 10 12 14 16 19 23 24 27 30 45 49 17_250.cif 
.8823242188 -7638.9667968750 3 4 6 7 8 9 11 12 14 20 22 24 29 32 33 40 41 17_251.cif 
.8842773438 -7638.9648437500 1 2 3 5 7 9 11 12 13 15 17 20 24 27 33 37 52 17_252.cif 
.8881835938 -7638.9609375000 2 3 5 6 7 9 11 14 15 18 21 24 25 30 32 39 46 17_253.cif 
.8891601563 -7638.9599609375 1 2 5 7 9 12 14 15 16 18 22 23 28 29 34 42 43 17_254.cif 
.8901367188 -7638.9589843750 4 5 14 15 16 19 20 21 22 23 24 25 27 29 30 44 48 17_255.cif 
.8916015626 -7638.9575195312 1 5 7 9 10 13 15 17 18 21 22 24 28 29 32 34 40 17_256.cif 
.8945312500 -7638.9545898438 1 3 4 5 6 7 8 13 15 16 17 18 22 28 33 43 48 17_257.cif 
.8969726563 -7638.9521484375 1 5 8 9 10 12 14 16 18 21 24 25 26 27 29 31 47 17_258.cif 
.8974609376 -7638.9516601562 4 5 6 7 10 12 16 17 19 20 22 23 32 33 38 40 43 17_259.cif 
.9008789063 -7638.9482421875 1 4 7 8 10 12 13 14 15 16 20 23 36 37 41 45 46 17_260.cif 
.9033203126 -7638.9458007812 3 4 5 7 8 9 14 16 19 20 21 23 28 30 31 32 38 17_261.cif 
.9047851563 -7638.9443359375 2 3 4 6 7 8 12 13 14 19 21 22 28 39 42 47 48 17_262.cif 
.9106445313 -7638.9384765625 3 4 5 6 9 10 11 12 14 17 19 21 29 32 34 37 44 17_263.cif 
.9125976563 -7638.9365234375 3 5 6 8 11 14 15 16 18 20 23 24 27 36 41 42 45 17_264.cif 
.9145507813 -7638.9345703125 1 2 4 6 8 10 11 12 14 21 22 24 26 28 30 31 39 17_265.cif 
.9165039063 -7638.9326171875 4 9 11 14 16 17 18 19 21 22 24 30 32 34 35 37 44 17_266.cif 
.9179687500 -7638.9311523438 1 4 5 7 9 11 12 14 15 17 19 23 24 30 34 38 41 17_267.cif 
.9189453126 -7638.9301757812 1 3 5 9 10 14 15 16 17 24 27 28 30 31 32 37 46 17_268.cif 
.9213867188 -7638.9277343750 1 7 8 11 13 14 15 16 17 20 22 24 29 30 32 39 44 17_269.cif 
.9223632813 -7638.9267578125 1 6 7 9 12 14 16 17 20 21 22 25 27 28 31 35 45 17_270.cif 
.9238281250 -7638.9252929688 1 2 4 7 8 10 15 16 18 19 20 22 30 33 35 36 46 17_271.cif 
.9257812500 -7638.9233398438 1 2 8 13 14 16 17 19 20 21 22 24 27 29 33 47 48 17_272.cif 
.9262695313 -7638.9228515625 1 2 6 8 9 11 12 13 17 19 20 21 22 29 40 41 42 17_273.cif 
.9267578126 -7638.9223632812 1 2 9 10 14 16 17 19 20 21 23 24 26 30 31 34 37 17_274.cif 
.9277343750 -7638.9213867188 1 2 3 4 5 6 10 11 12 20 22 23 29 36 40 47 57 17_275.cif 
.9306640626 -7638.9184570312 2 4 5 7 10 12 13 14 15 20 21 22 23 29 33 42 45 17_276.cif 
.9316406250 -7638.9174804688 3 4 5 7 9 12 15 16 19 20 22 24 31 32 39 41 45 17_277.cif 
.9331054688 -7638.9160156250 1 2 4 5 6 8 14 15 16 17 19 21 25 26 30 33 45 17_278.cif 
.9335937500 -7638.9155273438 1 4 5 7 9 11 12 19 20 21 22 23 33 36 40 43 45 17_279.cif 
.9360351563 -7638.9130859375 3 7 8 9 13 14 16 17 19 20 23 24 28 32 34 37 43 17_280.cif 
.9399414063 -7638.9091796875 1 2 3 4 6 11 17 19 20 22 24 31 33 36 37 39 41 17_281.cif 
.9409179688 -7638.9082031250 1 4 8 9 10 14 15 16 17 21 22 24 28 29 30 47 48 17_282.cif 
.9418945313 -7638.9072265625 1 3 6 13 14 15 17 18 19 21 22 24 37 39 43 44 46 17_283.cif 
.9423828126 -7638.9067382812 1 2 3 5 6 8 10 11 15 16 20 26 27 34 36 40 41 17_284.cif 
.9438476563 -7638.9052734375 1 2 3 4 5 6 9 12 13 14 19 21 29 36 37 38 44 17_285.cif 
.9443359376 -7638.9047851562 6 12 13 15 16 17 18 19 21 22 23 25 28 31 35 36 39 17_286.cif 
.9453125000 -7638.9038085938 1 2 4 6 8 11 12 15 16 17 19 20 21 22 24 40 53 17_287.cif 
.9477539063 -7638.9013671875 1 3 4 5 9 14 15 19 20 22 23 24 30 35 40 41 45 17_288.cif 
.9492187500 -7638.8999023438 2 3 4 5 7 12 14 17 18 19 21 22 24 30 39 47 49 17_289.cif 
.9506835938 -7638.8984375000 2 3 4 8 10 13 14 15 16 17 23 24 32 36 37 42 44 17_290.cif 
.9516601563 -7638.8974609375 2 4 7 9 10 12 13 16 17 19 20 23 24 30 31 37 43 17_291.cif 
.9526367188 -7638.8964843750 1 2 4 5 6 7 16 17 18 19 20 21 30 33 37 38 47 17_292.cif 
.9536132813 -7638.8955078125 3 5 7 12 14 15 16 20 22 23 24 27 28 29 32 43 45 17_293.cif 
.9541015626 -7638.8950195312 1 2 4 6 8 9 11 15 16 17 18 21 22 24 43 46 49 17_294.cif 
.9545898438 -7638.8945312500 1 2 3 4 5 6 14 15 16 17 19 22 23 29 37 42 55 17_295.cif 
.9555664063 -7638.8935546875 1 2 3 4 5 7 8 10 14 16 19 22 24 29 30 41 45 17_296.cif 
.9560546876 -7638.8930664062 1 3 5 6 8 12 14 16 19 22 23 24 30 31 32 36 47 17_297.cif 
.9565429688 -7638.8925781250 2 3 4 5 6 7 9 10 12 13 18 20 31 36 43 45 60 17_298.cif 
.9580078126 -7638.8911132812 2 4 5 8 9 10 11 12 14 15 22 31 32 33 38 39 45 17_299.cif 
.9584960938 -7638.8906250000 5 7 9 10 12 15 17 18 19 20 21 22 25 27 28 31 43 17_300.cif 
.9589843750 -7638.8901367188 2 4 5 6 9 13 16 17 18 21 23 24 28 30 31 34 45 17_301.cif 
.9604492188 -7638.8886718750 1 2 3 4 5 6 8 22 23 24 28 32 33 36 39 42 43 17_302.cif 
.9609375000 -7638.8881835938 5 8 9 10 12 13 14 15 17 19 21 22 24 25 31 35 36 17_303.cif 
.9628906250 -7638.8862304688 1 2 3 4 5 6 11 15 16 17 23 24 26 32 40 44 45 17_304.cif 
.9648437500 -7638.8842773438 1 2 4 5 8 10 14 16 18 20 21 24 26 35 36 42 43 17_305.cif 
.9653320313 -7638.8837890625 1 3 4 6 7 9 10 11 12 13 16 20 22 23 44 47 60 17_306.cif 
.9682617188 -7638.8808593750 1 2 3 6 8 10 13 14 16 19 20 22 32 35 39 45 48 17_307.cif 
.9692382813 -7638.8798828125 2 7 8 9 11 14 15 17 18 20 21 29 30 37 44 47 48 17_308.cif 
.9716796876 -7638.8774414062 3 4 6 9 14 17 19 20 21 22 23 24 27 32 37 41 42 17_309.cif 
.9741210938 -7638.8750000000 1 2 5 8 10 11 12 15 17 19 23 24 37 39 41 44 46 17_310.cif 
.9746093750 -7638.8745117188 1 2 5 6 11 15 16 18 20 21 23 26 34 41 43 44 45 17_311.cif 
.9750976563 -7638.8740234375 2 4 6 9 10 11 12 14 18 19 20 21 29 30 38 46 47 17_312.cif 
.9770507813 -7638.8720703125 2 4 6 7 12 13 16 17 18 21 23 25 26 28 43 45 47 17_313.cif 
.9785156250 -7638.8706054688 1 2 3 4 11 12 14 17 18 20 22 23 29 34 36 39 44 17_314.cif 
.9804687500 -7638.8686523438 2 3 4 5 7 8 11 14 18 19 22 24 27 29 34 43 44 17_315.cif 
.9829101563 -7638.8662109375 1 2 4 5 6 7 12 19 20 21 22 23 26 34 36 41 49 17_316.cif 
.9848632813 -7638.8642578125 2 4 10 13 14 16 17 18 19 20 21 22 33 34 37 47 48 17_317.cif 
.9873046876 -7638.8618164062 2 3 4 6 8 12 17 18 20 21 22 23 26 33 36 39 48 17_318.cif 
.9882812500 -7638.8608398438 1 2 5 6 7 9 10 12 14 17 18 22 23 34 41 46 47 17_319.cif 
.9907226563 -7638.8583984375 2 4 6 10 14 16 17 18 19 20 21 22 27 33 37 38 42 17_320.cif 
.9916992188 -7638.8574218750 1 2 3 4 5 6 7 10 11 15 17 23 29 32 40 44 45 17_321.cif 
.9936523438 -7638.8554687500 1 2 7 12 13 14 15 17 18 20 21 23 26 29 31 37 48 17_322.cif 
.9951171876 -7638.8540039062 1 3 4 5 7 9 10 11 12 13 15 25 27 29 31 32 43 17_323.cif 
.9960937500 -7638.8530273438 1 2 7 9 10 12 13 16 19 22 23 24 28 29 35 37 45 17_324.cif 
.9970703126 -7638.8520507812 1 2 4 5 7 9 11 14 16 19 20 22 23 28 29 36 42 17_325.cif 
.9990234376 -7638.8500976562 1 2 7 8 9 10 14 15 18 19 20 23 32 33 34 35 45 17_326.cif 
1.0004882813 -7638.8486328125 2 4 6 9 10 11 12 13 16 20 21 26 27 33 37 41 46 17_327.cif 
1.0024414063 -7638.8466796875 3 7 8 9 10 12 13 14 16 18 19 27 31 43 44 47 48 17_328.cif 
1.0043945313 -7638.8447265625 1 2 5 7 11 12 14 16 17 20 22 23 25 27 29 37 40 17_329.cif 
1.0058593750 -7638.8432617188 2 6 10 11 12 13 15 17 21 22 24 25 27 30 34 38 48 17_330.cif 
1.0063476563 -7638.8427734375 1 2 3 5 8 9 11 12 13 14 15 22 23 41 42 47 48 17_331.cif 
1.0073242188 -7638.8417968750 1 3 4 5 8 12 13 17 18 19 20 22 23 24 25 39 48 17_332.cif 
1.0078125000 -7638.8413085938 2 3 4 5 7 9 13 17 20 21 22 23 25 27 30 32 38 17_333.cif 
1.0087890626 -7638.8403320312 1 3 5 8 11 13 15 16 17 20 21 23 24 31 33 36 47 17_334.cif 
1.0092773438 -7638.8398437500 1 2 5 8 9 12 13 17 18 19 23 24 27 28 29 32 33 17_335.cif 
1.0097656250 -7638.8393554688 1 4 5 9 10 12 14 16 17 19 21 26 33 34 36 42 44 17_336.cif 
1.0102539063 -7638.8388671875 1 2 3 4 8 14 15 16 19 20 21 22 29 34 44 46 48 17_337.cif 
1.0112304688 -7638.8378906250 1 2 4 6 7 8 11 17 19 21 22 23 26 29 38 40 47 17_338.cif 
1.0224609376 -7638.8266601562 1 2 3 5 6 8 9 11 14 23 24 27 34 36 42 43 45 17_339.cif 
1.0229492188 -7638.8261718750 1 2 4 5 6 7 8 9 20 21 23 26 29 30 43 46 48 17_340.cif 
1.0249023438 -7638.8242187500 1 3 4 6 8 11 14 15 20 22 23 24 32 33 34 35 39 17_341.cif 
1.0263671876 -7638.8227539062 2 3 6 8 9 15 17 18 20 21 22 28 30 36 38 46 47 17_342.cif 
1.0288085938 -7638.8203125000 2 4 7 9 10 12 14 15 16 20 21 24 28 34 38 42 46 17_343.cif 
1.0351562500 -7638.8139648438 6 8 9 10 11 17 18 19 20 21 24 25 31 34 35 37 39 17_344.cif 
1.0361328126 -7638.8129882812 1 4 5 8 10 12 16 18 19 21 23 24 29 31 33 35 46 17_345.cif 
1.0371093750 -7638.8120117188 1 5 6 11 13 15 16 17 18 19 21 22 23 24 38 48 53 17_346.cif 
1.0385742188 -7638.8105468750 2 3 5 6 8 15 16 17 18 20 21 24 26 36 37 39 42 17_347.cif 
1.0395507813 -7638.8095703125 1 2 7 8 15 16 18 19 20 23 29 34 36 39 41 45 46 17_348.cif 
1.0400390626 -7638.8090820312 5 6 8 10 11 13 15 16 17 18 20 23 29 35 36 40 45 17_349.cif 
1.0405273438 -7638.8085937500 2 3 4 5 6 7 9 15 18 21 22 24 25 29 31 39 40 17_350.cif 
1.0410156250 -7638.8081054688 1 2 4 5 6 9 10 11 12 13 15 19 24 25 37 38 53 17_351.cif 
1.0415039063 -7638.8076171875 1 2 3 4 11 14 15 18 20 21 22 25 26 29 37 38 44 17_352.cif 
1.0429687500 -7638.8061523438 2 4 7 9 11 12 13 15 16 17 21 22 28 33 36 42 49 17_353.cif 
1.0439453126 -7638.8051757812 1 2 4 7 9 10 13 14 15 18 19 21 25 26 36 39 46 17_354.cif 
1.0463867188 -7638.8027343750 2 3 4 7 8 9 11 12 18 24 25 30 31 33 40 45 46 17_355.cif 
1.0468750000 -7638.8022460938 1 2 4 5 7 8 9 10 11 15 18 26 32 39 42 43 46 17_356.cif 
1.0473632813 -7638.8017578125 2 3 4 5 7 11 13 14 15 17 18 21 26 32 38 45 46 17_357.cif 
1.0478515626 -7638.8012695312 4 5 6 10 11 12 13 15 20 24 26 31 33 34 41 42 45 17_358.cif 
1.0488281250 -7638.8002929688 2 3 5 6 7 9 11 12 17 18 20 22 26 36 42 43 46 17_359.cif 
1.0493164063 -7638.7998046875 1 3 4 7 11 12 17 18 20 22 25 26 29 36 37 43 47 17_360.cif 
1.0498046876 -7638.7993164062 6 8 11 12 14 15 19 21 22 23 26 31 32 33 37 41 42 17_361.cif 
1.0502929688 -7638.7988281250 3 5 7 9 10 14 16 18 19 21 23 24 30 32 37 43 60 17_362.cif 
1.0507812500 -7638.7983398438 3 4 5 7 8 10 12 16 18 19 22 23 25 27 28 31 38 17_363.cif 
1.0527343750 -7638.7963867188 7 8 9 10 11 16 18 19 22 23 24 30 33 38 39 46 48 17_364.cif 
1.0561523438 -7638.7929687500 4 6 7 9 11 12 16 17 20 21 22 23 24 34 36 40 48 17_365.cif 
1.0576171876 -7638.7915039062 1 2 3 4 5 7 8 11 12 13 14 22 26 27 29 34 40 17_366.cif 
1.0585937500 -7638.7905273438 1 3 4 5 7 9 13 15 18 19 20 21 23 26 32 33 41 17_367.cif 
1.0600585938 -7638.7890625000 2 3 4 5 6 8 10 11 12 13 19 21 26 37 38 40 44 17_368.cif 
1.0605468750 -7638.7885742188 1 2 7 9 10 12 16 17 19 20 22 23 30 32 39 41 48 17_369.cif 
1.0629882813 -7638.7861328125 3 5 6 7 9 10 13 14 16 18 19 25 32 40 42 46 47 17_370.cif 
1.0639648438 -7638.7851562500 4 6 7 8 9 10 12 14 16 20 23 30 37 40 41 45 46 17_371.cif 
1.0654296876 -7638.7836914062 4 5 6 7 9 10 11 12 14 15 16 22 28 31 34 40 42 17_372.cif 
1.0664062500 -7638.7827148438 3 5 6 8 10 11 12 13 14 15 16 20 23 42 43 44 54 17_373.cif 
1.0673828126 -7638.7817382812 1 5 6 7 8 9 11 12 15 17 25 28 29 30 33 36 41 17_374.cif 
1.0688476563 -7638.7802734375 1 2 4 5 7 10 12 13 14 15 18 20 29 31 33 41 44 17_375.cif 
1.0698242188 -7638.7792968750 1 2 3 5 10 11 17 18 19 21 23 24 35 36 40 42 44 17_376.cif 
1.0717773438 -7638.7773437500 6 7 8 10 11 12 13 16 19 20 21 22 27 32 42 43 48 17_377.cif 
1.0742187500 -7638.7749023438 7 8 11 14 15 16 17 18 20 22 26 28 30 32 35 41 43 17_378.cif 
1.0766601563 -7638.7724609375 1 2 3 9 12 16 19 22 23 24 29 32 34 35 36 41 42 17_379.cif 
1.0781250000 -7638.7709960938 1 3 6 9 14 16 18 19 22 23 25 28 32 33 34 35 44 17_380.cif 
1.0786132813 -7638.7705078125 7 10 12 13 14 15 18 19 20 21 22 24 30 35 38 39 40 17_381.cif 
1.0791015626 -7638.7700195312 1 2 3 4 5 6 11 14 15 18 19 21 28 36 37 38 41 17_382.cif 
1.0800781250 -7638.7690429688 4 5 7 9 11 12 13 14 16 18 21 28 29 30 34 40 42 17_383.cif 
1.0805664063 -7638.7685546875 1 7 9 10 11 12 13 14 15 18 19 21 31 32 42 45 46 17_384.cif 
1.0820312500 -7638.7670898438 3 6 7 11 12 13 15 19 20 21 22 25 34 37 39 41 44 17_385.cif 
1.0834960938 -7638.7656250000 3 4 9 10 11 12 13 19 20 22 23 24 32 40 42 46 48 17_386.cif 
1.0859375000 -7638.7631835938 1 3 4 5 6 9 10 16 19 20 23 25 32 36 40 42 50 17_387.cif 
1.0864257813 -7638.7626953125 1 2 4 10 12 14 15 16 18 19 20 22 33 34 36 43 47 17_388.cif 
1.0888671876 -7638.7602539062 1 2 3 5 7 12 16 17 18 19 20 23 25 34 35 42 46 17_389.cif 
1.0898437500 -7638.7592773438 1 2 8 10 13 15 16 18 19 21 22 23 32 36 41 42 43 17_390.cif 
1.0917968750 -7638.7573242188 4 10 14 15 16 17 18 19 20 22 23 26 28 36 37 40 42 17_391.cif 
1.0932617188 -7638.7558593750 5 6 7 9 10 11 15 16 18 19 22 30 33 34 38 39 44 17_392.cif 
1.1010742188 -7638.7480468750 3 8 9 10 14 15 18 22 23 24 28 29 31 32 36 37 45 17_393.cif 
1.1015625000 -7638.7475585938 1 2 3 5 6 8 10 12 19 20 23 24 29 40 41 42 45 17_394.cif 
1.1020507813 -7638.7470703125 1 2 3 6 7 8 9 17 18 22 23 29 35 39 42 46 48 17_395.cif 
1.1030273438 -7638.7460937500 3 5 6 10 11 13 15 17 18 20 22 23 26 30 32 37 40 17_396.cif 
1.1044921876 -7638.7446289062 1 5 8 9 10 11 12 14 15 16 17 21 34 35 41 43 54 17_397.cif 
1.1049804688 -7638.7441406250 1 2 3 4 5 6 9 12 14 19 21 22 26 27 35 42 60 17_398.cif 
1.1074218750 -7638.7416992188 1 2 3 4 7 12 13 17 18 21 25 26 27 29 30 34 40 17_399.cif 
1.1079101563 -7638.7412109375 1 3 7 9 10 11 13 14 16 17 18 19 21 27 28 34 57 17_400.cif 
1.1083984376 -7638.7407226562 1 3 5 7 9 10 16 17 18 20 23 24 28 29 33 43 48 17_401.cif 
1.1137695313 -7638.7353515625 1 3 4 5 8 10 12 14 16 19 20 22 23 31 39 47 60 17_402.cif 
1.1157226563 -7638.7333984375 1 2 3 7 9 11 12 15 16 20 24 27 28 29 36 45 46 17_403.cif 
1.1162109376 -7638.7329101562 2 3 4 8 9 11 14 15 17 19 21 22 24 28 32 46 60 17_404.cif 
1.1181640626 -7638.7309570312 2 7 8 9 10 11 12 14 16 18 21 26 28 33 39 42 45 17_405.cif 
1.1206054688 -7638.7285156250 2 4 5 14 16 19 20 21 22 23 26 32 33 34 36 38 42 17_406.cif 
1.1210937500 -7638.7280273438 3 4 7 9 10 11 12 14 15 17 18 22 25 31 39 40 58 17_407.cif 
1.1225585938 -7638.7265625000 1 3 5 6 9 11 13 19 23 24 27 30 32 35 38 41 46 17_408.cif 
1.1240234376 -7638.7250976562 2 3 4 5 8 9 13 14 19 20 22 23 24 30 32 39 54 17_409.cif 
1.1264648438 -7638.7226562500 2 3 5 6 12 13 14 15 19 20 21 24 25 26 34 41 44 17_410.cif 
1.1274414063 -7638.7216796875 1 3 4 5 6 11 12 15 19 20 21 26 28 31 33 36 45 17_411.cif 
1.1279296876 -7638.7211914062 1 2 3 6 9 14 16 18 22 23 24 31 33 34 36 41 47 17_412.cif 
1.1284179688 -7638.7207031250 2 5 7 8 9 10 12 14 15 16 17 18 32 35 42 46 51 17_413.cif 
1.1289062500 -7638.7202148438 1 2 5 7 9 12 15 17 18 19 20 22 23 30 31 32 41 17_414.cif 
1.1293945313 -7638.7197265625 1 2 5 6 7 11 14 15 18 22 23 27 28 29 33 35 47 17_415.cif 
1.1298828126 -7638.7192382812 1 8 9 12 14 15 17 18 19 21 23 26 31 33 37 38 39 17_416.cif 
1.1308593750 -7638.7182617188 1 2 3 4 6 7 8 9 10 12 17 23 24 35 38 46 56 17_417.cif 
1.1313476563 -7638.7177734375 1 3 4 6 13 14 16 17 18 19 20 22 34 38 44 45 48 17_418.cif 
1.1323242188 -7638.7167968750 1 3 4 5 12 14 15 17 19 22 23 24 28 29 35 44 55 17_419.cif 
1.1333007813 -7638.7158203125 3 4 5 7 9 10 12 14 16 17 19 21 25 29 31 40 42 17_420.cif 
1.1352539063 -7638.7138671875 3 5 6 9 10 11 12 13 18 22 23 25 29 31 35 36 44 17_421.cif 
1.1362304688 -7638.7128906250 5 7 8 9 10 11 13 16 17 18 20 21 25 31 37 39 41 17_422.cif 
1.1372070313 -7638.7119140625 1 2 7 8 9 14 17 21 22 23 24 28 31 39 43 44 46 17_423.cif 
1.1376953126 -7638.7114257812 1 2 4 5 7 12 13 15 17 21 23 26 28 40 43 45 48 17_424.cif 
1.1386718750 -7638.7104492188 1 7 8 10 12 13 15 16 18 20 21 23 26 29 37 40 59 17_425.cif 
1.1391601563 -7638.7099609375 3 5 6 11 14 17 18 20 21 23 24 28 29 34 35 42 47 17_426.cif 
1.1396484376 -7638.7094726562 2 3 4 5 12 13 14 15 16 19 21 22 23 32 38 42 53 17_427.cif 
1.1430664063 -7638.7060546875 1 2 5 7 8 9 11 16 17 20 22 23 27 28 32 35 37 17_428.cif 
1.1435546876 -7638.7055664062 3 4 7 10 11 12 14 15 16 18 19 25 31 35 36 37 48 17_429.cif 
1.1440429688 -7638.7050781250 1 2 3 6 8 10 13 16 19 20 21 22 24 32 35 41 50 17_430.cif 
1.1459960938 -7638.7031250000 1 3 4 5 10 11 14 15 16 17 20 25 30 32 35 46 47 17_431.cif 
1.1479492188 -7638.7011718750 1 3 4 5 9 11 13 14 15 23 24 29 30 31 32 40 42 17_432.cif 
1.1508789063 -7638.6982421875 2 3 4 6 7 9 10 12 17 22 23 24 28 29 30 40 48 17_433.cif 
1.1533203126 -7638.6958007812 3 4 7 8 12 14 16 17 18 19 22 23 24 33 34 41 60 17_434.cif 
1.1538085938 -7638.6953125000 1 2 4 5 6 10 11 14 16 17 18 20 21 37 44 48 60 17_435.cif 
1.1552734376 -7638.6938476562 1 3 4 6 7 11 13 16 17 21 25 26 27 28 34 40 44 17_436.cif 
1.1557617188 -7638.6933593750 2 5 8 9 10 12 14 18 19 23 29 36 38 39 40 44 47 17_437.cif 
1.1562500000 -7638.6928710938 1 2 3 6 7 10 15 17 19 21 22 30 32 34 37 47 48 17_438.cif 
1.1582031250 -7638.6909179688 1 3 4 5 7 9 12 15 16 17 23 28 29 30 32 34 43 17_439.cif 
1.1586914063 -7638.6904296875 3 7 8 9 10 11 14 17 19 21 23 24 26 28 30 35 40 17_440.cif 
1.1596679688 -7638.6894531250 1 2 4 5 9 13 14 17 18 19 21 26 28 30 33 34 41 17_441.cif 
1.1601562500 -7638.6889648438 1 4 5 7 9 10 14 18 19 20 23 24 31 32 33 42 48 17_442.cif 
1.1611328126 -7638.6879882812 3 6 7 8 10 12 14 15 16 17 23 25 30 34 43 44 60 17_443.cif 
1.1625976563 -7638.6865234375 1 3 4 7 8 10 11 15 16 17 22 25 26 30 40 41 48 17_444.cif 
1.1645507813 -7638.6845703125 1 2 7 8 12 15 16 17 18 22 23 27 36 41 42 45 60 17_445.cif 
1.1655273438 -7638.6835937500 1 3 6 9 11 13 14 17 19 21 24 25 32 36 42 43 47 17_446.cif 
1.1660156250 -7638.6831054688 5 6 7 8 10 11 14 15 16 24 25 27 29 32 39 44 45 17_447.cif 
1.1679687500 -7638.6811523438 11 12 13 14 15 16 17 20 21 22 24 33 36 37 38 41 42 17_448.cif 
1.1704101563 -7638.6787109375 1 2 4 5 7 8 9 12 19 21 24 31 33 34 41 44 46 17_449.cif 
1.1713867188 -7638.6777343750 2 8 9 11 13 14 16 17 18 22 33 35 38 39 44 45 48 17_450.cif 
1.1718750000 -7638.6772460938 2 3 5 6 9 14 19 21 22 23 27 29 30 32 38 42 45 17_451.cif 
1.1757812500 -7638.6733398438 2 4 5 6 7 10 13 15 18 19 24 29 30 31 36 39 42 17_452.cif 
1.1762695313 -7638.6728515625 4 6 7 10 12 13 14 19 20 21 22 26 27 31 33 35 41 17_453.cif 
1.1772460938 -7638.6718750000 7 8 9 10 12 13 14 15 16 17 21 25 29 31 33 37 38 17_454.cif 
1.1777343750 -7638.6713867188 2 3 4 7 10 13 14 15 20 22 23 27 31 33 36 40 42 17_455.cif 
1.1787109376 -7638.6704101562 1 2 5 9 12 14 15 17 19 23 24 26 27 28 34 41 42 17_456.cif 
1.1811523438 -7638.6679687500 2 3 8 9 14 15 16 17 18 20 26 28 29 31 35 46 48 17_457.cif 
1.1816406250 -7638.6674804688 1 5 6 7 9 10 11 16 17 19 20 22 23 37 42 46 54 17_458.cif 
1.1826171876 -7638.6665039062 2 3 4 6 7 9 10 12 15 16 25 30 37 40 43 46 48 17_459.cif 
1.1840820313 -7638.6650390625 7 8 9 10 11 12 15 17 19 23 30 33 34 38 44 46 48 17_460.cif 
1.1855468750 -7638.6635742188 1 2 4 5 9 10 11 14 20 21 23 24 25 26 44 47 53 17_461.cif 
1.1860351563 -7638.6630859375 1 2 7 9 10 12 13 14 16 17 20 21 22 34 37 41 54 17_462.cif 
1.1899414063 -7638.6591796875 1 6 8 9 10 14 16 19 20 21 23 24 31 36 39 41 43 17_463.cif 
1.1938476563 -7638.6552734375 1 2 4 6 7 8 10 11 12 19 20 21 24 26 39 41 51 17_464.cif 
1.1982421876 -7638.6508789062 2 3 4 5 6 9 11 14 17 20 21 24 44 45 46 47 50 17_465.cif 
1.1992187500 -7638.6499023438 1 6 7 8 10 12 13 15 17 22 23 25 28 31 40 44 49 17_466.cif 
1.1997070313 -7638.6494140625 1 2 3 4 7 9 12 17 21 22 26 27 36 39 42 44 46 17_467.cif 
1.2016601563 -7638.6474609375 1 2 3 4 5 10 13 14 16 18 20 24 25 32 36 45 52 17_468.cif 
1.2026367188 -7638.6464843750 1 2 3 5 6 11 12 13 14 20 22 23 26 28 33 35 54 17_469.cif 
1.2031250000 -7638.6459960938 1 7 8 9 12 15 16 19 20 21 28 29 33 34 38 41 47 17_470.cif 
1.2036132813 -7638.6455078125 3 5 8 10 11 12 13 14 16 18 23 36 40 43 44 45 47 17_471.cif 
1.2050781250 -7638.6440429688 1 3 4 8 10 14 15 19 20 22 23 24 31 41 45 46 52 17_472.cif 
1.2065429688 -7638.6425781250 4 5 6 8 10 12 17 18 19 23 24 26 27 29 34 43 45 17_473.cif 
1.2075195313 -7638.6416015625 1 2 3 8 9 10 13 15 16 18 19 22 28 33 41 44 48 17_474.cif 
1.2089843750 -7638.6401367188 1 2 4 5 6 8 9 14 22 23 28 29 30 33 34 38 45 17_475.cif 
1.2099609376 -7638.6391601562 2 3 5 6 8 15 16 17 20 23 27 34 35 36 38 42 44 17_476.cif 
1.2104492188 -7638.6386718750 1 2 6 7 8 12 14 16 21 22 23 26 33 35 36 45 47 17_477.cif 
1.2119140626 -7638.6372070312 1 2 7 8 9 10 11 12 14 21 29 35 38 39 40 41 42 17_478.cif 
1.2124023438 -7638.6367187500 1 2 3 6 9 12 16 17 18 21 22 23 25 27 30 34 57 17_479.cif 
1.2148437500 -7638.6342773438 6 8 9 11 12 14 17 18 20 21 24 25 30 34 35 40 46 17_480.cif 
1.2163085938 -7638.6328125000 1 2 3 8 9 10 14 17 19 24 25 27 28 32 40 45 47 17_481.cif 
1.2177734376 -7638.6313476562 1 3 4 5 6 7 8 9 11 12 13 23 38 40 41 46 56 17_482.cif 
1.2187500000 -7638.6303710938 1 3 5 6 7 9 10 11 14 15 16 17 22 31 34 46 54 17_483.cif 
1.2197265626 -7638.6293945312 1 3 4 5 6 7 13 18 21 23 24 28 30 32 34 39 42 17_484.cif 
1.2207031250 -7638.6284179688 2 3 5 6 8 9 11 20 21 23 24 26 33 37 38 40 43 17_485.cif 
1.2216796876 -7638.6274414062 1 3 4 5 6 7 9 13 14 15 16 20 28 33 39 43 48 17_486.cif 
1.2246093750 -7638.6245117188 2 4 6 7 9 11 12 13 14 18 22 25 32 33 41 45 50 17_487.cif 
1.2250976563 -7638.6240234375 1 2 6 7 8 11 12 13 15 17 20 22 31 41 46 48 57 17_488.cif 
1.2260742188 -7638.6230468750 2 3 6 7 13 15 17 18 20 22 23 24 28 34 47 48 56 17_489.cif 
1.2275390626 -7638.6215820312 2 3 4 5 7 8 17 18 19 20 23 24 26 37 41 43 59 17_490.cif 
1.2280273438 -7638.6210937500 1 2 4 5 7 10 12 13 14 15 16 20 32 33 43 44 48 17_491.cif 
1.2285156250 -7638.6206054688 1 5 6 7 9 10 11 12 13 15 20 27 29 32 36 41 50 17_492.cif 
1.2299804688 -7638.6191406250 2 3 4 5 9 13 17 19 21 24 25 26 28 32 33 37 44 17_493.cif 
1.2397460938 -7638.6093750000 5 6 8 10 11 12 14 17 19 21 26 27 32 36 37 42 43 17_494.cif 
1.2402343750 -7638.6088867188 1 2 3 6 8 9 11 16 17 22 24 29 35 38 44 46 57 17_495.cif 
1.2407226563 -7638.6083984375 1 3 4 8 9 10 12 16 17 18 19 26 27 38 41 47 48 17_496.cif 
1.2416992188 -7638.6074218750 1 3 8 9 10 11 13 14 17 18 19 23 27 32 34 40 57 17_497.cif 
1.2431640626 -7638.6059570312 1 3 5 6 11 15 16 18 22 23 26 29 33 36 37 41 42 17_498.cif 
1.2436523438 -7638.6054687500 1 6 10 12 13 15 19 20 21 24 25 31 34 36 41 43 46 17_499.cif 
1.2446289063 -7638.6044921875 2 3 11 13 14 15 17 18 19 20 21 24 27 32 37 43 53 17_500.cif 
1.2456054688 -7638.6035156250 2 3 6 11 13 18 19 20 21 22 23 24 29 30 32 43 59 17_501.cif 
1.2465820313 -7638.6025390625 1 6 7 8 9 12 13 14 15 16 19 30 34 41 44 45 46 17_502.cif 
1.2504882813 -7638.5986328125 1 5 7 8 9 11 15 16 18 26 28 30 34 39 41 45 46 17_503.cif 
1.2514648438 -7638.5976562500 1 2 3 4 5 6 7 9 11 17 21 22 28 37 45 47 58 17_504.cif 
1.2519531250 -7638.5971679688 2 4 5 7 8 10 12 15 16 17 21 23 26 30 34 46 59 17_505.cif 
1.2534179688 -7638.5957031250 1 3 5 8 9 12 13 14 16 19 22 23 24 25 29 48 54 17_506.cif 
1.2543945313 -7638.5947265625 1 2 4 5 7 15 17 20 22 23 24 33 36 37 42 43 53 17_507.cif 
1.2553710938 -7638.5937500000 3 4 5 6 9 10 11 12 14 19 26 33 34 41 42 45 47 17_508.cif 
1.2558593750 -7638.5932617188 2 3 11 12 15 17 20 21 22 24 25 38 39 40 42 46 47 17_509.cif 
1.2568359376 -7638.5922851562 1 2 3 5 9 12 14 16 17 20 22 23 30 33 37 40 54 17_510.cif 
1.2583007813 -7638.5908203125 4 9 10 14 16 17 18 20 22 23 25 26 29 31 37 45 46 17_511.cif 
1.2617187500 -7638.5874023438 1 3 4 5 9 10 11 12 13 15 18 19 25 29 30 33 44 17_512.cif 
1.2622070313 -7638.5869140625 3 5 6 15 16 19 20 21 23 24 28 29 41 42 43 44 47 17_513.cif 
1.2631835938 -7638.5859375000 1 2 6 8 10 11 15 16 17 20 25 35 36 40 41 44 46 17_514.cif 
1.2646484376 -7638.5844726562 1 3 4 5 9 11 12 13 14 16 19 21 34 36 41 46 59 17_515.cif 
1.2661132813 -7638.5830078125 1 3 5 6 8 11 12 13 15 16 20 27 34 35 36 47 48 17_516.cif 
1.2666015626 -7638.5825195312 1 2 6 7 11 12 17 19 22 23 30 33 35 38 39 43 46 17_517.cif 
1.2690429688 -7638.5800781250 1 2 3 4 7 8 10 11 12 17 21 24 34 35 38 41 56 17_518.cif 
1.2714843750 -7638.5776367188 1 2 4 5 9 10 11 12 13 17 18 23 27 32 36 42 48 17_519.cif 
1.2749023438 -7638.5742187500 2 3 5 6 14 15 18 19 21 22 23 26 27 31 35 39 41 17_520.cif 
1.2758789063 -7638.5732421875 1 5 6 9 10 11 12 13 15 19 20 22 23 35 37 41 54 17_521.cif 
1.2768554688 -7638.5722656250 5 6 10 12 14 15 16 19 21 22 27 29 33 34 36 41 42 17_522.cif 
1.2773437500 -7638.5717773438 1 2 4 5 10 14 15 17 19 20 23 25 31 33 39 42 46 17_523.cif 
1.2783203126 -7638.5708007812 1 3 4 6 12 13 14 15 18 22 24 25 29 30 37 43 45 17_524.cif 
1.2797851563 -7638.5693359375 1 3 4 13 14 15 16 18 19 23 24 26 27 30 32 33 46 17_525.cif 
1.2807617188 -7638.5683593750 4 5 7 10 12 14 17 18 19 21 22 25 27 42 44 46 47 17_526.cif 
1.2812500000 -7638.5678710938 1 2 3 6 10 13 14 17 19 22 23 27 28 29 30 39 47 17_527.cif 
1.2827148438 -7638.5664062500 3 4 6 8 10 11 14 16 18 19 20 22 24 38 44 46 60 17_528.cif 
1.2832031250 -7638.5659179688 1 3 4 10 12 13 14 17 21 22 23 28 31 36 39 42 44 17_529.cif 
1.2836914063 -7638.5654296875 7 10 11 12 13 15 17 21 22 24 30 34 35 39 42 45 48 17_530.cif 
1.2841796876 -7638.5649414062 3 5 10 14 15 16 17 20 22 23 24 25 27 29 30 36 39 17_531.cif 
1.2846679688 -7638.5644531250 1 2 3 5 6 15 17 18 21 23 24 25 30 36 38 46 48 17_532.cif 
1.2856445313 -7638.5634765625 1 5 9 10 12 14 15 16 17 18 21 22 26 34 35 41 54 17_533.cif 
1.2866210938 -7638.5625000000 1 2 7 8 9 10 11 15 16 18 20 25 28 33 35 36 57 17_534.cif 
1.2905273438 -7638.5585937500 1 2 3 5 6 7 9 11 12 15 16 19 23 26 34 48 58 17_535.cif 
1.2915039063 -7638.5576171875 1 13 14 15 18 19 21 22 23 24 32 33 34 36 40 46 47 17_536.cif 
1.2958984376 -7638.5532226562 3 9 10 12 14 16 18 22 23 25 26 28 30 34 39 43 44 17_537.cif 
1.2973632813 -7638.5517578125 2 4 7 9 10 11 13 20 23 25 33 34 36 42 44 45 48 17_538.cif 
1.2978515626 -7638.5512695312 3 4 7 9 10 11 13 15 19 20 21 22 25 26 42 46 58 17_539.cif 
1.2988281250 -7638.5502929688 1 2 4 6 9 10 11 14 15 22 23 28 29 31 33 34 37 17_540.cif 
1.3007812500 -7638.5483398438 1 2 3 4 6 8 11 13 14 18 19 22 23 29 41 43 55 17_541.cif 
1.3022460938 -7638.5468750000 3 4 9 10 11 15 17 20 22 24 30 31 32 34 39 41 46 17_542.cif 
1.3027343750 -7638.5463867188 1 4 9 10 13 14 15 19 21 22 24 26 30 31 41 44 47 17_543.cif 
1.3037109376 -7638.5454101562 3 4 6 7 10 11 15 17 22 25 27 29 30 31 40 42 44 17_544.cif 
1.3046875000 -7638.5444335938 1 3 4 5 6 7 8 10 15 16 23 26 29 31 42 43 56 17_545.cif 
1.3056640626 -7638.5434570312 1 7 8 9 12 13 16 18 19 21 31 34 36 38 39 41 47 17_546.cif 
1.3076171876 -7638.5415039062 4 5 6 7 12 14 15 17 18 19 20 22 24 30 38 41 45 17_547.cif 
1.3085937500 -7638.5405273438 1 5 8 9 10 11 14 17 18 21 23 38 40 44 46 47 60 17_548.cif 
1.3110351563 -7638.5380859375 1 2 4 5 7 9 12 13 18 21 24 29 34 36 37 38 46 17_549.cif 
1.3125000000 -7638.5366210938 2 3 5 6 7 8 11 13 15 16 17 18 20 37 41 42 54 17_550.cif 
1.3129882813 -7638.5361328125 1 2 3 6 7 8 9 21 23 25 28 29 41 43 44 46 47 17_551.cif 
1.3173828126 -7638.5317382812 1 3 4 7 8 13 15 16 17 20 21 24 35 39 46 47 48 17_552.cif 
1.3178710938 -7638.5312500000 1 4 6 7 11 13 17 18 21 25 26 31 34 39 42 43 47 17_553.cif 
1.3183593750 -7638.5307617188 1 5 7 11 13 17 18 21 22 23 26 28 30 35 41 43 48 17_554.cif 
1.3208007813 -7638.5283203125 3 5 6 11 12 14 16 20 22 23 27 31 33 34 45 46 47 17_555.cif 
1.3237304688 -7638.5253906250 3 7 10 11 12 13 16 17 20 27 29 34 39 43 44 46 48 17_556.cif 
1.3276367188 -7638.5214843750 3 4 5 8 10 11 13 19 20 21 22 23 30 31 39 42 43 17_557.cif 
1.3281250000 -7638.5209960938 1 2 5 6 8 9 10 15 19 21 26 29 35 36 42 46 48 17_558.cif 
1.3305664063 -7638.5185546875 1 3 5 9 11 12 17 18 19 20 24 27 28 35 36 46 50 17_559.cif 
1.3310546876 -7638.5180664062 2 8 11 12 15 16 17 19 22 24 26 30 32 35 41 42 45 17_560.cif 
1.3320312500 -7638.5170898438 3 6 7 9 10 11 12 13 16 18 19 25 29 31 34 46 50 17_561.cif 
1.3354492188 -7638.5136718750 3 6 11 12 15 16 17 19 20 21 23 24 25 29 35 37 52 17_562.cif 
1.3398437500 -7638.5092773438 1 2 7 9 11 13 17 18 19 21 22 24 28 34 35 45 54 17_563.cif 
1.3403320313 -7638.5087890625 4 5 6 9 11 14 16 17 19 20 21 27 36 38 43 44 46 17_564.cif 
1.3413085938 -7638.5078125000 1 3 4 5 7 8 10 11 14 25 26 28 32 33 40 41 47 17_565.cif 
1.3442382813 -7638.5048828125 2 3 4 5 7 8 12 15 17 19 25 27 32 36 41 42 43 17_566.cif 
1.3461914063 -7638.5029296875 4 5 13 14 15 16 17 20 23 24 28 32 33 36 43 44 46 17_567.cif 
1.3476562500 -7638.5014648438 2 5 7 9 11 15 20 21 22 23 24 25 28 29 30 34 53 17_568.cif 
1.3491210938 -7638.5000000000 4 6 7 8 9 10 15 18 19 23 24 30 31 32 34 37 42 17_569.cif 
1.3500976563 -7638.4990234375 2 4 6 7 14 16 17 21 22 28 32 34 41 42 44 45 47 17_570.cif 
1.3505859376 -7638.4985351562 1 3 4 5 8 9 11 12 16 19 25 26 27 29 31 34 42 17_571.cif 
1.3525390626 -7638.4965820312 3 4 7 13 14 17 18 19 20 21 22 31 35 37 44 47 59 17_572.cif 
1.3530273438 -7638.4960937500 2 4 5 7 8 9 11 15 20 22 23 26 29 32 45 46 47 17_573.cif 
1.3540039063 -7638.4951171875 1 3 4 5 7 10 14 16 18 22 28 29 32 34 37 41 47 17_574.cif 
1.3544921876 -7638.4946289062 4 9 10 11 13 14 15 16 18 20 21 31 34 36 37 47 58 17_575.cif 
1.3564453126 -7638.4926757812 2 5 7 9 10 12 15 18 21 23 24 31 34 37 40 48 60 17_576.cif 
1.3588867188 -7638.4902343750 2 3 5 8 9 11 13 15 18 19 23 24 36 40 44 45 54 17_577.cif 
1.3608398438 -7638.4882812500 4 5 8 14 15 18 19 20 21 23 26 29 30 34 43 44 47 17_578.cif 
1.3627929688 -7638.4863281250 1 2 3 4 7 8 14 17 18 19 20 26 27 39 41 46 54 17_579.cif 
1.3642578126 -7638.4848632812 1 2 5 7 9 10 11 13 18 22 23 24 25 40 44 47 53 17_580.cif 
1.3647460938 -7638.4843750000 3 4 5 6 9 10 13 16 18 21 22 24 30 33 37 38 47 17_581.cif 
1.3657226563 -7638.4833984375 3 7 10 11 13 15 17 18 21 22 25 26 31 38 39 42 43 17_582.cif 
1.3676757813 -7638.4814453125 1 3 5 12 15 16 19 21 23 24 25 26 29 31 36 39 40 17_583.cif 
1.3681640626 -7638.4809570312 2 5 6 8 11 14 16 17 18 19 23 24 29 30 39 40 41 17_584.cif 
1.3696289063 -7638.4794921875 1 5 7 8 9 10 12 15 17 22 23 24 26 28 37 47 57 17_585.cif 
1.3710937500 -7638.4780273438 2 3 4 5 9 12 13 15 16 18 19 21 22 24 42 53 55 17_586.cif 
1.3720703126 -7638.4770507812 3 5 8 11 14 18 19 21 22 23 26 27 30 35 41 44 58 17_587.cif 
1.3725585938 -7638.4765625000 4 10 11 13 14 15 18 19 21 22 23 24 26 28 39 41 54 17_588.cif 
1.3730468750 -7638.4760742188 1 2 3 6 11 14 15 17 19 22 23 24 31 34 39 46 52 17_589.cif 
1.3735351563 -7638.4755859375 3 5 6 9 16 17 18 19 20 23 24 25 31 34 41 45 59 17_590.cif 
1.3745117188 -7638.4746093750 1 2 3 4 5 8 10 12 16 18 19 20 23 28 38 42 51 17_591.cif 
1.3769531250 -7638.4721679688 1 10 12 13 17 18 19 21 23 24 25 26 27 34 36 40 45 17_592.cif 
1.3803710938 -7638.4687500000 1 4 5 6 8 12 14 16 19 21 24 30 33 35 40 41 55 17_593.cif 
1.3837890626 -7638.4653320312 1 2 3 4 5 9 12 13 14 18 19 20 23 25 32 38 57 17_594.cif 
1.3847656250 -7638.4643554688 1 2 6 8 9 11 14 15 16 20 25 26 28 33 41 46 47 17_595.cif 
1.3852539063 -7638.4638671875 1 2 5 7 9 10 12 15 17 19 23 26 28 29 33 39 40 17_596.cif 
1.3862304688 -7638.4628906250 1 7 8 10 13 15 18 19 20 21 24 25 26 31 37 42 44 17_597.cif 
1.3896484376 -7638.4594726562 3 4 10 11 15 16 17 20 21 22 25 27 32 38 39 46 48 17_598.cif 
1.3901367188 -7638.4589843750 1 2 3 5 7 9 14 17 18 19 20 27 29 30 47 48 51 17_599.cif 
1.3920898438 -7638.4570312500 1 2 3 4 5 11 12 20 22 32 33 34 39 41 45 47 48 17_600.cif 
1.3925781250 -7638.4565429688 3 5 6 7 9 10 11 15 17 18 22 33 35 36 38 40 46 17_601.cif 
1.3945312500 -7638.4545898438 1 2 8 10 12 14 16 17 18 20 22 26 27 35 38 39 51 17_602.cif 
1.3955078126 -7638.4536132812 1 3 4 7 12 14 16 21 22 23 24 26 28 29 38 40 46 17_603.cif 
1.3984375000 -7638.4506835938 1 4 6 8 14 15 16 18 19 24 29 30 32 33 34 38 47 17_604.cif 
1.3994140626 -7638.4497070312 1 3 6 8 13 14 16 17 20 21 23 28 33 38 42 46 47 17_605.cif 
1.3999023438 -7638.4492187500 1 3 4 6 12 13 19 21 22 25 27 28 31 32 34 39 40 17_606.cif 
1.4018554688 -7638.4472656250 1 2 6 8 14 17 18 19 21 22 23 29 34 37 44 45 48 17_607.cif 
1.4038085938 -7638.4453125000 1 3 4 5 8 10 12 19 20 21 22 24 31 34 39 41 52 17_608.cif 
1.4047851563 -7638.4443359375 1 2 3 5 7 8 9 13 16 23 26 28 32 34 35 47 48 17_609.cif 
1.4057617188 -7638.4433593750 1 2 3 4 6 7 8 9 10 14 15 22 27 31 36 38 40 17_610.cif 
1.4077148438 -7638.4414062500 1 3 4 7 9 11 12 15 18 19 21 22 26 29 36 47 52 17_611.cif 
1.4082031250 -7638.4409179688 1 3 4 6 7 10 11 14 20 22 23 24 27 36 37 46 52 17_612.cif 
1.4116210938 -7638.4375000000 1 2 4 6 7 10 11 17 22 25 32 34 35 39 41 42 58 17_613.cif 
1.4125976563 -7638.4365234375 3 4 6 7 12 14 15 17 19 22 23 28 29 32 40 46 50 17_614.cif 
1.4135742188 -7638.4355468750 1 2 3 6 11 12 14 15 16 23 24 27 34 35 36 37 43 17_615.cif 
1.4145507813 -7638.4345703125 2 3 5 6 7 10 11 15 18 19 20 22 30 31 39 45 50 17_616.cif 
1.4160156250 -7638.4331054688 1 3 4 6 8 15 18 19 20 22 27 28 29 30 32 36 38 17_617.cif 
1.4169921876 -7638.4321289062 2 7 10 13 15 16 17 18 20 21 22 24 30 36 38 41 50 17_618.cif 
1.4174804688 -7638.4316406250 2 5 6 7 10 12 13 17 19 27 29 30 32 34 35 36 41 17_619.cif 
1.4179687500 -7638.4311523438 5 10 13 15 16 18 20 21 23 24 26 31 33 36 41 44 60 17_620.cif 
1.4208984376 -7638.4282226562 2 4 5 9 10 11 14 15 18 20 24 25 30 32 34 47 52 17_621.cif 
1.4218750000 -7638.4272460938 5 6 8 11 12 13 14 15 20 21 22 24 31 32 38 40 42 17_622.cif 
1.4223632813 -7638.4267578125 3 5 6 8 9 10 14 15 16 17 22 29 36 37 43 44 47 17_623.cif 
1.4233398438 -7638.4257812500 6 7 12 14 16 18 19 20 21 22 23 24 32 36 39 41 43 17_624.cif 
1.4238281250 -7638.4252929688 1 2 4 7 8 10 14 15 17 18 21 22 23 25 43 50 57 17_625.cif 
1.4326171876 -7638.4165039062 6 7 12 13 15 17 19 20 21 22 24 27 30 35 41 44 50 17_626.cif 
1.4384765626 -7638.4106445312 2 4 5 9 11 14 18 19 21 22 24 32 34 37 41 47 52 17_627.cif 
1.4414062500 -7638.4077148438 2 3 6 7 10 11 12 14 18 19 25 26 27 30 39 46 48 17_628.cif 
1.4438476563 -7638.4052734375 2 3 4 12 13 14 15 16 20 21 24 26 30 31 39 43 45 17_629.cif 
1.4448242188 -7638.4042968750 1 3 4 5 6 13 14 15 16 17 20 28 30 32 35 41 54 17_630.cif 
1.4472656250 -7638.4018554688 2 5 6 10 12 13 14 15 17 18 24 33 34 39 43 45 48 17_631.cif 
1.4506835938 -7638.3984375000 2 5 6 7 8 9 10 13 15 16 28 29 30 31 32 45 57 17_632.cif 
1.4545898438 -7638.3945312500 1 2 4 7 9 10 13 14 15 19 22 26 36 41 44 45 47 17_633.cif 
1.4570312500 -7638.3920898438 1 2 4 5 8 12 14 16 17 23 27 28 32 35 41 43 48 17_634.cif 
1.4609375000 -7638.3881835938 6 8 10 11 12 15 16 19 20 23 26 30 33 38 45 46 60 17_635.cif 
1.4614257813 -7638.3876953125 6 7 12 14 16 17 18 19 22 27 29 33 35 40 42 44 47 17_636.cif 
1.4633789063 -7638.3857421875 7 8 10 11 13 14 15 16 18 19 20 29 32 35 44 45 55 17_637.cif 
1.4677734376 -7638.3813476562 1 4 7 13 14 15 16 17 20 21 23 28 30 34 39 41 56 17_638.cif 
1.4687500000 -7638.3803710938 1 5 6 7 11 12 13 15 21 26 27 28 33 39 43 46 48 17_639.cif 
1.4702148438 -7638.3789062500 1 2 3 5 7 9 18 21 23 26 28 29 35 40 44 45 48 17_640.cif 
1.4746093750 -7638.3745117188 1 2 4 6 7 9 12 13 25 27 28 30 31 32 33 34 39 17_641.cif 
1.4750976563 -7638.3740234375 2 9 10 13 14 18 20 21 22 23 24 29 30 32 40 46 58 17_642.cif 
1.4780273438 -7638.3710937500 3 4 5 8 12 15 16 17 18 19 20 23 24 26 33 57 60 17_643.cif 
1.4790039063 -7638.3701171875 1 3 4 5 6 10 11 16 18 19 24 25 33 35 45 46 56 17_644.cif 
1.4873046876 -7638.3618164062 2 4 6 7 8 10 12 13 16 17 19 20 28 32 34 37 56 17_645.cif 
1.4892578126 -7638.3598632812 1 2 4 7 8 9 10 14 18 19 23 31 34 41 42 47 56 17_646.cif 
1.4902343750 -7638.3588867188 2 3 4 5 6 7 9 12 15 17 21 23 37 40 43 45 59 17_647.cif 
1.4907226563 -7638.3583984375 3 5 9 13 14 15 16 17 18 21 22 28 32 39 46 48 54 17_648.cif 
1.4975585938 -7638.3515625000 2 3 5 6 7 9 10 14 16 18 23 24 28 31 34 41 52 17_649.cif 
1.5000000000 -7638.3491210938 5 9 10 12 15 16 20 22 23 27 31 38 42 43 45 46 48 17_650.cif 
1.5004882813 -7638.3486328125 1 4 5 7 12 17 19 20 23 24 25 31 33 36 42 43 48 17_651.cif 
1.5029296876 -7638.3461914062 1 6 9 11 12 15 16 17 20 24 27 28 31 33 37 41 42 17_652.cif 
1.5034179688 -7638.3457031250 3 5 7 8 16 17 19 21 24 25 27 28 32 35 43 44 47 17_653.cif 
1.5058593750 -7638.3432617188 1 2 5 6 10 12 13 15 17 18 24 27 31 34 37 45 49 17_654.cif 
1.5068359376 -7638.3422851562 2 4 7 8 9 11 12 13 17 25 26 27 32 33 41 42 49 17_655.cif 
1.5078125000 -7638.3413085938 2 4 6 8 9 10 12 17 21 25 31 37 38 40 42 46 47 17_656.cif 
1.5083007813 -7638.3408203125 4 5 6 8 10 14 16 17 20 21 22 28 32 39 41 47 50 17_657.cif 
1.5190429688 -7638.3300781250 1 2 3 6 7 9 10 11 16 18 23 29 36 37 42 45 58 17_658.cif 
1.5229492188 -7638.3261718750 2 3 4 6 8 10 11 12 18 21 26 31 32 34 42 45 46 17_659.cif 
1.5239257813 -7638.3251953125 1 6 8 11 13 19 21 23 24 27 28 29 30 32 36 37 45 17_660.cif 
1.5244140626 -7638.3247070312 1 2 6 8 10 16 18 21 23 26 27 28 29 31 32 36 39 17_661.cif 
1.5288085938 -7638.3203125000 1 5 6 9 11 16 19 21 22 23 28 31 32 34 38 41 47 17_662.cif 
1.5302734376 -7638.3188476562 3 6 8 15 16 18 20 21 22 23 26 31 32 35 37 38 52 17_663.cif 
1.5322265626 -7638.3168945312 1 2 5 8 9 17 18 19 20 24 25 29 31 32 36 39 50 17_664.cif 
1.5327148438 -7638.3164062500 2 4 5 7 9 10 12 15 16 17 21 23 26 34 38 48 56 17_665.cif 
1.5332031250 -7638.3159179688 1 2 7 10 15 16 17 18 20 23 24 28 35 42 43 46 56 17_666.cif 
1.5336914063 -7638.3154296875 1 3 5 7 8 10 11 14 22 24 25 28 30 32 33 39 60 17_667.cif 
1.5341796876 -7638.3149414062 1 2 6 13 14 16 17 18 21 24 26 30 34 35 39 43 45 17_668.cif 
1.5346679688 -7638.3144531250 4 5 7 9 14 16 17 18 20 23 24 26 28 30 37 38 41 17_669.cif 
1.5371093750 -7638.3120117188 1 3 4 7 9 12 13 14 16 21 24 35 37 40 42 45 53 17_670.cif 
1.5375976563 -7638.3115234375 5 6 10 11 14 15 16 20 21 23 24 25 33 36 44 45 53 17_671.cif 
1.5400390626 -7638.3090820312 5 11 12 13 15 16 17 19 20 23 24 32 33 36 47 48 55 17_672.cif 
1.5454101563 -7638.3037109375 1 2 7 8 10 11 12 20 23 24 32 33 38 41 43 47 48 17_673.cif 
1.5463867188 -7638.3027343750 1 5 7 9 10 12 14 17 20 27 28 30 31 34 38 42 46 17_674.cif 
1.5473632813 -7638.3017578125 3 4 5 9 11 14 16 17 18 20 26 28 31 37 39 41 60 17_675.cif 
1.5483398438 -7638.3007812500 1 3 4 7 10 11 12 13 14 16 20 26 27 31 37 40 53 17_676.cif 
1.5488281250 -7638.3002929688 1 2 3 5 6 12 13 16 17 23 24 33 35 42 43 47 55 17_677.cif 
1.5493164063 -7638.2998046875 2 4 8 9 10 13 14 16 17 19 20 28 36 37 42 45 50 17_678.cif 
1.5498046876 -7638.2993164062 1 3 8 10 11 12 13 14 15 19 22 29 32 33 39 40 43 17_679.cif 
1.5527343750 -7638.2963867188 5 7 8 11 12 13 14 16 18 21 23 26 32 35 41 46 60 17_680.cif 
1.5537109376 -7638.2954101562 3 7 8 12 15 16 19 20 21 23 24 26 37 39 42 45 49 17_681.cif 
1.5546875000 -7638.2944335938 2 3 4 6 8 12 16 19 20 22 29 32 33 34 43 46 48 17_682.cif 
1.5561523438 -7638.2929687500 1 5 6 7 9 10 15 19 20 22 25 30 31 35 37 42 48 17_683.cif 
1.5571289063 -7638.2919921875 3 5 6 8 11 20 22 23 24 26 29 31 32 38 42 43 45 17_684.cif 
1.5576171876 -7638.2915039062 1 3 4 6 7 8 10 11 15 19 20 23 24 30 33 49 58 17_685.cif 
1.5585937500 -7638.2905273438 1 3 4 5 6 7 10 11 12 15 19 27 30 38 46 50 60 17_686.cif 
1.5590820313 -7638.2900390625 2 4 5 6 8 10 11 12 16 18 20 29 34 39 41 45 53 17_687.cif 
1.5600585938 -7638.2890625000 4 7 8 9 10 13 17 18 20 22 23 26 31 34 36 39 58 17_688.cif 
1.5625000000 -7638.2866210938 1 2 3 5 12 13 16 18 22 23 25 26 32 36 39 40 47 17_689.cif 
1.5654296876 -7638.2836914062 1 2 3 5 7 8 9 13 18 20 24 32 35 45 47 48 52 17_690.cif 
1.5673828126 -7638.2817382812 3 4 6 8 10 11 12 15 20 21 23 25 26 27 37 38 60 17_691.cif 
1.5722656250 -7638.2768554688 1 3 4 5 6 8 9 12 16 19 20 28 30 42 45 47 49 17_692.cif 
1.5727539063 -7638.2763671875 1 3 4 5 8 9 14 16 17 18 19 20 21 28 29 57 59 17_693.cif 
1.5737304688 -7638.2753906250 1 2 5 7 9 13 14 16 17 19 23 26 30 36 41 43 47 17_694.cif 
1.5751953126 -7638.2739257812 1 2 3 7 8 10 11 12 16 19 20 21 22 26 36 44 55 17_695.cif 
1.5800781250 -7638.2690429688 2 4 6 8 11 12 15 17 20 22 27 31 32 35 36 39 44 17_696.cif 
1.5830078126 -7638.2661132812 1 11 12 14 17 18 20 21 22 23 24 26 34 39 41 46 49 17_697.cif 
1.5834960938 -7638.2656250000 2 5 8 10 11 13 14 18 20 21 24 26 27 40 43 47 59 17_698.cif 
1.5839843750 -7638.2651367188 4 5 6 10 15 19 20 21 23 24 26 28 29 30 44 48 52 17_699.cif 
1.5883789063 -7638.2607421875 1 3 5 9 11 12 13 15 19 22 23 24 25 29 31 46 55 17_700.cif 
1.5908203126 -7638.2583007812 1 3 5 11 15 17 19 20 22 24 26 27 28 32 43 47 60 17_701.cif 
1.5927734376 -7638.2563476562 1 2 3 9 10 11 13 18 20 21 24 25 30 31 33 34 56 17_702.cif 
1.5947265626 -7638.2543945312 1 3 5 7 10 11 22 23 24 28 29 30 31 35 39 42 49 17_703.cif 
1.5957031250 -7638.2534179688 1 4 6 7 9 10 11 12 16 21 25 26 29 30 36 43 53 17_704.cif 
1.5961914063 -7638.2529296875 2 3 5 6 13 16 18 20 23 24 32 33 38 40 41 47 60 17_705.cif 
1.5976562500 -7638.2514648438 3 4 7 8 9 12 16 19 20 23 24 31 33 34 35 40 49 17_706.cif 
1.6020507813 -7638.2470703125 4 11 15 16 18 20 21 22 24 26 27 28 30 42 44 45 46 17_707.cif 
1.6059570313 -7638.2431640625 1 3 4 5 10 13 14 16 17 18 22 28 35 40 41 43 46 17_708.cif 
1.6103515626 -7638.2387695312 2 5 7 10 11 12 13 15 20 24 29 33 34 41 42 47 54 17_709.cif 
1.6123046876 -7638.2368164062 2 3 4 6 7 10 11 22 24 25 28 29 30 39 42 47 56 17_710.cif 
1.6127929688 -7638.2363281250 1 2 4 5 9 13 14 16 19 20 22 25 26 29 33 37 57 17_711.cif 
1.6157226563 -7638.2333984375 1 6 7 12 14 16 17 20 21 25 28 31 33 35 45 46 47 17_712.cif 
1.6191406250 -7638.2299804688 2 3 5 8 10 12 16 18 19 21 23 24 26 27 41 54 56 17_713.cif 
1.6210937500 -7638.2280273438 2 3 4 6 7 13 15 22 23 24 26 27 28 29 34 41 46 17_714.cif 
1.6220703126 -7638.2270507812 1 4 5 9 11 14 21 24 27 28 29 31 34 37 38 41 42 17_715.cif 
1.6230468750 -7638.2260742188 1 5 10 11 14 15 18 20 21 25 29 37 39 40 41 43 44 17_716.cif 
1.6245117188 -7638.2246093750 2 5 6 7 8 15 16 21 23 27 32 36 37 44 45 47 48 17_717.cif 
1.6269531250 -7638.2221679688 1 4 5 6 10 17 18 19 23 24 26 28 29 30 33 36 38 17_718.cif 
1.6284179688 -7638.2207031250 1 3 6 7 8 11 12 15 16 22 28 31 33 41 42 46 49 17_719.cif 
1.6376953126 -7638.2114257812 2 3 4 5 6 9 12 13 21 22 25 26 42 44 45 47 49 17_720.cif 
1.6391601563 -7638.2099609375 2 5 6 7 14 16 17 20 22 23 30 33 35 39 43 44 56 17_721.cif 
1.6401367188 -7638.2089843750 2 4 12 13 15 16 20 21 22 23 27 28 33 36 38 45 57 17_722.cif 
1.6420898438 -7638.2070312500 1 2 3 5 7 10 17 19 20 22 23 26 36 41 47 48 60 17_723.cif 
1.6425781250 -7638.2065429688 4 5 7 9 10 11 13 16 17 18 31 33 34 38 41 44 59 17_724.cif 
1.6430664063 -7638.2060546875 2 6 10 12 13 17 20 21 24 31 34 36 37 38 39 41 46 17_725.cif 
1.6455078126 -7638.2036132812 2 4 6 8 9 10 11 12 16 17 19 24 34 36 41 48 51 17_726.cif 
1.6464843750 -7638.2026367188 2 5 9 11 13 16 17 20 23 24 25 27 28 30 38 42 44 17_727.cif 
1.6586914063 -7638.1904296875 1 2 3 4 9 11 13 14 18 21 22 27 28 29 38 40 50 17_728.cif 
1.6616210938 -7638.1875000000 2 3 11 14 17 18 21 22 24 25 27 29 30 40 42 45 47 17_729.cif 
1.6621093750 -7638.1870117188 2 4 7 8 10 20 21 22 24 28 32 36 37 38 40 41 42 17_730.cif 
1.6718750000 -7638.1772460938 2 3 5 9 10 11 12 15 16 18 22 29 33 35 36 40 50 17_731.cif 
1.6728515626 -7638.1762695312 2 3 5 7 9 10 16 17 19 20 30 32 34 35 40 48 51 17_732.cif 
1.6738281250 -7638.1752929688 1 2 4 5 7 10 11 14 20 25 28 30 33 40 43 45 48 17_733.cif 
1.6752929688 -7638.1738281250 2 3 4 5 8 11 12 14 18 21 23 27 28 33 46 47 52 17_734.cif 
1.6806640626 -7638.1684570312 1 2 4 6 8 11 18 21 22 24 26 29 33 40 41 43 60 17_735.cif 
1.6821289063 -7638.1669921875 1 4 7 8 9 10 12 14 16 23 29 30 32 40 43 47 49 17_736.cif 
1.6826171876 -7638.1665039062 1 2 5 7 9 12 14 17 18 23 28 33 37 39 44 48 56 17_737.cif 
1.6831054688 -7638.1660156250 2 3 5 6 13 16 21 22 23 24 26 29 37 43 44 45 46 17_738.cif 
1.6850585938 -7638.1640625000 1 2 3 10 11 14 15 16 18 19 23 24 25 29 38 41 60 17_739.cif 
1.6855468750 -7638.1635742188 4 7 8 13 14 16 19 20 22 23 24 26 29 37 40 42 43 17_740.cif 
1.6860351563 -7638.1630859375 1 4 7 9 10 15 16 20 26 27 28 30 33 34 36 46 48 17_741.cif 
1.6870117188 -7638.1621093750 1 4 9 11 13 14 17 18 21 22 24 28 37 42 44 49 52 17_742.cif 
1.6889648438 -7638.1601562500 2 3 5 7 12 13 17 19 24 25 26 32 34 35 42 43 47 17_743.cif 
1.6914062500 -7638.1577148438 1 2 4 6 7 9 10 13 16 19 21 23 34 35 38 41 52 17_744.cif 
1.6943359376 -7638.1547851562 1 5 7 10 12 15 16 17 19 22 30 31 34 35 44 48 58 17_745.cif 
1.6948242188 -7638.1542968750 3 7 8 10 11 13 15 22 23 24 28 30 33 35 44 48 54 17_746.cif 
1.6972656250 -7638.1518554688 1 2 4 5 8 9 12 13 20 21 23 31 38 40 41 42 53 17_747.cif 
1.6982421876 -7638.1508789062 3 4 5 7 10 11 15 17 19 20 21 28 38 44 47 48 49 17_748.cif 
1.6987304688 -7638.1503906250 1 4 5 12 13 15 16 18 20 23 24 29 31 39 41 48 58 17_749.cif 
1.7016601563 -7638.1474609375 1 4 5 8 10 11 14 15 16 17 21 23 30 43 44 57 58 17_750.cif 
1.7026367188 -7638.1464843750 3 6 12 13 15 17 18 21 22 23 24 30 34 40 43 52 53 17_751.cif 
1.7075195313 -7638.1416015625 1 4 5 9 10 12 13 14 16 21 24 25 27 28 42 51 55 17_752.cif 
1.7080078126 -7638.1411132812 4 5 6 7 11 12 13 17 18 19 21 23 29 30 40 55 59 17_753.cif 
1.7138671876 -7638.1352539062 1 2 9 10 18 22 23 24 29 31 32 34 36 38 40 45 48 17_754.cif 
1.7163085938 -7638.1328125000 1 5 13 15 17 18 19 20 21 22 28 31 33 35 38 39 59 17_755.cif 
1.7241210938 -7638.1250000000 1 4 6 10 11 13 18 19 21 22 23 26 30 34 39 51 58 17_756.cif 
1.7255859376 -7638.1235351562 5 6 7 10 11 12 14 16 17 21 23 24 31 40 42 45 51 17_757.cif 
1.7294921876 -7638.1196289062 1 2 6 8 11 15 18 21 22 23 25 30 33 34 35 41 50 17_758.cif 
1.7309570313 -7638.1181640625 1 6 10 13 15 16 20 23 25 26 29 30 31 35 37 39 46 17_759.cif 
1.7329101563 -7638.1162109375 1 3 4 6 10 11 21 23 24 29 30 31 36 37 40 45 46 17_760.cif 
1.7343750000 -7638.1147460938 1 3 7 8 10 15 18 19 20 21 23 30 36 40 46 50 60 17_761.cif 
1.7416992188 -7638.1074218750 1 2 3 5 6 8 11 17 20 22 24 25 34 38 41 44 46 17_762.cif 
1.7421875000 -7638.1069335938 6 7 8 9 10 12 15 17 21 22 23 26 27 31 43 45 55 17_763.cif 
1.7490234376 -7638.1000976562 6 12 13 14 15 18 21 22 23 24 30 32 37 40 43 45 55 17_764.cif 
1.7529296876 -7638.0961914062 2 3 6 7 9 10 12 16 17 19 20 21 24 26 28 35 58 17_765.cif 
1.7553710938 -7638.0937500000 2 3 8 10 13 15 16 20 23 24 25 32 34 35 39 41 54 17_766.cif 
1.7592773438 -7638.0898437500 1 3 6 14 15 17 18 19 21 25 31 32 33 34 37 44 48 17_767.cif 
1.7607421876 -7638.0883789062 1 2 5 6 8 9 11 12 23 24 30 31 39 41 43 46 58 17_768.cif 
1.7656250000 -7638.0834960938 1 4 11 14 16 17 18 22 24 27 29 34 38 42 43 47 51 17_769.cif 
1.7690429688 -7638.0800781250 5 8 9 10 11 19 20 23 24 31 34 37 38 39 41 42 57 17_770.cif 
1.7719726563 -7638.0771484375 1 4 5 6 10 11 14 15 19 26 32 33 34 38 40 41 55 17_771.cif 
1.7729492188 -7638.0761718750 2 3 4 5 14 17 18 20 26 27 33 37 40 42 45 46 47 17_772.cif 
1.7734375000 -7638.0756835938 1 2 5 6 8 12 14 17 18 23 29 31 32 43 47 48 52 17_773.cif 
1.7763671876 -7638.0727539062 1 4 6 10 11 12 14 16 20 22 23 27 29 33 48 53 54 17_774.cif 
1.7768554688 -7638.0722656250 2 3 7 9 13 14 15 16 17 21 22 24 26 37 39 41 54 17_775.cif 
1.7783203126 -7638.0708007812 1 2 9 10 12 13 14 16 18 24 27 33 36 39 41 46 60 17_776.cif 
1.7812500000 -7638.0678710938 1 2 3 5 8 16 20 23 24 25 27 28 31 38 45 48 49 17_777.cif 
1.7822265626 -7638.0668945312 1 6 7 8 9 10 11 17 23 24 25 37 39 43 45 46 57 17_778.cif 
1.7856445313 -7638.0634765625 6 8 9 11 12 13 17 19 22 26 28 30 32 33 41 48 59 17_779.cif 
1.7895507813 -7638.0595703125 7 9 10 12 15 16 17 20 21 22 24 25 29 37 40 56 58 17_780.cif 
1.7934570313 -7638.0556640625 2 3 5 8 10 15 16 17 18 21 25 30 34 39 44 45 48 17_781.cif 
1.7958984376 -7638.0532226562 2 4 8 11 15 18 21 22 26 29 30 33 38 40 42 47 56 17_782.cif 
1.7963867188 -7638.0527343750 6 11 14 15 16 17 20 22 23 24 30 32 37 39 41 48 55 17_783.cif 
1.7983398438 -7638.0507812500 2 3 4 5 7 8 13 19 20 23 24 28 35 37 40 41 50 17_784.cif 
1.8007812500 -7638.0483398438 1 5 6 7 15 18 20 21 23 24 28 29 31 35 42 48 55 17_785.cif 
1.8041992188 -7638.0449218750 4 5 6 9 11 13 16 17 20 23 26 34 36 37 39 45 47 17_786.cif 
1.8090820313 -7638.0400390625 1 2 4 5 7 10 15 17 23 31 33 35 36 40 42 44 57 17_787.cif 
1.8115234376 -7638.0375976562 2 4 6 10 12 14 20 21 23 24 32 35 41 43 45 46 54 17_788.cif 
1.8144531250 -7638.0346679688 2 3 4 5 11 12 20 22 26 31 33 34 35 44 47 48 49 17_789.cif 
1.8149414063 -7638.0341796875 2 4 6 8 15 16 18 21 26 27 29 30 31 32 35 37 38 17_790.cif 
1.8188476563 -7638.0302734375 3 4 5 11 13 15 17 18 21 24 25 26 33 39 42 43 52 17_791.cif 
1.8208007813 -7638.0283203125 2 4 7 10 16 17 18 20 21 24 25 39 41 42 43 44 60 17_792.cif 
1.8251953126 -7638.0239257812 7 11 12 14 17 19 21 22 31 34 35 39 42 44 46 47 60 17_793.cif 
1.8256835938 -7638.0234375000 3 6 9 11 12 13 16 17 18 20 27 30 40 41 45 46 58 17_794.cif 
1.8276367188 -7638.0214843750 7 9 10 11 12 13 16 17 24 25 31 33 36 37 40 46 55 17_795.cif 
1.8334960938 -7638.0156250000 4 5 7 13 15 16 17 19 20 23 32 33 41 43 45 48 55 17_796.cif 
1.8398437500 -7638.0092773438 1 3 5 7 8 9 12 18 19 21 23 31 35 40 48 50 55 17_797.cif 
1.8403320313 -7638.0087890625 1 2 7 12 17 19 21 23 25 26 31 32 33 34 36 43 47 17_798.cif 
1.8422851563 -7638.0068359375 1 2 3 5 7 11 19 20 21 22 23 26 27 28 38 51 52 17_799.cif 
1.8549804688 -7637.9941406250 1 4 5 8 11 12 14 18 19 21 22 28 39 40 41 55 58 17_800.cif 
1.8569335938 -7637.9921875000 1 3 5 6 7 8 14 16 18 23 24 25 29 33 46 47 58 17_801.cif 
1.8593750000 -7637.9897460938 2 3 4 6 7 9 15 16 17 18 22 32 35 36 42 47 59 17_802.cif 
1.8647460938 -7637.9843750000 3 4 9 13 14 15 17 19 21 24 25 26 28 30 31 35 57 17_803.cif 
1.8701171876 -7637.9790039062 1 2 3 9 10 12 14 19 20 25 27 34 35 36 39 43 54 17_804.cif 
1.8725585938 -7637.9765625000 2 5 6 7 12 15 16 17 18 21 22 29 31 36 39 51 54 17_805.cif 
1.8754882813 -7637.9736328125 3 4 7 10 15 16 20 24 30 34 37 41 42 43 45 47 48 17_806.cif 
1.8779296876 -7637.9711914062 1 2 4 5 7 13 20 23 24 25 26 27 29 31 33 35 57 17_807.cif 
1.8823242188 -7637.9667968750 2 4 6 7 12 14 17 18 22 26 27 28 35 43 44 45 58 17_808.cif 
1.8842773438 -7637.9648437500 4 5 6 9 11 12 14 17 18 23 24 27 29 31 41 45 55 17_809.cif 
1.8867187500 -7637.9624023438 1 5 7 9 10 12 21 23 24 25 28 31 36 38 44 46 54 17_810.cif 
1.8906250000 -7637.9584960938 3 5 8 10 12 14 18 19 24 30 31 33 35 38 46 48 52 17_811.cif 
1.8920898438 -7637.9570312500 3 7 8 9 12 15 16 17 23 24 25 30 31 33 38 58 59 17_812.cif 
1.8940429688 -7637.9550781250 1 2 4 5 10 11 12 13 20 24 25 36 39 45 48 51 59 17_813.cif 
1.9072265626 -7637.9418945312 1 4 6 10 13 14 16 17 18 22 24 27 31 34 41 56 59 17_814.cif 
1.9125976563 -7637.9365234375 5 7 8 9 11 17 18 25 27 28 34 42 43 44 45 47 48 17_815.cif 
1.9189453126 -7637.9301757812 2 3 6 10 11 12 13 15 20 26 27 28 34 35 37 40 58 17_816.cif 
1.9218750000 -7637.9272460938 3 4 7 8 13 15 16 18 22 24 25 29 30 33 39 41 53 17_817.cif 
1.9360351563 -7637.9130859375 2 5 6 8 12 15 21 23 26 34 36 41 42 43 44 46 52 17_818.cif 
1.9399414063 -7637.9091796875 4 10 13 14 15 16 18 19 26 29 32 36 37 39 41 46 56 17_819.cif 
1.9448242188 -7637.9042968750 1 4 6 9 10 12 13 15 24 30 31 32 37 38 40 45 60 17_820.cif 
1.9624023438 -7637.8867187500 3 4 5 7 8 10 15 16 19 24 25 28 32 33 40 46 51 17_821.cif 
1.9682617188 -7637.8808593750 3 5 10 11 12 15 16 18 20 25 27 31 34 37 47 48 50 17_822.cif 
1.9697265626 -7637.8793945312 1 6 11 12 13 15 17 21 27 29 30 31 36 44 46 47 60 17_823.cif 
1.9843750000 -7637.8647460938 3 6 7 8 9 11 12 16 20 26 29 30 34 40 45 48 60 17_824.cif 
1.9921875000 -7637.8569335938 1 7 9 10 14 17 18 19 20 21 22 37 38 43 45 48 53 17_825.cif 
1.9951171876 -7637.8540039062 1 3 5 7 8 12 14 16 19 23 25 26 27 35 36 57 59 17_826.cif 
2.0034179688 -7637.8457031250 1 6 10 14 15 18 19 21 22 23 29 30 39 43 46 58 59 17_827.cif 
2.0087890626 -7637.8403320312 4 8 9 14 15 18 19 22 24 30 33 36 37 39 40 42 58 17_828.cif 
2.0126953126 -7637.8364257812 7 8 9 11 12 13 18 19 20 22 25 26 32 34 39 40 44 17_829.cif 
2.0141601563 -7637.8349609375 1 3 6 9 11 13 22 24 30 32 35 38 39 40 42 45 49 17_830.cif 
2.0229492188 -7637.8261718750 3 4 5 10 11 16 17 18 22 24 27 33 40 42 44 47 58 17_831.cif 
2.0297851563 -7637.8193359375 1 2 7 8 9 11 12 21 22 24 29 32 39 45 46 50 60 17_832.cif 
2.0444335938 -7637.8046875000 3 5 8 10 11 12 13 14 15 20 21 22 33 37 39 41 52 17_833.cif 
2.0454101563 -7637.8037109375 3 7 8 9 19 23 24 28 31 34 37 39 40 42 44 46 48 17_834.cif 
2.0463867188 -7637.8027343750 2 3 7 9 10 13 16 21 25 30 34 37 42 43 47 48 50 17_835.cif 
2.0747070313 -7637.7744140625 2 5 7 8 13 14 15 18 21 23 32 33 35 37 40 50 57 17_836.cif 
2.0776367188 -7637.7714843750 2 3 5 7 14 17 18 20 21 23 27 28 32 35 39 49 53 17_837.cif 
2.0810546876 -7637.7680664062 1 7 9 11 12 15 17 18 20 21 23 26 39 40 44 45 50 17_838.cif 
2.0917968750 -7637.7573242188 1 2 5 8 9 10 16 20 21 25 27 30 35 38 48 58 59 17_839.cif 
2.1054687500 -7637.7436523438 3 4 5 7 8 14 20 21 22 25 31 32 34 39 43 46 48 17_840.cif 
2.1123046876 -7637.7368164062 2 3 6 14 16 17 21 22 25 27 29 30 31 34 37 40 48 17_841.cif 
2.1137695313 -7637.7353515625 1 7 8 9 11 12 13 15 17 18 22 34 35 39 44 56 58 17_842.cif 
2.1171875000 -7637.7319335938 2 3 6 10 12 16 18 19 20 23 32 41 43 45 46 47 60 17_843.cif 
2.1308593750 -7637.7182617188 1 4 6 8 9 12 13 14 18 19 24 25 30 32 33 38 49 17_844.cif 
2.1401367188 -7637.7089843750 2 3 4 6 8 9 11 14 16 18 22 31 36 37 44 58 59 17_845.cif 
2.1518554688 -7637.6972656250 2 3 5 7 8 10 13 14 17 20 24 28 31 33 34 40 57 17_846.cif 
2.1752929688 -7637.6738281250 4 5 12 13 15 16 19 20 21 22 24 33 38 43 49 50 56 17_847.cif 
2.1777343750 -7637.6713867188 4 9 10 12 14 17 18 21 29 31 34 38 40 42 43 48 49 17_848.cif 
2.1865234376 -7637.6625976562 1 2 7 8 10 12 13 16 18 23 26 28 32 35 43 49 54 17_849.cif 
2.1870117188 -7637.6621093750 4 5 7 8 15 17 21 22 23 28 30 33 35 39 41 44 46 17_850.cif 
2.2011718750 -7637.6479492188 2 3 6 8 9 10 12 14 18 20 22 30 33 37 43 49 58 17_851.cif 
2.2265625000 -7637.6225585938 3 4 5 10 11 16 17 20 21 22 23 28 32 33 48 49 54 17_852.cif 
2.2275390626 -7637.6215820312 4 5 6 10 14 20 23 28 30 32 33 37 42 43 45 48 58 17_853.cif 
2.2636718750 -7637.5854492188 1 2 3 4 6 7 13 14 16 17 19 24 25 26 45 48 50 17_854.cif 
2.2690429688 -7637.5800781250 1 4 8 9 12 13 14 16 19 20 28 37 38 40 42 43 47 17_855.cif 
2.2739257813 -7637.5751953125 3 4 7 10 11 12 14 16 19 33 39 40 42 44 45 48 54 17_856.cif 
2.2749023438 -7637.5742187500 1 7 10 12 14 15 17 20 25 27 36 40 42 43 44 45 57 17_857.cif 
2.2836914063 -7637.5654296875 1 2 5 10 11 14 15 19 22 25 28 29 35 37 44 45 58 17_858.cif 
2.2944335938 -7637.5546875000 2 3 6 7 8 9 16 17 24 28 33 34 39 44 47 49 54 17_859.cif 
2.2949218750 -7637.5541992188 2 3 4 8 9 10 12 17 18 23 25 27 29 37 38 41 49 17_860.cif 
2.3115234376 -7637.5375976562 2 3 4 7 9 11 25 26 30 36 37 40 42 43 44 45 56 17_861.cif 
2.3344726563 -7637.5146484375 1 3 4 5 8 11 18 22 23 26 32 38 40 42 43 55 59 17_862.cif 
2.3598632813 -7637.4892578125 1 3 5 7 8 10 15 17 22 26 33 36 41 42 44 45 47 17_863.cif 
2.3627929688 -7637.4863281250 2 4 6 7 8 10 17 19 24 25 27 31 38 39 40 46 51 17_864.cif 
2.4638671876 -7637.3852539062 1 5 10 14 15 18 22 24 27 28 29 34 35 40 46 53 56 17_865.cif 
2.6103515626 -7637.2387695312 4 5 6 7 17 20 21 25 27 28 29 31 38 43 47 48 53 17_866.cif 
2.6782226563 -7637.1708984375 7 10 13 14 16 17 22 23 27 30 31 41 45 46 48 51 60 17_867.cif 
2.8364257813 -7637.0126953125 2 4 9 10 13 14 16 18 23 30 32 46 47 48 49 50 60 17_868.cif 
2.9873046876 -7636.8618164062 3 8 10 11 14 17 18 25 27 35 36 39 44 45 49 52 54 17_869.cif 
3.2119140626 -7636.6372070312 4 10 11 15 21 24 27 28 31 38 39 40 42 44 46 57 59 17_870.cif 
