    -7665.5078125000  1  2  3  4  5  6 18 19 20 21 22 23 24
    -7665.4990234375  1  2  3  4  5  6 19 20 21 22 23 24 42
    -7665.4902343750  1  2  3  4  5  6 19 20 21 22 23 24 35
    -7665.4873046875  1  2  3  4  5  6 19 20 21 22 23 24 34
    -7665.4790039062  1  2  3  4  5  6 19 20 21 22 23 24 36
    -7665.4614257812  1  2  3  4  5  6 19 20 21 22 23 24 38
    -7665.4575195312  1  2  3  4  5  6 19 20 21 22 23 24 41
    -7665.4516601562  1  2  3  4  5  6 16 19 20 21 22 23 24
    -7665.4433593750  1  2  3  4  5  6 15 19 20 21 22 23 24
    -7665.4335937500  1  2  3  4  5  6 19 20 21 22 23 24 31
    -7665.4116210938  1  2  3  4  5  7  8  9 10 11 12 18 26
    -7665.3789062500  1  2  3  4  5  6 17 19 20 22 23 24 42
    -7665.3764648438  1  2  3  4  5  6 11 19 20 21 22 24 35
    -7665.3627929688  1  2  3  4  5  6 19 20 21 22 23 24 25
    -7665.3598632812  1  2  3  4  5  6 17 19 20 22 23 24 36
    -7665.3525390625  1  3  4  5  6  9 11 14 17 19 20 22 24
    -7665.3447265625  1  2  3  4  5  6 16 17 19 20 22 23 24
    -7665.3422851562  1  2  3  4  5  6 11 19 20 21 22 24 27
    -7665.3408203125  1  7  8 11 12 14 15 16 17 18 21 22 23
    -7665.3237304688  1  2  3  4  5  7 17 18 19 20 22 23 24
    -7665.3222656250  1  2  6  7  8 12 15 16 17 18 21 22 23
    -7665.3198242188  2  7  9 11 12 13 15 17 18 20 21 22 26
    -7665.3120117188  1  2  3  4  5  6 19 20 22 23 24 32 45
    -7665.3115234375  1  5  6 10 12 14 15 16 19 20 21 22 23
    -7665.3105468750  1  2  3  4  5  6  7  9 11 12 17 20 34
    -7665.3105468750  1  2  3  4  6 11 13 15 17 20 21 22 24
    -7665.3100585938  1  3  4  5  9 14 16 17 18 19 20 22 24
    -7665.3071289062  1  2  3  4  5  6 19 20 22 23 24 41 42
    -7665.3071289062  1  5  6 10 14 15 16 19 20 21 22 23 24
    -7665.3012695312  1  3  4  7  8  9 11 12 14 17 18 22 28
    -7665.3002929688  1  3  4  7  8  9 11 12 14 16 17 18 22
    -7665.3002929688  7  9 11 12 13 15 16 17 18 20 21 22 26
    -7665.2905273438  1  2  6  7  8 12 15 16 17 21 22 23 35
    -7665.2880859375  1  2  3  4  5  6 20 21 22 23 24 28 34
    -7665.2871093750  1  2  4  5  6  7  8  9 10 11 12 15 17
    -7665.2866210938  1  2  6  7  8 12 15 16 17 21 22 23 25
    -7665.2832031250  1  2  3  4  5  6 19 20 22 23 24 35 41
    -7665.2802734375  1  2  3  4  5  6 10 16 19 20 22 23 24
    -7665.2797851562  1  2  3  4  5  6 11 18 19 20 21 22 24
    -7665.2797851562  1  3  4  7  9 11 17 18 19 20 22 24 25
    -7665.2709960938  1  3  5  9 10 11 14 16 18 19 20 23 24
    -7665.2646484375  1  3  4  5  9 11 14 16 17 18 20 22 24
    -7665.2612304688  1  3  7  8  9 11 12 14 15 17 18 19 22
    -7665.2597656250  1  2  3  4  5  6 10 19 20 22 23 24 35
    -7665.2592773438  1  2  3  4  5  6 15 19 20 21 22 24 40
    -7665.2578125000  1  2  3  4  5  6  9 12 14 17 19 20 22
    -7665.2573242188  1  3  8  9 11 14 15 16 17 18 20 22 24
    -7665.2563476562  3  8  9 11 14 15 16 17 18 19 20 22 24
    -7665.2558593750  3  5  9 14 15 16 18 19 20 21 22 23 24
    -7665.2539062500  1  3  4  7  8  9 11 12 14 17 18 22 40
    -7665.2529296875  1  2  4  6  7 11 12 15 17 18 21 22 37
    -7665.2524414062  1  2  3  4  5  6 19 20 22 23 24 36 45
    -7665.2509765625  1  3  4  7  9 11 14 17 18 19 20 22 25
    -7665.2504882812  1  2  3  4  6  7  9 11 15 17 20 22 34
    -7665.2480468750  1  2  3  4  5  6  9 11 14 17 19 20 22
    -7665.2475585938  1  3  4  7  9 11 14 17 18 19 20 22 34
    -7665.2460937500  1  8 12 14 15 16 17 18 19 21 22 23 26
    -7665.2412109375  1  2  3  4  7  9 11 15 17 20 22 24 34
    -7665.2373046875  1  2  3  4  6 11 15 17 20 21 22 24 37
    -7665.2368164062  1  2  3  4  5  6 11 13 20 21 22 23 24
    -7665.2348632812  1  2  3  4  5  6 10 14 19 20 22 23 24
    -7665.2338867188  1  2  3  4  5  6 17 19 20 22 23 24 25
    -7665.2324218750  1  3  4  7  8  9 10 11 14 17 18 19 22
    -7665.2304687500  1  2  3  4  5  6  9 14 17 19 20 22 23
    -7665.2299804688  1  2  3  4  7  9 11 17 19 20 22 24 34
    -7665.2290039062  1  2  3  4  5  6 15 19 20 21 22 24 31
    -7665.2221679688  1  3  5  9 11 14 16 18 19 20 22 23 24
    -7665.2211914062  1  2  6  7 11 12 15 17 20 21 22 23 25
    -7665.2202148438  1  2  3  4  5  6 14 19 20 22 23 24 41
    -7665.2202148438  1  3  4  7  8  9 10 11 14 18 19 20 22
    -7665.2177734375  1  2  4  5  6  7  8 10 11 12 15 17 22
    -7665.2177734375  8 11 12 14 15 16 17 18 19 21 22 23 26
    -7665.2172851562  3  4  5  9 11 14 16 17 18 19 20 22 24
    -7665.2167968750  1  2  3  4  5  7  8  9 10 11 12 14 17
    -7665.2163085938  3  5  9 10 13 14 16 18 19 20 22 23 24
    -7665.2158203125  1 14 15 16 17 18 19 20 21 22 23 24 46
    -7665.2158203125  1  2  3  4  5  7  8  9 10 11 12 17 18
    -7665.2133789062  1  2  3  4  5  7  8  9 10 11 12 17 26
    -7665.2133789062  3  5  9 14 16 18 19 20 21 22 23 24 31
    -7665.2128906250  1  2  3  4  5  6 11 19 20 21 22 24 37
    -7665.2109375000  3  5  9 10 13 14 16 18 19 20 23 24 25
    -7665.2089843750  1  2  3  4  5  7 11 17 18 19 20 22 24
    -7665.2089843750  1  2  3  4  7  8  9 11 17 20 22 24 34
    -7665.2065429688  1  4  8  9 10 11 12 14 17 18 19 22 26
    -7665.2021484375  3  5  9 14 16 17 18 19 20 21 22 23 24
    -7665.2011718750  1  3  5  9 11 14 16 17 19 20 22 23 24
    -7665.1982421875  1  2  3  4  5  6 12 19 20 22 23 33 36
    -7665.1982421875  1  2  4  6  7 11 12 15 17 18 21 22 46
    -7665.1962890625  1  2  3  4  5  6 10 12 14 19 20 22 23
    -7665.1962890625  1  6  8  9 10 11 12 14 15 17 18 19 22
    -7665.1953125000  1  5  7  8  9 10 11 12 14 15 16 18 19
    -7665.1928710938  1  2  3  4  5  6 11 13 20 21 22 24 35
    -7665.1928710938  1  2  4  6  7 12 15 17 20 21 22 25 28
    -7665.1928710938  1  4  5  7  8  9 10 11 12 14 16 18 41
    -7665.1923828125  4  9 11 13 14 17 18 19 20 21 22 24 29
    -7665.1884765625  1  2  4  5  6 10 12 15 19 20 21 22 23
    -7665.1884765625  1  3  4  7  8  9 11 14 15 17 18 19 22
    -7665.1875000000  1  2  3  4  6 11 13 17 20 21 22 24 39
    -7665.1865234375  1  2  4  5  6 12 15 17 19 20 21 22 23
    -7665.1801757812  1  4  7  8 10 11 15 16 17 18 21 22 24
    -7665.1801757812  8  9 12 14 15 16 17 18 19 21 22 23 26
    -7665.1796875000  1  2  3  4  5  7  8  9 10 11 12 26 27
    -7665.1796875000  1  3  7  8  9 11 14 15 17 18 19 20 22
    -7665.1796875000  1  8 10 12 14 15 16 17 18 19 22 23 26
    -7665.1791992188  1  3  4  7  8  9 10 11 14 17 18 19 25
    -7665.1787109375  1  4 14 15 16 17 18 19 20 21 22 23 24
    -7665.1782226562  2  6  7 10 12 13 15 16 20 21 23 25 34
    -7665.1772460938  1  2  6  7  8 11 12 15 17 21 22 23 25
    -7665.1767578125  2  3  4  6  7 11 13 17 20 21 22 24 39
    -7665.1762695312  9 11 13 14 15 17 18 19 20 21 22 24 29
    -7665.1757812500  1  3  4  7  8  9 11 12 14 17 18 19 25
    -7665.1757812500  1  3  4  7  9 11 12 14 17 18 19 22 25
    -7665.1743164062  3  5  9 10 11 14 16 18 19 20 23 24 37
    -7665.1713867188  1  4  5  7  8  9 10 11 12 14 18 19 41
    -7665.1713867188  8 10 11 14 15 16 17 18 20 21 22 23 24
    -7665.1699218750  1  2  3  4  5  6 17 20 22 23 24 28 34
    -7665.1689453125  8 10 11 14 15 16 17 18 19 20 21 22 24
    -7665.1679687500  1  2  3  4  7  8  9 10 11 12 13 17 18
    -7665.1660156250  1  2  3  4  6 11 13 17 20 21 22 24 35
    -7665.1645507812  1  3  9 14 16 17 18 19 20 21 22 23 24
    -7665.1640625000  1  2  3  4  5  7  8  9 10 11 12 18 21
    -7665.1625976562  1  8  9 10 11 12 14 16 17 18 19 22 23
    -7665.1616210938  1  2  4  5  7  8  9 10 11 12 17 18 48
    -7665.1606445312  1  2  3  4  7  9 11 17 20 22 24 33 34
    -7665.1596679688  9 11 12 13 14 15 17 18 19 20 21 22 26
    -7665.1591796875  3  5  9 10 14 16 18 19 20 22 23 24 34
    -7665.1586914062  1  5 11 14 15 16 17 18 20 21 22 23 24
    -7665.1572265625  1  2  3  4  5 14 19 20 21 22 23 24 30
    -7665.1557617188  2  6  7 10 12 13 15 16 20 21 22 23 25
    -7665.1552734375  2  7  9 11 12 13 15 17 18 20 22 26 33
    -7665.1547851562  1  3  4  7  8 11 12 14 15 17 18 19 22
    -7665.1547851562  2  7  9 11 12 13 15 16 17 18 20 22 26
    -7665.1538085938  1  2  6  7 10 12 15 16 20 21 22 23 25
    -7665.1538085938  1  2  6  7 10 12 15 16 20 21 22 23 37
    -7665.1528320312  1  9 14 15 16 17 18 19 20 21 22 23 24
    -7665.1518554688  1  8  9 10 11 12 14 16 17 18 19 22 26
    -7665.1484375000  1  3  4  5  7  8  9 10 11 14 15 18 19
    -7665.1479492188  1  2  3  4  5  7 14 17 18 19 20 22 23
    -7665.1474609375  2 13 14 15 16 17 18 20 21 22 23 24 36
    -7665.1464843750  2  4  6  7  8 11 12 15 17 18 21 22 35
    -7665.1455078125  2  6  7  9 10 12 13 15 16 17 20 21 25
    -7665.1455078125  8 10 11 14 15 16 17 18 20 21 22 24 27
    -7665.1435546875  1  2  3  4  5  7  8  9 10 11 12 17 48
    -7665.1435546875  1  2  3  4  7  9 17 19 20 22 24 34 42
    -7665.1416015625  1  2  7  8 11 15 16 17 18 21 22 24 27
    -7665.1416015625  1  9 10 14 16 17 18 19 20 22 23 24 34
    -7665.1411132812  2  6  7  9 10 12 13 15 16 20 21 23 25
    -7665.1391601562  1  2  4  6  7 12 15 16 17 18 21 22 23
    -7665.1391601562  1  2  6  7 12 14 15 16 17 21 22 23 37
    -7665.1386718750  2 12 13 14 15 16 17 18 20 21 22 23 36
    -7665.1381835938  1  2  4  6  7 12 15 17 21 22 23 25 28
    -7665.1372070312  1  3  7  8  9 14 15 16 17 18 19 20 22
    -7665.1357421875  1  3  4  5  6  9 11 14 17 19 20 22 36
    -7665.1357421875  1  3  4  5  7  8  9 10 11 12 14 18 27
    -7665.1347656250  1  3  4  7  8  9 10 11 13 14 18 19 20
    -7665.1328125000  1  2  4  6  7 11 12 15 17 21 22 37 46
    -7665.1328125000  3  9 13 14 17 18 19 20 21 22 23 24 40
    -7665.1323242188  1  3  4  7  8 11 14 15 17 18 19 21 22
    -7665.1318359375  1 14 15 16 17 18 19 20 21 22 23 24 29
    -7665.1313476562  1  8 10 14 15 16 17 18 19 21 22 23 26
    -7665.1313476562  3  4  7  8  9 10 11 12 13 14 16 18 30
    -7665.1303710938  1 11 14 15 16 17 18 19 20 21 22 23 24
    -7665.1303710938  1  2  3  4  7  9 11 17 20 22 24 34 47
    -7665.1303710938  1  2  4  6  7 12 15 17 20 21 22 25 34
    -7665.1284179688  8  9 11 12 14 16 17 18 19 21 22 23 26
    -7665.1274414062  1  2  4  5  6  7  8 11 12 15 17 22 29
    -7665.1269531250  3  5  9 10 14 16 18 19 20 23 24 25 34
    -7665.1259765625  1  3  4  7  9 10 11 13 14 18 19 20 34
    -7665.1254882812  1  2  3  4  6  7 12 15 16 20 21 22 25
    -7665.1245117188  1  2  3  4  7  8  9 13 17 19 20 22 24
    -7665.1245117188  3  7  8  9 11 14 15 16 17 18 19 20 22
    -7665.1240234375  1  2  4  6 12 15 17 19 20 21 22 23 24
    -7665.1240234375  1  5  7 11 15 16 17 18 20 21 22 23 24
    -7665.1206054688  1  3  4  5  6  9 11 14 17 19 20 22 26
    -7665.1181640625  2  3  4  6 11 12 15 17 20 21 22 24 37
    -7665.1181640625  2  4  5  6 10 12 15 19 20 21 22 23 36
    -7665.1152343750  1  2  4  6  7  8 10 11 12 15 21 22 34
    -7665.1147460938  2  3  4  5  6 19 20 21 22 23 24 33 39
    -7665.1132812500  1  3  4  9 11 14 17 18 19 20 22 25 26
    -7665.1127929688  1  2  4  6  7 12 15 16 20 21 22 23 25
    -7665.1123046875  2  3  4  6  8 11 12 15 17 20 21 22 24
    -7665.1093750000  2  4  6  7  8 11 12 15 17 18 21 22 37
    -7665.1088867188  1  2  4  6  7 12 14 15 16 17 21 22 23
    -7665.1083984375  1  2  3  4  6  7  8 11 12 15 21 22 27
    -7665.1074218750  2  3  4  5  6 19 20 21 22 23 24 34 38
    -7665.1069335938  1  2  3  4  5  7  8  9 10 11 12 21 36
    -7665.1069335938  2  4  7  8 11 12 15 17 18 21 22 23 24
    -7665.1064453125  2  4  6  8 12 14 15 17 18 19 21 22 23
    -7665.1064453125  3  5  9 10 14 16 18 19 20 23 24 31 37
    -7665.1064453125  3  8  9 11 14 15 16 17 18 19 20 22 36
    -7665.1049804688  1  2  3  4  5  6 14 20 21 22 23 24 37
    -7665.1044921875  1  4  5  8  9 10 11 12 14 18 19 36 41
    -7665.1030273438 10 12 13 14 15 16 17 18 19 20 22 23 24
    -7665.1030273438  1  2  3  4  6  7  8 11 12 15 21 22 37
    -7665.1030273438  1  7  8 11 12 15 16 17 18 21 22 24 27
    -7665.1025390625  1  2  3  4  5  6 17 20 21 22 23 24 37
    -7665.1025390625  2  4 13 14 15 16 17 18 20 21 22 23 36
    -7665.1005859375  1  2  4  6  7 12 15 16 17 18 21 22 37
    -7665.1000976562  1  3  4  5  7  8  9 10 11 12 14 18 36
    -7665.0986328125  1  2  5  6  7 10 12 15 16 20 23 25 29
    -7665.0981445312  2  3  4  5  6 19 20 21 22 23 24 38 39
    -7665.0966796875 10 13 14 15 16 17 18 19 20 22 23 24 34
    -7665.0952148438  1  2  4  6  7  8 10 11 12 15 20 21 34
    -7665.0947265625  3  5  9 10 14 16 18 19 20 23 24 27 37
    -7665.0917968750  1  2  3  4  7  9 13 17 19 20 22 24 34
    -7665.0917968750  3  7  8  9 11 14 15 16 17 18 20 22 43
    -7665.0913085938  1  2  4  6  7  8 11 12 15 17 22 29 46
    -7665.0913085938  3  4  5  7  8  9 10 11 12 14 18 30 43
    -7665.0908203125  1  2  3  4  5  6 20 22 23 24 28 34 45
    -7665.0903320312  1  2  3  4  7  8  9 10 11 12 13 14 17
    -7665.0888671875  3  9 10 14 16 17 18 19 20 22 23 24 34
    -7665.0864257812  1  2  3  4  5  6 20 22 23 24 28 33 34
    -7665.0859375000  1  2  4  6  7 11 12 15 17 21 22 29 46
    -7665.0849609375  1  2  6  7  8 11 12 17 20 21 22 23 35
    -7665.0839843750  1  2  4  6  7  9 10 11 12 13 15 21 25
    -7665.0795898438  1  7  8 10 11 12 15 16 17 18 21 22 24
    -7665.0781250000  1  6  8  9 10 11 12 14 15 17 18 19 37
    -7665.0771484375  1  2  4  7 12 14 15 16 17 18 21 22 23
    -7665.0771484375  1  3  7  8  9 11 12 14 15 17 18 19 34
    -7665.0766601562  1  2  3  5  7  8 14 15 16 18 21 22 23
    -7665.0761718750  2  3  4  5  6 12 19 20 22 23 24 33 39
    -7665.0742187500  1  2  6  7  8 12 15 17 20 21 22 23 35
    -7665.0737304688  1  2  4  7  8 10 11 15 16 17 18 21 22
    -7665.0727539062  1  3  4  9 11 14 17 18 19 20 22 25 48
    -7665.0717773438  1  3  4  7  8  9 10 11 13 14 17 18 43
    -7665.0717773438  2  6  7  8 11 12 15 17 20 21 22 23 25
    -7665.0712890625  1  2  3  4  5  6  7 17 19 20 22 24 27
    -7665.0698242188  2  4  6  7 11 12 15 17 18 21 22 34 37
    -7665.0654296875  1  2  3  4  6  7  8 10 11 12 15 21 22
    -7665.0654296875  1  5  6 10 14 15 16 18 19 20 22 23 24
    -7665.0644531250  1  6  8  9 10 11 12 14 15 17 18 19 34
    -7665.0629882812  2  4  8 12 14 15 17 19 20 21 22 23 24
    -7665.0610351562  1  3  4  6  7  8  9 11 12 14 17 18 22
    -7665.0600585938  2  7  9 11 12 13 15 17 18 21 22 26 33
    -7665.0576171875  1  2  4  7 12 14 15 16 17 18 21 22 37
    -7665.0561523438  1  2  4  6  7 15 16 20 21 22 23 34 41
    -7665.0546875000  1  2  3  5  7  8 12 14 15 16 21 22 23
    -7665.0507812500  1  2  6  8 11 12 15 17 20 21 22 23 24
    -7665.0502929688  1  2  6  7 10 12 14 15 16 17 21 22 23
    -7665.0498046875  1  2  3  4  5  7 11 15 17 18 20 22 47
    -7665.0498046875  1  3  4  5  6 19 20 21 22 23 24 34 38
    -7665.0498046875  1  3  4  7  8  9 10 11 12 14 15 18 34
    -7665.0498046875  2  7  9 11 12 13 15 16 17 20 22 26 45
    -7665.0493164062  1  3  4  7  8  9 10 11 14 17 18 34 43
    -7665.0483398438  4  7  8 11 12 15 16 17 18 21 22 23 24
    -7665.0463867188  1  2  4  6  7  8 11 12 15 21 22 23 33
    -7665.0424804688  1  2  5  6 10 15 16 19 20 22 23 24 45
    -7665.0419921875  1  2  3  4  5  6  7  9 11 17 20 34 47
    -7665.0385742188  1  2  3  4  5  6 19 20 22 23 24 32 43
    -7665.0385742188  1  2  3  4  5  7 11 17 18 20 22 47 48
    -7665.0375976562  1  2  3  4  7 14 15 17 18 19 20 21 22
    -7665.0356445312  1  2  3  4  5  6 14 19 21 22 23 24 37
    -7665.0351562500  1  5  6 10 12 15 16 19 20 22 23 24 29
    -7665.0322265625  2  4  6  8 11 12 15 17 20 21 22 23 24
    -7665.0317382812  2  4  5  6 10 12 16 19 20 21 22 23 36
    -7665.0312500000  1  3  4  7  8  9 11 12 14 15 17 18 34
    -7665.0302734375  1  2  3  4  6  7  8 10 11 15 17 18 22
    -7665.0278320312  2  4  6  7  8 10 11 12 13 15 21 25 42
    -7665.0273437500  1  4  5  7 10 11 12 14 15 20 21 22 28
    -7665.0268554688  1  2  4  5  7 14 15 16 17 18 21 22 23
    -7665.0258789062  2  4  6 12 14 15 17 19 20 21 22 23 24
    -7665.0253906250  3  4  6  7  9 10 11 13 16 17 18 20 34
    -7665.0234375000  1  2  3  4  7  8 14 15 17 18 19 20 22
    -7665.0195312500  1  3  4  7  9 10 11 13 14 17 18 19 34
    -7665.0156250000  2  4 12 14 15 17 19 20 21 22 23 24 34
    -7665.0141601562  2  4  5  6 10 12 13 16 19 20 21 23 36
    -7665.0112304688  1  2  3  4  6  7  8 12 17 21 22 23 35
    -7665.0097656250  1  2  3  5  6  7  9 12 17 19 20 22 27
    -7665.0087890625  1  3  4  7  8  9 11 12 14 17 18 22 38
    -7665.0048828125  1  2  5  7 14 15 16 17 18 21 22 23 44
    -7665.0039062500  9 12 13 14 17 18 19 20 21 22 23 24 40
    -7665.0014648438  1  2  4  6  7 10 11 12 13 15 21 22 25
    -7665.0000000000  1  2  3  5  6 19 20 22 23 24 32 35 37
    -7664.9995117188  2  5  6  7 10 12 15 16 20 21 22 23 25
    -7664.9990234375  1  2  3  5  6  8  9 12 14 19 22 23 33
    -7664.9946289062  1  5  6 10 15 16 18 19 20 22 23 24 45
    -7664.9941406250  1  2  3  4  6  7  8 12 17 22 23 28 35
    -7664.9931640625  1  2  4  6  7  8 11 12 15 21 22 27 33
    -7664.9916992188  1  2  3  4  5  6  7 11 15 17 20 34 47
    -7664.9912109375 10 12 13 14 15 16 17 18 20 21 22 23 24
    -7664.9912109375  2  5  6  7 10 12 15 16 20 21 23 25 29
    -7664.9887695312  1  5  6 12 15 16 19 20 21 22 23 24 45
    -7664.9882812500  2  7  9 10 12 13 15 16 17 20 21 25 36
    -7664.9868164062  1  2  4  6  7  8 10 11 15 17 18 22 23
    -7664.9853515625  1  2  4  6  7  8 12 17 21 22 23 28 35
    -7664.9814453125  1  2  4  6  7 10 11 12 13 15 21 22 23
    -7664.9814453125  1  5  6 15 16 18 19 20 21 22 23 24 35
    -7664.9809570312  3  4  7  8 11 12 14 15 17 18 19 22 33
    -7664.9780273438  1  2  4  6  7 10 11 12 13 15 21 25 42
    -7664.9775390625  2  3  4  6  7  9 10 13 16 17 18 20 34
    -7664.9770507812  1  2  3  4  6  7 12 17 20 22 23 35 37
    -7664.9770507812  2  9 12 13 14 15 16 17 20 21 22 23 36
    -7664.9750976562  3  4  7  8  9 10 11 12 14 17 18 30 43
    -7664.9746093750  1  3  9 14 15 16 17 18 19 20 22 23 25
    -7664.9677734375  2  4  6 11 12 15 17 19 20 21 22 23 24
    -7664.9667968750  1  2  3  4  5 15 19 20 21 22 24 26 31
    -7664.9658203125  1  2  6  7  8 12 17 20 21 22 23 28 35
    -7664.9653320312  1  3  8  9 11 14 15 16 17 18 20 22 47
    -7664.9633789062  2  4  6 12 15 17 19 20 21 22 23 24 45
    -7664.9633789062  2  6  7 10 12 13 15 16 20 21 23 37 40
    -7664.9619140625  1  2  3  4  6  7  8 12 17 21 22 23 44
    -7664.9619140625  1  2  6 11 12 15 17 20 21 22 23 24 37
    -7664.9619140625  2  6  9 13 14 17 18 19 20 21 22 23 40
    -7664.9609375000  1  3  4  8  9 11 14 15 16 17 18 20 22
    -7664.9604492188  1  2  5  6 16 19 20 21 22 23 24 35 37
    -7664.9594726562  3  7  8  9 11 14 15 16 17 18 20 22 38
    -7664.9589843750  1  2  3  4  5 12 15 19 20 21 22 24 26
    -7664.9580078125  1  4  7 12 14 15 16 17 18 21 22 28 37
    -7664.9580078125  2  4  6  8 14 15 16 17 18 19 20 21 22
    -7664.9545898438  1  6  7 11 12 15 16 17 20 21 22 23 24
    -7664.9536132812  1  2  3  6 17 19 20 22 23 24 34 35 37
    -7664.9536132812  2  4  6  7  9 10 11 12 13 15 21 25 42
    -7664.9526367188  2  9 12 13 14 17 18 19 20 21 22 23 36
    -7664.9521484375  1  2  3  5  7 14 15 16 17 18 21 22 23
    -7664.9511718750  1  2  4  6 15 16 17 21 22 23 24 30 34
    -7664.9511718750  1  2  4  6  8 10 11 12 15 17 21 24 34
    -7664.9487304688  4  5  7  8  9 10 11 12 14 17 18 30 43
    -7664.9472656250  1  4  5  7 10 11 12 14 15 17 20 21 22
    -7664.9472656250  2  3  4  6  7  8  9 10 12 13 16 17 30
    -7664.9453125000  1  4  5  7 10 11 12 14 15 20 21 28 37
    -7664.9428710938  1  2  3  4  8 14 15 17 18 19 20 21 22
    -7664.9428710938  1  3  4  7  8 11 12 14 15 17 18 22 41
    -7664.9428710938  2  9 13 14 16 17 18 19 20 21 22 23 38
    -7664.9414062500  2  5  9 13 14 16 17 18 19 20 21 22 23
    -7664.9389648438  2  4  8 12 14 15 16 17 18 19 20 21 22
    -7664.9277343750  3  4  8  9 10 11 12 14 18 19 22 24 34
    -7664.9272460938  3  4  8 11 12 14 15 17 18 19 22 24 33
    -7664.9267578125  1  2  4  6  7 12 17 21 22 23 25 28 31
    -7664.9238281250  1  2  4  6  7  8 12 17 21 22 23 31 39
    -7664.9218750000  1  2  4  7  8 11 15 17 18 22 23 24 33
    -7664.9199218750  2  7  9 10 11 12 13 15 17 20 22 25 36
    -7664.9189453125  2  3  4  8 14 15 16 17 18 19 20 21 22
    -7664.9165039062  1  3  4  6  7  8 11 14 15 17 18 19 22
    -7664.9165039062  2  3  4  7  8  9 10 12 13 14 16 17 30
    -7664.9140625000  2  7  9 10 12 13 15 16 17 20 25 36 45
    -7664.9130859375  1  2  3  6  7 12 17 20 22 23 28 34 35
    -7664.9121093750  1  5  6 12 15 16 19 20 21 22 23 24 38
    -7664.9091796875  2  7  9 10 12 13 15 16 17 20 22 25 36
    -7664.9077148438  2  5  6  9 13 14 17 18 19 20 21 22 23
    -7664.9067382812  1  3  4  8  9 10 11 12 14 18 19 36 41
    -7664.9062500000  1  7  8 10 12 14 15 16 17 21 23 27 37
    -7664.9062500000  2  4  5  6 10 12 13 16 20 21 23 29 36
    -7664.8969726562  1  2  4  6 15 16 17 21 22 23 24 34 44
    -7664.8940429688  1  3  4  8  9 10 11 12 14 18 19 28 36
    -7664.8930664062  1  3  9 14 15 16 17 18 19 20 22 23 48
    -7664.8920898438  3  4  7  8  9 10 12 13 14 16 18 28 30
    -7664.8872070312  1  2  4  6  7  8 12 17 21 22 23 31 38
    -7664.8872070312  3  4  8  9 11 12 14 15 18 19 22 24 33
    -7664.8857421875  1  2  3  4  7  8 16 21 22 23 24 32 41
    -7664.8857421875  1  3  4  8  9 10 11 12 14 18 19 28 34
    -7664.8847656250  1  2  4  6  7  8 11 15 17 18 22 23 33
    -7664.8837890625  2  4  6  7 10 11 12 13 15 20 21 23 30
    -7664.8808593750  1  2  3  4  6  7  8  9 12 13 16 17 34
    -7664.8803710938  1  2  4  7  8 15 16 21 22 23 24 32 41
    -7664.8798828125  1  3  4  7  8 11 14 15 17 18 22 27 43
    -7664.8793945312  1  2  4  6  7  8 12 15 17 21 22 23 35
    -7664.8784179688  3  5  7 11 15 16 18 20 21 22 23 24 34
    -7664.8750000000  1  2  3  4  5  7  8  9 12 16 20 24 33
    -7664.8740234375  1  5  6 15 16 19 20 21 22 23 24 35 45
    -7664.8710937500  3  4  7  8  9 10 12 13 14 16 18 30 43
    -7664.8696289062  1  5  6 10 12 15 16 19 20 22 23 24 38
    -7664.8681640625  2  3  4  6  7  8  9 12 13 16 17 25 30
    -7664.8676757812  1  2  3  4  5  7  8  9 12 19 22 23 33
    -7664.8652343750  1  4  6  7 10 11 12 14 15 21 22 31 34
    -7664.8652343750  3  4  7  8  9 10 12 13 14 16 17 18 30
    -7664.8647460938  1  2  4  7 11 12 14 15 17 20 21 22 33
    -7664.8623046875  1  4  7 10 11 12 14 15 18 21 22 31 34
    -7664.8603515625  1  2  3  4  5  7  8  9 12 19 22 33 48
    -7664.8603515625  1  2  6 15 16 17 20 21 22 23 24 25 48
    -7664.8579101562  1  7  8 10 12 14 15 16 17 21 25 27 31
    -7664.8535156250  1  2  3  4  6  7  8  9 12 13 16 17 21
    -7664.8535156250  1  2  3  7  8 12 14 15 16 21 22 23 24
    -7664.8530273438  1  2  4  6  7 15 16 20 21 22 23 28 41
    -7664.8530273438  1  6  7 12 15 16 17 20 21 22 23 24 43
    -7664.8491210938  3  5  7 11 15 16 18 20 21 22 23 24 32
    -7664.8378906250  1  2  3  5  6  9 12 17 19 20 22 27 37
    -7664.8334960938  1  2  3  5  6  9 12 17 19 20 22 27 34
    -7664.8310546875  2  3  4  6  7  8  9 12 13 16 17 30 46
    -7664.8291015625  1  2  4  6  7 16 20 21 22 23 28 33 34
    -7664.8266601562  1  3  9 14 15 16 17 18 20 22 23 25 28
    -7664.8222656250  1  2  3  7  8 12 15 16 21 22 23 24 44
    -7664.8144531250  1  2  3  4  6  7  9 12 13 16 17 30 46
    -7664.8134765625  1  7 10 12 14 15 16 17 19 21 22 23 27
    -7664.8120117188  1  2  3  4  7  8 12 16 21 22 23 24 32
    -7664.7895507812  2  3  4  5  7  8  9 12 16 20 23 24 33
    -7664.7832031250  1  2  3  4  6 12 15 19 20 21 22 24 33
    -7664.7827148438  2  3  5  7  8  9 12 16 20 23 24 33 35
    -7664.7802734375  1  2  4  5  6 12 15 17 21 22 23 24 46
    -7664.7797851562  2  7  8  9 10 11 12 15 19 20 21 24 34
    -7664.7763671875  2  3  5  7  8  9 12 16 20 23 24 31 33
    -7664.7612304688  4  7 10 11 12 14 15 17 19 20 22 25 45
    -7664.7563476562  4  7 10 11 12 14 15 19 20 21 22 27 34
    -7664.7558593750  7  8  9 10 11 12 15 19 20 21 22 24 25
    -7664.7500000000  1  4  5  7 12 13 14 15 16 17 21 22 28
    -7664.7446289062  1  2  3  4  6  7  9 13 16 17 18 34 43
    -7664.7426757812  2  3  5  7  8  9 12 16 20 23 24 33 39
    -7664.7407226562  7  9 10 11 12 14 15 17 19 20 22 25 45
    -7664.7348632812  1  2  3  5  6  9 12 17 19 22 26 27 34
    -7664.7338867188  1  2  7  8 10 12 14 15 16 17 21 27 31
    -7664.7304687500  7  9 10 12 14 15 16 17 19 20 22 25 40
    -7664.7299804688  1  2  3  4  6  7  8 12 13 15 16 17 26
    -7664.7231445312  2  4  7  8 10 11 12 13 15 21 25 29 42
    -7664.7148437500  1  2  3  4  6  7  8  9 12 13 17 30 46
    -7664.7148437500  2  3  5  7 15 16 18 20 21 23 24 28 30
    -7664.7119140625  2  4  7  8  9 10 11 12 13 15 21 29 42
    -7664.7070312500  1  2  3  4  6  7  8 12 13 16 17 23 26
    -7664.7065429688  1  2  3  4  5  7  8 12 13 15 16 17 26
    -7664.7031250000  2  4  7  8  9 10 11 12 15 20 21 24 29
    -7664.7031250000  4  7 10 11 12 14 15 19 20 21 22 34 45
    -7664.6967773438  7  8 10 11 12 15 18 21 22 23 24 31 36
    -7664.6884765625  7  8 10 11 12 15 18 20 21 22 23 24 36
    -7664.6860351562  1  2  3  5  6  9 12 17 19 21 22 26 27
    -7664.6811523438  7  8  9 10 11 12 15 19 21 22 24 30 34
    -7664.6806640625  1  2  3  4  5  7  8 12 16 17 24 44 47
    -7664.6748046875  1  2  3  4  5  7  8 12 16 17 26 44 47
    -7664.6679687500  7  8  9 10 11 12 15 19 21 22 24 25 30
    -7664.6479492188  2  3  4  5  7  8  9 12 16 23 24 33 44
    -7664.6171875000  2  3  5  7  8  9 12 16 23 24 33 39 44
    -7664.6040039062  1  2  3  4  6  7  9 13 16 17 21 22 43
    -7664.5576171875  1  2  4  5  6 12 17 21 22 23 24 44 46
    -7664.5522460938  1  2  4  5  6 12 16 17 21 22 23 24 49
    -7664.5454101562  1  3  5  7  9 12 14 17 19 22 26 28 35
    -7664.4731445312  8 10 11 12 15 17 18 20 22 23 24 36 37
    -7664.4648437500  4  5  6  7 10 12 14 15 19 20 21 34 46
    -7664.4589843750  1  6  7  9 11 12 14 15 20 22 25 29 34
    -7664.4350585938  8 10 11 12 15 17 20 22 23 24 31 36 37
    -7664.4248046875  1  4  6  7  8 10 12 13 16 17 21 31 34
    -7664.4052734375  8 11 12 13 14 16 17 18 22 23 24 33 41
    -7664.3798828125  3  5  6  9 12 19 20 23 26 31 33 37 40
    -7664.3774414062  3  9 10 11 12 17 20 22 23 24 31 36 37
    -7664.3701171875  5  7  9 14 15 16 18 21 23 24 37 43 44
    -7664.3627929688  2  4  8 12 13 14 16 18 22 23 24 33 41
    -7664.3339843750  3  4  6  7  9 10 11 12 17 25 36 40 42
    -7664.3193359375  5 15 16 18 19 20 21 22 23 33 36 39 46
    -7664.3085937500  3  5  6  9 14 18 19 20 22 23 26 33 45
    -7664.2890625000  1  2  7  9 15 16 20 22 25 27 29 34 48
    -7664.2880859375  3  5  6  9 12 18 19 20 23 26 33 37 40
    -7664.2861328125  3  4  5  6 12 16 19 23 24 30 31 33 46
    -7664.2270507812  3  4  5  6 12 16 19 23 24 30 33 42 46
    -7664.1494140625  1  4  6  7  9 12 13 17 19 22 31 38 40
    -7664.0517578125  1  8 11 14 16 17 18 22 29 36 38 41 47
    -7663.8437500000  1  2  8 13 15 16 20 21 25 29 31 39 48
    -7663.8432617188  1  5  6 11 13 15 20 24 29 31 33 42 48
    -7663.7109375000  3  6  9 13 14 17 19 23 24 30 34 46 55
