0 -7589.2485351562 1 2 3 4 5 7 8 9 10 12 13 14 15 16 17 18 19 20 21 22 23 24 25 40 44 25_1.cif 
.1323242187 -7589.1162109375 1 2 3 4 5 7 8 9 10 12 14 15 16 17 18 19 20 21 22 23 24 25 40 44 48 25_2.cif 
.2143554687 -7589.0341796875 1 2 3 4 5 7 9 10 11 12 13 14 15 16 18 19 20 21 22 24 25 33 36 37 40 25_3.cif 
.2163085937 -7589.0322265625 1 2 3 4 5 7 8 9 10 11 12 14 15 18 19 20 21 22 23 24 26 29 34 36 46 25_4.cif 
.3081054687 -7588.9404296875 1 2 3 4 5 7 9 10 11 12 13 14 15 18 19 20 21 22 23 24 26 33 36 37 39 25_5.cif 
.3125000000 -7588.9360351562 1 2 3 4 5 7 8 9 10 12 14 15 16 18 19 20 21 22 23 24 25 29 40 44 47 25_6.cif 
.3740234374 -7588.8745117188 2 3 4 5 6 7 8 9 10 11 12 13 14 17 18 19 20 21 22 23 26 30 32 39 46 25_7.cif 
.4350585937 -7588.8134765625 1 2 3 4 5 7 9 10 11 12 13 14 15 16 18 20 21 22 24 25 26 34 37 40 47 25_8.cif 
.4389648437 -7588.8095703125 1 2 4 5 6 9 10 11 12 13 14 15 16 18 19 20 21 22 23 25 31 34 36 41 45 25_9.cif 
.4521484374 -7588.7963867188 1 2 3 4 5 6 8 9 10 11 14 15 16 17 18 19 20 23 24 27 32 34 35 36 37 25_10.cif 
.4677734374 -7588.7807617188 1 2 3 5 6 7 8 9 11 12 15 16 17 18 19 20 21 22 23 26 27 34 37 42 45 25_11.cif 
.5366210937 -7588.7119140625 1 2 3 6 7 8 9 10 11 13 14 15 16 17 18 20 21 22 23 31 34 42 43 44 47 25_12.cif 
.5468750000 -7588.7016601562 1 3 4 5 6 8 9 10 11 12 14 15 16 18 19 20 22 23 24 31 32 39 41 44 45 25_13.cif 
.5629882812 -7588.6855468750 1 2 3 4 5 7 8 9 10 11 12 13 16 17 18 19 20 21 24 25 27 30 33 43 46 25_14.cif 
.5644531250 -7588.6840820312 1 2 3 4 5 7 8 9 10 11 12 13 14 15 16 17 19 20 24 32 35 39 45 46 48 25_15.cif 
.5649414062 -7588.6835937500 2 3 4 5 6 7 9 10 11 12 13 14 16 17 18 20 22 23 25 27 28 30 33 34 42 25_16.cif 
.5683593750 -7588.6801757812 1 4 5 6 7 10 11 12 13 15 16 17 18 19 20 21 22 23 26 28 34 35 36 41 46 25_17.cif 
.5903320312 -7588.6582031250 2 4 5 6 7 8 9 10 11 12 13 14 16 17 18 19 20 21 22 23 26 31 39 43 46 25_18.cif 
.5996093750 -7588.6489257812 1 2 3 4 6 7 8 9 10 11 12 13 14 15 18 20 21 24 25 27 29 31 33 44 46 25_19.cif 
.6030273437 -7588.6455078125 1 2 3 4 5 6 7 8 9 10 11 12 13 15 16 18 20 21 24 27 30 31 38 39 48 25_20.cif 
.6035156250 -7588.6450195312 1 2 3 4 5 7 8 9 10 11 12 15 16 18 19 20 23 26 29 31 33 36 37 38 46 25_21.cif 
.6328125000 -7588.6157226562 1 2 3 5 6 7 8 10 11 12 13 14 15 16 17 18 20 21 22 23 24 31 37 47 57 25_22.cif 
.6352539062 -7588.6132812500 1 2 3 4 5 6 7 8 9 10 11 12 15 16 18 19 20 22 26 29 30 36 41 42 43 25_23.cif 
.6640625000 -7588.5844726562 1 2 3 5 6 7 9 10 11 12 13 14 15 16 19 20 22 23 24 25 36 40 41 42 46 25_24.cif 
.6650390624 -7588.5834960938 1 2 3 4 5 6 8 9 11 12 13 17 18 20 21 22 23 24 25 26 35 36 40 41 44 25_25.cif 
.6787109374 -7588.5698242188 1 2 5 6 8 9 10 11 12 13 14 15 16 17 19 20 21 23 24 25 32 35 43 44 45 25_26.cif 
.6962890624 -7588.5522460938 2 3 4 5 6 7 8 9 11 12 14 15 16 17 18 20 21 23 24 26 33 36 37 40 42 25_27.cif 
.6987304687 -7588.5498046875 1 2 3 4 5 7 8 10 11 12 13 14 16 18 20 21 22 24 26 27 34 35 38 41 47 25_28.cif 
.7084960937 -7588.5400390625 1 3 4 5 6 9 10 11 12 13 14 16 18 19 20 21 22 24 25 26 32 34 35 39 44 25_29.cif 
.7260742187 -7588.5224609375 2 3 4 6 7 10 11 13 14 15 16 17 18 19 20 21 22 24 31 34 35 36 37 44 47 25_30.cif 
.7353515624 -7588.5131835938 1 2 3 4 5 6 7 8 9 11 12 15 16 18 20 22 24 27 29 30 32 33 37 38 41 25_31.cif 
.7392578124 -7588.5092773438 1 2 3 5 6 7 9 10 13 15 17 18 19 20 21 22 23 24 28 32 37 42 43 46 47 25_32.cif 
.7431640624 -7588.5053710938 1 2 3 4 5 7 8 9 10 11 12 15 16 17 18 19 22 34 35 36 38 41 42 45 48 25_33.cif 
.7529296874 -7588.4956054688 1 2 3 5 6 8 9 10 11 12 13 15 16 17 18 19 20 21 22 25 27 38 39 43 45 25_34.cif 
.7597656250 -7588.4887695312 2 3 4 5 7 9 10 11 13 14 16 17 18 19 20 21 22 24 26 32 34 40 44 45 46 25_35.cif 
.7602539062 -7588.4882812500 1 2 3 4 6 7 8 9 10 11 12 13 15 17 22 23 24 27 28 34 36 37 42 44 45 25_36.cif 
.7626953124 -7588.4858398438 1 3 4 5 7 9 10 11 12 13 14 16 18 19 20 21 22 23 24 32 39 41 44 45 47 25_37.cif 
.7690429687 -7588.4794921875 1 3 4 5 6 8 10 11 12 13 14 15 16 17 20 22 23 24 28 29 30 32 37 43 44 25_38.cif 
.7695312500 -7588.4790039062 2 3 4 5 6 7 8 9 10 13 14 16 17 18 19 20 21 22 23 24 26 30 39 43 60 25_39.cif 
.7744140624 -7588.4741210938 1 2 3 4 5 6 7 8 10 11 12 13 15 17 18 19 22 23 27 28 34 36 37 42 44 25_40.cif 
.7812500000 -7588.4672851562 2 4 5 6 7 8 9 10 11 12 13 14 16 18 19 20 21 23 26 27 32 37 39 45 46 25_41.cif 
.7832031250 -7588.4653320312 1 2 3 4 5 6 7 8 9 10 11 12 13 16 17 18 22 24 27 31 34 38 45 47 48 25_42.cif 
.7861328124 -7588.4624023438 2 3 4 5 6 7 9 10 11 12 13 14 16 18 20 21 23 25 28 31 32 34 37 43 45 25_43.cif 
.7915039062 -7588.4570312500 1 2 3 4 5 7 8 10 11 12 13 18 19 20 21 22 24 26 27 28 35 38 39 41 47 25_44.cif 
.7919921874 -7588.4565429688 1 3 5 6 7 9 10 11 13 14 16 17 19 20 21 22 23 24 26 28 30 32 35 45 46 25_45.cif 
.7929687500 -7588.4555664062 3 4 7 8 10 11 12 13 14 16 17 18 19 20 21 23 24 25 26 27 28 30 35 46 47 25_46.cif 
.7934570312 -7588.4550781250 1 2 3 4 5 6 9 10 13 14 15 16 17 19 20 21 22 23 25 26 31 32 44 45 48 25_47.cif 
.7968750000 -7588.4516601562 1 2 4 5 7 8 9 10 11 14 15 16 17 20 21 22 23 24 25 27 32 34 36 42 47 25_48.cif 
.7983398437 -7588.4501953125 1 3 4 6 7 10 11 12 13 15 16 17 18 19 20 21 22 25 27 33 35 37 42 43 46 25_49.cif 
.8012695312 -7588.4472656250 1 3 5 6 8 9 11 12 13 14 16 17 18 19 20 21 22 23 24 26 28 36 38 39 40 25_50.cif 
.8022460937 -7588.4462890625 1 2 3 4 7 8 9 10 11 13 14 15 18 19 20 22 24 25 28 29 32 33 37 45 47 25_51.cif 
.8027343750 -7588.4458007812 2 4 6 7 8 9 10 11 12 14 15 17 19 20 21 22 23 24 25 28 32 38 41 43 46 25_52.cif 
.8134765624 -7588.4350585938 1 2 3 4 5 6 7 8 9 10 11 14 19 20 21 22 23 24 28 30 31 40 42 43 45 25_53.cif 
.8159179687 -7588.4326171875 1 3 6 7 9 10 12 14 15 16 17 18 19 20 22 23 24 25 26 28 32 37 40 45 46 25_54.cif 
.8183593750 -7588.4301757812 1 2 3 4 6 7 8 9 10 11 14 16 17 20 22 23 24 25 30 31 32 37 44 45 47 25_55.cif 
.8203125000 -7588.4282226562 1 4 5 6 7 8 10 11 12 13 15 16 18 19 20 22 23 24 27 29 33 34 36 40 46 25_56.cif 
.8212890624 -7588.4272460938 2 4 5 9 10 11 12 14 15 16 17 18 19 20 21 22 23 24 29 33 36 38 44 47 48 25_57.cif 
.8242187500 -7588.4243164062 1 2 3 5 6 7 8 9 10 11 12 13 15 17 18 23 24 25 26 28 29 30 46 47 48 25_58.cif 
.8247070312 -7588.4238281250 1 2 3 4 5 6 9 10 11 12 13 14 15 17 20 22 23 24 25 29 30 33 44 47 48 25_59.cif 
.8256835937 -7588.4228515625 1 2 3 4 6 7 8 9 10 11 14 16 17 18 19 21 22 25 32 34 35 36 41 44 46 25_60.cif 
.8291015624 -7588.4194335938 1 2 3 5 6 7 9 11 13 14 15 16 17 18 22 23 24 26 28 29 30 32 45 46 47 25_61.cif 
.8359375000 -7588.4125976562 1 2 4 5 7 8 9 10 11 14 15 16 17 20 21 22 24 25 27 31 32 34 36 37 42 25_62.cif 
.8364257812 -7588.4121093750 1 3 4 5 6 8 10 11 12 14 15 16 17 18 19 20 21 22 24 25 31 35 37 38 54 25_63.cif 
.8413085937 -7588.4072265625 1 2 3 4 6 7 9 10 11 12 14 15 17 18 19 20 21 22 31 32 35 38 46 47 48 25_64.cif 
.8417968750 -7588.4067382812 1 2 4 6 7 8 9 10 11 12 13 16 17 18 19 20 22 25 26 29 32 33 40 46 47 25_65.cif 
.8481445312 -7588.4003906250 1 3 4 6 8 9 10 11 13 14 15 16 17 18 19 20 22 27 32 36 39 40 41 44 46 25_66.cif 
.8491210937 -7588.3994140625 1 2 4 5 6 7 8 9 10 11 12 14 15 16 17 20 24 26 27 29 34 35 37 45 46 25_67.cif 
.8549804687 -7588.3935546875 1 2 4 5 7 8 9 10 11 12 14 15 18 20 21 22 24 27 29 31 32 38 45 46 47 25_68.cif 
.8569335937 -7588.3916015625 1 2 3 4 5 6 7 9 10 13 14 15 16 17 18 19 20 21 22 23 29 37 40 48 54 25_69.cif 
.8588867187 -7588.3896484375 1 2 3 4 5 6 7 8 12 14 15 18 19 21 22 23 24 30 34 40 41 42 43 45 47 25_70.cif 
.8632812500 -7588.3852539062 2 3 4 5 6 7 8 9 10 11 14 15 17 18 20 22 24 29 34 37 40 42 43 44 45 25_71.cif 
.8696289062 -7588.3789062500 1 2 3 4 5 7 8 9 12 14 15 16 17 18 19 22 23 26 27 28 29 30 31 32 38 25_72.cif 
.8759765624 -7588.3725585938 1 2 3 5 7 8 9 10 15 16 18 19 20 21 22 23 26 27 30 32 35 36 38 40 46 25_73.cif 
.8774414062 -7588.3710937500 1 2 3 4 5 6 8 10 11 12 13 14 16 17 18 19 23 24 32 35 37 38 40 44 45 25_74.cif 
.8779296874 -7588.3706054688 3 4 7 8 9 10 11 12 13 14 15 19 20 21 22 23 24 26 27 28 29 30 32 33 40 25_75.cif 
.8833007812 -7588.3652343750 1 2 3 4 5 6 7 9 10 11 14 15 16 18 19 21 22 24 25 34 40 41 43 44 46 25_76.cif 
.8857421874 -7588.3627929688 1 2 3 4 6 7 11 12 13 14 17 18 19 20 21 22 23 24 25 26 33 39 41 42 47 25_77.cif 
.8872070312 -7588.3613281250 1 2 3 4 6 7 9 10 13 14 15 16 18 20 21 22 23 25 26 28 41 42 43 46 47 25_78.cif 
.8876953124 -7588.3608398438 3 4 6 7 9 10 11 12 13 14 15 16 18 19 20 21 22 24 25 32 33 37 43 46 56 25_79.cif 
.8881835937 -7588.3603515625 1 2 3 4 6 7 8 9 10 11 14 15 18 19 20 22 23 24 25 27 31 40 42 43 46 25_80.cif 
.8911132812 -7588.3574218750 1 2 3 4 6 8 9 10 11 12 13 14 15 16 17 18 23 24 25 27 30 34 37 46 47 25_81.cif 
.8916015624 -7588.3569335938 1 2 3 4 5 6 8 9 10 11 14 16 17 20 22 23 24 25 30 31 32 34 40 44 47 25_82.cif 
.8920898437 -7588.3564453125 1 2 3 4 5 7 8 10 12 14 15 16 18 19 20 21 22 23 24 29 37 40 44 47 55 25_83.cif 
.8925781250 -7588.3559570312 1 4 5 6 7 8 9 10 11 14 15 16 18 19 20 21 22 24 28 31 33 34 38 40 41 25_84.cif 
.8935546874 -7588.3549804688 1 2 3 5 6 7 9 11 13 14 15 16 17 18 22 23 24 25 26 28 29 30 45 46 47 25_85.cif 
.8940429687 -7588.3544921875 1 2 4 5 6 8 9 10 11 12 13 14 16 17 18 19 21 23 26 27 28 33 38 39 42 25_86.cif 
.9008789062 -7588.3476562500 1 2 3 4 5 6 8 9 10 11 13 14 16 17 18 20 24 30 32 35 37 38 39 40 45 25_87.cif 
.9023437500 -7588.3461914062 1 4 5 6 8 9 10 11 12 14 15 16 18 19 21 22 24 28 31 33 34 38 41 44 47 25_88.cif 
.9042968750 -7588.3442382812 1 2 4 5 6 7 9 10 11 12 15 16 17 19 20 21 23 24 25 27 29 34 37 44 55 25_89.cif 
.9047851562 -7588.3437500000 1 2 3 4 5 6 7 8 9 10 11 12 16 18 21 22 24 27 29 34 38 43 45 47 48 25_90.cif 
.9062500000 -7588.3422851562 1 2 3 4 5 6 7 8 10 14 15 16 17 19 21 22 23 26 31 32 35 42 43 44 45 25_91.cif 
.9096679687 -7588.3388671875 2 3 5 7 8 9 10 11 13 14 15 16 17 18 20 23 24 26 27 32 34 37 42 44 45 25_92.cif 
.9111328124 -7588.3374023438 1 3 4 5 6 7 8 11 13 14 16 17 18 19 20 21 22 23 30 32 38 41 45 46 47 25_93.cif 
.9174804687 -7588.3310546875 1 2 3 4 5 6 7 9 10 12 14 15 16 17 20 22 24 26 29 30 34 35 40 44 45 25_94.cif 
.9184570312 -7588.3300781250 1 2 3 5 6 7 9 12 14 15 16 17 18 19 20 22 23 24 26 27 32 40 42 45 46 25_95.cif 
.9204101562 -7588.3281250000 1 4 6 7 10 12 13 14 15 16 17 18 19 20 22 23 24 26 28 31 33 34 39 43 45 25_96.cif 
.9223632812 -7588.3261718750 2 3 5 6 7 9 10 11 12 13 14 15 17 19 20 21 22 23 25 38 41 42 43 46 47 25_97.cif 
.9257812500 -7588.3227539062 1 2 3 4 5 7 8 9 10 14 15 17 18 20 22 24 31 32 33 34 35 36 40 42 47 25_98.cif 
.9277343750 -7588.3208007812 2 5 6 8 9 10 11 12 13 14 16 17 18 19 21 22 24 26 30 32 35 39 41 44 45 25_99.cif 
.9282226562 -7588.3203125000 1 2 4 6 7 9 10 11 12 13 15 16 17 18 19 21 24 25 26 32 36 37 39 41 45 25_100.cif 
.9301757812 -7588.3183593750 1 4 5 6 7 10 11 13 15 16 17 18 19 20 21 22 23 26 28 33 34 35 36 41 46 25_101.cif 
.9316406250 -7588.3168945312 1 3 4 5 6 8 10 12 13 14 15 16 17 19 21 22 23 24 27 32 36 38 44 45 46 25_102.cif 
.9350585937 -7588.3134765625 2 3 4 5 7 9 10 12 13 14 15 16 17 18 20 22 24 34 36 37 39 40 41 45 46 25_103.cif 
.9370117187 -7588.3115234375 1 2 5 6 7 8 9 10 11 13 16 17 18 19 21 22 23 24 27 30 31 38 42 47 48 25_104.cif 
.9458007812 -7588.3027343750 1 2 4 5 6 8 9 10 11 12 13 15 16 19 20 21 22 24 25 27 33 37 38 43 48 25_105.cif 
.9467773437 -7588.3017578125 1 4 5 6 7 8 9 10 11 13 14 16 18 19 20 21 22 24 27 34 36 39 41 45 48 25_106.cif 
.9472656250 -7588.3012695312 1 2 3 4 5 6 7 8 10 11 12 13 16 17 20 21 26 27 31 34 36 39 44 45 46 25_107.cif 
.9492187500 -7588.2993164062 2 3 4 6 7 9 11 12 13 15 16 17 18 19 20 21 25 26 27 32 33 37 38 39 46 25_108.cif 
.9497070312 -7588.2988281250 1 2 4 5 6 7 8 9 11 12 13 14 15 16 18 22 23 24 27 31 32 33 34 43 45 25_109.cif 
.9506835937 -7588.2978515625 1 2 3 5 7 8 10 11 13 14 15 16 17 19 20 21 23 24 26 32 34 42 45 47 48 25_110.cif 
.9531250000 -7588.2954101562 1 2 3 6 7 8 9 11 12 13 14 15 16 17 22 23 24 25 29 33 36 40 42 44 48 25_111.cif 
.9555664062 -7588.2929687500 1 3 4 5 6 7 8 9 10 11 12 13 15 16 17 18 19 20 21 27 31 41 43 46 54 25_112.cif 
.9609375000 -7588.2875976562 1 2 3 4 5 7 8 10 13 14 15 17 18 20 21 22 23 24 26 35 36 39 40 41 46 25_113.cif 
.9658203124 -7588.2827148438 2 3 4 5 9 10 11 12 15 16 17 18 19 20 21 22 23 24 29 33 36 38 44 47 48 25_114.cif 
.9682617187 -7588.2802734375 1 3 6 7 8 9 10 11 13 14 15 16 17 18 19 21 22 25 30 32 33 34 40 42 46 25_115.cif 
.9692382812 -7588.2792968750 1 2 3 5 7 9 10 12 13 16 17 18 19 20 21 22 23 27 35 36 38 39 41 42 48 25_116.cif 
.9697265624 -7588.2788085938 1 3 4 6 7 8 9 10 11 12 17 18 20 21 22 23 24 28 31 35 38 40 42 43 45 25_117.cif 
.9702148437 -7588.2783203125 1 2 3 4 5 7 8 9 10 14 15 16 18 20 22 24 30 31 32 33 34 35 36 40 44 25_118.cif 
.9707031250 -7588.2778320312 2 3 4 6 7 10 11 13 14 16 17 18 19 20 21 23 24 25 26 35 37 42 43 44 46 25_119.cif 
.9750976562 -7588.2734375000 1 3 4 5 6 7 8 9 11 12 14 15 16 18 21 22 23 25 28 29 37 39 42 43 48 25_120.cif 
.9790039062 -7588.2695312500 1 2 3 4 5 7 8 9 10 12 13 14 18 19 20 21 22 23 24 36 40 41 42 46 59 25_121.cif 
.9794921874 -7588.2690429688 1 2 3 4 5 6 7 9 10 11 12 13 15 16 18 23 24 28 29 31 32 34 40 46 47 25_122.cif 
.9814453124 -7588.2670898438 1 2 4 6 8 9 10 11 12 13 14 16 17 18 19 20 21 22 26 29 35 36 37 39 51 25_123.cif 
.9819335937 -7588.2666015625 1 2 3 4 5 7 9 12 14 15 16 17 18 19 21 22 23 24 26 28 29 31 37 44 51 25_124.cif 
.9829101562 -7588.2656250000 1 2 3 4 5 7 8 9 10 11 12 13 19 20 22 23 24 25 27 28 32 35 40 41 48 25_125.cif 
.9838867187 -7588.2646484375 1 3 4 5 6 9 10 11 14 15 16 17 18 19 20 21 22 24 25 34 36 41 42 44 50 25_126.cif 
.9853515624 -7588.2631835938 1 2 3 4 6 7 8 10 11 14 15 17 18 19 20 21 22 23 24 33 36 42 43 46 49 25_127.cif 
.9897460937 -7588.2587890625 2 4 6 7 8 9 10 12 13 14 15 17 20 21 22 24 28 30 33 34 37 40 42 43 47 25_128.cif 
.9902343750 -7588.2583007812 2 3 4 5 6 7 9 10 12 13 14 16 18 19 20 21 22 23 24 25 26 34 35 43 55 25_129.cif 
.9946289062 -7588.2539062500 2 3 4 5 6 8 9 10 11 14 15 17 18 19 20 21 23 26 27 30 32 34 37 41 46 25_130.cif 
.9980468750 -7588.2504882812 1 2 5 7 8 9 10 11 12 13 14 15 16 20 21 22 23 30 33 34 35 36 42 45 47 25_131.cif 
.9985351562 -7588.2500000000 1 2 3 4 5 6 7 9 10 11 12 13 16 19 20 21 23 26 30 31 33 34 41 45 47 25_132.cif 
1.0019531250 -7588.2465820312 2 3 4 5 6 7 9 10 12 13 14 15 17 21 22 23 25 28 29 30 33 40 42 43 44 25_133.cif 
1.0034179687 -7588.2451171875 1 2 3 4 5 6 7 8 9 10 11 12 16 18 19 20 22 23 25 26 29 35 43 46 53 25_134.cif 
1.0063476562 -7588.2421875000 1 2 3 5 6 8 9 10 11 14 17 19 20 22 24 27 29 32 35 36 37 40 41 42 44 25_135.cif 
1.0068359374 -7588.2416992188 1 2 3 4 5 6 8 10 11 14 16 18 20 21 23 24 26 27 30 32 33 34 37 38 43 25_136.cif 
1.0102539062 -7588.2382812500 1 2 3 4 5 6 10 13 14 15 16 18 19 20 21 24 25 26 29 31 32 33 34 35 39 25_137.cif 
1.0112304687 -7588.2373046875 1 2 3 4 5 6 7 8 10 14 15 16 17 18 19 21 22 23 25 26 32 36 40 41 48 25_138.cif 
1.0141601562 -7588.2343750000 1 2 3 6 7 8 9 10 11 12 15 16 17 19 20 22 23 24 27 33 38 39 43 44 47 25_139.cif 
1.0146484374 -7588.2338867188 1 3 5 6 7 8 9 10 12 14 16 17 18 19 20 21 22 24 25 30 31 38 40 44 47 25_140.cif 
1.0166015624 -7588.2319335938 1 2 3 5 6 7 8 9 15 16 19 20 21 22 23 24 33 34 35 36 39 41 42 44 45 25_141.cif 
1.0239257812 -7588.2246093750 1 2 3 5 6 7 9 10 13 16 17 18 19 20 22 23 24 28 31 32 33 42 46 47 48 25_142.cif 
1.0288085937 -7588.2197265625 1 2 3 4 5 6 7 9 10 11 13 14 18 20 22 24 27 28 30 34 35 39 43 44 47 25_143.cif 
1.0292968750 -7588.2192382812 1 2 3 5 7 9 11 12 14 15 17 18 19 21 22 23 24 25 29 30 32 38 44 47 48 25_144.cif 
1.0297851562 -7588.2187500000 1 3 4 5 6 9 10 11 13 14 17 18 19 20 21 23 24 25 31 34 37 38 40 41 45 25_145.cif 
1.0322265624 -7588.2163085938 2 4 5 6 7 8 10 11 12 13 14 15 18 20 21 22 23 24 28 29 37 40 41 44 49 25_146.cif 
1.0327148437 -7588.2158203125 1 2 3 4 5 6 7 8 9 10 11 12 13 16 17 19 20 21 31 35 37 39 42 44 51 25_147.cif 
1.0341796874 -7588.2143554688 1 2 4 5 6 7 9 10 11 13 14 15 20 21 22 24 25 28 29 30 39 44 45 46 48 25_148.cif 
1.0371093750 -7588.2114257812 3 4 6 7 8 9 11 12 13 14 17 18 19 20 21 22 24 25 27 31 36 37 43 45 48 25_149.cif 
1.0458984374 -7588.2026367188 1 3 4 8 9 11 13 14 15 17 18 19 20 21 22 24 25 29 30 32 35 38 40 41 46 25_150.cif 
1.0502929687 -7588.1982421875 2 3 4 5 8 9 10 11 13 14 15 18 20 21 22 24 26 28 32 33 34 36 42 45 47 25_151.cif 
1.0527343750 -7588.1958007812 1 2 3 4 5 6 8 10 11 12 14 15 17 18 19 20 21 22 29 35 36 37 46 48 52 25_152.cif 
1.0532226562 -7588.1953125000 1 2 7 8 9 11 12 13 14 15 17 18 19 20 21 22 23 27 29 30 32 33 34 41 45 25_153.cif 
1.0551757812 -7588.1933593750 3 4 5 6 8 10 11 13 14 15 16 18 19 20 21 23 24 29 35 38 39 40 41 42 44 25_154.cif 
1.0595703124 -7588.1889648438 1 2 4 6 8 9 10 11 12 13 15 16 17 18 20 22 25 26 29 32 33 40 46 47 48 25_155.cif 
1.0615234374 -7588.1870117188 1 2 3 4 8 9 10 11 12 14 15 17 18 19 20 22 23 24 26 29 30 34 37 39 52 25_156.cif 
1.0629882812 -7588.1855468750 1 2 3 5 6 8 9 10 11 12 14 15 16 18 19 20 23 28 29 30 33 36 40 41 48 25_157.cif 
1.0639648437 -7588.1845703125 2 3 4 5 6 7 8 9 10 11 14 17 18 19 20 21 22 23 24 32 36 41 46 47 55 25_158.cif 
1.0659179687 -7588.1826171875 1 2 4 5 6 7 9 10 12 13 14 16 17 18 19 20 22 27 28 36 39 40 42 44 46 25_159.cif 
1.0673828124 -7588.1811523438 1 2 3 4 6 7 8 9 10 11 12 14 15 17 18 19 20 21 24 31 41 44 45 47 48 25_160.cif 
1.0683593750 -7588.1801757812 2 3 6 8 10 12 13 14 15 16 17 18 19 20 21 22 23 25 31 34 39 41 43 46 48 25_161.cif 
1.0708007812 -7588.1777343750 1 2 3 4 5 6 7 8 9 10 13 14 18 19 20 22 23 27 28 34 39 41 45 47 48 25_162.cif 
1.0722656250 -7588.1762695312 1 2 3 5 7 9 11 12 13 15 17 18 19 21 22 24 25 26 27 29 32 35 38 43 46 25_163.cif 
1.0727539062 -7588.1757812500 2 3 4 5 6 8 9 10 11 12 14 16 17 19 20 21 23 24 26 27 37 42 44 45 55 25_164.cif 
1.0732421874 -7588.1752929688 2 5 7 8 10 12 13 14 15 16 17 18 20 21 22 23 30 31 33 35 36 37 39 43 48 25_165.cif 
1.0742187500 -7588.1743164062 1 3 4 5 6 8 10 11 13 14 15 16 17 19 20 22 23 24 28 29 30 32 33 37 59 25_166.cif 
1.0751953124 -7588.1733398438 1 2 3 4 6 7 8 10 11 12 14 15 18 19 20 21 22 23 24 29 34 36 46 48 54 25_167.cif 
1.0771484374 -7588.1713867188 1 4 5 6 7 8 9 10 11 12 14 17 18 21 22 24 28 30 31 32 34 38 39 40 42 25_168.cif 
1.0781250000 -7588.1704101562 1 3 4 5 6 8 9 10 11 12 13 14 15 18 19 20 22 24 25 31 33 39 41 45 49 25_169.cif 
1.0786132812 -7588.1699218750 1 2 3 4 6 7 8 9 10 13 14 16 17 18 19 20 21 23 26 27 33 38 39 46 47 25_170.cif 
1.0791015624 -7588.1694335938 2 3 4 5 6 7 9 11 12 15 16 17 18 20 21 24 25 26 29 30 35 37 40 41 46 25_171.cif 
1.0825195312 -7588.1660156250 1 5 7 8 9 10 11 12 13 14 15 16 18 20 21 23 24 28 29 31 34 36 37 41 56 25_172.cif 
1.0834960937 -7588.1650390625 3 5 6 7 8 9 10 11 12 15 16 18 20 21 22 24 25 26 27 28 33 35 40 44 45 25_173.cif 
1.0952148437 -7588.1533203125 1 2 3 4 6 7 8 9 10 12 14 15 16 18 19 20 21 23 25 30 40 44 45 46 49 25_174.cif 
1.0961914062 -7588.1523437500 1 4 7 8 10 11 12 13 15 17 18 19 20 21 23 24 25 28 29 31 38 43 44 46 48 25_175.cif 
1.0976562500 -7588.1508789062 1 2 4 5 6 8 9 10 11 12 13 14 15 16 17 18 20 24 27 29 32 34 36 48 51 25_176.cif 
1.0986328124 -7588.1499023438 1 2 3 4 6 8 9 11 12 13 14 15 17 18 19 22 23 24 29 30 32 34 36 47 54 25_177.cif 
1.1015625000 -7588.1469726562 2 3 4 5 6 8 9 10 11 12 13 14 16 17 19 20 22 24 32 33 34 36 39 46 55 25_178.cif 
1.1030273437 -7588.1455078125 2 3 5 6 8 9 11 12 13 14 15 18 19 21 22 23 24 29 31 32 37 40 44 46 47 25_179.cif 
1.1035156250 -7588.1450195312 1 2 4 6 7 8 9 11 12 13 14 17 18 19 20 21 25 27 29 34 39 40 41 42 47 25_180.cif 
1.1040039062 -7588.1445312500 1 2 4 5 6 7 8 9 10 11 12 13 14 15 16 17 22 24 30 32 37 38 39 41 58 25_181.cif 
1.1044921874 -7588.1440429688 1 3 4 5 6 7 8 9 10 11 13 15 16 21 22 24 25 29 32 38 39 40 42 43 44 25_182.cif 
1.1083984374 -7588.1401367188 1 2 3 7 9 11 12 13 15 17 18 19 20 21 22 24 28 34 35 38 40 42 46 47 48 25_183.cif 
1.1093750000 -7588.1391601562 1 2 6 8 9 10 11 12 14 15 16 17 18 20 23 24 26 28 31 35 36 37 41 45 46 25_184.cif 
1.1108398437 -7588.1376953125 1 2 3 5 6 9 10 11 12 14 17 18 19 20 21 22 24 27 31 32 34 42 43 45 47 25_185.cif 
1.1123046874 -7588.1362304688 1 2 3 4 7 8 9 10 11 14 16 18 21 22 23 24 25 27 29 31 32 37 40 41 46 25_186.cif 
1.1127929687 -7588.1357421875 1 3 4 6 7 8 9 10 12 14 15 17 18 19 21 23 24 29 31 32 34 35 38 42 46 25_187.cif 
1.1132812500 -7588.1352539062 3 6 7 8 9 10 11 12 13 14 15 16 17 19 21 24 25 28 29 32 33 39 42 46 47 25_188.cif 
1.1137695312 -7588.1347656250 2 3 6 7 8 9 10 11 12 13 14 15 17 20 21 22 23 24 29 31 32 33 34 42 60 25_189.cif 
1.1147460937 -7588.1337890625 3 5 6 7 9 12 13 15 16 17 18 19 20 21 22 24 25 26 27 28 29 37 40 43 46 25_190.cif 
1.1166992187 -7588.1318359375 1 2 5 6 8 10 11 12 13 14 15 16 17 18 19 21 23 24 28 31 32 35 42 43 44 25_191.cif 
1.1186523437 -7588.1298828125 1 3 4 6 7 8 9 10 11 13 16 17 19 21 22 23 25 28 32 36 37 39 42 44 47 25_192.cif 
1.1220703124 -7588.1264648438 1 3 4 6 8 9 11 13 14 15 19 20 21 22 23 24 27 28 29 36 41 42 44 45 46 25_193.cif 
1.1254882812 -7588.1230468750 1 2 3 4 7 9 10 11 12 14 16 17 18 19 20 21 23 24 25 34 37 40 44 48 57 25_194.cif 
1.1279296874 -7588.1206054688 1 2 5 6 10 11 13 14 15 16 17 18 19 20 21 22 23 26 30 31 34 37 39 40 47 25_195.cif 
1.1308593750 -7588.1176757812 1 2 4 5 6 9 10 11 12 13 15 17 18 20 21 22 25 32 33 34 35 36 41 43 47 25_196.cif 
1.1352539062 -7588.1132812500 3 4 7 8 9 10 11 13 14 16 17 18 20 21 23 24 25 26 27 32 35 40 41 44 46 25_197.cif 
1.1396484374 -7588.1088867188 1 2 3 4 5 7 8 9 10 11 12 13 14 16 19 20 21 23 27 33 34 40 46 48 49 25_198.cif 
1.1416015624 -7588.1069335938 1 4 6 8 9 10 11 12 13 14 16 18 19 20 22 23 24 28 32 33 34 35 39 40 48 25_199.cif 
1.1440429687 -7588.1044921875 1 3 4 5 7 8 9 10 11 12 14 17 19 20 21 22 23 24 27 29 32 38 40 42 51 25_200.cif 
1.1450195312 -7588.1035156250 1 2 3 4 5 6 7 8 9 10 11 13 17 18 19 22 23 24 25 29 32 33 34 40 59 25_201.cif 
1.1459960937 -7588.1025390625 3 5 6 8 10 11 12 13 14 15 18 19 21 22 23 24 28 31 35 36 41 42 43 44 46 25_202.cif 
1.1513671874 -7588.0971679688 1 3 4 7 8 9 10 11 12 14 17 19 20 21 22 24 26 31 32 33 35 37 39 44 48 25_203.cif 
1.1523437500 -7588.0961914062 1 3 4 6 8 9 13 14 15 16 17 18 19 20 21 22 26 28 29 30 31 32 43 47 48 25_204.cif 
1.1538085937 -7588.0947265625 3 4 6 9 11 12 13 14 15 17 20 21 22 23 24 25 28 29 30 31 38 42 43 45 46 25_205.cif 
1.1547851562 -7588.0937500000 1 2 3 4 6 8 9 11 14 15 16 18 19 20 21 22 27 30 34 36 37 39 41 42 45 25_206.cif 
1.1586914062 -7588.0898437500 1 3 4 5 7 8 9 11 12 13 15 16 19 20 21 23 24 32 34 38 40 41 42 47 48 25_207.cif 
1.1621093750 -7588.0864257812 2 3 4 5 7 8 10 11 12 15 16 17 18 19 21 22 23 27 31 33 35 36 42 45 48 25_208.cif 
1.1650390624 -7588.0834960938 1 2 3 4 6 7 8 10 12 13 14 15 16 17 21 22 23 24 27 32 36 37 40 43 51 25_209.cif 
1.1679687500 -7588.0805664062 1 5 6 8 9 10 11 12 13 14 15 16 17 18 20 21 26 28 30 34 35 41 44 45 47 25_210.cif 
1.1713867187 -7588.0771484375 1 2 3 6 7 9 10 15 16 17 18 20 21 22 23 24 28 30 33 34 35 36 37 39 41 25_211.cif 
1.1723632812 -7588.0761718750 2 7 8 9 10 11 12 14 15 16 19 20 21 22 24 25 27 29 30 32 33 34 35 37 41 25_212.cif 
1.1728515624 -7588.0756835938 1 2 3 4 5 6 7 10 11 13 14 15 17 18 22 23 27 28 30 36 37 40 44 45 48 25_213.cif 
1.1733398437 -7588.0751953125 1 2 3 4 5 6 7 8 10 17 19 20 21 22 23 24 25 31 32 33 38 42 43 44 46 25_214.cif 
1.1738281250 -7588.0747070312 1 2 3 5 6 7 8 10 11 12 13 14 15 16 17 18 22 23 28 32 33 34 45 47 55 25_215.cif 
1.1743164062 -7588.0742187500 2 3 4 5 6 8 9 10 11 12 13 17 19 20 24 29 30 32 34 36 38 39 42 46 47 25_216.cif 
1.1748046874 -7588.0737304688 2 3 5 6 7 8 10 11 13 15 16 18 19 20 21 23 24 25 26 28 31 35 36 44 47 25_217.cif 
1.1752929687 -7588.0732421875 1 3 4 6 7 8 9 10 11 12 14 16 18 19 20 21 24 25 29 35 38 45 46 47 48 25_218.cif 
1.1757812500 -7588.0727539062 1 2 3 4 6 7 8 9 11 12 13 15 16 18 20 22 24 25 27 31 33 39 41 45 49 25_219.cif 
1.1762695312 -7588.0722656250 1 2 6 7 8 10 11 13 15 17 18 19 21 22 23 24 28 32 34 36 38 39 41 44 47 25_220.cif 
1.1816406250 -7588.0668945312 1 2 4 6 7 8 9 11 12 13 14 15 21 22 24 25 27 28 29 30 31 32 33 38 43 25_221.cif 
1.1870117187 -7588.0615234375 1 2 3 4 5 8 9 10 11 12 14 15 17 18 20 22 25 28 33 34 35 36 40 42 46 25_222.cif 
1.1894531250 -7588.0590820312 1 2 3 4 5 6 7 9 10 13 14 15 17 18 20 21 22 23 29 30 37 40 44 46 53 25_223.cif 
1.1918945312 -7588.0566406250 2 3 4 5 6 8 9 10 11 12 14 15 16 19 20 22 24 29 32 38 44 45 46 47 54 25_224.cif 
1.1928710937 -7588.0556640625 1 2 4 7 10 12 13 14 15 16 18 19 20 21 22 23 25 28 31 35 37 39 42 45 48 25_225.cif 
1.1933593750 -7588.0551757812 1 2 4 5 6 7 8 9 11 12 13 14 18 19 21 23 24 29 31 32 34 35 37 40 43 25_226.cif 
1.1948242187 -7588.0537109375 1 2 3 5 7 8 10 11 13 14 16 17 18 19 23 24 25 26 27 28 29 41 42 44 47 25_227.cif 
1.1967773437 -7588.0517578125 1 2 4 5 6 7 9 12 13 15 16 18 20 21 22 24 25 30 33 34 39 42 43 45 48 25_228.cif 
1.1997070312 -7588.0488281250 1 4 6 7 9 11 12 13 15 16 17 18 20 21 22 23 24 25 29 34 38 42 43 44 59 25_229.cif 
1.2016601562 -7588.0468750000 2 3 4 6 7 8 9 10 11 12 14 15 16 18 20 22 29 31 32 34 35 37 38 44 47 25_230.cif 
1.2026367187 -7588.0458984375 1 2 3 4 7 9 11 13 14 15 16 17 20 21 22 23 25 26 27 28 29 32 39 43 46 25_231.cif 
1.2036132812 -7588.0449218750 1 2 3 6 7 8 9 10 11 12 13 14 15 17 18 19 21 27 30 34 35 37 43 47 53 25_232.cif 
1.2050781250 -7588.0434570312 2 4 5 6 7 8 9 11 12 15 16 18 19 20 21 22 26 28 29 30 35 36 37 40 45 25_233.cif 
1.2065429687 -7588.0419921875 1 2 3 4 5 6 7 9 11 14 15 16 18 20 21 22 23 25 30 34 36 41 46 48 60 25_234.cif 
1.2080078124 -7588.0405273438 1 5 6 7 8 9 10 11 14 16 17 19 20 21 22 23 25 28 30 31 35 37 39 44 45 25_235.cif 
1.2089843750 -7588.0395507812 1 2 4 5 7 9 10 11 12 14 15 16 17 19 21 24 25 26 27 31 36 39 44 45 46 25_236.cif 
1.2094726562 -7588.0390625000 1 2 3 4 5 6 7 8 9 10 11 15 16 18 20 21 22 27 29 32 36 39 42 47 49 25_237.cif 
1.2143554687 -7588.0341796875 3 4 5 6 7 8 9 10 11 12 13 14 17 20 21 24 26 27 31 32 34 35 38 40 44 25_238.cif 
1.2153320312 -7588.0332031250 1 3 4 5 7 8 10 11 12 13 14 16 19 20 21 24 25 26 27 32 33 37 39 42 48 25_239.cif 
1.2163085937 -7588.0322265625 1 3 5 8 10 11 14 15 16 17 18 21 22 23 24 26 28 30 31 34 35 39 44 45 47 25_240.cif 
1.2167968750 -7588.0317382812 2 4 5 6 7 8 11 12 14 15 16 17 18 20 21 23 25 30 33 37 38 39 41 44 46 25_241.cif 
1.2172851562 -7588.0312500000 2 3 4 6 7 8 9 10 11 12 14 16 17 18 20 21 22 24 33 38 40 44 45 46 48 25_242.cif 
1.2177734374 -7588.0307617188 1 2 4 5 6 7 10 12 15 16 18 19 20 22 23 24 25 27 28 32 35 39 45 46 48 25_243.cif 
1.2202148437 -7588.0283203125 1 3 7 8 9 12 14 15 16 17 18 19 20 23 24 27 28 29 34 36 37 39 45 46 48 25_244.cif 
1.2216796874 -7588.0268554688 1 5 6 8 10 11 12 13 15 16 17 19 21 23 24 25 26 27 30 32 36 43 44 45 46 25_245.cif 
1.2236328124 -7588.0249023438 1 2 4 7 8 12 13 15 16 17 18 20 21 22 24 27 28 29 31 35 36 37 40 41 45 25_246.cif 
1.2285156250 -7588.0200195312 1 2 3 4 5 6 8 9 10 11 12 13 14 16 17 20 22 26 27 29 31 32 41 46 55 25_247.cif 
1.2309570312 -7588.0175781250 1 2 3 4 5 6 7 8 9 10 11 14 15 20 22 23 24 27 31 34 36 37 39 42 47 25_248.cif 
1.2314453124 -7588.0170898438 1 3 4 6 8 9 10 11 12 15 16 17 18 19 23 24 26 30 32 33 34 36 38 42 46 25_249.cif 
1.2348632812 -7588.0136718750 1 2 3 4 5 6 8 9 14 15 16 17 19 22 23 24 27 30 34 36 37 39 41 42 45 25_250.cif 
1.2353515624 -7588.0131835938 1 3 4 5 8 9 10 11 12 13 14 15 18 21 24 25 27 28 31 32 33 34 35 38 40 25_251.cif 
1.2363281250 -7588.0122070312 1 2 3 4 5 6 7 8 9 11 12 15 17 19 20 21 22 26 28 30 32 35 44 45 55 25_252.cif 
1.2368164062 -7588.0117187500 1 2 3 4 5 8 9 10 11 14 15 16 19 20 21 22 26 29 32 39 41 42 45 47 48 25_253.cif 
1.2373046874 -7588.0112304688 1 3 4 5 8 9 10 11 14 15 16 20 21 22 23 24 25 27 34 36 38 40 41 42 46 25_254.cif 
1.2387695312 -7588.0097656250 1 2 5 6 8 9 10 12 14 15 16 17 18 19 22 27 28 29 30 34 35 38 42 45 46 25_255.cif 
1.2392578124 -7588.0092773438 1 2 3 4 7 8 9 11 13 14 15 16 18 21 22 24 28 29 33 37 40 42 45 46 48 25_256.cif 
1.2397460937 -7588.0087890625 1 2 3 4 5 6 7 9 10 11 12 13 14 15 18 19 20 21 24 25 27 31 41 54 60 25_257.cif 
1.2436523437 -7588.0048828125 1 2 4 5 7 8 10 11 12 14 15 16 17 18 19 21 24 25 26 31 32 36 39 46 51 25_258.cif 
1.2456054687 -7588.0029296875 1 2 4 6 7 8 10 12 14 15 16 17 21 22 23 24 25 27 28 30 33 37 42 43 58 25_259.cif 
1.2465820312 -7588.0019531250 1 2 3 4 5 6 8 9 11 12 16 17 19 20 22 23 24 30 33 35 38 42 44 47 60 25_260.cif 
1.2470703124 -7588.0014648438 2 4 5 6 7 9 10 11 12 13 14 15 17 18 19 21 22 25 31 32 34 35 38 40 51 25_261.cif 
1.2485351562 -7588.0000000000 2 3 4 6 7 9 10 11 12 13 14 15 18 20 21 22 24 29 31 32 33 34 46 48 53 25_262.cif 
1.2534179687 -7587.9951171875 1 2 4 5 6 7 8 9 10 11 13 20 21 22 23 24 30 35 39 40 41 43 45 46 48 25_263.cif 
1.2539062500 -7587.9946289062 1 5 6 7 8 9 10 11 12 13 14 16 17 19 22 23 25 26 29 31 32 35 39 41 47 25_264.cif 
1.2543945312 -7587.9941406250 1 2 4 5 6 7 9 11 12 13 15 17 19 20 21 22 23 24 25 36 40 42 47 48 58 25_265.cif 
1.2548828124 -7587.9936523438 1 2 3 5 6 7 8 10 11 12 13 15 16 18 19 20 21 23 30 32 35 43 45 48 59 25_266.cif 
1.2558593750 -7587.9926757812 1 3 4 5 6 10 11 12 13 14 15 16 17 19 20 22 24 28 34 35 36 40 41 42 60 25_267.cif 
1.2617187500 -7587.9868164062 1 2 8 9 11 12 13 14 15 16 17 18 19 20 23 24 26 27 29 31 32 34 36 37 42 25_268.cif 
1.2622070312 -7587.9863281250 1 3 4 5 6 8 9 10 11 15 16 18 19 20 22 23 26 28 34 36 40 41 44 45 60 25_269.cif 
1.2651367187 -7587.9833984375 1 3 4 5 6 7 8 10 11 12 14 15 16 17 19 24 27 29 32 37 39 44 45 46 52 25_270.cif 
1.2675781250 -7587.9809570312 1 2 4 5 6 9 10 13 14 15 16 17 19 21 22 23 25 29 31 32 36 44 45 47 48 25_271.cif 
1.2695312500 -7587.9790039062 1 3 5 7 8 9 10 11 13 17 18 19 20 21 22 24 26 29 30 31 32 39 42 44 47 25_272.cif 
1.2709960937 -7587.9775390625 1 2 3 4 5 6 8 9 11 13 15 18 19 21 24 30 31 32 33 34 36 41 42 43 44 25_273.cif 
1.2729492187 -7587.9755859375 1 3 4 6 7 9 13 14 15 16 17 18 20 22 23 24 27 28 31 33 34 40 41 46 47 25_274.cif 
1.2734375000 -7587.9750976562 1 2 5 6 7 8 9 10 11 12 14 15 17 18 21 22 24 33 39 40 42 43 45 47 53 25_275.cif 
1.2739257812 -7587.9746093750 1 2 5 8 9 10 11 12 13 14 15 18 19 20 21 23 24 28 29 34 36 37 40 41 53 25_276.cif 
1.2758789062 -7587.9726562500 1 2 3 4 6 7 9 10 12 14 15 16 17 20 21 22 23 25 27 31 37 39 46 48 50 25_277.cif 
1.2763671874 -7587.9721679688 1 2 3 4 5 7 9 10 12 13 16 18 20 21 22 23 24 26 28 40 43 45 47 48 60 25_278.cif 
1.2773437500 -7587.9711914062 1 2 3 4 5 7 9 11 15 17 18 21 22 23 24 25 30 31 36 38 40 42 45 46 47 25_279.cif 
1.2788085937 -7587.9697265625 1 3 4 5 6 9 10 11 13 14 17 18 19 20 21 22 24 25 30 32 38 40 41 44 49 25_280.cif 
1.2802734374 -7587.9682617188 1 2 3 4 5 6 8 9 11 14 17 18 19 20 22 23 24 35 36 41 43 44 47 48 51 25_281.cif 
1.2841796874 -7587.9643554688 1 2 3 8 9 12 13 14 15 16 17 20 21 22 23 24 28 34 35 38 40 42 44 46 48 25_282.cif 
1.2846679687 -7587.9638671875 2 3 4 5 6 7 8 13 14 16 17 18 19 20 21 22 28 30 32 33 38 40 44 45 47 25_283.cif 
1.2851562500 -7587.9633789062 2 3 4 7 8 10 11 12 15 17 18 20 21 23 24 25 30 31 33 34 35 37 42 43 48 25_284.cif 
1.2915039062 -7587.9570312500 1 3 4 5 6 7 11 13 14 16 17 18 19 20 21 22 23 27 30 32 34 46 47 48 58 25_285.cif 
1.2924804687 -7587.9560546875 3 4 5 6 7 8 10 12 13 14 15 16 18 19 20 21 23 27 31 33 34 42 44 46 53 25_286.cif 
1.2929687500 -7587.9555664062 1 2 3 4 7 9 10 12 13 14 15 16 18 21 22 23 24 25 28 40 42 44 45 47 53 25_287.cif 
1.2958984374 -7587.9526367188 1 2 4 6 9 10 11 13 14 15 18 19 20 21 22 25 28 29 30 31 33 39 42 46 48 25_288.cif 
1.2963867187 -7587.9521484375 1 2 3 4 5 7 8 9 10 11 14 15 17 18 22 27 29 32 35 37 42 43 44 45 46 25_289.cif 
1.2993164062 -7587.9492187500 1 2 4 5 7 10 11 14 15 17 18 21 22 23 24 25 30 31 32 33 36 37 38 42 47 25_290.cif 
1.2998046874 -7587.9487304688 1 2 3 4 5 6 9 10 11 15 17 18 20 21 22 24 25 26 31 37 40 42 44 47 50 25_291.cif 
1.3007812500 -7587.9477539062 1 3 4 5 7 8 9 10 11 12 14 17 20 22 24 26 31 32 33 35 37 40 44 46 48 25_292.cif 
1.3046875000 -7587.9438476562 1 2 4 5 6 7 8 9 11 16 17 18 19 20 24 25 32 33 34 35 38 39 41 43 45 25_293.cif 
1.3081054687 -7587.9404296875 1 2 3 4 5 6 7 8 9 10 12 14 16 18 20 21 22 27 28 33 34 44 46 47 55 25_294.cif 
1.3115234374 -7587.9370117188 1 2 3 4 6 7 8 11 12 14 15 17 19 20 21 22 26 28 31 33 38 39 42 43 46 25_295.cif 
1.3120117187 -7587.9365234375 1 2 3 4 6 9 10 11 12 14 16 18 20 22 23 24 25 27 31 41 42 43 44 46 48 25_296.cif 
1.3125000000 -7587.9360351562 1 2 4 5 6 7 8 9 10 11 12 13 15 18 20 21 26 33 34 35 36 41 43 47 55 25_297.cif 
1.3134765624 -7587.9350585938 2 3 4 5 6 8 9 10 12 13 16 17 18 19 20 21 22 26 27 36 38 39 42 47 58 25_298.cif 
1.3139648437 -7587.9345703125 1 2 3 4 5 7 9 10 11 12 14 15 17 20 21 22 24 32 37 39 41 43 44 48 60 25_299.cif 
1.3149414062 -7587.9335937500 1 2 3 4 7 8 9 10 11 12 14 15 16 20 21 24 25 28 29 30 34 35 37 43 54 25_300.cif 
1.3154296874 -7587.9331054688 1 3 4 5 7 8 9 10 11 12 13 14 16 18 19 25 26 32 33 34 37 39 42 43 48 25_301.cif 
1.3164062500 -7587.9321289062 1 3 4 5 6 9 10 11 15 16 17 18 19 23 24 25 27 28 30 33 36 37 38 45 46 25_302.cif 
1.3178710937 -7587.9306640625 1 2 3 4 5 8 11 14 15 16 19 20 21 22 23 24 26 30 32 33 34 35 39 48 56 25_303.cif 
1.3193359374 -7587.9291992188 1 2 4 6 8 9 10 11 12 13 14 15 17 18 19 21 22 25 26 31 43 44 45 47 52 25_304.cif 
1.3208007812 -7587.9277343750 1 2 3 5 6 7 8 9 10 12 13 14 15 16 18 20 23 28 35 37 41 43 47 48 50 25_305.cif 
1.3227539062 -7587.9257812500 1 2 3 4 5 6 7 8 10 13 17 18 19 20 22 23 24 34 35 36 37 39 40 41 60 25_306.cif 
1.3237304687 -7587.9248046875 1 4 5 6 7 9 11 12 13 14 15 16 17 18 19 21 22 27 28 37 39 44 46 48 53 25_307.cif 
1.3242187500 -7587.9243164062 3 4 5 6 7 8 9 10 11 12 16 17 18 22 23 24 25 29 33 40 41 42 43 44 45 25_308.cif 
1.3251953124 -7587.9233398438 1 2 3 5 6 7 8 9 11 13 16 18 20 21 22 24 30 32 33 34 38 40 42 46 47 25_309.cif 
1.3261718750 -7587.9223632812 1 3 5 6 8 9 10 11 12 13 15 18 19 20 21 22 24 27 28 35 36 41 45 46 56 25_310.cif 
1.3266601562 -7587.9218750000 1 2 3 4 5 6 8 9 11 12 13 14 17 19 20 22 24 29 32 38 39 42 47 48 50 25_311.cif 
1.3281250000 -7587.9204101562 2 5 6 7 9 10 11 12 14 15 16 17 18 19 21 22 23 26 29 32 35 36 46 47 60 25_312.cif 
1.3300781250 -7587.9184570312 1 3 4 6 7 8 9 11 12 14 15 16 17 18 20 21 22 29 30 36 40 43 44 46 55 25_313.cif 
1.3320312500 -7587.9165039062 1 2 4 5 6 10 11 12 13 14 15 16 17 18 20 23 24 31 33 36 37 39 44 46 56 25_314.cif 
1.3325195312 -7587.9160156250 1 2 3 4 5 6 7 9 11 12 15 16 17 18 19 20 22 27 32 36 38 40 46 47 59 25_315.cif 
1.3330078124 -7587.9155273438 2 5 7 8 9 10 12 13 14 15 16 17 18 20 21 22 23 31 32 33 36 41 46 48 59 25_316.cif 
1.3349609374 -7587.9135742188 1 3 4 5 6 8 9 10 11 13 16 17 18 19 20 21 22 23 32 37 40 41 45 46 47 25_317.cif 
1.3393554687 -7587.9091796875 1 2 3 4 5 7 9 10 11 13 14 17 18 20 25 26 27 28 29 31 35 36 42 43 44 25_318.cif 
1.3398437500 -7587.9086914062 1 2 3 5 6 7 8 9 11 13 16 20 21 22 24 32 33 34 35 38 40 42 45 46 47 25_319.cif 
1.3403320312 -7587.9082031250 1 2 3 5 7 8 10 11 13 14 15 16 18 20 23 24 25 27 28 41 43 44 45 46 49 25_320.cif 
1.3417968750 -7587.9067382812 1 2 3 4 5 7 10 11 12 13 14 15 17 19 20 21 23 24 25 35 39 44 45 48 58 25_321.cif 
1.3427734374 -7587.9057617188 1 2 5 6 9 10 11 12 13 15 16 17 19 20 21 22 25 27 30 31 34 37 38 43 48 25_322.cif 
1.3437500000 -7587.9047851562 1 3 4 5 6 7 8 9 10 11 12 13 14 18 19 24 27 28 30 31 32 35 40 41 57 25_323.cif 
1.3520507812 -7587.8964843750 1 2 3 4 6 8 11 12 13 14 15 16 17 18 19 22 23 25 29 33 42 44 47 48 50 25_324.cif 
1.3525390624 -7587.8959960938 1 2 3 4 6 7 8 9 10 11 12 13 15 16 17 18 20 22 29 38 41 42 43 50 60 25_325.cif 
1.3535156250 -7587.8950195312 2 3 4 8 11 12 14 15 17 18 20 21 22 23 24 26 27 28 32 35 37 42 43 45 46 25_326.cif 
1.3549804687 -7587.8935546875 1 3 4 6 7 8 9 10 11 12 13 14 15 16 19 20 22 26 29 31 32 37 43 46 58 25_327.cif 
1.3554687500 -7587.8930664062 2 5 6 7 8 10 11 12 13 14 15 17 20 21 22 24 27 31 32 33 34 39 42 44 52 25_328.cif 
1.3569335937 -7587.8916015625 1 2 3 4 5 6 7 8 9 10 11 12 14 15 18 23 28 30 33 34 37 39 41 45 53 25_329.cif 
1.3583984374 -7587.8901367188 1 2 3 4 5 6 8 14 15 17 18 19 20 21 23 24 28 30 32 35 36 37 40 45 60 25_330.cif 
1.3603515624 -7587.8881835938 1 3 4 5 6 7 9 15 16 18 19 20 22 23 24 25 26 28 32 34 36 40 44 45 46 25_331.cif 
1.3608398437 -7587.8876953125 1 2 7 9 11 12 13 14 15 16 17 19 20 21 22 24 25 27 29 30 31 36 39 43 44 25_332.cif 
1.3618164062 -7587.8867187500 1 2 3 6 7 8 9 10 11 15 16 19 22 24 27 30 32 33 34 35 38 39 41 46 47 25_333.cif 
1.3623046874 -7587.8862304688 2 3 5 6 7 8 9 10 13 14 16 17 18 19 20 21 22 24 36 39 40 41 42 46 49 25_334.cif 
1.3652343750 -7587.8833007812 1 2 3 4 5 6 7 11 12 13 15 16 18 20 22 23 25 26 28 30 34 43 44 46 48 25_335.cif 
1.3657226562 -7587.8828125000 1 2 3 4 5 6 7 12 13 14 16 20 21 22 23 29 30 31 32 35 40 41 42 43 44 25_336.cif 
1.3662109374 -7587.8823242188 1 3 6 7 8 9 11 12 14 15 16 18 21 23 25 27 31 32 34 35 36 41 42 43 46 25_337.cif 
1.3681640624 -7587.8803710938 1 2 3 5 6 7 9 10 14 15 18 19 20 22 23 25 27 28 33 35 36 37 44 45 48 25_338.cif 
1.3696289062 -7587.8789062500 1 3 4 5 6 8 9 10 11 15 16 18 19 22 23 25 26 28 31 33 39 41 44 45 48 25_339.cif 
1.3706054687 -7587.8779296875 1 2 3 4 5 6 7 9 11 14 15 17 18 19 20 21 22 26 29 30 34 40 47 49 52 25_340.cif 
1.3715820312 -7587.8769531250 1 2 3 4 6 7 8 9 11 12 13 14 15 19 20 21 25 27 29 31 33 36 41 46 60 25_341.cif 
1.3774414062 -7587.8710937500 1 3 4 5 6 7 8 10 11 13 14 16 18 19 21 23 24 26 27 32 35 36 41 46 60 25_342.cif 
1.3779296874 -7587.8706054688 1 4 6 7 9 11 12 13 15 16 17 18 21 22 23 24 25 29 31 34 38 42 43 44 54 25_343.cif 
1.3793945312 -7587.8691406250 1 2 3 4 5 7 8 9 10 11 12 18 22 24 25 30 31 32 33 36 38 39 42 45 46 25_344.cif 
1.3803710937 -7587.8681640625 1 2 3 5 7 8 10 12 14 15 16 18 19 20 21 22 23 24 25 32 33 38 44 48 49 25_345.cif 
1.3837890624 -7587.8647460938 1 2 4 5 8 9 10 11 13 14 15 17 18 20 21 22 26 27 28 30 35 36 39 42 47 25_346.cif 
1.3872070312 -7587.8613281250 1 4 5 6 7 9 10 11 12 14 20 21 22 23 24 27 28 30 33 40 41 43 46 47 48 25_347.cif 
1.3876953124 -7587.8608398438 1 3 4 5 6 7 8 11 12 14 15 16 19 20 21 23 26 27 30 31 36 39 42 46 48 25_348.cif 
1.3901367187 -7587.8583984375 1 2 4 6 7 8 9 11 13 16 17 18 19 20 21 22 24 28 29 31 32 38 45 46 51 25_349.cif 
1.3916015624 -7587.8569335938 1 4 10 11 12 14 15 16 17 18 19 20 21 22 23 24 25 27 28 29 34 35 37 46 57 25_350.cif 
1.3920898437 -7587.8564453125 1 2 3 7 9 10 13 14 15 18 20 21 22 23 24 25 28 30 34 35 36 37 39 41 44 25_351.cif 
1.3940429687 -7587.8544921875 1 3 5 6 7 9 12 13 15 16 17 20 22 23 24 32 35 36 37 39 40 41 43 44 45 25_352.cif 
1.3945312500 -7587.8540039062 1 2 4 5 6 7 10 13 15 17 18 19 20 22 23 24 27 31 32 34 35 36 41 44 52 25_353.cif 
1.3950195312 -7587.8535156250 1 3 5 6 8 9 10 11 14 16 19 20 22 23 30 32 33 34 35 37 38 39 40 42 47 25_354.cif 
1.3974609374 -7587.8510742188 3 4 6 7 8 12 13 14 15 16 17 19 21 22 23 25 27 30 31 33 34 35 38 41 43 25_355.cif 
1.3979492187 -7587.8505859375 1 2 3 4 5 6 7 9 10 11 13 16 18 21 22 23 25 27 29 30 31 42 46 48 59 25_356.cif 
1.3989257812 -7587.8496093750 1 2 3 5 6 8 10 11 12 13 14 15 17 19 21 22 23 24 25 34 35 39 42 45 56 25_357.cif 
1.3994140624 -7587.8491210938 1 2 3 4 5 6 8 10 11 12 14 17 20 21 22 24 26 28 29 31 35 36 37 41 45 25_358.cif 
1.4028320312 -7587.8457031250 2 3 4 5 7 9 10 11 13 14 16 17 19 20 21 23 24 27 29 30 37 39 44 46 59 25_359.cif 
1.4077148437 -7587.8408203125 1 2 5 7 8 9 11 13 15 16 17 18 20 21 22 27 29 31 33 34 36 37 42 45 47 25_360.cif 
1.4091796874 -7587.8393554688 2 6 7 8 9 10 11 12 14 15 17 18 20 21 22 23 24 27 28 29 30 31 41 47 53 25_361.cif 
1.4116210937 -7587.8369140625 1 3 4 5 6 8 10 11 13 14 17 18 19 20 22 28 30 35 38 39 40 41 45 46 47 25_362.cif 
1.4130859374 -7587.8354492188 1 4 5 6 7 8 10 11 13 17 19 20 21 22 23 24 26 28 29 35 39 41 42 46 48 25_363.cif 
1.4160156250 -7587.8325195312 1 6 7 8 9 10 11 13 14 16 17 18 19 20 23 30 31 32 33 34 35 37 40 41 44 25_364.cif 
1.4184570312 -7587.8300781250 1 3 4 5 7 9 12 13 15 16 17 18 19 20 21 23 24 25 30 33 34 43 44 46 49 25_365.cif 
1.4248046874 -7587.8237304688 1 3 4 7 8 9 10 13 14 17 18 19 20 23 24 25 27 28 29 30 33 36 37 39 48 25_366.cif 
1.4252929687 -7587.8232421875 1 4 5 6 7 9 10 12 13 14 19 21 22 23 24 25 28 30 31 32 35 38 39 40 42 25_367.cif 
1.4257812500 -7587.8227539062 1 2 3 4 7 10 11 12 13 14 17 18 20 21 23 25 26 28 31 32 34 36 38 39 48 25_368.cif 
1.4262695312 -7587.8222656250 1 2 4 7 9 11 13 14 17 19 20 21 23 24 25 26 28 29 30 32 34 36 39 45 46 25_369.cif 
1.4287109374 -7587.8198242188 1 2 3 5 7 9 12 14 15 17 18 20 22 23 24 25 26 29 32 34 37 38 40 45 47 25_370.cif 
1.4301757812 -7587.8183593750 1 3 4 6 8 9 10 11 14 15 16 18 19 20 23 24 26 27 29 30 36 41 43 46 60 25_371.cif 
1.4326171874 -7587.8159179688 1 2 3 5 6 7 9 11 12 13 15 18 20 22 23 24 25 27 33 38 40 42 45 46 57 25_372.cif 
1.4350585937 -7587.8134765625 1 2 3 4 5 6 9 10 11 13 15 16 17 19 20 21 22 25 28 30 37 38 40 41 43 25_373.cif 
1.4355468750 -7587.8129882812 1 2 5 7 8 10 11 12 13 14 15 17 18 19 21 26 27 32 35 38 39 40 42 43 47 25_374.cif 
1.4384765624 -7587.8100585938 1 2 3 4 7 8 11 15 16 18 19 20 21 22 23 24 25 29 31 35 37 40 42 46 47 25_375.cif 
1.4389648437 -7587.8095703125 1 2 4 6 7 11 13 15 16 17 18 19 20 21 22 25 26 27 29 36 43 45 46 47 60 25_376.cif 
1.4404296874 -7587.8081054688 2 4 5 7 8 10 12 13 14 15 16 17 18 20 21 22 23 28 30 31 35 37 40 43 49 25_377.cif 
1.4409179687 -7587.8076171875 1 3 4 6 7 9 11 14 15 16 17 20 21 22 23 25 26 32 33 34 36 38 40 42 45 25_378.cif 
1.4443359374 -7587.8041992188 2 3 4 7 8 10 11 12 13 15 17 18 20 21 22 24 25 26 29 31 33 37 39 44 52 25_379.cif 
1.4458007812 -7587.8027343750 2 3 4 5 6 8 9 10 11 13 14 15 16 17 18 20 22 24 30 31 33 35 42 51 60 25_380.cif 
1.4467773437 -7587.8017578125 1 3 4 5 6 8 10 11 12 14 19 20 21 23 27 28 29 30 31 36 37 39 44 46 47 25_381.cif 
1.4472656250 -7587.8012695312 4 6 7 8 9 11 12 13 14 15 16 17 20 21 22 24 27 29 33 34 36 37 39 46 47 25_382.cif 
1.4487304687 -7587.7998046875 1 2 3 4 6 9 11 12 13 14 15 20 21 22 24 26 29 31 35 40 41 42 44 46 48 25_383.cif 
1.4497070312 -7587.7988281250 1 2 3 4 5 6 8 12 16 17 20 21 22 23 26 30 31 32 35 36 37 38 39 42 45 25_384.cif 
1.4526367187 -7587.7958984375 1 2 3 4 7 8 9 14 15 16 17 18 19 20 21 22 23 24 29 31 34 41 48 54 60 25_385.cif 
1.4541015624 -7587.7944335938 2 3 5 6 7 10 11 14 15 17 18 19 20 21 22 23 24 25 27 31 34 40 42 48 53 25_386.cif 
1.4555664062 -7587.7929687500 1 2 3 7 8 9 11 12 14 15 17 18 19 20 21 22 25 26 30 32 35 38 40 41 58 25_387.cif 
1.4565429687 -7587.7919921875 1 4 5 6 10 11 12 14 16 17 18 19 21 22 24 25 31 32 34 37 38 42 43 45 47 25_388.cif 
1.4580078124 -7587.7905273438 1 2 3 4 5 6 9 10 11 12 13 14 15 16 19 21 24 25 33 39 41 42 43 44 57 25_389.cif 
1.4624023437 -7587.7861328125 1 2 4 5 7 8 10 12 17 18 19 20 22 23 24 25 31 32 33 35 38 39 43 47 48 25_390.cif 
1.4711914062 -7587.7773437500 3 4 5 6 8 10 11 12 17 19 20 21 22 24 27 29 31 32 34 35 38 39 42 46 47 25_391.cif 
1.4790039062 -7587.7695312500 1 5 6 7 9 11 12 13 14 15 16 17 18 19 20 21 23 26 30 33 37 39 45 46 55 25_392.cif 
1.4809570312 -7587.7675781250 1 4 5 7 8 9 10 11 12 15 16 17 21 23 28 29 32 36 37 38 42 44 46 47 48 25_393.cif 
1.4819335937 -7587.7666015625 1 3 5 6 8 9 10 11 12 13 14 15 16 18 22 23 24 25 32 34 35 36 41 45 51 25_394.cif 
1.4848632812 -7587.7636718750 1 4 5 8 9 10 11 12 13 14 15 16 17 20 21 23 24 28 30 34 38 39 42 45 57 25_395.cif 
1.4858398437 -7587.7626953125 1 5 6 7 8 9 10 11 15 16 17 18 19 20 21 24 26 28 32 33 35 37 40 46 54 25_396.cif 
1.4887695312 -7587.7597656250 1 2 3 6 7 8 11 14 15 16 18 20 21 22 23 24 26 27 28 30 33 34 37 46 50 25_397.cif 
1.4902343750 -7587.7583007812 1 2 3 4 5 6 7 8 9 14 15 16 17 18 19 20 24 28 30 33 36 40 41 44 58 25_398.cif 
1.4907226562 -7587.7578125000 1 2 5 7 8 9 10 11 12 14 15 16 18 20 22 23 26 28 35 38 40 42 45 46 53 25_399.cif 
1.4965820312 -7587.7519531250 1 2 3 4 7 8 10 11 12 17 20 21 23 24 26 30 31 35 37 39 40 41 44 46 48 25_400.cif 
1.4970703124 -7587.7514648438 1 3 4 5 6 7 8 9 10 12 16 17 18 20 23 24 27 28 34 36 37 39 44 46 55 25_401.cif 
1.4990234374 -7587.7495117188 2 4 5 6 8 10 11 12 14 15 17 18 19 22 23 28 31 36 38 39 40 42 44 45 47 25_402.cif 
1.5000000000 -7587.7485351562 1 2 3 4 7 8 11 12 13 14 16 17 18 21 22 26 28 29 32 34 37 41 43 45 47 25_403.cif 
1.5004882812 -7587.7480468750 1 3 4 6 7 8 9 11 12 13 14 16 18 20 22 24 25 27 31 33 41 44 45 46 49 25_404.cif 
1.5014648437 -7587.7470703125 2 5 6 9 10 12 13 14 16 17 19 20 21 23 24 26 27 28 30 35 36 41 44 46 48 25_405.cif 
1.5053710937 -7587.7431640625 2 3 4 5 6 7 8 11 12 14 16 17 18 19 20 21 22 24 27 30 31 35 41 55 59 25_406.cif 
1.5068359374 -7587.7416992188 1 2 3 4 5 6 8 9 11 14 18 19 20 22 24 25 28 35 37 40 41 43 44 47 48 25_407.cif 
1.5073242187 -7587.7412109375 1 3 5 7 8 10 11 13 14 15 16 17 19 20 22 23 24 27 29 31 35 36 37 45 55 25_408.cif 
1.5078125000 -7587.7407226562 1 2 3 4 6 8 9 11 12 13 14 15 16 18 23 26 28 29 30 31 33 36 39 46 47 25_409.cif 
1.5087890624 -7587.7397460938 1 2 3 4 5 7 8 10 12 17 19 21 22 23 24 25 26 29 31 36 37 39 42 45 48 25_410.cif 
1.5092773437 -7587.7392578125 1 2 3 6 8 9 10 12 14 16 17 18 19 23 24 26 30 32 34 35 36 38 39 46 48 25_411.cif 
1.5107421874 -7587.7377929688 1 2 4 5 6 8 9 10 12 14 15 16 17 20 25 29 31 32 33 34 37 38 40 41 47 25_412.cif 
1.5122070312 -7587.7363281250 1 2 4 5 6 10 11 12 14 15 16 17 19 20 21 22 23 25 28 30 38 40 41 42 53 25_413.cif 
1.5146484374 -7587.7338867188 1 3 4 5 6 7 8 9 10 11 12 14 15 18 20 25 27 28 29 30 34 36 37 46 51 25_414.cif 
1.5185546874 -7587.7299804688 2 4 5 6 7 11 12 13 14 15 17 18 19 20 24 27 29 31 34 37 38 41 44 45 48 25_415.cif 
1.5209960937 -7587.7275390625 1 2 3 5 7 8 9 10 11 12 13 14 15 17 22 23 24 28 30 32 33 40 41 55 57 25_416.cif 
1.5249023437 -7587.7236328125 1 2 3 4 7 8 9 11 12 13 14 16 17 18 19 20 23 29 30 31 33 44 45 48 51 25_417.cif 
1.5258789062 -7587.7226562500 3 5 6 7 8 9 11 12 13 14 18 19 20 21 23 27 28 29 30 31 39 40 45 47 48 25_418.cif 
1.5273437500 -7587.7211914062 1 3 5 6 7 9 10 11 13 15 16 18 20 21 22 23 28 31 35 36 41 42 43 45 50 25_419.cif 
1.5297851562 -7587.7187500000 1 2 3 4 5 8 9 10 11 12 14 15 16 17 18 19 21 22 25 26 28 45 47 52 53 25_420.cif 
1.5302734374 -7587.7182617188 5 6 7 10 11 12 13 15 17 18 19 20 21 22 23 24 28 29 31 34 35 38 40 41 58 25_421.cif 
1.5312500000 -7587.7172851562 1 2 3 5 7 8 9 13 15 18 21 22 23 24 26 28 31 35 38 39 40 41 42 44 45 25_422.cif 
1.5322265624 -7587.7163085938 1 2 3 4 6 7 8 9 12 13 14 15 17 19 21 22 28 32 34 43 44 46 47 48 51 25_423.cif 
1.5327148437 -7587.7158203125 1 2 3 4 5 6 7 9 10 11 12 13 16 17 18 21 22 25 32 35 37 39 42 58 60 25_424.cif 
1.5336914062 -7587.7148437500 1 2 5 6 8 9 10 12 13 16 17 18 19 21 23 25 26 31 32 36 40 41 45 47 48 25_425.cif 
1.5346679687 -7587.7138671875 1 2 3 7 8 9 10 11 12 13 14 15 16 17 22 24 29 30 32 34 38 41 46 48 60 25_426.cif 
1.5361328124 -7587.7124023438 1 2 3 6 7 8 9 11 12 15 17 21 22 23 24 25 26 29 30 34 35 40 44 45 56 25_427.cif 
1.5366210937 -7587.7119140625 1 2 3 6 7 10 12 13 14 15 16 17 18 19 20 22 24 34 35 37 38 39 40 48 52 25_428.cif 
1.5371093750 -7587.7114257812 1 2 3 4 6 8 10 11 12 13 15 17 18 19 21 24 26 27 29 39 40 44 46 47 55 25_429.cif 
1.5375976562 -7587.7109375000 1 3 5 7 10 11 12 14 15 16 20 21 22 23 24 31 32 33 36 39 40 41 42 43 47 25_430.cif 
1.5380859374 -7587.7104492188 1 2 4 6 8 9 13 14 15 17 18 20 21 22 23 24 31 32 33 34 41 42 43 47 49 25_431.cif 
1.5410156250 -7587.7075195312 1 2 4 5 6 7 8 10 11 12 14 15 16 21 22 23 28 29 31 34 35 37 39 45 54 25_432.cif 
1.5429687500 -7587.7055664062 2 3 5 8 9 10 11 12 13 14 16 18 21 22 23 24 26 31 35 36 39 40 44 46 54 25_433.cif 
1.5434570312 -7587.7050781250 1 2 5 6 7 10 11 12 13 14 16 19 20 21 22 23 24 26 27 29 30 32 42 46 59 25_434.cif 
1.5449218750 -7587.7036132812 1 3 4 5 7 8 9 11 13 14 16 18 20 21 23 24 27 28 29 30 34 40 47 48 50 25_435.cif 
1.5473632812 -7587.7011718750 1 4 5 6 7 8 9 12 13 14 16 17 20 21 23 26 31 32 33 34 40 41 43 47 48 25_436.cif 
1.5488281250 -7587.6997070312 1 2 3 4 5 10 11 12 13 15 16 18 20 21 22 23 24 26 31 32 34 43 44 47 49 25_437.cif 
1.5502929687 -7587.6982421875 2 5 8 9 10 11 13 14 15 16 18 19 20 22 24 29 32 33 34 36 38 39 41 42 54 25_438.cif 
1.5507812500 -7587.6977539062 2 4 5 6 7 9 11 12 14 15 17 18 19 20 21 22 31 32 34 38 41 42 44 45 55 25_439.cif 
1.5546875000 -7587.6938476562 4 5 6 7 9 10 11 12 13 14 15 18 20 21 28 29 31 33 36 37 40 43 44 46 53 25_440.cif 
1.5551757812 -7587.6933593750 3 4 5 6 7 9 11 12 13 14 18 20 21 22 23 24 26 28 29 32 33 34 39 47 57 25_441.cif 
1.5571289062 -7587.6914062500 2 3 7 8 9 10 13 14 15 16 17 19 20 21 22 24 27 31 36 37 39 40 42 46 53 25_442.cif 
1.5585937500 -7587.6899414062 1 2 5 6 8 9 10 11 15 16 17 19 20 21 22 23 26 28 30 32 33 36 38 43 54 25_443.cif 
1.5595703124 -7587.6889648438 3 4 6 7 9 10 11 12 13 14 16 17 19 20 22 27 28 30 31 32 35 39 41 46 57 25_444.cif 
1.5620117187 -7587.6865234375 1 3 4 5 7 8 9 11 12 14 17 18 19 20 21 24 27 31 34 39 41 45 46 47 49 25_445.cif 
1.5649414062 -7587.6835937500 2 3 5 8 9 11 12 13 15 16 17 18 19 20 21 22 23 27 30 31 34 36 39 41 56 25_446.cif 
1.5688476562 -7587.6796875000 1 2 5 6 7 8 10 11 12 13 15 16 18 21 23 24 25 26 30 31 33 35 43 48 50 25_447.cif 
1.5703125000 -7587.6782226562 1 2 4 5 6 10 13 14 16 17 18 19 20 21 22 23 29 34 39 40 43 44 46 47 49 25_448.cif 
1.5708007812 -7587.6777343750 1 2 3 4 6 8 10 11 12 15 18 19 20 22 24 28 29 31 34 35 39 41 44 45 47 25_449.cif 
1.5727539062 -7587.6757812500 2 4 5 8 9 10 11 12 15 16 17 18 19 21 24 25 26 27 36 39 44 45 46 48 60 25_450.cif 
1.5747070312 -7587.6738281250 1 2 3 5 6 9 10 12 13 15 16 17 19 22 23 28 31 33 36 37 39 42 43 46 48 25_451.cif 
1.5771484374 -7587.6713867188 1 2 5 8 9 11 12 14 15 17 19 20 21 23 24 25 28 29 30 31 34 37 38 43 46 25_452.cif 
1.5786132812 -7587.6699218750 2 3 4 6 9 11 12 14 16 17 18 20 21 22 23 24 26 30 32 33 34 35 37 45 57 25_453.cif 
1.5795898437 -7587.6689453125 1 2 3 4 5 7 8 10 11 12 13 15 16 19 21 23 25 26 29 30 34 36 37 41 55 25_454.cif 
1.5825195312 -7587.6660156250 2 4 5 6 8 9 10 11 13 15 16 18 20 21 22 23 25 28 29 30 32 33 42 43 49 25_455.cif 
1.5830078124 -7587.6655273438 1 2 4 5 7 10 11 12 14 15 17 20 21 22 24 25 26 27 29 31 33 40 42 47 50 25_456.cif 
1.5839843750 -7587.6645507812 2 3 5 9 10 11 12 13 14 15 17 18 19 20 21 22 23 26 27 31 36 39 41 45 50 25_457.cif 
1.5859375000 -7587.6625976562 3 4 6 7 9 10 11 13 14 16 18 19 20 21 22 23 26 29 30 31 36 37 45 46 57 25_458.cif 
1.5864257812 -7587.6621093750 1 2 3 5 6 7 8 9 10 11 12 13 14 16 19 23 27 28 32 33 37 39 40 46 52 25_459.cif 
1.5874023437 -7587.6611328125 1 2 3 4 5 6 7 10 13 14 16 19 20 21 22 24 25 26 30 32 33 35 43 44 50 25_460.cif 
1.5878906250 -7587.6606445312 1 2 3 4 6 9 10 12 14 15 16 17 18 22 26 30 31 32 34 36 41 43 46 47 48 25_461.cif 
1.5883789062 -7587.6601562500 1 3 9 10 14 15 16 17 18 20 21 22 23 24 26 28 29 30 34 37 39 42 43 44 46 25_462.cif 
1.5893554687 -7587.6591796875 3 4 5 6 8 9 10 11 12 14 16 18 19 21 24 25 26 28 29 30 32 33 38 47 60 25_463.cif 
1.5898437500 -7587.6586914062 1 3 5 7 8 9 10 11 12 13 14 16 18 20 21 24 28 29 30 33 34 35 42 43 52 25_464.cif 
1.5903320312 -7587.6582031250 2 5 7 8 9 12 13 14 15 16 17 19 20 21 22 23 24 25 29 31 35 38 40 47 55 25_465.cif 
1.5913085937 -7587.6572265625 1 2 3 5 6 7 9 10 11 12 15 16 20 21 23 24 25 27 28 29 30 36 37 53 54 25_466.cif 
1.5917968750 -7587.6567382812 2 3 4 6 7 8 11 12 13 14 16 17 19 21 23 24 26 29 32 34 35 40 44 46 51 25_467.cif 
1.5937500000 -7587.6547851562 1 2 3 4 5 7 8 9 11 12 13 14 15 16 18 20 24 29 33 41 43 44 48 53 55 25_468.cif 
1.5947265624 -7587.6538085938 1 2 4 7 8 10 11 13 15 16 17 18 21 22 23 24 27 30 35 37 40 42 45 46 60 25_469.cif 
1.5952148437 -7587.6533203125 1 2 4 6 9 11 12 13 14 18 19 21 22 23 24 26 29 31 32 33 37 42 45 47 48 25_470.cif 
1.5957031250 -7587.6528320312 1 3 4 5 8 9 12 13 14 16 17 19 20 22 23 24 26 28 35 37 41 43 44 48 56 25_471.cif 
1.5961914062 -7587.6523437500 2 3 4 6 7 8 9 12 14 15 16 17 18 20 21 22 23 29 30 35 36 39 44 46 54 25_472.cif 
1.5976562500 -7587.6508789062 1 2 5 6 9 10 11 12 13 14 15 17 18 20 21 25 27 28 29 31 33 34 38 47 52 25_473.cif 
1.5996093750 -7587.6489257812 1 2 4 6 8 9 11 13 14 15 16 17 18 20 21 22 25 30 31 33 35 36 37 47 53 25_474.cif 
1.6035156250 -7587.6450195312 1 2 4 5 6 7 8 9 10 12 17 19 21 23 24 26 31 32 33 35 37 38 42 44 60 25_475.cif 
1.6044921874 -7587.6440429688 3 6 8 9 10 11 13 14 15 16 18 20 21 22 23 24 26 30 31 34 36 40 43 47 59 25_476.cif 
1.6054687500 -7587.6430664062 2 3 5 6 7 11 12 13 14 15 16 19 21 22 25 27 28 29 30 31 32 34 36 42 44 25_477.cif 
1.6064453124 -7587.6420898438 1 2 4 5 6 7 9 11 12 13 14 16 18 19 21 24 25 33 34 41 42 44 45 47 54 25_478.cif 
1.6074218750 -7587.6411132812 2 4 5 6 8 9 11 12 16 17 18 19 20 22 25 26 30 32 34 35 36 38 39 41 48 25_479.cif 
1.6079101562 -7587.6406250000 1 4 7 8 9 10 11 12 13 14 16 17 18 19 21 31 32 34 37 38 39 45 46 48 60 25_480.cif 
1.6108398437 -7587.6376953125 1 2 3 5 6 7 8 9 10 11 15 16 18 19 21 22 24 30 32 35 37 43 47 53 56 25_481.cif 
1.6127929687 -7587.6357421875 1 4 6 7 10 13 14 15 16 17 18 19 22 23 26 29 30 31 32 33 35 37 42 43 45 25_482.cif 
1.6147460937 -7587.6337890625 1 2 4 5 6 7 8 11 12 14 17 18 19 20 21 22 24 31 32 35 36 38 43 47 54 25_483.cif 
1.6152343750 -7587.6333007812 1 4 5 6 8 10 11 12 13 14 15 16 17 24 28 31 32 33 34 35 36 38 40 45 46 25_484.cif 
1.6171875000 -7587.6313476562 2 4 5 6 7 9 10 12 13 15 16 17 18 20 21 22 29 31 32 33 35 39 43 47 49 25_485.cif 
1.6181640624 -7587.6303710938 2 4 5 6 7 8 9 10 11 13 16 18 19 20 21 22 23 25 37 38 39 40 42 44 58 25_486.cif 
1.6186523437 -7587.6298828125 1 2 3 4 5 6 8 9 12 13 14 15 16 18 19 20 21 22 26 40 42 44 45 58 60 25_487.cif 
1.6206054687 -7587.6279296875 1 2 3 4 5 6 8 11 12 14 17 18 19 20 21 22 24 33 35 37 38 40 43 52 54 25_488.cif 
1.6210937500 -7587.6274414062 3 5 6 7 8 9 11 12 14 17 18 21 22 24 26 27 28 31 33 38 42 43 44 46 47 25_489.cif 
1.6240234374 -7587.6245117188 1 3 6 9 11 13 14 15 17 18 19 20 21 24 27 33 34 36 37 40 42 44 46 47 48 25_490.cif 
1.6245117187 -7587.6240234375 1 3 4 6 7 9 10 14 16 17 18 19 20 22 24 27 29 30 33 34 38 42 44 45 46 25_491.cif 
1.6254882812 -7587.6230468750 1 2 4 5 7 9 10 11 15 17 18 19 20 21 22 25 29 31 32 33 34 36 42 44 58 25_492.cif 
1.6298828124 -7587.6186523438 3 4 7 9 11 13 14 16 17 18 19 20 21 22 25 26 30 31 34 35 39 41 43 46 49 25_493.cif 
1.6303710937 -7587.6181640625 1 4 5 7 9 11 12 13 14 15 16 17 19 21 24 27 29 32 34 36 37 39 42 45 59 25_494.cif 
1.6328125000 -7587.6157226562 3 5 6 7 8 9 10 11 12 14 15 19 21 22 23 24 29 32 34 37 38 41 43 44 60 25_495.cif 
1.6333007812 -7587.6152343750 2 3 4 6 7 8 10 12 14 17 19 20 21 23 25 26 27 29 30 34 35 38 40 44 47 25_496.cif 
1.6352539062 -7587.6132812500 1 2 3 4 5 6 8 9 10 11 14 15 17 19 21 22 23 24 25 34 42 43 47 49 53 25_497.cif 
1.6396484374 -7587.6088867188 1 2 3 4 8 9 10 12 13 14 17 18 19 20 25 28 29 30 32 35 36 39 40 46 47 25_498.cif 
1.6406250000 -7587.6079101562 3 4 6 7 8 9 11 12 14 15 16 17 18 20 22 29 30 31 33 34 38 40 41 42 57 25_499.cif 
1.6416015624 -7587.6069335938 1 2 4 5 7 8 10 11 12 13 21 22 23 26 27 28 29 34 36 39 40 41 42 44 48 25_500.cif 
1.6425781250 -7587.6059570312 2 3 4 5 8 9 10 11 12 13 14 16 20 21 23 24 26 30 35 36 42 43 45 48 49 25_501.cif 
1.6435546874 -7587.6049804688 1 4 5 8 10 11 12 13 14 16 17 19 20 21 23 24 26 27 30 35 38 39 43 48 52 25_502.cif 
1.6445312500 -7587.6040039062 1 2 3 7 8 9 13 17 18 19 20 21 22 23 24 26 28 29 33 34 35 43 44 47 54 25_503.cif 
1.6455078124 -7587.6030273438 1 2 3 4 5 7 9 12 13 14 16 17 18 20 21 23 24 27 29 31 33 35 40 41 58 25_504.cif 
1.6459960937 -7587.6025390625 2 4 5 6 9 10 11 12 13 14 16 17 19 21 22 24 27 28 31 32 39 42 45 48 57 25_505.cif 
1.6464843750 -7587.6020507812 1 3 4 5 7 8 9 10 11 12 15 16 18 23 25 26 28 30 36 38 40 41 43 45 55 25_506.cif 
1.6484375000 -7587.6000976562 2 5 6 7 9 10 12 13 14 16 19 20 21 23 26 28 30 31 32 34 35 37 41 43 48 25_507.cif 
1.6508789062 -7587.5976562500 1 2 3 4 5 7 8 9 11 12 15 16 17 19 23 26 30 31 36 39 40 45 46 47 48 25_508.cif 
1.6513671874 -7587.5971679688 1 2 5 6 7 10 11 15 16 17 18 19 20 22 23 25 27 30 32 33 36 39 41 45 54 25_509.cif 
1.6562500000 -7587.5922851562 1 4 8 9 10 12 14 15 17 18 19 20 22 23 24 25 26 28 29 30 34 38 43 48 50 25_510.cif 
1.6577148437 -7587.5908203125 1 5 6 7 8 9 10 11 12 14 16 18 19 20 23 28 29 30 33 35 38 39 41 48 54 25_511.cif 
1.6625976562 -7587.5859375000 1 2 3 4 8 10 11 13 14 18 19 20 21 22 23 24 32 33 34 35 39 41 46 47 57 25_512.cif 
1.6645507812 -7587.5839843750 2 3 4 8 9 10 11 12 13 14 16 17 18 20 22 24 31 33 34 35 41 42 47 48 52 25_513.cif 
1.6660156250 -7587.5825195312 1 9 10 11 12 13 14 15 18 19 21 22 23 24 25 27 31 32 36 37 40 41 44 46 47 25_514.cif 
1.6679687500 -7587.5805664062 2 3 4 5 7 8 11 15 16 18 20 21 23 24 30 31 32 33 37 40 41 42 44 46 48 25_515.cif 
1.6689453124 -7587.5795898438 1 3 4 5 6 7 9 10 11 13 15 16 18 20 23 24 25 29 30 31 34 43 47 59 60 25_516.cif 
1.6694335937 -7587.5791015625 1 3 4 5 6 7 10 11 12 16 17 18 19 21 23 29 31 33 35 36 39 40 42 44 48 25_517.cif 
1.6699218750 -7587.5786132812 1 3 8 10 13 14 15 16 17 18 19 20 22 23 25 26 28 29 31 35 36 40 41 44 47 25_518.cif 
1.6748046874 -7587.5737304688 1 3 4 5 6 10 11 14 18 19 20 22 24 25 29 30 31 35 36 39 41 42 43 44 47 25_519.cif 
1.6826171874 -7587.5659179688 1 2 3 4 6 7 8 9 10 11 13 17 20 21 24 26 27 31 36 37 38 39 42 46 52 25_520.cif 
1.6831054687 -7587.5654296875 2 3 4 5 6 8 10 11 13 14 15 16 18 20 21 22 24 25 33 34 41 42 43 48 51 25_521.cif 
1.6845703124 -7587.5639648438 1 2 3 5 6 7 8 10 11 12 17 18 20 22 23 24 25 27 30 31 34 40 43 44 54 25_522.cif 
1.6850585937 -7587.5634765625 1 2 5 7 8 9 10 11 12 14 19 20 22 23 24 33 34 35 36 38 39 41 42 43 50 25_523.cif 
1.6899414062 -7587.5585937500 3 4 6 7 8 9 11 14 15 16 17 18 19 21 23 24 25 31 33 34 37 39 40 44 56 25_524.cif 
1.6923828124 -7587.5561523438 1 2 3 4 5 8 9 13 14 15 16 17 18 22 24 26 28 29 32 33 36 37 40 46 50 25_525.cif 
1.6948242187 -7587.5537109375 1 2 4 5 6 7 8 9 10 11 14 16 17 20 24 27 28 36 37 40 41 42 44 46 49 25_526.cif 
1.6953125000 -7587.5532226562 5 6 7 9 12 13 14 15 16 17 18 20 21 23 25 28 29 30 31 33 34 36 39 43 51 25_527.cif 
1.6967773437 -7587.5517578125 1 2 3 4 7 8 9 10 11 12 14 16 22 24 27 28 29 32 33 36 37 40 46 47 54 25_528.cif 
1.7001953124 -7587.5483398438 1 2 4 5 9 11 13 14 17 19 20 21 22 23 24 32 33 34 36 39 42 44 47 48 53 25_529.cif 
1.7011718750 -7587.5473632812 1 3 5 6 7 8 10 11 12 14 15 17 18 19 20 21 23 25 30 31 39 43 47 58 59 25_530.cif 
1.7016601562 -7587.5468750000 1 2 4 5 6 8 9 10 12 14 15 16 19 20 21 22 25 28 30 35 37 38 39 48 52 25_531.cif 
1.7026367187 -7587.5458984375 1 3 5 6 8 9 10 11 12 14 15 16 17 19 21 23 24 29 30 36 38 39 46 52 57 25_532.cif 
1.7036132812 -7587.5449218750 1 2 3 4 5 8 9 13 14 16 18 20 22 23 24 27 29 32 34 36 38 39 40 45 49 25_533.cif 
1.7045898437 -7587.5439453125 1 2 4 5 9 10 13 14 15 16 17 18 20 22 24 28 31 33 36 37 38 39 45 48 49 25_534.cif 
1.7070312500 -7587.5415039062 5 6 7 10 11 13 14 15 16 17 18 19 20 21 23 27 31 32 33 35 37 39 41 42 54 25_535.cif 
1.7075195312 -7587.5410156250 1 2 3 4 7 8 9 10 11 12 13 15 18 20 21 23 24 29 31 35 37 38 43 51 56 25_536.cif 
1.7089843750 -7587.5395507812 1 2 3 5 8 9 10 11 12 14 17 18 19 21 22 23 24 26 40 42 44 45 47 51 52 25_537.cif 
1.7094726562 -7587.5390625000 1 3 6 8 10 13 15 16 17 18 19 20 22 23 24 25 27 32 35 36 41 43 44 46 58 25_538.cif 
1.7133789062 -7587.5351562500 2 4 5 6 7 9 11 12 14 16 17 19 20 21 22 23 26 35 36 37 39 41 43 46 51 25_539.cif 
1.7138671874 -7587.5346679688 2 3 4 5 7 8 10 11 14 15 16 20 21 22 23 24 25 28 30 31 32 34 37 40 56 25_540.cif 
1.7172851562 -7587.5312500000 1 3 5 6 8 11 13 14 15 17 18 19 20 21 23 25 26 28 29 36 37 38 41 42 46 25_541.cif 
1.7177734374 -7587.5307617188 1 3 4 6 7 8 11 12 13 14 16 17 18 19 22 30 35 38 39 40 41 44 46 47 60 25_542.cif 
1.7187500000 -7587.5297851562 2 3 5 7 9 10 13 14 15 17 18 20 21 24 25 26 27 28 29 30 32 34 40 43 51 25_543.cif 
1.7192382812 -7587.5292968750 1 2 7 8 9 10 11 13 15 17 20 21 22 23 24 25 26 31 32 39 40 42 47 48 49 25_544.cif 
1.7211914062 -7587.5273437500 1 2 3 7 8 9 10 11 14 16 17 18 19 21 22 24 26 32 35 37 39 40 42 49 59 25_545.cif 
1.7231445312 -7587.5253906250 2 3 4 5 8 10 11 13 14 16 18 20 24 27 32 34 35 36 37 41 42 43 44 45 47 25_546.cif 
1.7236328124 -7587.5249023438 1 5 7 8 9 10 11 12 13 14 16 17 18 19 20 28 29 30 32 33 36 39 40 47 56 25_547.cif 
1.7250976562 -7587.5234375000 1 2 4 6 7 9 10 11 13 14 16 17 20 22 24 28 30 32 33 34 36 41 42 45 50 25_548.cif 
1.7260742187 -7587.5224609375 1 3 5 6 8 10 12 13 14 15 16 17 19 21 22 23 24 25 35 36 38 39 43 47 51 25_549.cif 
1.7280273437 -7587.5205078125 1 2 3 4 5 8 9 11 12 16 18 20 21 22 25 26 29 35 36 38 39 40 45 46 54 25_550.cif 
1.7285156250 -7587.5200195312 1 2 5 7 9 10 12 14 15 16 17 21 22 23 24 25 29 30 32 36 39 40 45 47 56 25_551.cif 
1.7309570312 -7587.5175781250 1 2 4 7 8 10 12 14 15 18 19 21 22 23 24 30 32 33 34 35 36 40 43 44 59 25_552.cif 
1.7319335937 -7587.5166015625 1 2 3 4 9 10 11 12 13 17 18 19 20 22 24 25 30 33 36 39 42 43 46 48 50 25_553.cif 
1.7329101562 -7587.5156250000 1 3 5 6 7 9 10 13 15 16 17 19 20 22 24 30 33 34 35 36 38 39 40 44 50 25_554.cif 
1.7333984374 -7587.5151367188 1 2 3 5 6 7 8 10 11 12 13 19 20 22 31 33 35 37 39 40 41 42 44 46 48 25_555.cif 
1.7363281250 -7587.5122070312 2 4 6 7 9 12 13 14 15 16 17 20 21 22 23 24 28 33 37 39 40 43 44 47 52 25_556.cif 
1.7377929687 -7587.5107421875 1 2 3 6 7 9 10 11 12 14 15 16 17 19 22 25 29 33 35 36 39 40 42 44 56 25_557.cif 
1.7392578124 -7587.5092773438 1 2 3 4 5 6 13 14 15 17 18 19 20 23 24 25 26 28 29 31 34 35 41 48 53 25_558.cif 
1.7397460937 -7587.5087890625 1 2 3 4 6 8 9 10 13 15 16 17 18 20 22 23 24 25 30 34 39 42 44 47 53 25_559.cif 
1.7407226562 -7587.5078125000 1 2 3 4 6 8 9 11 12 14 15 16 18 21 22 23 26 29 30 36 39 44 45 47 59 25_560.cif 
1.7431640624 -7587.5053710938 1 4 5 7 8 10 11 14 15 16 17 18 19 20 21 22 23 30 31 33 38 43 47 50 59 25_561.cif 
1.7456054687 -7587.5029296875 1 3 5 6 8 9 10 11 13 15 16 19 20 23 24 27 31 32 36 38 39 40 43 45 48 25_562.cif 
1.7475585937 -7587.5009765625 1 3 4 6 7 8 9 10 11 13 15 17 18 19 23 24 26 30 31 34 36 42 44 48 59 25_563.cif 
1.7495117187 -7587.4990234375 2 3 7 8 9 10 12 13 14 15 16 19 22 23 24 25 27 32 40 42 43 44 45 47 49 25_564.cif 
1.7500000000 -7587.4985351562 1 2 3 5 6 7 8 9 13 16 17 18 20 21 22 25 27 30 31 38 41 43 47 48 56 25_565.cif 
1.7519531250 -7587.4965820312 1 2 3 4 6 9 10 11 12 13 14 18 20 23 24 25 26 28 30 31 32 37 39 45 59 25_566.cif 
1.7524414062 -7587.4960937500 1 5 6 8 9 11 12 15 16 17 18 19 21 23 24 25 28 30 33 34 36 37 44 45 57 25_567.cif 
1.7529296874 -7587.4956054688 1 2 3 5 6 7 8 9 13 15 17 18 21 23 25 27 28 36 38 41 42 44 45 46 48 25_568.cif 
1.7543945312 -7587.4941406250 1 3 6 7 8 10 12 14 15 17 18 19 21 22 23 24 25 27 28 38 39 41 46 47 54 25_569.cif 
1.7548828124 -7587.4936523438 4 5 6 7 10 11 13 15 17 18 20 21 22 24 25 27 30 32 36 37 40 43 44 47 50 25_570.cif 
1.7553710937 -7587.4931640625 1 2 3 4 5 6 7 8 10 12 13 14 15 18 19 21 23 28 37 40 41 44 45 54 56 25_571.cif 
1.7558593750 -7587.4926757812 1 2 3 5 6 7 8 9 10 11 12 14 16 17 18 22 24 37 38 40 44 46 47 56 57 25_572.cif 
1.7563476562 -7587.4921875000 4 6 7 8 10 12 13 15 16 18 20 21 22 27 28 30 31 34 37 40 41 42 43 45 46 25_573.cif 
1.7583007812 -7587.4902343750 1 2 3 4 7 9 10 11 12 13 15 16 17 18 21 22 24 28 35 37 38 44 47 58 59 25_574.cif 
1.7612304687 -7587.4873046875 2 3 6 8 9 10 11 12 13 15 16 18 20 23 24 25 27 30 34 37 39 41 45 46 60 25_575.cif 
1.7622070312 -7587.4863281250 1 2 4 5 6 9 10 11 12 13 15 17 20 21 22 25 27 33 34 35 36 39 41 48 56 25_576.cif 
1.7661132812 -7587.4824218750 2 5 6 8 9 10 12 14 15 16 19 20 21 23 24 25 30 33 34 35 37 43 44 48 51 25_577.cif 
1.7675781250 -7587.4809570312 1 2 4 7 8 10 12 13 16 17 18 19 22 23 24 26 28 33 36 39 40 42 45 46 55 25_578.cif 
1.7680664062 -7587.4804687500 1 3 4 7 8 9 10 12 15 16 17 18 21 22 24 25 26 27 28 34 39 41 42 43 57 25_579.cif 
1.7700195312 -7587.4785156250 1 3 7 8 9 10 11 12 14 15 16 17 18 19 22 23 24 26 38 40 41 42 47 54 60 25_580.cif 
1.7709960937 -7587.4775390625 1 2 4 5 8 9 10 12 13 14 16 17 20 23 26 30 31 32 33 34 35 37 41 42 43 25_581.cif 
1.7724609374 -7587.4760742188 1 2 3 4 7 8 10 14 16 17 20 22 23 26 30 31 34 35 36 37 38 39 40 45 47 25_582.cif 
1.7739257812 -7587.4746093750 2 4 5 8 9 11 13 14 15 17 18 21 22 23 24 26 32 33 36 37 39 40 42 43 58 25_583.cif 
1.7744140624 -7587.4741210938 7 8 10 11 12 13 14 15 16 17 18 19 21 26 30 33 35 37 38 39 41 42 43 47 48 25_584.cif 
1.7778320312 -7587.4707031250 1 2 4 5 7 9 10 11 14 15 16 18 20 21 22 29 30 31 32 34 42 43 45 47 51 25_585.cif 
1.7783203124 -7587.4702148438 4 6 7 9 10 12 13 15 16 17 19 21 22 23 24 25 29 32 33 38 40 42 45 46 53 25_586.cif 
1.7841796874 -7587.4643554688 3 4 5 6 7 8 9 10 11 12 13 14 15 16 19 20 23 31 32 37 40 44 46 55 60 25_587.cif 
1.7846679687 -7587.4638671875 1 2 4 6 8 11 12 14 17 18 20 22 23 28 29 30 32 33 34 35 36 40 45 46 47 25_588.cif 
1.7851562500 -7587.4633789062 1 4 5 6 7 9 10 11 12 13 15 18 21 22 23 28 29 32 41 43 44 45 46 47 59 25_589.cif 
1.7856445312 -7587.4628906250 1 3 5 6 8 10 11 12 14 15 17 19 21 22 24 27 30 31 39 40 42 45 47 48 53 25_590.cif 
1.7875976562 -7587.4609375000 1 2 3 4 6 7 8 10 14 15 16 18 19 23 24 26 28 30 32 33 40 45 46 47 51 25_591.cif 
1.7895507812 -7587.4589843750 1 2 3 4 6 7 8 10 12 13 14 15 17 20 22 25 26 28 32 34 36 40 41 43 55 25_592.cif 
1.7905273437 -7587.4580078125 1 3 4 6 7 9 13 14 17 18 19 20 21 22 24 25 28 31 32 37 39 41 42 49 52 25_593.cif 
1.7944335937 -7587.4541015625 1 3 6 7 8 9 13 14 16 17 18 20 21 23 24 25 28 31 33 34 36 39 44 45 60 25_594.cif 
1.7954101562 -7587.4531250000 3 4 6 8 9 10 11 13 14 17 18 19 21 22 24 26 28 32 37 39 41 42 43 46 53 25_595.cif 
1.7968750000 -7587.4516601562 1 7 8 9 11 12 13 14 15 16 19 20 21 22 23 24 25 28 34 35 44 45 47 48 55 25_596.cif 
1.7983398437 -7587.4501953125 1 2 3 4 5 6 7 10 12 14 16 18 20 21 23 25 26 29 30 34 37 40 44 45 56 25_597.cif 
1.7988281250 -7587.4497070312 1 2 4 5 6 7 8 10 11 12 16 17 19 20 22 26 31 32 35 37 38 39 44 48 57 25_598.cif 
1.8027343750 -7587.4458007812 2 3 4 7 9 11 13 15 18 19 20 21 24 27 29 30 32 33 34 36 37 42 43 46 49 25_599.cif 
1.8056640624 -7587.4428710938 1 2 3 4 5 7 8 9 10 11 12 14 16 20 22 24 25 28 30 34 41 42 43 49 54 25_600.cif 
1.8061523437 -7587.4423828125 1 2 4 6 7 9 11 12 13 14 16 17 20 21 22 24 31 38 39 44 45 46 47 48 59 25_601.cif 
1.8085937500 -7587.4399414062 1 2 3 4 5 7 11 12 13 17 18 19 20 22 26 28 30 32 33 34 35 37 38 39 60 25_602.cif 
1.8090820312 -7587.4394531250 1 2 4 5 6 9 13 14 16 17 18 19 20 21 22 29 33 35 38 39 41 42 43 46 60 25_603.cif 
1.8095703124 -7587.4389648438 1 2 3 8 10 11 12 13 14 15 17 18 19 21 22 24 25 31 32 36 38 40 45 47 49 25_604.cif 
1.8125000000 -7587.4360351562 1 2 4 7 8 9 11 12 15 17 18 19 20 21 22 23 24 30 39 42 44 45 47 48 55 25_605.cif 
1.8134765624 -7587.4350585938 1 2 5 6 7 8 10 11 14 15 17 18 22 24 26 27 29 31 32 33 35 37 41 44 56 25_606.cif 
1.8149414062 -7587.4335937500 1 2 3 4 5 10 11 12 14 15 16 20 21 22 24 26 27 29 31 32 35 36 41 45 53 25_607.cif 
1.8159179687 -7587.4326171875 3 5 6 7 8 10 11 15 18 19 20 21 22 23 24 25 27 29 30 31 39 40 43 47 60 25_608.cif 
1.8164062500 -7587.4321289062 3 6 7 9 10 11 13 14 15 16 18 20 21 22 24 25 26 27 30 33 35 41 44 46 57 25_609.cif 
1.8212890624 -7587.4272460938 3 4 5 7 8 10 11 12 13 16 18 19 21 22 25 28 29 30 31 39 40 42 45 47 48 25_610.cif 
1.8237304687 -7587.4248046875 1 2 4 5 7 8 9 10 11 12 16 18 19 21 26 27 30 32 33 37 38 43 46 48 51 25_611.cif 
1.8251953124 -7587.4233398438 1 3 5 6 9 10 11 14 15 16 17 18 19 20 24 28 30 31 35 36 41 43 46 47 60 25_612.cif 
1.8261718750 -7587.4223632812 2 3 4 5 7 8 9 10 12 14 15 18 19 21 23 24 26 28 29 33 35 38 44 45 52 25_613.cif 
1.8271484374 -7587.4213867188 2 4 5 6 7 9 10 11 14 17 18 20 21 23 24 25 26 29 31 32 41 42 44 46 53 25_614.cif 
1.8281250000 -7587.4204101562 1 3 4 5 6 9 10 11 12 13 15 16 17 18 19 20 22 24 25 28 47 48 52 53 56 25_615.cif 
1.8291015624 -7587.4194335938 2 3 6 7 10 11 12 14 15 16 18 19 20 21 24 25 27 29 30 33 34 35 39 42 59 25_616.cif 
1.8349609374 -7587.4135742188 1 2 4 5 6 8 9 11 12 15 16 18 19 20 22 26 28 30 32 34 35 36 38 41 60 25_617.cif 
1.8354492187 -7587.4130859375 2 3 6 8 9 11 12 13 15 17 21 23 24 26 28 29 32 34 35 36 40 41 44 45 46 25_618.cif 
1.8359375000 -7587.4125976562 1 3 5 6 7 8 10 11 12 13 14 15 16 18 21 25 26 35 37 39 40 42 46 47 54 25_619.cif 
1.8374023437 -7587.4111328125 2 5 8 9 11 12 14 16 17 18 21 23 24 27 31 32 34 35 36 37 41 43 44 45 47 25_620.cif 
1.8408203124 -7587.4077148438 1 2 3 5 6 9 12 15 16 17 21 23 24 25 29 30 32 33 34 36 38 40 41 46 48 25_621.cif 
1.8422851562 -7587.4062500000 1 2 3 4 5 8 9 10 11 13 16 17 18 20 21 22 24 27 32 41 42 47 48 49 57 25_622.cif 
1.8427734374 -7587.4057617188 2 3 4 5 6 8 10 12 13 15 18 19 22 23 24 27 28 30 31 35 36 37 41 42 58 25_623.cif 
1.8486328124 -7587.3999023438 1 4 7 8 9 10 12 13 14 16 17 18 19 20 21 28 29 31 32 33 38 43 46 47 58 25_624.cif 
1.8505859374 -7587.3979492188 1 3 6 7 8 9 10 11 12 14 15 16 18 24 29 31 34 37 39 41 42 45 46 47 57 25_625.cif 
1.8520507812 -7587.3964843750 1 3 5 7 8 12 14 16 17 18 19 21 23 24 26 27 28 31 32 37 39 41 44 47 52 25_626.cif 
1.8544921874 -7587.3940429688 1 2 3 6 7 8 9 10 11 15 17 18 20 23 24 25 27 31 34 38 40 41 46 55 59 25_627.cif 
1.8574218750 -7587.3911132812 3 4 5 8 10 11 14 15 16 17 18 19 22 24 26 32 34 35 37 40 43 45 46 47 48 25_628.cif 
1.8588867187 -7587.3896484375 2 6 7 10 11 13 14 15 16 17 18 20 21 22 25 26 27 28 29 35 39 44 45 47 54 25_629.cif 
1.8593750000 -7587.3891601562 2 3 4 5 7 8 9 10 11 12 13 16 17 18 19 20 25 26 31 32 38 46 47 53 60 25_630.cif 
1.8613281250 -7587.3872070312 3 5 8 9 10 11 12 13 14 15 18 19 20 21 23 26 28 30 31 37 40 42 46 48 58 25_631.cif 
1.8637695312 -7587.3847656250 1 2 3 5 6 8 10 11 13 15 17 18 19 20 21 22 23 33 35 37 38 42 43 49 57 25_632.cif 
1.8647460937 -7587.3837890625 2 3 4 5 6 7 8 9 10 11 16 18 20 23 26 27 30 32 34 37 38 44 45 46 54 25_633.cif 
1.8662109374 -7587.3823242188 1 3 4 7 9 10 11 12 13 14 15 16 18 21 24 25 28 29 30 31 38 40 42 44 54 25_634.cif 
1.8706054687 -7587.3779296875 4 5 6 7 8 9 10 11 14 15 16 18 20 21 22 25 27 31 33 38 40 43 44 48 59 25_635.cif 
1.8750000000 -7587.3735351562 1 3 4 5 6 10 11 14 15 18 19 20 22 23 24 26 28 31 32 33 37 43 46 49 55 25_636.cif 
1.8793945312 -7587.3691406250 2 3 4 5 7 8 9 11 12 18 20 21 22 24 27 28 29 31 32 36 38 39 43 45 52 25_637.cif 
1.8852539062 -7587.3632812500 2 5 6 7 8 11 12 13 15 17 20 21 22 23 24 25 26 27 36 40 42 43 45 46 54 25_638.cif 
1.8867187500 -7587.3618164062 3 6 7 8 9 10 11 12 13 15 16 18 19 21 26 28 30 34 38 40 42 43 46 47 59 25_639.cif 
1.8886718750 -7587.3598632812 1 3 5 6 7 8 10 11 14 15 16 17 18 19 21 24 25 27 29 38 42 43 47 59 60 25_640.cif 
1.8891601562 -7587.3593750000 1 2 3 4 5 6 7 9 11 13 19 20 21 23 24 26 28 33 35 37 39 43 45 46 51 25_641.cif 
1.8930664062 -7587.3554687500 1 3 4 5 6 7 10 11 13 15 16 17 20 21 23 24 25 30 32 39 40 42 47 58 59 25_642.cif 
1.8940429687 -7587.3544921875 1 2 3 6 7 8 9 11 12 14 15 19 20 23 24 29 31 33 37 39 41 42 44 47 52 25_643.cif 
1.8950195312 -7587.3535156250 1 3 4 5 7 8 9 10 11 12 13 16 17 18 22 24 27 28 30 31 34 37 45 49 57 25_644.cif 
1.8979492187 -7587.3505859375 2 4 5 6 7 8 9 10 12 13 14 19 20 21 22 27 31 39 41 42 44 46 47 48 54 25_645.cif 
1.8994140624 -7587.3491210938 1 3 4 6 7 10 11 12 16 18 19 20 22 23 24 27 28 29 31 39 40 42 45 46 59 25_646.cif 
1.8999023437 -7587.3486328125 2 3 5 7 9 12 13 14 16 17 18 20 24 26 28 29 30 34 35 36 40 41 42 43 47 25_647.cif 
1.9018554687 -7587.3466796875 1 6 8 9 11 12 14 15 16 17 19 21 22 24 28 29 32 34 39 41 43 44 47 48 52 25_648.cif 
1.9062500000 -7587.3422851562 1 3 5 7 8 9 10 14 15 16 18 21 22 26 27 28 31 35 36 37 40 42 44 47 49 25_649.cif 
1.9091796874 -7587.3393554688 1 3 5 6 7 9 10 11 12 13 15 16 19 20 21 22 30 32 33 34 35 44 48 49 55 25_650.cif 
1.9160156250 -7587.3325195312 1 2 3 4 6 8 9 10 15 16 18 20 22 23 24 25 32 34 36 42 43 44 46 47 56 25_651.cif 
1.9165039062 -7587.3320312500 1 3 5 8 9 11 12 13 14 17 18 19 20 21 24 29 31 32 34 36 37 40 41 44 49 25_652.cif 
1.9262695312 -7587.3222656250 1 4 5 7 8 9 11 13 14 15 17 18 21 24 29 30 31 34 35 37 40 43 45 48 49 25_653.cif 
1.9296875000 -7587.3188476562 1 3 4 6 9 10 12 13 15 16 18 19 21 22 24 26 27 30 31 32 34 38 43 44 54 25_654.cif 
1.9306640624 -7587.3178710938 2 3 5 7 9 10 11 12 14 16 17 19 23 24 26 28 33 35 36 38 41 42 44 46 47 25_655.cif 
1.9331054687 -7587.3154296875 2 3 5 6 9 10 11 13 17 20 22 23 24 25 27 28 29 32 35 37 39 42 43 45 46 25_656.cif 
1.9409179687 -7587.3076171875 1 2 3 4 5 6 8 9 10 12 14 15 17 18 20 25 28 31 32 36 40 46 47 51 56 25_657.cif 
1.9423828124 -7587.3061523438 2 6 7 8 10 11 12 13 14 15 16 17 18 21 22 23 28 33 35 36 38 41 45 48 50 25_658.cif 
1.9443359374 -7587.3041992188 3 4 7 8 10 14 15 18 19 20 21 23 26 28 29 30 32 33 34 38 40 42 43 46 47 25_659.cif 
1.9467773437 -7587.3017578125 1 2 3 4 5 10 11 12 14 15 17 19 23 24 25 26 27 30 36 37 38 40 46 47 50 25_660.cif 
1.9526367187 -7587.2958984375 1 3 5 7 8 9 11 12 13 16 17 19 20 21 26 27 29 30 32 34 35 39 42 46 54 25_661.cif 
1.9560546874 -7587.2924804688 1 5 6 7 8 10 11 12 13 15 17 19 20 21 28 29 30 31 37 39 41 44 47 48 52 25_662.cif 
1.9565429687 -7587.2919921875 7 8 9 10 11 12 14 15 16 19 20 22 23 25 27 29 30 32 33 34 35 37 38 41 56 25_663.cif 
1.9589843750 -7587.2895507812 2 4 5 6 7 9 11 12 13 14 15 18 20 22 33 34 37 39 40 42 43 44 45 48 57 25_664.cif 
1.9609375000 -7587.2875976562 1 2 3 4 6 7 8 9 10 11 12 18 22 23 27 28 30 31 35 38 39 40 44 45 60 25_665.cif 
1.9628906250 -7587.2856445312 1 2 3 4 7 9 11 12 16 17 18 21 22 24 27 30 33 34 35 39 40 44 45 48 58 25_666.cif 
1.9638671874 -7587.2846679688 1 4 6 11 12 13 14 16 17 18 19 21 22 25 26 27 30 33 34 35 37 39 40 45 52 25_667.cif 
1.9653320312 -7587.2832031250 1 2 3 4 6 7 8 10 12 13 14 15 16 20 22 23 24 25 33 36 39 46 48 56 59 25_668.cif 
1.9663085937 -7587.2822265625 2 5 6 7 8 10 12 13 15 18 19 21 22 23 26 28 31 33 39 41 42 44 45 46 55 25_669.cif 
1.9692382812 -7587.2792968750 1 2 5 6 7 8 9 10 11 12 13 14 15 21 23 26 27 28 29 30 34 38 45 49 59 25_670.cif 
1.9702148437 -7587.2783203125 3 4 7 8 9 10 11 14 15 17 18 21 22 23 24 26 28 29 30 32 34 36 42 48 59 25_671.cif 
1.9716796874 -7587.2768554688 1 2 3 4 7 9 10 11 12 13 15 16 18 22 24 26 27 28 31 32 37 44 47 48 58 25_672.cif 
1.9741210937 -7587.2744140625 4 6 9 10 11 12 13 14 15 16 19 20 21 22 24 29 30 31 36 39 40 41 45 47 57 25_673.cif 
1.9755859374 -7587.2729492188 2 3 5 6 7 9 11 12 14 18 19 20 22 23 24 32 33 34 36 38 39 42 43 46 53 25_674.cif 
1.9760742187 -7587.2724609375 1 2 3 4 5 7 8 9 10 11 16 20 21 24 25 31 35 36 37 39 41 42 44 56 58 25_675.cif 
1.9765625000 -7587.2719726562 3 4 7 8 9 10 12 14 16 17 21 22 23 24 28 31 34 37 38 39 40 44 45 46 59 25_676.cif 
1.9804687500 -7587.2680664062 1 2 6 7 8 9 10 12 13 15 16 17 19 22 26 28 30 33 37 39 40 42 43 47 53 25_677.cif 
1.9848632812 -7587.2636718750 2 5 7 8 9 13 14 16 17 18 19 20 21 23 26 27 29 30 33 35 38 39 40 43 58 25_678.cif 
1.9858398437 -7587.2626953125 1 2 3 4 5 7 8 12 16 17 18 22 23 25 26 32 33 35 37 41 43 45 46 47 48 25_679.cif 
1.9868164062 -7587.2617187500 4 7 8 9 10 11 12 13 14 19 20 21 22 23 30 31 32 34 38 39 40 42 44 45 53 25_680.cif 
1.9873046874 -7587.2612304688 1 3 5 7 9 10 11 13 16 18 20 21 23 24 29 30 33 35 36 37 38 39 44 46 59 25_681.cif 
1.9877929687 -7587.2607421875 1 2 4 7 8 9 10 11 13 14 16 17 18 19 22 23 24 26 28 36 38 39 45 49 52 25_682.cif 
1.9926757812 -7587.2558593750 1 4 6 7 8 9 11 13 14 15 18 22 23 24 31 32 33 34 35 38 40 41 43 45 57 25_683.cif 
1.9936523437 -7587.2548828125 1 3 4 5 8 9 10 11 14 15 16 18 20 23 24 26 28 31 34 35 36 42 48 49 54 25_684.cif 
1.9941406250 -7587.2543945312 1 2 3 5 6 8 9 10 11 14 16 20 22 23 26 27 30 34 37 38 41 45 46 48 57 25_685.cif 
1.9965820312 -7587.2519531250 1 3 4 8 10 11 13 14 15 16 18 19 20 24 26 27 28 31 38 42 44 45 46 47 56 25_686.cif 
2.0004882812 -7587.2480468750 1 2 3 5 6 7 8 10 11 15 16 17 19 20 22 23 26 29 36 37 44 46 48 52 56 25_687.cif 
2.0024414062 -7587.2460937500 1 2 4 5 6 8 9 10 12 14 15 16 17 20 24 28 30 32 33 34 40 45 48 54 58 25_688.cif 
2.0034179687 -7587.2451171875 1 4 6 8 9 10 11 12 14 15 16 17 23 25 26 28 30 33 37 39 41 44 46 48 53 25_689.cif 
2.0039062500 -7587.2446289062 2 5 7 11 12 13 14 15 16 18 19 20 21 22 24 25 27 28 40 41 44 45 46 48 52 25_690.cif 
2.0058593750 -7587.2426757812 1 2 3 5 6 7 8 9 10 16 19 20 21 23 26 28 29 30 33 37 39 40 44 45 52 25_691.cif 
2.0063476562 -7587.2421875000 2 3 5 6 7 14 16 17 18 19 20 21 22 23 24 27 28 32 35 39 41 44 45 52 57 25_692.cif 
2.0078125000 -7587.2407226562 1 4 8 10 11 13 14 15 17 19 20 21 24 26 32 33 34 35 36 39 41 44 45 46 47 25_693.cif 
2.0097656250 -7587.2387695312 1 2 3 4 6 7 8 9 13 14 15 16 18 20 22 25 26 29 33 37 38 40 43 48 51 25_694.cif 
2.0107421874 -7587.2377929688 1 2 5 6 7 8 13 14 17 18 19 20 21 22 23 24 25 30 31 34 41 42 43 44 53 25_695.cif 
2.0131835937 -7587.2353515625 1 4 6 8 10 12 13 14 15 16 17 18 19 20 23 24 25 30 31 33 41 43 44 53 56 25_696.cif 
2.0136718750 -7587.2348632812 3 4 6 10 12 15 16 17 18 20 21 22 24 25 26 29 31 32 34 35 38 39 41 42 43 25_697.cif 
2.0151367187 -7587.2333984375 2 5 7 8 9 11 12 13 14 15 18 20 22 23 24 29 30 37 40 41 43 44 45 57 60 25_698.cif 
2.0175781250 -7587.2309570312 1 2 4 7 9 10 12 13 14 15 17 18 19 23 25 28 30 31 35 36 41 45 46 48 57 25_699.cif 
2.0209960937 -7587.2275390625 1 2 3 4 5 6 8 10 12 15 16 18 21 22 23 24 27 32 34 37 40 42 43 51 54 25_700.cif 
2.0263671874 -7587.2221679688 2 3 4 5 6 7 9 10 12 13 17 18 19 22 23 25 34 35 36 37 38 39 41 48 60 25_701.cif 
2.0292968750 -7587.2192382812 1 2 6 8 9 10 11 13 14 17 18 19 20 23 24 25 30 36 40 41 42 44 47 48 49 25_702.cif 
2.0297851562 -7587.2187500000 1 5 6 9 10 13 14 16 18 19 20 21 23 24 25 26 34 35 39 40 42 44 45 47 55 25_703.cif 
2.0302734374 -7587.2182617188 1 2 3 5 6 8 9 10 11 14 15 17 18 21 23 24 25 33 34 36 37 39 47 49 54 25_704.cif 
2.0332031250 -7587.2153320312 1 6 9 10 12 13 14 15 16 17 19 20 21 24 33 34 36 37 39 42 44 46 47 48 50 25_705.cif 
2.0336914062 -7587.2148437500 2 5 6 7 9 10 12 15 18 20 21 22 23 24 29 31 32 35 36 40 41 42 46 48 49 25_706.cif 
2.0356445312 -7587.2128906250 2 3 5 6 7 9 11 12 13 17 19 20 21 22 25 26 27 28 33 37 38 42 45 46 52 25_707.cif 
2.0375976562 -7587.2109375000 1 2 3 4 5 8 9 10 11 12 13 14 15 16 20 21 22 25 31 32 36 48 54 55 59 25_708.cif 
2.0400390624 -7587.2084960938 1 2 3 5 6 7 8 9 11 14 15 16 19 21 22 26 27 29 33 34 36 39 45 46 58 25_709.cif 
2.0405273437 -7587.2080078125 2 3 4 6 8 13 17 18 19 20 22 23 24 26 30 31 32 33 34 35 36 39 42 46 54 25_710.cif 
2.0424804687 -7587.2060546875 1 6 9 11 12 14 15 16 18 19 20 21 22 23 24 32 35 37 38 39 41 42 43 45 52 25_711.cif 
2.0478515624 -7587.2006835938 2 3 6 7 8 9 10 11 16 17 19 20 22 23 26 28 29 30 32 36 40 44 45 46 60 25_712.cif 
2.0488281250 -7587.1997070312 1 2 3 4 6 7 8 9 12 14 15 18 19 20 25 30 34 37 38 40 41 45 46 48 53 25_713.cif 
2.0507812500 -7587.1977539062 1 2 4 6 7 8 9 10 11 13 14 15 17 19 21 25 26 27 29 30 31 39 43 47 52 25_714.cif 
2.0512695312 -7587.1972656250 2 3 4 5 6 8 11 13 14 15 18 20 21 22 23 24 26 33 35 39 40 46 48 49 54 25_715.cif 
2.0517578124 -7587.1967773438 1 2 4 5 7 10 12 13 16 17 18 19 20 23 25 28 29 31 34 35 36 43 46 48 54 25_716.cif 
2.0639648437 -7587.1845703125 1 2 7 10 13 15 16 17 18 20 21 22 23 24 25 26 31 34 36 37 39 44 47 49 57 25_717.cif 
2.0644531250 -7587.1840820312 1 2 3 5 6 7 8 9 12 14 16 18 21 24 26 27 30 35 36 37 39 43 45 46 53 25_718.cif 
2.0649414062 -7587.1835937500 1 4 6 7 8 9 12 14 15 16 19 20 21 22 25 26 30 37 40 41 43 45 46 48 59 25_719.cif 
2.0659179687 -7587.1826171875 1 3 4 7 9 10 11 14 16 18 20 22 23 25 26 27 28 36 37 41 42 46 47 48 60 25_720.cif 
2.0688476562 -7587.1796875000 2 3 5 6 8 9 11 13 14 16 17 20 22 23 24 25 26 27 29 30 43 44 47 57 59 25_721.cif 
2.0693359374 -7587.1791992188 1 2 3 4 5 8 15 17 18 19 20 21 22 23 26 29 32 34 36 37 38 45 46 47 57 25_722.cif 
2.0698242187 -7587.1787109375 1 2 3 4 5 6 7 8 9 13 15 18 19 20 21 24 28 33 40 41 43 47 48 52 55 25_723.cif 
2.0717773437 -7587.1767578125 1 2 4 7 11 12 13 14 15 17 19 21 22 23 24 27 28 33 35 38 40 43 45 46 51 25_724.cif 
2.0800781250 -7587.1684570312 2 3 4 6 7 11 12 13 14 15 18 19 21 23 24 25 28 29 30 37 43 46 47 54 57 25_725.cif 
2.0825195312 -7587.1660156250 4 5 6 7 8 10 11 14 15 16 18 20 21 22 24 28 29 32 33 37 38 40 43 48 56 25_726.cif 
2.0839843750 -7587.1645507812 1 2 3 6 9 13 14 15 16 17 18 19 21 23 24 28 29 32 33 37 38 39 42 48 49 25_727.cif 
2.0859375000 -7587.1625976562 1 2 3 4 5 6 7 10 12 13 19 20 22 25 26 28 33 35 37 39 41 43 44 47 51 25_728.cif 
2.0898437500 -7587.1586914062 1 2 3 4 7 8 9 10 11 13 14 15 16 22 24 25 29 32 39 40 41 45 46 51 56 25_729.cif 
2.0947265624 -7587.1538085938 2 3 4 6 8 9 12 13 14 18 19 20 21 23 25 26 28 30 32 33 38 39 40 43 52 25_730.cif 
2.0952148437 -7587.1533203125 1 4 5 6 7 8 9 10 11 12 16 17 19 25 26 27 31 32 33 39 40 42 46 48 53 25_731.cif 
2.0966796874 -7587.1518554688 1 2 3 5 6 9 10 11 16 17 20 21 22 23 25 26 29 31 32 34 37 44 45 47 54 25_732.cif 
2.0991210937 -7587.1494140625 1 3 4 6 7 10 11 13 15 17 19 20 21 24 25 27 28 32 34 39 40 43 44 53 54 25_733.cif 
2.1025390624 -7587.1459960938 1 2 4 5 10 15 16 18 20 21 22 23 24 29 30 31 32 33 34 35 43 45 46 48 49 25_734.cif 
2.1035156250 -7587.1450195312 1 4 6 7 10 11 13 15 16 17 18 19 20 21 23 24 26 27 30 33 38 41 46 54 58 25_735.cif 
2.1040039062 -7587.1445312500 1 2 7 10 11 13 15 16 18 19 22 23 24 25 26 31 32 36 37 38 39 41 42 43 45 25_736.cif 
2.1069335937 -7587.1416015625 2 3 4 5 6 8 9 11 13 16 18 19 20 21 22 26 29 30 33 34 39 40 42 52 60 25_737.cif 
2.1088867187 -7587.1396484375 1 3 6 8 9 10 11 13 14 16 18 19 21 22 23 24 30 31 38 40 43 44 46 54 59 25_738.cif 
2.1113281250 -7587.1372070312 1 3 5 6 8 13 14 15 16 17 18 19 21 24 28 29 31 32 35 37 40 42 47 48 51 25_739.cif 
2.1137695312 -7587.1347656250 1 2 3 4 5 6 7 10 12 14 15 16 19 20 21 24 25 27 28 29 36 47 48 51 58 25_740.cif 
2.1162109374 -7587.1323242188 1 2 3 6 9 14 15 16 18 19 20 22 23 24 27 28 29 33 34 35 36 41 46 49 50 25_741.cif 
2.1166992187 -7587.1318359375 1 3 4 5 9 10 11 12 13 14 15 16 18 20 22 23 26 30 36 39 43 47 48 53 57 25_742.cif 
2.1176757812 -7587.1308593750 1 2 3 4 5 6 11 14 15 16 17 18 21 23 24 27 31 32 37 39 40 41 42 47 55 25_743.cif 
2.1181640624 -7587.1303710938 3 4 5 6 7 8 14 15 16 17 18 19 21 23 24 29 30 32 33 35 38 39 43 45 60 25_744.cif 
2.1186523437 -7587.1298828125 1 7 8 9 10 11 13 14 15 16 17 18 21 23 24 27 31 33 35 38 40 42 44 49 52 25_745.cif 
2.1210937500 -7587.1274414062 1 2 3 4 10 11 12 13 14 19 21 22 23 24 28 30 32 33 35 36 37 38 39 43 57 25_746.cif 
2.1225585937 -7587.1259765625 3 4 5 6 8 9 10 11 13 14 17 19 20 26 28 29 31 33 35 37 38 40 42 44 60 25_747.cif 
2.1235351562 -7587.1250000000 4 6 7 8 10 12 13 14 15 16 17 19 21 22 25 27 29 31 32 39 44 45 46 51 59 25_748.cif 
2.1240234374 -7587.1245117188 2 3 4 5 6 7 8 10 12 15 16 21 24 27 29 30 31 32 34 36 37 42 44 48 54 25_749.cif 
2.1259765624 -7587.1225585938 1 2 4 6 7 9 12 13 15 16 18 21 22 23 24 26 29 31 35 41 42 43 46 55 56 25_750.cif 
2.1269531250 -7587.1215820312 1 2 3 5 6 7 8 9 10 14 15 16 17 18 19 22 24 36 37 40 44 47 49 54 55 25_751.cif 
2.1333007812 -7587.1152343750 1 2 4 7 9 10 11 13 15 18 20 22 24 25 26 27 29 34 36 37 40 41 44 51 60 25_752.cif 
2.1425781250 -7587.1059570312 1 3 6 7 11 12 14 15 17 18 19 21 22 23 24 25 30 36 38 39 41 43 44 47 60 25_753.cif 
2.1459960937 -7587.1025390625 1 2 6 7 8 9 10 12 13 14 15 17 18 19 23 25 29 30 32 35 36 43 45 54 59 25_754.cif 
2.1479492187 -7587.1005859375 5 6 8 10 11 13 14 16 17 18 20 21 22 24 25 29 30 31 32 35 36 39 43 48 51 25_755.cif 
2.1494140624 -7587.0991210938 3 4 8 9 10 11 12 13 14 16 17 19 20 21 22 23 26 29 32 34 35 40 43 52 56 25_756.cif 
2.1533203124 -7587.0952148438 3 4 8 11 12 13 15 16 17 19 20 21 22 24 25 26 27 31 34 37 40 41 42 45 50 25_757.cif 
2.1577148437 -7587.0908203125 1 2 3 5 7 8 9 11 12 13 14 18 24 27 28 29 32 35 36 38 40 41 42 43 54 25_758.cif 
2.1611328124 -7587.0874023438 1 4 6 7 8 11 12 13 15 16 21 22 23 24 27 29 35 36 39 41 42 44 46 48 58 25_759.cif 
2.1616210937 -7587.0869140625 1 2 3 4 5 6 7 9 11 12 13 16 18 22 24 26 29 34 38 40 41 45 46 54 58 25_760.cif 
2.1650390624 -7587.0834960938 2 4 7 8 10 13 14 15 17 18 19 20 22 28 29 30 31 33 42 43 45 46 47 48 51 25_761.cif 
2.1655273437 -7587.0830078125 1 2 3 5 6 8 10 12 14 15 16 17 22 23 25 26 27 29 31 34 36 44 46 55 57 25_762.cif 
2.1669921874 -7587.0815429688 3 4 6 7 9 10 11 12 13 14 15 18 20 21 24 30 34 36 37 42 43 44 45 48 55 25_763.cif 
2.1679687500 -7587.0805664062 3 4 7 9 11 13 17 18 20 21 22 23 24 26 27 28 30 31 34 39 40 42 44 47 56 25_764.cif 
2.1699218750 -7587.0786132812 1 2 4 9 10 12 13 15 16 17 19 20 22 24 26 32 34 35 36 38 40 41 46 55 60 25_765.cif 
2.1704101562 -7587.0781250000 1 4 5 6 8 9 11 13 14 15 16 17 18 20 24 25 28 32 33 35 38 40 46 51 54 25_766.cif 
2.1748046874 -7587.0737304688 1 3 6 7 9 11 13 16 18 20 21 22 23 29 30 33 34 36 38 41 43 45 46 47 49 25_767.cif 
2.1845703124 -7587.0639648438 1 2 3 5 8 9 14 16 20 22 23 24 27 28 29 32 33 34 36 38 42 44 46 47 51 25_768.cif 
2.1899414062 -7587.0585937500 1 3 4 5 6 7 8 10 13 14 16 19 20 21 24 26 30 31 33 39 40 44 47 52 57 25_769.cif 
2.1904296874 -7587.0581054688 2 3 5 6 7 9 11 12 13 14 15 16 17 18 19 23 29 31 33 35 40 46 48 51 57 25_770.cif 
2.1909179687 -7587.0576171875 1 2 3 8 9 11 12 13 16 17 18 19 20 21 23 24 27 28 29 36 39 42 44 49 50 25_771.cif 
2.1938476562 -7587.0546875000 1 4 6 7 8 12 13 14 15 17 18 19 20 21 24 25 28 29 32 33 34 35 39 53 56 25_772.cif 
2.1943359374 -7587.0541992188 2 3 4 6 7 9 12 13 14 15 17 18 19 20 22 26 29 33 34 36 39 45 47 57 58 25_773.cif 
2.1967773437 -7587.0517578125 2 5 7 9 11 12 13 14 15 17 20 21 24 26 27 31 32 34 35 38 40 42 44 45 60 25_774.cif 
2.1987304687 -7587.0498046875 1 2 4 5 10 11 12 14 15 16 17 20 24 26 27 29 31 34 35 37 39 40 42 46 56 25_775.cif 
2.2045898437 -7587.0439453125 2 3 4 5 7 8 11 12 14 15 16 20 21 22 23 24 25 26 30 32 39 42 48 57 59 25_776.cif 
2.2070312500 -7587.0415039062 2 5 6 7 8 9 12 15 16 17 18 19 21 22 23 24 25 26 29 31 34 43 46 53 55 25_777.cif 
2.2124023437 -7587.0361328125 1 2 3 5 6 7 8 9 10 11 13 14 15 16 18 20 23 27 32 36 40 47 51 52 59 25_778.cif 
2.2158203124 -7587.0327148438 1 2 5 6 7 8 9 12 13 15 16 20 21 28 30 32 33 35 37 38 45 46 47 48 60 25_779.cif 
2.2236328124 -7587.0249023438 1 3 4 6 7 8 10 11 12 13 15 18 22 24 25 28 32 33 34 36 37 40 41 49 53 25_780.cif 
2.2241210937 -7587.0244140625 1 2 6 9 11 12 13 15 16 17 18 19 20 21 25 26 27 28 35 36 40 41 44 47 59 25_781.cif 
2.2246093750 -7587.0239257812 1 4 5 6 11 14 15 17 18 19 20 22 24 25 27 29 30 32 34 38 39 40 42 43 56 25_782.cif 
2.2250976562 -7587.0234375000 5 6 9 10 11 13 14 15 16 17 18 21 23 24 25 26 27 29 34 35 36 37 42 46 57 25_783.cif 
2.2299804687 -7587.0185546875 1 2 3 4 5 7 9 11 12 13 15 16 17 18 21 22 24 28 31 33 35 47 50 52 60 25_784.cif 
2.2319335937 -7587.0166015625 1 4 5 6 8 12 14 15 17 18 19 20 21 24 28 31 35 36 38 41 42 45 47 48 51 25_785.cif 
2.2460937500 -7587.0024414062 1 2 3 4 7 9 11 13 14 15 17 19 22 24 26 30 32 33 34 36 41 43 47 58 60 25_786.cif 
2.2465820312 -7587.0019531250 2 6 8 10 11 12 15 17 18 20 21 22 23 26 28 35 37 38 39 40 41 43 47 48 59 25_787.cif 
2.2480468750 -7587.0004882812 1 3 4 5 6 7 8 9 10 12 13 15 19 21 23 31 32 36 43 44 45 46 48 55 56 25_788.cif 
2.2490234374 -7586.9995117188 1 3 4 5 6 7 8 10 11 12 13 14 19 20 23 24 29 30 31 34 40 43 52 57 58 25_789.cif 
2.2504882812 -7586.9980468750 2 3 6 7 8 9 10 13 14 15 17 19 20 21 22 26 27 30 34 35 40 46 48 53 56 25_790.cif 
2.2534179687 -7586.9951171875 3 4 6 8 9 10 11 12 16 17 20 21 22 23 24 27 30 36 40 42 44 45 46 50 53 25_791.cif 
2.2558593750 -7586.9926757812 1 2 3 5 7 8 11 12 15 19 21 22 23 24 29 30 33 35 38 39 41 47 48 49 53 25_792.cif 
2.2592773437 -7586.9892578125 1 3 4 5 6 9 11 13 14 19 20 21 23 24 26 27 30 35 37 38 39 41 42 45 56 25_793.cif 
2.2612304687 -7586.9873046875 2 3 5 6 8 11 12 14 17 18 21 22 24 25 27 33 34 35 36 38 43 44 45 47 54 25_794.cif 
2.2661132812 -7586.9824218750 1 3 4 5 7 8 9 11 13 14 16 17 18 20 22 24 25 30 32 34 41 43 50 54 57 25_795.cif 
2.2695312500 -7586.9790039062 1 4 6 7 8 9 10 11 12 15 17 20 22 27 28 30 32 33 35 41 43 45 47 48 53 25_796.cif 
2.2763671874 -7586.9721679688 1 2 3 4 6 7 8 9 14 15 16 17 20 22 29 30 31 34 37 38 40 42 46 50 58 25_797.cif 
2.2788085937 -7586.9697265625 1 3 4 6 7 10 12 13 14 16 18 19 20 22 26 27 29 36 37 38 39 43 45 47 55 25_798.cif 
2.2797851562 -7586.9687500000 2 3 6 7 8 9 12 13 14 17 19 21 22 23 29 31 32 35 37 40 42 46 47 55 56 25_799.cif 
2.2851562500 -7586.9633789062 3 8 9 10 11 12 13 14 16 17 18 19 20 31 33 36 37 39 40 41 43 46 47 48 56 25_800.cif 
2.2978515624 -7586.9506835938 1 2 3 6 8 9 11 13 17 19 20 21 22 24 27 32 33 34 35 42 45 46 47 50 55 25_801.cif 
2.3002929687 -7586.9482421875 1 2 5 6 9 10 11 14 15 16 17 18 20 26 28 30 34 35 36 37 41 42 43 48 53 25_802.cif 
2.3081054687 -7586.9404296875 1 2 3 5 9 10 12 14 16 19 20 21 23 24 25 31 33 34 35 37 39 44 47 53 59 25_803.cif 
2.3154296874 -7586.9331054688 1 3 4 5 7 9 11 14 15 17 20 21 22 23 28 31 32 33 34 36 41 42 47 56 57 25_804.cif 
2.3173828124 -7586.9311523438 2 3 4 5 6 7 8 9 10 12 19 21 22 23 24 25 26 32 41 44 45 46 47 57 59 25_805.cif 
2.3208007812 -7586.9277343750 1 2 3 6 8 11 12 15 17 18 19 20 22 24 25 27 29 31 33 34 35 40 44 51 60 25_806.cif 
2.3286132812 -7586.9199218750 3 4 5 6 7 8 11 12 14 16 17 20 21 22 23 24 34 35 42 43 44 47 51 52 57 25_807.cif 
2.3320312500 -7586.9165039062 3 4 6 10 11 12 13 14 15 17 20 21 23 24 28 29 30 33 35 36 37 40 42 45 55 25_808.cif 
2.3364257812 -7586.9121093750 2 6 8 9 11 12 14 15 17 18 19 21 22 25 31 33 34 36 37 38 40 43 45 47 50 25_809.cif 
2.3378906250 -7586.9106445312 2 3 4 5 7 9 10 12 13 14 16 18 24 25 27 28 31 38 39 40 41 42 45 47 51 25_810.cif 
2.3510742187 -7586.8974609375 1 2 5 6 8 9 14 15 17 21 23 24 25 28 30 31 32 33 35 38 40 42 45 48 59 25_811.cif 
2.3647460937 -7586.8837890625 2 4 7 8 9 11 12 16 18 19 21 22 23 26 30 32 34 35 36 37 38 43 44 45 57 25_812.cif 
2.3774414062 -7586.8710937500 1 4 5 7 8 9 12 13 14 15 17 18 20 22 26 28 29 34 35 39 40 44 46 47 58 25_813.cif 
2.3793945312 -7586.8691406250 1 2 4 5 7 11 15 16 17 18 19 20 22 25 26 27 29 30 35 37 44 45 48 55 58 25_814.cif 
2.3891601562 -7586.8593750000 2 4 6 7 9 11 12 13 14 15 17 18 21 22 27 29 31 33 36 37 44 46 49 52 54 25_815.cif 
2.3896484374 -7586.8588867188 1 3 4 5 7 9 10 11 12 13 14 16 19 22 34 35 37 38 39 41 44 45 46 51 54 25_816.cif 
2.3920898437 -7586.8564453125 1 2 6 8 9 10 11 15 16 17 18 19 20 21 28 29 33 34 35 36 46 47 48 51 56 25_817.cif 
2.4106445312 -7586.8378906250 2 4 7 8 9 10 11 14 15 16 20 21 22 24 26 30 31 33 34 40 43 45 47 51 60 25_818.cif 
2.4111328124 -7586.8374023438 1 3 4 6 9 10 11 12 14 15 16 17 18 21 22 28 38 39 41 44 45 46 47 51 52 25_819.cif 
2.4194335937 -7586.8291015625 6 7 8 9 10 11 12 13 15 20 21 22 23 24 27 30 32 34 35 40 42 43 44 56 57 25_820.cif 
2.4204101562 -7586.8281250000 1 2 3 4 6 8 9 11 12 13 18 19 20 21 22 26 31 33 36 38 43 47 49 54 60 25_821.cif 
2.4248046874 -7586.8237304688 1 3 4 5 10 11 13 14 16 17 18 19 22 23 25 27 28 31 33 34 36 37 41 47 56 25_822.cif 
2.4291992187 -7586.8193359375 2 4 6 7 8 9 10 12 14 15 16 19 20 23 25 29 32 36 40 41 42 44 47 58 60 25_823.cif 
2.4399414062 -7586.8085937500 4 5 7 8 10 11 12 15 17 18 19 20 22 24 25 29 31 32 37 39 46 47 48 55 57 25_824.cif 
2.4497070312 -7586.7988281250 2 5 6 7 10 12 13 15 16 17 20 22 25 27 29 31 34 41 42 43 45 46 47 48 53 25_825.cif 
2.4536132812 -7586.7949218750 1 2 4 5 6 8 10 11 12 13 14 15 18 19 26 27 28 31 32 37 41 43 44 51 52 25_826.cif 
2.4731445312 -7586.7753906250 3 4 5 6 7 8 10 11 12 13 17 18 19 20 22 25 33 37 38 41 42 45 46 48 55 25_827.cif 
2.4838867187 -7586.7646484375 1 2 3 5 6 7 9 10 15 16 17 22 23 25 27 28 32 33 34 41 43 47 48 49 50 25_828.cif 
2.4863281250 -7586.7622070312 1 2 3 4 5 11 12 13 14 15 17 18 20 22 24 26 30 37 40 41 42 46 48 52 58 25_829.cif 
2.4995117187 -7586.7490234375 1 2 3 4 5 6 7 9 10 12 13 15 19 20 26 30 32 33 34 37 41 43 53 54 59 25_830.cif 
2.5039062500 -7586.7446289062 1 3 6 7 8 11 12 13 16 17 20 21 25 27 30 31 35 38 39 41 43 44 45 47 56 25_831.cif 
2.5102539062 -7586.7382812500 1 5 11 12 13 15 16 17 18 19 21 24 26 27 33 34 36 38 39 40 41 42 43 47 54 25_832.cif 
2.5166015624 -7586.7319335938 2 4 6 7 9 11 12 13 14 16 17 22 29 30 31 32 35 39 41 42 44 45 46 56 60 25_833.cif 
2.5180664062 -7586.7304687500 2 3 4 5 6 7 11 12 14 15 16 18 20 22 25 27 28 31 35 37 39 44 46 55 60 25_834.cif 
2.5234375000 -7586.7250976562 2 3 5 6 7 8 11 13 16 18 19 21 22 24 26 29 30 35 36 39 40 44 46 56 60 25_835.cif 
2.5390625000 -7586.7094726562 1 2 6 9 11 12 13 15 17 18 19 20 21 23 24 29 35 37 38 39 40 42 47 49 56 25_836.cif 
2.5454101562 -7586.7031250000 2 3 5 6 7 9 10 13 14 17 18 20 22 26 27 31 32 39 40 42 44 45 47 52 54 25_837.cif 
2.5605468750 -7586.6879882812 1 3 6 8 11 12 13 14 16 17 20 21 22 24 28 30 31 35 39 40 42 44 46 50 54 25_838.cif 
2.5727539062 -7586.6757812500 3 5 6 9 10 13 15 16 18 20 21 22 23 26 28 29 30 31 37 40 45 47 48 49 56 25_839.cif 
2.5791015624 -7586.6694335938 1 6 7 8 13 14 15 19 20 21 22 23 25 26 28 32 33 34 35 37 39 41 42 43 53 25_840.cif 
2.5878906250 -7586.6606445312 1 2 4 6 7 11 12 13 14 16 17 18 21 24 25 26 30 31 34 36 37 41 43 49 56 25_841.cif 
2.5903320312 -7586.6582031250 4 5 10 11 12 17 18 19 20 21 23 24 25 26 27 28 32 33 36 41 42 43 44 47 57 25_842.cif 
2.5966796874 -7586.6518554688 5 6 8 11 12 16 18 19 20 21 22 23 24 28 30 31 32 34 37 38 39 41 44 48 57 25_843.cif 
2.5971679687 -7586.6513671875 2 3 4 6 8 10 11 13 16 18 19 22 23 30 32 33 36 38 42 44 45 46 47 54 59 25_844.cif 
2.5981445312 -7586.6503906250 1 3 4 5 7 10 13 16 17 18 20 23 24 26 28 31 35 36 39 40 42 46 48 50 59 25_845.cif 
2.6049804687 -7586.6435546875 2 5 6 7 8 9 10 11 12 13 14 17 27 28 30 33 34 35 36 39 42 46 47 52 56 25_846.cif 
2.6079101562 -7586.6406250000 1 2 3 6 7 9 11 12 14 15 16 17 20 21 23 26 27 29 30 38 42 44 47 53 58 25_847.cif 
2.6137695312 -7586.6347656250 2 3 4 7 8 9 10 12 16 20 21 22 23 25 27 34 38 39 40 43 44 45 48 50 56 25_848.cif 
2.6191406250 -7586.6293945312 3 5 6 8 12 13 14 15 16 17 19 21 24 26 28 29 32 35 37 40 42 45 47 55 58 25_849.cif 
2.6225585937 -7586.6259765625 1 2 3 4 6 7 9 11 12 13 14 15 16 18 22 25 28 32 33 45 48 49 52 53 59 25_850.cif 
2.6259765624 -7586.6225585938 2 5 6 7 10 11 14 15 16 20 21 24 25 27 29 30 31 33 34 35 40 42 47 56 60 25_851.cif 
2.6513671874 -7586.5971679688 2 3 4 7 11 14 17 18 20 21 22 23 24 26 30 31 35 36 38 39 41 43 46 50 58 25_852.cif 
2.6621093750 -7586.5864257812 1 5 7 10 11 12 13 14 15 17 21 26 30 31 32 36 39 40 41 43 44 45 46 47 60 25_853.cif 
2.7021484374 -7586.5463867188 3 5 6 8 9 10 12 13 14 16 18 20 21 24 26 28 30 31 33 37 38 40 42 50 53 25_854.cif 
2.7358398437 -7586.5126953125 1 3 6 9 13 14 15 18 22 23 24 25 26 28 29 32 33 34 35 38 40 43 44 47 52 25_855.cif 
2.7441406250 -7586.5043945312 2 3 4 5 8 10 11 12 14 16 18 21 23 24 25 26 32 37 40 43 44 46 53 54 56 25_856.cif 
2.7495117187 -7586.4990234375 3 4 5 9 10 11 13 15 19 20 21 23 24 29 31 32 37 40 42 43 44 47 48 55 57 25_857.cif 
2.7500000000 -7586.4985351562 1 3 4 7 9 10 11 12 17 19 20 22 24 25 26 30 37 43 45 46 47 48 53 55 56 25_858.cif 
2.7504882812 -7586.4980468750 1 3 4 6 9 10 11 12 16 18 21 22 23 25 29 35 36 39 41 42 43 44 46 56 57 25_859.cif 
2.7539062500 -7586.4946289062 2 5 8 10 11 13 14 15 17 18 19 20 22 23 24 28 30 32 36 41 43 46 49 58 59 25_860.cif 
2.7622070312 -7586.4863281250 1 5 6 8 9 10 12 13 17 18 21 22 28 30 32 36 37 38 39 40 42 43 45 47 57 25_861.cif 
2.7700195312 -7586.4785156250 3 4 5 9 11 12 13 14 18 19 20 24 28 32 36 37 38 39 40 41 42 45 48 51 59 25_862.cif 
2.7768554687 -7586.4716796875 2 4 5 6 7 10 11 13 15 16 19 20 23 29 32 33 34 36 38 44 45 47 53 57 60 25_863.cif 
2.7934570312 -7586.4550781250 1 2 7 8 9 12 13 17 18 19 20 22 28 29 31 35 38 39 40 42 46 47 48 49 55 25_864.cif 
2.8515625000 -7586.3969726562 1 2 3 4 6 7 8 9 11 12 13 16 17 19 22 23 31 32 33 39 43 49 50 53 57 25_865.cif 
2.8945312500 -7586.3540039062 1 2 4 5 6 9 13 18 19 20 21 22 23 25 32 33 36 41 43 44 46 47 49 51 58 25_866.cif 
2.9130859374 -7586.3354492188 1 2 3 5 6 7 8 9 11 12 14 15 16 21 23 25 26 27 28 32 48 50 52 57 60 25_867.cif 
2.9428710937 -7586.3056640625 2 3 5 6 8 9 10 13 14 16 18 20 24 25 26 28 29 37 39 44 45 47 50 54 55 25_868.cif 
3.0009765624 -7586.2475585938 2 6 7 8 12 14 15 16 17 18 19 20 21 23 32 35 39 40 42 45 47 48 52 58 60 25_869.cif 
3.1123046874 -7586.1362304688 2 3 5 7 10 11 12 14 15 20 21 22 27 28 30 32 35 37 39 44 45 46 49 52 56 25_870.cif 
3.1577148437 -7586.0908203125 7 8 9 10 11 14 15 16 19 20 21 23 26 27 28 32 33 34 36 40 44 45 50 52 60 25_871.cif 
3.1933593750 -7586.0551757812 2 3 4 5 6 10 11 13 16 17 20 21 24 25 27 28 29 33 38 42 45 46 55 56 60 25_872.cif 
3.2631835937 -7585.9853515625 2 3 4 6 11 12 14 16 17 18 19 22 25 26 27 33 38 40 42 43 44 45 49 51 60 25_873.cif 
3.3925781250 -7585.8559570312 2 4 6 7 8 9 15 16 17 18 19 21 25 29 30 32 37 40 44 45 46 51 53 59 60 25_874.cif 
