0 -7684.2856445312 2 6 7 11 12 13 15 17 20 21 10_1.cif 
.0815429687 -7684.2041015625 7 11 12 13 15 17 19 20 21 22 10_2.cif 
.1103515624 -7684.1752929688 7 8 9 11 12 13 15 17 18 28 10_3.cif 
.1274414062 -7684.1582031250 1 5 8 9 10 14 16 18 23 24 10_4.cif 
.1953125000 -7684.0903320312 1 3 4 5 6 7 11 12 17 22 10_5.cif 
.2348632812 -7684.0507812500 2 4 6 12 13 17 21 22 23 24 10_6.cif 
.2988281250 -7683.9868164062 2 3 7 13 15 17 18 20 22 28 10_7.cif 
.3159179687 -7683.9697265625 3 5 7 9 10 11 13 18 20 23 10_8.cif 
.3237304687 -7683.9619140625 4 6 13 15 16 17 20 21 22 36 10_9.cif 
.3291015624 -7683.9565429688 5 14 15 16 18 19 22 23 24 29 10_10.cif 
.3354492187 -7683.9501953125 4 6 12 13 15 17 20 21 22 24 10_11.cif 
.3398437500 -7683.9458007812 1 7 9 10 11 12 15 16 22 25 10_12.cif 
.3486328124 -7683.9370117188 3 4 5 6 10 19 20 22 24 40 10_13.cif 
.3510742187 -7683.9345703125 2 3 7 13 15 17 18 20 22 26 10_14.cif 
.3593750000 -7683.9262695312 3 7 9 11 12 13 17 18 22 35 10_15.cif 
.3613281250 -7683.9243164062 1 3 4 6 7 11 12 17 25 37 10_16.cif 
.3627929687 -7683.9228515625 3 7 9 13 16 18 19 20 22 47 10_17.cif 
.3691406250 -7683.9165039062 4 5 6 10 16 20 21 22 23 24 10_18.cif 
.3754882812 -7683.9101562500 7 8 9 10 11 13 18 19 20 29 10_19.cif 
.3793945312 -7683.9062500000 2 5 7 8 10 11 12 15 21 32 10_20.cif 
.3798828124 -7683.9057617188 2 7 14 15 18 20 21 22 23 29 10_21.cif 
.3881835937 -7683.8974609375 7 10 11 12 13 15 17 20 27 28 10_22.cif 
.3896484374 -7683.8959960938 7 9 11 13 15 17 18 21 25 42 10_23.cif 
.3906250000 -7683.8950195312 4 6 13 15 17 18 19 21 22 28 10_24.cif 
.3955078124 -7683.8901367188 1 2 4 5 7 9 10 18 20 29 10_25.cif 
.3959960937 -7683.8896484375 3 9 13 16 18 19 20 22 24 32 10_26.cif 
.3984375000 -7683.8872070312 1 4 5 8 10 11 12 14 16 27 10_27.cif 
.4018554687 -7683.8837890625 1 5 8 9 10 16 20 23 24 41 10_28.cif 
.4057617187 -7683.8798828125 1 3 7 13 15 16 17 20 22 24 10_29.cif 
.4067382812 -7683.8789062500 7 13 16 17 18 19 21 22 27 30 10_30.cif 
.4116210937 -7683.8740234375 1 2 3 7 8 9 21 22 24 32 10_31.cif 
.4155273437 -7683.8701171875 2 6 15 16 18 20 21 23 24 34 10_32.cif 
.4243164062 -7683.8613281250 7 8 12 13 15 16 17 21 23 33 10_33.cif 
.4282226562 -7683.8574218750 3 7 9 10 12 13 15 16 25 28 10_34.cif 
.4301757812 -7683.8554687500 1 2 3 7 8 9 18 19 22 48 10_35.cif 
.4321289062 -7683.8535156250 2 4 6 7 8 10 11 13 20 21 10_36.cif 
.4379882812 -7683.8476562500 6 8 12 15 16 20 21 22 23 28 10_37.cif 
.4399414062 -7683.8457031250 1 4 7 11 15 17 18 22 24 40 10_38.cif 
.4409179687 -7683.8447265625 1 3 8 9 10 12 14 16 18 26 10_39.cif 
.4443359374 -7683.8413085938 1 2 3 4 7 16 17 18 22 37 10_40.cif 
.4472656250 -7683.8383789062 4 6 12 13 15 20 21 22 24 40 10_41.cif 
.4536132812 -7683.8320312500 3 4 6 7 9 11 12 13 18 37 10_42.cif 
.4570312500 -7683.8286132812 15 16 17 18 19 20 21 22 27 38 10_43.cif 
.4731445312 -7683.8125000000 9 13 14 17 18 19 20 22 26 28 10_44.cif 
.4750976562 -7683.8105468750 1 4 7 14 15 17 20 21 22 28 10_45.cif 
.4765625000 -7683.8090820312 1 2 3 6 7 9 10 13 16 25 10_46.cif 
.4790039062 -7683.8066406250 1 3 5 8 14 15 16 19 23 29 10_47.cif 
.4843750000 -7683.8012695312 2 4 5 7 11 15 17 21 22 30 10_48.cif 
.4873046874 -7683.7983398438 12 13 16 19 20 21 22 23 36 41 10_49.cif 
.4931640624 -7683.7924804688 5 9 14 15 16 18 19 22 24 29 10_50.cif 
.4941406250 -7683.7915039062 7 8 9 11 12 14 17 21 42 43 10_51.cif 
.4975585937 -7683.7880859375 2 3 4 6 20 22 24 31 32 37 10_52.cif 
.5004882812 -7683.7851562500 2 5 6 15 17 19 21 22 24 42 10_53.cif 
.5014648437 -7683.7841796875 4 14 17 19 20 21 22 24 30 32 10_54.cif 
.5034179687 -7683.7822265625 3 5 6 10 12 14 16 19 22 47 10_55.cif 
.5068359374 -7683.7788085938 5 6 10 15 16 19 20 23 34 36 10_56.cif 
.5083007812 -7683.7773437500 3 8 10 11 12 14 15 16 22 23 10_57.cif 
.5102539062 -7683.7753906250 1 2 3 7 8 9 20 22 23 46 10_58.cif 
.5107421874 -7683.7749023438 3 4 9 13 16 18 19 20 26 36 10_59.cif 
.5151367187 -7683.7705078125 3 4 14 19 20 21 22 23 31 32 10_60.cif 
.5195312500 -7683.7661132812 6 12 13 16 19 20 21 23 24 37 10_61.cif 
.5224609374 -7683.7631835938 7 8 9 10 12 15 16 23 36 37 10_62.cif 
.5244140624 -7683.7612304688 2 6 12 15 18 21 22 23 24 33 10_63.cif 
.5278320312 -7683.7578125000 1 3 5 18 19 20 21 23 24 47 10_64.cif 
.5302734374 -7683.7553710938 1 6 7 8 10 12 16 19 23 42 10_65.cif 
.5332031250 -7683.7524414062 1 2 4 6 8 9 12 17 19 36 10_66.cif 
.5336914062 -7683.7519531250 2 3 7 8 9 12 16 17 37 44 10_67.cif 
.5366210937 -7683.7490234375 2 6 7 9 12 17 20 22 25 33 10_68.cif 
.5405273437 -7683.7451171875 1 4 5 7 10 12 14 16 19 22 10_69.cif 
.5439453124 -7683.7416992188 2 4 5 13 14 18 19 20 21 47 10_70.cif 
.5449218750 -7683.7407226562 3 4 8 14 19 21 22 24 32 39 10_71.cif 
.5488281250 -7683.7368164062 4 6 11 12 15 17 20 22 26 29 10_72.cif 
.5493164062 -7683.7363281250 5 6 14 15 16 18 20 21 22 43 10_73.cif 
.5517578124 -7683.7338867188 1 5 6 8 10 12 19 23 27 36 10_74.cif 
.5576171874 -7683.7280273438 7 8 10 12 15 16 23 29 36 37 10_75.cif 
.5595703124 -7683.7260742188 2 3 4 6 17 20 22 31 32 37 10_76.cif 
.5605468750 -7683.7250976562 1 2 3 5 6 21 23 34 35 40 10_77.cif 
.5625000000 -7683.7231445312 1 2 3 9 13 16 17 20 24 36 10_78.cif 
.5634765624 -7683.7221679688 2 4 14 17 20 21 22 24 25 43 10_79.cif 
.5673828124 -7683.7182617188 2 3 5 6 9 12 20 23 36 40 10_80.cif 
.5683593750 -7683.7172851562 1 2 3 7 9 11 15 18 29 34 10_81.cif 
.5737304687 -7683.7119140625 1 3 5 12 16 19 22 23 26 27 10_82.cif 
.5751953124 -7683.7104492188 5 10 14 15 16 18 21 23 34 38 10_83.cif 
.5776367187 -7683.7080078125 6 8 11 12 14 15 16 17 30 45 10_84.cif 
.5805664062 -7683.7050781250 2 4 7 11 12 13 20 21 25 42 10_85.cif 
.5820312500 -7683.7036132812 3 7 9 12 14 16 17 22 28 39 10_86.cif 
.5830078124 -7683.7026367188 2 7 15 18 20 21 22 23 29 35 10_87.cif 
.5844726562 -7683.7011718750 7 9 10 12 13 16 20 36 37 39 10_88.cif 
.5864257812 -7683.6992187500 1 7 8 10 11 15 23 24 41 42 10_89.cif 
.5913085937 -7683.6943359375 6 13 16 18 19 20 21 23 25 35 10_90.cif 
.5937500000 -7683.6918945312 1 5 7 8 10 15 16 17 28 32 10_91.cif 
.5961914062 -7683.6894531250 2 4 10 13 15 19 20 22 24 30 10_92.cif 
.5971679687 -7683.6884765625 7 8 9 10 12 13 16 27 45 48 10_93.cif 
.5976562500 -7683.6879882812 3 4 13 19 20 22 24 27 32 41 10_94.cif 
.5981445312 -7683.6875000000 2 7 8 9 12 13 17 21 25 27 10_95.cif 
.5986328124 -7683.6870117188 2 7 9 10 11 12 14 18 22 35 10_96.cif 
.6000976562 -7683.6855468750 5 14 17 18 19 21 23 24 44 47 10_97.cif 
.6025390624 -7683.6831054688 8 12 14 16 17 22 23 24 27 29 10_98.cif 
.6113281250 -7683.6743164062 8 12 14 16 17 22 23 24 28 29 10_99.cif 
.6123046874 -7683.6733398438 2 3 7 9 11 18 22 24 25 44 10_100.cif 
.6147460937 -7683.6708984375 1 2 7 9 15 17 20 22 36 41 10_101.cif 
.6201171874 -7683.6655273438 2 5 12 15 17 20 21 22 26 35 10_102.cif 
.6206054687 -7683.6650390625 1 2 4 5 11 18 20 21 29 48 10_103.cif 
.6250000000 -7683.6606445312 1 6 12 16 17 22 23 25 28 45 10_104.cif 
.6279296874 -7683.6577148438 4 6 7 10 11 13 15 20 21 35 10_105.cif 
.6289062500 -7683.6567382812 4 7 8 11 12 13 15 17 33 45 10_106.cif 
.6318359374 -7683.6538085938 4 6 8 11 12 14 15 16 22 33 10_107.cif 
.6342773437 -7683.6513671875 3 8 9 16 19 20 22 24 29 32 10_108.cif 
.6362304687 -7683.6494140625 1 6 8 11 12 17 19 21 23 36 10_109.cif 
.6372070312 -7683.6484375000 1 2 3 4 7 8 22 24 32 37 10_110.cif 
.6401367187 -7683.6455078125 3 4 5 6 12 13 19 20 27 41 10_111.cif 
.6464843750 -7683.6391601562 3 6 11 13 15 21 22 24 27 32 10_112.cif 
.6469726562 -7683.6386718750 4 6 13 16 17 19 20 22 25 39 10_113.cif 
.6489257812 -7683.6367187500 2 3 4 5 7 12 20 21 35 43 10_114.cif 
.6494140624 -7683.6362304688 2 6 7 8 13 15 16 17 27 44 10_115.cif 
.6499023437 -7683.6357421875 1 2 5 6 10 11 21 24 42 47 10_116.cif 
.6577148437 -7683.6279296875 3 7 9 10 13 18 19 20 23 30 10_117.cif 
.6601562500 -7683.6254882812 4 7 10 12 13 14 15 18 28 29 10_118.cif 
.6621093750 -7683.6235351562 7 8 9 11 13 15 17 21 25 42 10_119.cif 
.6625976562 -7683.6230468750 7 9 10 12 13 16 20 23 29 38 10_120.cif 
.6635742187 -7683.6220703125 2 5 6 17 18 20 21 23 36 37 10_121.cif 
.6674804687 -7683.6181640625 1 2 3 4 5 7 10 15 22 31 10_122.cif 
.6689453124 -7683.6166992188 3 4 10 11 13 14 22 24 28 30 10_123.cif 
.6704101562 -7683.6152343750 2 4 7 11 13 20 21 32 36 46 10_124.cif 
.6708984374 -7683.6147460938 2 4 17 19 20 22 24 26 29 34 10_125.cif 
.6733398437 -7683.6123046875 2 3 5 16 18 20 23 33 35 48 10_126.cif 
.6743164062 -7683.6113281250 1 2 4 5 8 10 11 14 17 39 10_127.cif 
.6748046874 -7683.6108398438 1 3 4 5 9 12 19 24 28 48 10_128.cif 
.6757812500 -7683.6098632812 7 8 10 11 14 15 18 37 42 43 10_129.cif 
.6762695312 -7683.6093750000 3 8 14 15 17 19 23 24 30 34 10_130.cif 
.6767578124 -7683.6088867188 6 7 11 12 20 21 22 23 34 35 10_131.cif 
.6782226562 -7683.6074218750 4 9 12 14 16 17 22 24 29 37 10_132.cif 
.6791992187 -7683.6064453125 7 8 9 11 12 15 22 30 33 40 10_133.cif 
.6816406250 -7683.6040039062 3 7 8 10 11 12 13 15 17 32 10_134.cif 
.6826171874 -7683.6030273438 1 3 7 8 9 10 16 23 31 39 10_135.cif 
.6845703124 -7683.6010742188 2 4 9 12 13 20 21 24 29 34 10_136.cif 
.6855468750 -7683.6000976562 1 7 9 10 12 14 16 22 39 41 10_137.cif 
.6870117187 -7683.5986328125 1 2 4 13 17 18 22 23 24 38 10_138.cif 
.6879882812 -7683.5976562500 3 4 9 13 18 19 20 26 36 45 10_139.cif 
.6918945312 -7683.5937500000 2 5 6 13 15 19 21 24 30 42 10_140.cif 
.6948242187 -7683.5908203125 4 14 17 20 21 22 24 25 31 43 10_141.cif 
.6977539062 -7683.5878906250 2 5 6 9 10 12 13 18 23 36 10_142.cif 
.6987304687 -7683.5869140625 1 2 3 6 20 21 23 25 28 35 10_143.cif 
.6992187500 -7683.5864257812 1 3 5 6 11 17 19 20 35 42 10_144.cif 
.7036132812 -7683.5820312500 1 3 4 6 10 16 18 23 38 46 10_145.cif 
.7055664062 -7683.5800781250 1 3 4 5 9 12 14 16 36 45 10_146.cif 
.7060546874 -7683.5795898438 1 3 5 12 16 17 19 23 36 37 10_147.cif 
.7065429687 -7683.5791015625 4 7 9 10 11 13 15 18 42 45 10_148.cif 
.7080078124 -7683.5776367188 3 4 11 12 13 20 21 24 25 27 10_149.cif 
.7084960937 -7683.5771484375 9 10 12 14 15 16 19 36 37 45 10_150.cif 
.7089843750 -7683.5766601562 13 15 18 20 21 23 24 25 28 37 10_151.cif 
.7094726562 -7683.5761718750 1 8 9 10 11 18 24 26 29 35 10_152.cif 
.7104492187 -7683.5751953125 8 14 15 17 19 21 23 24 32 47 10_153.cif 
.7119140624 -7683.5737304688 5 7 10 11 12 15 20 24 34 39 10_154.cif 
.7128906250 -7683.5727539062 1 2 7 15 16 17 22 29 32 37 10_155.cif 
.7143554687 -7683.5712890625 1 8 11 12 14 15 16 18 27 41 10_156.cif 
.7153320312 -7683.5703125000 1 4 6 9 10 19 20 22 28 29 10_157.cif 
.7158203124 -7683.5698242188 7 8 9 10 13 15 18 19 20 37 10_158.cif 
.7163085937 -7683.5693359375 2 3 5 9 12 15 19 20 24 46 10_159.cif 
.7172851562 -7683.5683593750 3 5 6 9 12 13 15 16 21 28 10_160.cif 
.7182617187 -7683.5673828125 1 7 8 10 16 17 19 23 32 36 10_161.cif 
.7202148437 -7683.5654296875 8 10 12 14 15 19 22 24 27 32 10_162.cif 
.7211914062 -7683.5644531250 2 3 5 9 14 21 22 24 27 44 10_163.cif 
.7216796874 -7683.5639648438 3 8 14 16 17 18 20 23 28 35 10_164.cif 
.7236328124 -7683.5620117188 4 5 11 13 14 17 18 20 21 42 10_165.cif 
.7241210937 -7683.5615234375 3 6 10 16 20 21 22 23 24 31 10_166.cif 
.7250976562 -7683.5605468750 1 4 9 11 13 19 20 21 22 38 10_167.cif 
.7255859374 -7683.5600585938 1 7 8 10 11 15 18 19 23 35 10_168.cif 
.7265625000 -7683.5590820312 1 4 7 8 12 13 15 16 21 36 10_169.cif 
.7275390624 -7683.5581054688 1 7 9 10 11 12 16 20 37 47 10_170.cif 
.7290039062 -7683.5566406250 1 5 9 10 13 16 20 23 36 41 10_171.cif 
.7309570312 -7683.5546875000 1 2 5 10 11 14 21 24 27 32 10_172.cif 
.7314453124 -7683.5541992188 3 5 10 14 15 19 22 24 35 44 10_173.cif 
.7329101562 -7683.5527343750 1 4 7 10 11 12 15 18 21 26 10_174.cif 
.7333984374 -7683.5522460938 1 5 6 10 11 15 19 23 29 36 10_175.cif 
.7353515624 -7683.5502929688 1 2 7 8 16 17 23 24 32 33 10_176.cif 
.7377929687 -7683.5478515625 1 5 6 8 10 12 23 24 39 40 10_177.cif 
.7382812500 -7683.5473632812 1 7 9 11 12 13 17 25 34 38 10_178.cif 
.7402343750 -7683.5454101562 3 9 12 14 15 16 17 22 25 30 10_179.cif 
.7407226562 -7683.5449218750 8 14 15 17 19 21 24 32 37 47 10_180.cif 
.7436523437 -7683.5419921875 6 8 12 16 20 21 22 23 28 39 10_181.cif 
.7446289062 -7683.5410156250 1 3 5 6 11 14 18 23 24 43 10_182.cif 
.7475585937 -7683.5380859375 4 7 11 13 15 18 21 25 41 42 10_183.cif 
.7504882812 -7683.5351562500 7 11 12 13 15 17 20 28 29 45 10_184.cif 
.7509765624 -7683.5346679688 1 3 7 9 16 22 23 25 28 29 10_185.cif 
.7524414062 -7683.5332031250 1 3 4 5 7 18 19 24 28 39 10_186.cif 
.7529296874 -7683.5327148438 3 7 11 12 13 15 17 24 31 34 10_187.cif 
.7539062500 -7683.5317382812 1 2 3 7 8 9 34 36 40 41 10_188.cif 
.7543945312 -7683.5312500000 6 10 13 15 18 19 21 22 32 40 10_189.cif 
.7548828124 -7683.5307617188 1 6 7 9 11 12 13 17 34 38 10_190.cif 
.7563476562 -7683.5292968750 1 3 7 8 11 16 17 18 35 43 10_191.cif 
.7568359374 -7683.5288085938 1 2 6 9 17 18 22 23 38 43 10_192.cif 
.7587890624 -7683.5268554688 3 5 7 11 12 19 20 21 22 27 10_193.cif 
.7592773437 -7683.5263671875 1 3 4 7 9 13 16 22 32 33 10_194.cif 
.7607421874 -7683.5249023438 3 4 5 6 11 15 22 24 32 37 10_195.cif 
.7631835937 -7683.5224609375 1 2 3 7 10 14 20 23 25 46 10_196.cif 
.7656250000 -7683.5200195312 1 2 4 6 7 17 21 35 44 46 10_197.cif 
.7714843750 -7683.5141601562 4 14 19 21 22 24 31 33 42 44 10_198.cif 
.7719726562 -7683.5136718750 1 2 3 7 9 11 22 25 42 48 10_199.cif 
.7734375000 -7683.5122070312 2 7 8 9 10 11 13 27 44 45 10_200.cif 
.7744140624 -7683.5112304688 2 5 6 12 16 20 21 33 38 47 10_201.cif 
.7749023437 -7683.5107421875 2 6 16 18 20 21 23 25 36 37 10_202.cif 
.7758789062 -7683.5097656250 1 3 10 16 18 19 22 23 26 37 10_203.cif 
.7788085937 -7683.5068359375 2 5 9 10 12 13 16 20 47 48 10_204.cif 
.7792968750 -7683.5063476562 5 8 9 10 12 14 16 26 31 48 10_205.cif 
.7802734374 -7683.5053710938 3 7 8 9 11 12 14 29 32 43 10_206.cif 
.7807617187 -7683.5048828125 2 3 7 8 9 21 23 30 40 44 10_207.cif 
.7827148437 -7683.5029296875 1 3 4 6 10 14 19 22 39 43 10_208.cif 
.7832031250 -7683.5024414062 3 9 13 16 18 20 22 38 43 45 10_209.cif 
.7836914062 -7683.5019531250 11 12 13 15 17 22 24 29 43 44 10_210.cif 
.7846679687 -7683.5009765625 3 8 13 14 15 17 18 19 21 32 10_211.cif 
.7856445312 -7683.5000000000 7 12 13 14 15 21 22 23 32 43 10_212.cif 
.7861328124 -7683.4995117188 4 7 8 11 12 13 15 31 33 45 10_213.cif 
.7866210937 -7683.4990234375 1 6 12 14 16 17 23 25 28 45 10_214.cif 
.7871093750 -7683.4985351562 2 3 8 9 11 18 32 36 38 41 10_215.cif 
.7875976562 -7683.4980468750 1 2 5 6 7 11 23 29 44 47 10_216.cif 
.7890625000 -7683.4965820312 1 8 12 15 16 23 24 25 29 33 10_217.cif 
.7900390624 -7683.4956054688 2 7 8 10 13 15 17 22 23 30 10_218.cif 
.7910156250 -7683.4946289062 1 3 12 16 19 20 22 23 24 45 10_219.cif 
.7929687500 -7683.4926757812 6 7 12 13 15 16 25 27 29 46 10_220.cif 
.7939453124 -7683.4916992188 2 3 4 7 9 17 20 24 46 47 10_221.cif 
.7949218750 -7683.4907226562 2 4 7 10 13 15 20 31 41 46 10_222.cif 
.7958984374 -7683.4897460938 1 3 8 10 12 15 16 26 35 36 10_223.cif 
.7978515624 -7683.4877929688 5 10 14 16 18 19 20 23 39 58 10_224.cif 
.7983398437 -7683.4873046875 4 13 15 19 20 21 24 28 30 41 10_225.cif 
.7993164062 -7683.4863281250 1 7 8 16 18 20 21 23 24 46 10_226.cif 
.8007812500 -7683.4848632812 1 8 14 15 16 18 20 23 26 45 10_227.cif 
.8017578124 -7683.4838867188 2 4 6 13 18 19 20 21 26 40 10_228.cif 
.8022460937 -7683.4833984375 1 2 3 5 6 23 25 33 35 44 10_229.cif 
.8027343750 -7683.4829101562 2 5 9 10 12 13 16 18 38 48 10_230.cif 
.8046875000 -7683.4809570312 2 7 9 13 17 19 20 30 34 39 10_231.cif 
.8061523437 -7683.4794921875 3 8 13 16 19 21 23 24 30 35 10_232.cif 
.8076171874 -7683.4780273438 1 2 3 6 8 15 16 29 32 47 10_233.cif 
.8085937500 -7683.4770507812 1 4 5 6 14 17 19 23 28 42 10_234.cif 
.8095703124 -7683.4760742188 1 2 4 6 7 21 22 30 41 46 10_235.cif 
.8100585937 -7683.4755859375 1 3 4 5 8 14 15 16 19 38 10_236.cif 
.8105468750 -7683.4750976562 7 8 15 16 17 19 21 22 25 32 10_237.cif 
.8110351562 -7683.4746093750 4 6 12 14 15 21 22 24 31 33 10_238.cif 
.8120117187 -7683.4736328125 3 7 8 11 15 17 18 31 35 46 10_239.cif 
.8125000000 -7683.4731445312 1 2 3 5 9 23 24 30 40 42 10_240.cif 
.8129882812 -7683.4726562500 1 4 7 17 18 20 21 25 34 40 10_241.cif 
.8139648437 -7683.4716796875 2 3 5 6 12 16 20 21 32 47 10_242.cif 
.8149414062 -7683.4707031250 4 5 7 11 12 16 17 20 39 45 10_243.cif 
.8154296874 -7683.4702148438 2 4 5 6 8 11 15 18 29 30 10_244.cif 
.8164062500 -7683.4692382812 1 5 7 9 10 11 12 29 32 43 10_245.cif 
.8183593750 -7683.4672851562 6 10 11 13 16 18 21 22 35 38 10_246.cif 
.8188476562 -7683.4667968750 2 7 10 12 13 18 21 23 36 39 10_247.cif 
.8198242187 -7683.4658203125 4 6 11 12 13 18 19 22 37 45 10_248.cif 
.8212890624 -7683.4643554688 6 8 11 15 17 21 24 42 44 47 10_249.cif 
.8222656250 -7683.4633789062 1 6 10 12 16 19 20 22 27 34 10_250.cif 
.8237304687 -7683.4619140625 6 7 16 17 20 21 22 23 29 35 10_251.cif 
.8247070312 -7683.4609375000 2 6 7 11 17 20 21 30 46 47 10_252.cif 
.8251953124 -7683.4604492188 1 6 7 11 13 17 20 23 25 33 10_253.cif 
.8291015624 -7683.4565429688 7 10 14 15 16 17 20 28 34 42 10_254.cif 
.8300781250 -7683.4555664062 10 12 14 16 19 21 22 23 29 39 10_255.cif 
.8305664062 -7683.4550781250 1 8 10 15 17 18 19 23 25 38 10_256.cif 
.8310546874 -7683.4545898438 1 3 4 8 9 11 12 23 24 46 10_257.cif 
.8320312500 -7683.4536132812 3 14 16 17 18 20 22 23 25 33 10_258.cif 
.8325195312 -7683.4531250000 5 7 8 10 12 15 23 28 32 36 10_259.cif 
.8330078124 -7683.4526367188 1 2 5 9 14 19 20 22 29 35 10_260.cif 
.8334960937 -7683.4521484375 3 9 13 16 18 20 22 24 32 47 10_261.cif 
.8349609374 -7683.4506835938 1 3 4 6 7 20 28 31 41 46 10_262.cif 
.8359375000 -7683.4497070312 3 5 6 8 12 19 23 31 33 44 10_263.cif 
.8374023437 -7683.4482421875 2 7 10 13 15 17 22 23 30 40 10_264.cif 
.8383789062 -7683.4472656250 1 5 9 11 12 14 17 33 40 47 10_265.cif 
.8398437500 -7683.4458007812 7 8 9 10 12 16 18 44 45 48 10_266.cif 
.8403320312 -7683.4453125000 1 4 5 10 11 17 20 28 34 36 10_267.cif 
.8417968750 -7683.4438476562 11 14 17 18 20 21 24 35 43 46 10_268.cif 
.8422851562 -7683.4433593750 1 6 7 10 11 16 20 21 46 47 10_269.cif 
.8427734374 -7683.4428710938 3 8 13 14 15 19 20 24 27 32 10_270.cif 
.8452148437 -7683.4404296875 3 8 9 11 12 16 20 24 34 41 10_271.cif 
.8461914062 -7683.4394531250 7 12 13 15 16 17 22 34 36 47 10_272.cif 
.8466796874 -7683.4389648438 4 6 10 11 12 17 18 34 43 48 10_273.cif 
.8471679687 -7683.4384765625 2 4 5 6 7 12 21 24 35 40 10_274.cif 
.8476562500 -7683.4379882812 1 2 7 16 17 18 20 21 24 27 10_275.cif 
.8481445312 -7683.4375000000 7 8 10 12 13 16 17 18 19 43 10_276.cif 
.8491210937 -7683.4365234375 1 4 7 9 11 17 22 33 37 43 10_277.cif 
.8544921874 -7683.4311523438 1 4 5 10 19 24 25 29 32 36 10_278.cif 
.8549804687 -7683.4306640625 4 5 6 14 17 20 22 23 28 29 10_279.cif 
.8579101562 -7683.4277343750 2 6 8 11 18 21 22 23 30 33 10_280.cif 
.8583984374 -7683.4272460938 4 6 10 11 12 21 22 25 31 35 10_281.cif 
.8593750000 -7683.4262695312 1 4 10 11 12 13 17 34 36 38 10_282.cif 
.8603515624 -7683.4252929688 1 6 10 19 20 22 23 28 39 46 10_283.cif 
.8618164062 -7683.4238281250 1 3 5 6 12 16 23 27 44 45 10_284.cif 
.8647460937 -7683.4208984375 2 4 6 10 11 12 14 20 21 39 10_285.cif 
.8657226562 -7683.4199218750 2 3 4 12 14 21 22 24 37 42 10_286.cif 
.8676757812 -7683.4179687500 3 5 9 12 19 22 23 26 28 29 10_287.cif 
.8681640624 -7683.4174804688 4 10 11 12 13 14 17 27 30 48 10_288.cif 
.8686523437 -7683.4169921875 3 4 6 9 10 11 19 22 34 44 10_289.cif 
.8701171874 -7683.4155273438 1 4 8 11 14 17 24 30 32 34 10_290.cif 
.8710937500 -7683.4145507812 4 12 13 18 19 21 23 24 33 34 10_291.cif 
.8730468750 -7683.4125976562 4 6 10 14 19 20 22 31 32 33 10_292.cif 
.8740234374 -7683.4116210938 12 13 15 16 18 19 21 24 35 41 10_293.cif 
.8750000000 -7683.4106445312 4 5 8 12 14 18 21 23 26 43 10_294.cif 
.8769531250 -7683.4086914062 6 12 13 16 17 21 22 25 28 47 10_295.cif 
.8784179687 -7683.4072265625 3 4 7 9 10 16 18 32 34 37 10_296.cif 
.8793945312 -7683.4062500000 1 3 4 6 9 13 14 18 20 40 10_297.cif 
.8813476562 -7683.4042968750 2 3 5 9 12 13 15 18 19 38 10_298.cif 
.8818359374 -7683.4038085938 2 4 7 13 20 21 36 40 41 46 10_299.cif 
.8847656250 -7683.4008789062 4 8 11 12 14 15 17 20 25 37 10_300.cif 
.8872070312 -7683.3984375000 2 3 7 11 13 20 22 24 32 42 10_301.cif 
.8881835937 -7683.3974609375 1 7 8 9 10 13 16 21 30 38 10_302.cif 
.8901367187 -7683.3955078125 6 7 9 12 13 18 22 29 33 40 10_303.cif 
.8906250000 -7683.3950195312 12 13 14 16 19 20 22 24 33 47 10_304.cif 
.8911132812 -7683.3945312500 2 3 5 6 13 16 20 22 38 39 10_305.cif 
.8940429687 -7683.3916015625 6 13 15 16 17 18 22 39 43 44 10_306.cif 
.8955078124 -7683.3901367188 8 11 15 16 17 18 20 21 26 51 10_307.cif 
.8959960937 -7683.3896484375 1 4 11 12 17 18 22 24 40 45 10_308.cif 
.8964843750 -7683.3891601562 5 6 7 11 13 17 20 21 30 43 10_309.cif 
.8979492187 -7683.3876953125 3 9 13 16 18 20 22 38 43 46 10_310.cif 
.9003906250 -7683.3852539062 4 7 9 10 11 18 21 24 33 34 10_311.cif 
.9028320312 -7683.3828125000 2 4 5 19 20 21 26 36 37 45 10_312.cif 
.9042968750 -7683.3813476562 14 17 18 19 21 22 23 28 46 47 10_313.cif 
.9062500000 -7683.3793945312 2 3 6 7 9 13 20 22 45 60 10_314.cif 
.9091796874 -7683.3764648438 1 3 5 7 9 11 14 35 41 43 10_315.cif 
.9101562500 -7683.3754882812 1 7 9 10 15 16 22 25 30 48 10_316.cif 
.9106445312 -7683.3750000000 2 3 4 7 8 14 16 18 27 32 10_317.cif 
.9121093750 -7683.3735351562 1 3 4 6 11 21 25 28 42 46 10_318.cif 
.9135742187 -7683.3720703125 2 3 9 13 15 17 18 19 20 32 10_319.cif 
.9160156250 -7683.3696289062 8 11 15 17 18 21 24 25 29 36 10_320.cif 
.9194335937 -7683.3662109375 1 2 9 12 19 22 24 25 27 29 10_321.cif 
.9199218750 -7683.3657226562 5 7 10 11 15 18 21 34 35 39 10_322.cif 
.9204101562 -7683.3652343750 8 11 14 15 17 19 23 24 30 40 10_323.cif 
.9208984374 -7683.3647460938 1 2 4 6 15 20 22 24 36 46 10_324.cif 
.9248046874 -7683.3608398438 7 10 12 13 16 17 18 31 35 42 10_325.cif 
.9282226562 -7683.3574218750 1 3 5 6 7 16 18 23 30 45 10_326.cif 
.9291992187 -7683.3564453125 1 7 8 9 17 18 21 35 40 46 10_327.cif 
.9296875000 -7683.3559570312 12 13 15 16 21 23 25 31 36 41 10_328.cif 
.9301757812 -7683.3554687500 1 2 3 5 8 15 18 32 36 47 10_329.cif 
.9306640624 -7683.3549804688 3 5 9 14 19 21 22 27 28 44 10_330.cif 
.9311523437 -7683.3544921875 6 11 12 13 14 17 21 27 30 32 10_331.cif 
.9321289062 -7683.3535156250 1 2 4 10 15 18 20 23 38 46 10_332.cif 
.9326171874 -7683.3530273438 3 14 16 18 19 20 23 27 46 47 10_333.cif 
.9331054687 -7683.3525390625 1 6 8 9 11 18 19 24 29 33 10_334.cif 
.9335937500 -7683.3520507812 4 6 7 13 15 17 18 28 40 46 10_335.cif 
.9355468750 -7683.3500976562 1 3 4 8 11 12 14 29 34 48 10_336.cif 
.9365234374 -7683.3491210938 2 5 7 9 12 13 15 31 41 45 10_337.cif 
.9370117187 -7683.3486328125 3 11 13 14 15 16 17 24 30 35 10_338.cif 
.9384765624 -7683.3471679688 2 3 8 13 15 18 19 24 30 41 10_339.cif 
.9389648437 -7683.3466796875 2 5 6 9 13 16 20 22 30 41 10_340.cif 
.9394531250 -7683.3461914062 2 3 7 12 13 18 23 25 33 43 10_341.cif 
.9399414062 -7683.3457031250 8 15 16 18 19 21 24 35 41 48 10_342.cif 
.9492187500 -7683.3364257812 2 3 7 8 10 11 15 20 21 44 10_343.cif 
.9501953124 -7683.3354492188 2 4 5 8 11 14 18 24 26 41 10_344.cif 
.9511718750 -7683.3344726562 2 4 5 7 10 11 12 19 34 38 10_345.cif 
.9521484374 -7683.3334960938 1 5 9 10 12 18 23 34 36 40 10_346.cif 
.9531250000 -7683.3325195312 2 4 9 14 19 20 22 29 30 36 10_347.cif 
.9541015624 -7683.3315429688 1 6 7 8 10 15 16 23 41 60 10_348.cif 
.9545898437 -7683.3310546875 1 3 4 9 22 23 24 26 28 30 10_349.cif 
.9555664062 -7683.3300781250 1 4 6 7 10 19 21 22 30 32 10_350.cif 
.9560546874 -7683.3295898438 5 7 12 17 18 19 22 23 33 40 10_351.cif 
.9565429687 -7683.3291015625 4 6 8 14 16 19 20 23 41 45 10_352.cif 
.9580078124 -7683.3276367188 2 7 9 11 13 24 29 30 33 44 10_353.cif 
.9584960937 -7683.3271484375 1 2 3 5 9 14 22 23 27 38 10_354.cif 
.9589843750 -7683.3266601562 2 3 4 11 14 18 20 27 33 46 10_355.cif 
.9594726562 -7683.3261718750 4 7 9 10 12 15 20 22 28 41 10_356.cif 
.9604492187 -7683.3251953125 4 6 17 18 21 24 25 30 34 43 10_357.cif 
.9609375000 -7683.3247070312 1 2 8 9 14 16 18 24 32 33 10_358.cif 
.9619140624 -7683.3237304688 7 8 12 14 15 17 22 23 33 36 10_359.cif 
.9624023437 -7683.3232421875 1 4 5 6 13 20 23 29 33 43 10_360.cif 
.9633789062 -7683.3222656250 6 17 18 19 22 23 24 27 30 45 10_361.cif 
.9643554687 -7683.3212890625 2 4 9 10 11 13 20 24 26 40 10_362.cif 
.9653320312 -7683.3203125000 1 6 7 15 17 23 25 32 34 43 10_363.cif 
.9658203124 -7683.3198242188 12 13 15 17 18 19 21 22 32 40 10_364.cif 
.9677734374 -7683.3178710938 3 4 14 17 19 20 21 24 38 46 10_365.cif 
.9682617187 -7683.3173828125 4 5 6 11 17 21 22 41 42 44 10_366.cif 
.9697265624 -7683.3159179688 3 4 14 18 19 21 22 33 35 36 10_367.cif 
.9702148437 -7683.3154296875 2 7 10 12 13 16 20 21 23 50 10_368.cif 
.9746093750 -7683.3110351562 2 8 9 12 15 17 24 26 32 45 10_369.cif 
.9760742187 -7683.3095703125 1 3 4 8 18 23 24 31 34 43 10_370.cif 
.9785156250 -7683.3071289062 1 4 6 8 16 20 21 22 27 36 10_371.cif 
.9790039062 -7683.3066406250 4 7 10 13 17 19 21 22 23 42 10_372.cif 
.9809570312 -7683.3046875000 1 8 9 13 14 15 18 19 41 45 10_373.cif 
.9814453124 -7683.3041992188 1 2 5 6 7 9 10 23 32 52 10_374.cif 
.9819335937 -7683.3037109375 4 5 11 14 21 22 23 24 33 36 10_375.cif 
.9824218750 -7683.3032226562 1 3 7 8 12 16 26 27 45 46 10_376.cif 
.9829101562 -7683.3027343750 4 7 10 14 15 21 25 28 30 43 10_377.cif 
.9843750000 -7683.3012695312 2 4 12 14 15 17 24 31 33 34 10_378.cif 
.9858398437 -7683.2998046875 1 3 5 9 16 17 20 22 37 48 10_379.cif 
.9863281250 -7683.2993164062 2 4 5 6 15 16 19 20 29 48 10_380.cif 
.9877929687 -7683.2978515625 3 5 14 19 20 23 27 31 46 48 10_381.cif 
.9887695312 -7683.2968750000 1 3 6 10 12 16 19 20 34 37 10_382.cif 
.9892578124 -7683.2963867188 9 10 14 15 17 24 28 32 34 37 10_383.cif 
.9921875000 -7683.2934570312 1 2 3 4 20 22 27 31 34 48 10_384.cif 
.9926757812 -7683.2929687500 1 5 8 10 12 19 24 27 28 37 10_385.cif 
.9936523437 -7683.2919921875 5 10 11 14 23 24 28 32 39 44 10_386.cif 
.9951171874 -7683.2905273438 1 2 3 5 19 20 23 25 27 32 10_387.cif 
.9956054687 -7683.2900390625 1 6 7 10 19 22 23 24 27 42 10_388.cif 
.9960937500 -7683.2895507812 1 5 6 10 11 13 19 23 24 36 10_389.cif 
.9965820312 -7683.2890625000 5 8 14 17 18 19 24 29 35 40 10_390.cif 
.9970703124 -7683.2885742188 12 15 16 17 19 23 25 36 37 41 10_391.cif 
.9995117187 -7683.2861328125 14 16 17 18 22 23 26 32 33 39 10_392.cif 
1.0000000000 -7683.2856445312 2 8 9 13 14 15 17 21 22 31 10_393.cif 
1.0019531250 -7683.2836914062 4 6 7 9 11 13 17 20 23 28 10_394.cif 
1.0029296874 -7683.2827148438 1 2 3 7 13 23 24 28 32 37 10_395.cif 
1.0053710937 -7683.2802734375 3 6 13 15 16 19 20 25 29 37 10_396.cif 
1.0087890624 -7683.2768554688 2 5 10 16 20 23 24 27 28 32 10_397.cif 
1.0107421874 -7683.2749023438 3 7 8 13 14 19 20 23 40 42 10_398.cif 
1.0112304687 -7683.2744140625 2 6 9 16 17 22 24 32 33 39 10_399.cif 
1.0141601562 -7683.2714843750 2 3 4 18 19 20 23 25 26 28 10_400.cif 
1.0156250000 -7683.2700195312 7 8 16 18 21 22 23 38 42 45 10_401.cif 
1.0175781250 -7683.2680664062 1 5 9 10 14 18 19 28 48 49 10_402.cif 
1.0185546874 -7683.2670898438 1 6 8 9 14 15 19 21 28 34 10_403.cif 
1.0195312500 -7683.2661132812 1 3 5 12 15 19 20 24 29 37 10_404.cif 
1.0205078124 -7683.2651367188 3 7 11 12 13 15 17 18 26 32 10_405.cif 
1.0219726562 -7683.2636718750 1 3 5 6 8 10 19 35 37 39 10_406.cif 
1.0234375000 -7683.2622070312 1 5 6 10 16 23 30 31 37 38 10_407.cif 
1.0253906250 -7683.2602539062 2 8 12 16 17 23 26 36 45 46 10_408.cif 
1.0263671874 -7683.2592773438 2 4 5 12 23 26 29 33 34 36 10_409.cif 
1.0268554687 -7683.2587890625 1 2 8 16 17 21 23 24 38 45 10_410.cif 
1.0273437500 -7683.2583007812 2 3 5 15 19 20 22 26 44 45 10_411.cif 
1.0278320312 -7683.2578125000 3 4 10 20 21 23 24 25 31 40 10_412.cif 
1.0288085937 -7683.2568359375 1 2 4 6 15 16 17 30 46 48 10_413.cif 
1.0297851562 -7683.2558593750 2 5 9 12 13 16 17 19 27 48 10_414.cif 
1.0302734374 -7683.2553710938 3 7 9 11 13 15 25 30 40 41 10_415.cif 
1.0327148437 -7683.2529296875 4 8 10 15 18 22 24 28 44 45 10_416.cif 
1.0346679687 -7683.2509765625 4 5 8 14 15 16 18 28 41 44 10_417.cif 
1.0351562500 -7683.2504882812 2 4 5 6 8 11 18 30 33 39 10_418.cif 
1.0366210937 -7683.2490234375 2 4 11 15 17 22 25 29 44 48 10_419.cif 
1.0395507812 -7683.2460937500 2 7 8 9 18 21 34 38 40 41 10_420.cif 
1.0400390624 -7683.2456054688 1 6 8 15 17 19 21 26 31 32 10_421.cif 
1.0405273437 -7683.2451171875 8 10 14 16 17 18 19 36 39 58 10_422.cif 
1.0419921874 -7683.2436523438 8 13 14 15 17 18 28 30 43 48 10_423.cif 
1.0429687500 -7683.2426757812 1 7 8 11 12 14 23 27 31 41 10_424.cif 
1.0434570312 -7683.2421875000 1 4 7 9 11 20 24 25 29 48 10_425.cif 
1.0439453124 -7683.2416992188 3 7 8 10 11 15 18 34 39 45 10_426.cif 
1.0444335937 -7683.2412109375 1 7 11 13 14 17 22 23 40 42 10_427.cif 
1.0454101562 -7683.2402343750 2 3 6 7 8 18 20 35 39 43 10_428.cif 
1.0458984374 -7683.2397460938 4 8 11 14 21 22 24 28 30 43 10_429.cif 
1.0478515624 -7683.2377929688 2 4 5 10 15 18 20 24 31 57 10_430.cif 
1.0493164062 -7683.2363281250 1 2 5 6 9 13 15 18 23 24 10_431.cif 
1.0502929687 -7683.2353515625 2 4 7 12 13 16 21 33 36 40 10_432.cif 
1.0512695312 -7683.2343750000 1 2 4 6 9 13 17 25 26 33 10_433.cif 
1.0522460937 -7683.2333984375 1 4 6 10 11 16 17 25 27 43 10_434.cif 
1.0537109374 -7683.2319335938 1 3 8 14 17 18 19 21 32 35 10_435.cif 
1.0546875000 -7683.2309570312 1 4 6 10 11 21 22 24 43 45 10_436.cif 
1.0551757812 -7683.2304687500 1 4 6 7 17 22 24 25 42 43 10_437.cif 
1.0561523437 -7683.2294921875 2 8 15 17 21 24 26 27 42 46 10_438.cif 
1.0581054687 -7683.2275390625 6 7 12 19 21 23 25 35 37 40 10_439.cif 
1.0585937500 -7683.2270507812 13 14 17 18 19 21 24 25 32 44 10_440.cif 
1.0590820312 -7683.2265625000 2 9 13 14 16 18 20 22 45 53 10_441.cif 
1.0595703124 -7683.2260742188 2 5 6 18 21 22 23 32 37 40 10_442.cif 
1.0610351562 -7683.2246093750 8 10 14 15 16 18 20 23 27 57 10_443.cif 
1.0620117187 -7683.2236328125 1 3 5 6 9 13 19 21 27 46 10_444.cif 
1.0629882812 -7683.2226562500 4 7 8 10 12 14 18 33 40 41 10_445.cif 
1.0649414062 -7683.2207031250 3 5 8 12 19 23 24 29 40 42 10_446.cif 
1.0654296874 -7683.2202148438 1 3 4 17 19 22 24 34 36 54 10_447.cif 
1.0659179687 -7683.2197265625 4 7 11 13 18 20 23 27 29 33 10_448.cif 
1.0688476562 -7683.2167968750 2 10 18 20 21 22 23 24 26 42 10_449.cif 
1.0698242187 -7683.2158203125 2 6 9 12 22 23 24 32 41 45 10_450.cif 
1.0703125000 -7683.2153320312 8 10 15 16 18 19 22 27 29 30 10_451.cif 
1.0722656250 -7683.2133789062 3 5 6 10 12 14 16 19 47 55 10_452.cif 
1.0732421874 -7683.2124023438 1 4 15 17 18 19 21 26 31 37 10_453.cif 
1.0747070312 -7683.2109375000 7 11 12 13 15 17 20 27 28 58 10_454.cif 
1.0771484374 -7683.2084960938 4 7 12 19 21 22 31 34 36 42 10_455.cif 
1.0791015624 -7683.2065429688 2 5 6 12 14 15 29 31 44 47 10_456.cif 
1.0805664062 -7683.2050781250 2 3 5 7 16 20 35 42 44 47 10_457.cif 
1.0815429687 -7683.2041015625 1 2 7 8 9 21 22 24 26 43 10_458.cif 
1.0825195312 -7683.2031250000 2 5 7 13 15 19 21 40 42 44 10_459.cif 
1.0834960937 -7683.2021484375 1 3 5 14 16 23 26 32 33 47 10_460.cif 
1.0844726562 -7683.2011718750 2 4 8 12 16 17 18 23 26 43 10_461.cif 
1.0849609374 -7683.2006835938 1 3 4 5 6 17 28 30 40 43 10_462.cif 
1.0859375000 -7683.1997070312 3 9 11 17 18 23 24 37 40 46 10_463.cif 
1.0869140624 -7683.1987304688 1 2 6 8 12 15 17 28 31 36 10_464.cif 
1.0888671874 -7683.1967773438 1 2 5 6 9 15 32 33 37 38 10_465.cif 
1.0893554687 -7683.1962890625 2 5 6 10 12 14 18 23 30 33 10_466.cif 
1.0913085937 -7683.1943359375 3 5 6 7 10 18 19 23 41 44 10_467.cif 
1.0917968750 -7683.1938476562 7 8 11 12 15 19 36 37 41 45 10_468.cif 
1.0922851562 -7683.1933593750 2 12 13 16 19 20 22 23 27 36 10_469.cif 
1.0927734374 -7683.1928710938 4 5 15 16 18 21 24 29 32 44 10_470.cif 
1.0937500000 -7683.1918945312 1 4 10 11 17 20 22 28 30 48 10_471.cif 
1.0966796874 -7683.1889648438 1 3 6 9 12 13 16 25 32 37 10_472.cif 
1.0986328124 -7683.1870117188 3 4 8 11 14 22 27 32 36 42 10_473.cif 
1.0996093750 -7683.1860351562 1 4 6 14 19 22 23 33 39 44 10_474.cif 
1.1005859374 -7683.1850585938 1 2 3 4 5 14 17 25 38 44 10_475.cif 
1.1025390624 -7683.1831054688 1 4 5 6 11 13 18 31 33 38 10_476.cif 
1.1054687500 -7683.1801757812 4 5 6 7 9 11 13 21 30 39 10_477.cif 
1.1088867187 -7683.1767578125 1 2 3 4 5 8 16 23 48 60 10_478.cif 
1.1093750000 -7683.1762695312 1 7 10 19 20 21 24 28 37 39 10_479.cif 
1.1127929687 -7683.1728515625 5 6 11 13 14 15 16 23 29 45 10_480.cif 
1.1142578124 -7683.1713867188 4 9 14 16 17 19 20 28 37 45 10_481.cif 
1.1171875000 -7683.1684570312 8 10 11 12 14 15 34 42 43 48 10_482.cif 
1.1191406250 -7683.1665039062 1 5 8 9 10 12 16 17 27 55 10_483.cif 
1.1201171874 -7683.1655273438 3 5 6 16 21 24 28 30 34 47 10_484.cif 
1.1206054687 -7683.1650390625 1 3 5 6 11 13 23 30 38 40 10_485.cif 
1.1225585937 -7683.1630859375 6 13 15 17 19 20 22 29 32 60 10_486.cif 
1.1240234374 -7683.1616210938 7 10 12 17 18 24 28 37 39 46 10_487.cif 
1.1245117187 -7683.1611328125 1 4 5 8 19 20 21 23 44 48 10_488.cif 
1.1254882812 -7683.1601562500 2 4 9 11 14 17 22 25 41 42 10_489.cif 
1.1259765624 -7683.1596679688 1 2 4 7 8 17 19 26 33 37 10_490.cif 
1.1264648437 -7683.1591796875 8 9 15 16 20 21 22 24 25 30 10_491.cif 
1.1269531250 -7683.1586914062 2 3 4 5 6 10 14 23 27 28 10_492.cif 
1.1274414062 -7683.1582031250 2 8 13 14 15 20 21 22 28 42 10_493.cif 
1.1284179687 -7683.1572265625 8 12 15 19 21 22 23 29 46 48 10_494.cif 
1.1313476562 -7683.1542968750 4 5 11 15 18 21 24 27 34 45 10_495.cif 
1.1328125000 -7683.1528320312 1 4 8 9 11 22 24 29 33 35 10_496.cif 
1.1333007812 -7683.1523437500 1 6 7 10 13 16 20 27 29 45 10_497.cif 
1.1337890624 -7683.1518554688 3 4 8 10 18 19 24 28 43 46 10_498.cif 
1.1352539062 -7683.1503906250 2 7 8 9 12 17 36 37 38 39 10_499.cif 
1.1391601562 -7683.1464843750 1 3 6 9 22 24 29 42 43 47 10_500.cif 
1.1401367187 -7683.1455078125 2 5 6 9 12 14 21 24 28 30 10_501.cif 
1.1411132812 -7683.1445312500 3 4 11 18 20 22 23 24 40 50 10_502.cif 
1.1420898437 -7683.1435546875 3 5 8 11 16 18 21 24 29 39 10_503.cif 
1.1425781250 -7683.1430664062 4 5 11 15 18 21 24 35 43 45 10_504.cif 
1.1445312500 -7683.1411132812 2 3 5 6 10 16 20 21 36 44 10_505.cif 
1.1455078124 -7683.1401367188 4 7 8 11 13 15 16 19 29 30 10_506.cif 
1.1459960937 -7683.1396484375 1 5 10 16 18 23 36 40 41 44 10_507.cif 
1.1474609374 -7683.1381835938 2 4 13 14 15 16 18 21 26 40 10_508.cif 
1.1484375000 -7683.1372070312 1 6 11 14 17 20 22 30 33 39 10_509.cif 
1.1489257812 -7683.1367187500 3 6 7 11 12 16 22 23 33 53 10_510.cif 
1.1499023437 -7683.1357421875 3 13 14 16 17 19 21 24 25 47 10_511.cif 
1.1503906250 -7683.1352539062 1 2 3 13 15 16 18 21 22 33 10_512.cif 
1.1528320312 -7683.1328125000 8 10 12 15 20 22 24 26 29 31 10_513.cif 
1.1538085937 -7683.1318359375 1 2 4 6 10 34 39 42 43 46 10_514.cif 
1.1542968750 -7683.1313476562 2 6 8 10 11 12 15 21 26 54 10_515.cif 
1.1547851562 -7683.1308593750 1 9 10 14 15 16 19 23 36 44 10_516.cif 
1.1557617187 -7683.1298828125 2 4 6 11 12 17 24 28 32 37 10_517.cif 
1.1567382812 -7683.1289062500 5 6 15 17 19 20 22 23 43 52 10_518.cif 
1.1572265624 -7683.1284179688 1 2 7 9 13 17 18 39 46 49 10_519.cif 
1.1591796874 -7683.1264648438 4 7 10 16 17 20 23 28 44 46 10_520.cif 
1.1596679687 -7683.1259765625 2 3 9 14 18 22 30 39 41 48 10_521.cif 
1.1606445312 -7683.1250000000 2 3 4 6 7 18 20 34 37 52 10_522.cif 
1.1611328124 -7683.1245117188 2 6 12 13 17 21 22 27 43 55 10_523.cif 
1.1616210937 -7683.1240234375 3 5 14 19 20 23 32 33 36 48 10_524.cif 
1.1625976562 -7683.1230468750 4 11 12 13 17 18 22 31 45 46 10_525.cif 
1.1635742187 -7683.1220703125 11 15 17 20 21 22 24 32 42 48 10_526.cif 
1.1645507812 -7683.1210937500 6 11 13 14 18 21 30 35 41 43 10_527.cif 
1.1660156250 -7683.1196289062 5 7 10 12 15 18 24 25 43 46 10_528.cif 
1.1665039062 -7683.1191406250 7 15 18 21 22 23 25 31 37 42 10_529.cif 
1.1669921874 -7683.1186523438 3 5 7 8 9 12 33 42 43 47 10_530.cif 
1.1674804687 -7683.1181640625 1 2 6 7 9 21 25 27 42 44 10_531.cif 
1.1679687500 -7683.1176757812 1 2 7 10 12 19 23 25 26 41 10_532.cif 
1.1718750000 -7683.1137695312 1 3 4 7 9 16 33 37 40 42 10_533.cif 
1.1723632812 -7683.1132812500 7 14 18 21 22 23 25 31 41 43 10_534.cif 
1.1743164062 -7683.1113281250 3 4 6 16 17 20 25 31 32 38 10_535.cif 
1.1772460937 -7683.1083984375 1 5 8 10 17 19 24 27 34 39 10_536.cif 
1.1777343750 -7683.1079101562 3 8 13 14 15 17 18 31 34 43 10_537.cif 
1.1782226562 -7683.1074218750 12 13 16 18 21 23 26 33 36 46 10_538.cif 
1.1787109374 -7683.1069335938 4 11 13 14 16 17 20 24 45 58 10_539.cif 
1.1791992187 -7683.1064453125 5 10 11 19 21 22 26 36 39 44 10_540.cif 
1.1811523437 -7683.1044921875 4 6 11 13 14 17 18 22 34 56 10_541.cif 
1.1870117187 -7683.0986328125 3 5 8 9 14 16 24 27 44 59 10_542.cif 
1.1889648437 -7683.0966796875 2 8 12 13 15 17 20 26 32 33 10_543.cif 
1.1894531250 -7683.0961914062 2 6 8 9 14 18 23 25 32 33 10_544.cif 
1.1904296874 -7683.0952148438 6 9 10 14 15 16 17 22 27 28 10_545.cif 
1.1938476562 -7683.0917968750 3 6 10 11 12 13 16 17 34 46 10_546.cif 
1.1958007812 -7683.0898437500 2 7 8 9 16 17 21 22 38 46 10_547.cif 
1.1962890624 -7683.0893554688 1 6 12 14 17 20 22 23 29 35 10_548.cif 
1.1967773437 -7683.0888671875 1 2 4 7 9 14 17 22 31 58 10_549.cif 
1.1977539062 -7683.0878906250 4 5 7 9 11 12 21 36 38 45 10_550.cif 
1.1982421874 -7683.0874023438 4 13 16 17 22 24 29 32 37 44 10_551.cif 
1.1997070312 -7683.0859375000 5 9 10 11 13 14 16 18 28 51 10_552.cif 
1.2036132812 -7683.0820312500 4 7 8 10 11 29 30 31 34 38 10_553.cif 
1.2055664062 -7683.0800781250 1 5 6 8 13 14 16 23 29 44 10_554.cif 
1.2060546874 -7683.0795898438 2 4 11 13 18 19 21 26 34 42 10_555.cif 
1.2094726562 -7683.0761718750 1 3 5 6 8 11 23 38 44 49 10_556.cif 
1.2099609374 -7683.0756835938 1 3 18 22 23 24 25 35 36 43 10_557.cif 
1.2109375000 -7683.0747070312 4 8 13 14 17 18 22 26 31 45 10_558.cif 
1.2114257812 -7683.0742187500 3 5 13 14 19 22 23 24 36 39 10_559.cif 
1.2119140624 -7683.0737304688 1 2 7 9 10 16 26 30 42 46 10_560.cif 
1.2124023437 -7683.0732421875 5 10 12 15 16 23 29 32 38 47 10_561.cif 
1.2128906250 -7683.0727539062 1 4 6 12 16 22 23 25 36 44 10_562.cif 
1.2133789062 -7683.0722656250 3 5 9 16 17 18 19 33 39 48 10_563.cif 
1.2143554687 -7683.0712890625 4 9 10 14 19 22 32 34 36 44 10_564.cif 
1.2158203124 -7683.0698242188 1 2 7 14 15 20 21 46 47 48 10_565.cif 
1.2167968750 -7683.0688476562 16 20 21 22 23 30 34 36 39 41 10_566.cif 
1.2177734374 -7683.0678710938 2 5 7 13 15 19 20 21 25 43 10_567.cif 
1.2182617187 -7683.0673828125 2 6 15 16 20 21 34 35 38 39 10_568.cif 
1.2192382812 -7683.0664062500 2 4 5 6 10 12 19 20 44 51 10_569.cif 
1.2197265624 -7683.0659179688 4 6 16 18 22 23 25 28 33 44 10_570.cif 
1.2202148437 -7683.0654296875 8 9 12 13 14 15 18 19 31 43 10_571.cif 
1.2211914062 -7683.0644531250 2 4 13 17 20 22 29 32 36 50 10_572.cif 
1.2255859374 -7683.0600585938 1 8 9 10 16 20 30 36 39 48 10_573.cif 
1.2260742187 -7683.0595703125 7 8 11 12 15 29 31 42 43 46 10_574.cif 
1.2290039062 -7683.0566406250 3 4 17 18 19 22 23 36 43 45 10_575.cif 
1.2299804687 -7683.0556640625 4 7 10 18 19 20 22 27 30 36 10_576.cif 
1.2309570312 -7683.0546875000 5 8 14 17 18 21 24 29 35 40 10_577.cif 
1.2329101562 -7683.0527343750 2 4 9 10 17 18 26 30 36 37 10_578.cif 
1.2333984374 -7683.0522460938 1 3 4 10 11 12 13 22 34 40 10_579.cif 
1.2338867187 -7683.0517578125 2 8 9 12 14 19 29 36 46 48 10_580.cif 
1.2353515624 -7683.0502929688 6 8 10 12 15 16 17 25 32 58 10_581.cif 
1.2397460937 -7683.0458984375 3 4 7 9 17 18 24 25 40 41 10_582.cif 
1.2436523437 -7683.0419921875 1 3 11 15 21 22 24 26 29 47 10_583.cif 
1.2470703124 -7683.0385742188 2 4 5 6 14 18 19 36 37 45 10_584.cif 
1.2495117187 -7683.0361328125 2 7 9 15 18 21 28 40 44 46 10_585.cif 
1.2504882812 -7683.0351562500 8 12 15 18 19 23 29 38 41 45 10_586.cif 
1.2524414062 -7683.0332031250 1 3 5 9 10 28 30 35 38 48 10_587.cif 
1.2548828124 -7683.0307617188 2 7 8 9 13 16 21 38 39 41 10_588.cif 
1.2563476562 -7683.0292968750 1 2 3 5 6 12 15 25 28 57 10_589.cif 
1.2568359374 -7683.0288085938 2 4 7 10 12 18 34 36 37 44 10_590.cif 
1.2670898437 -7683.0185546875 3 5 7 9 16 17 18 33 36 40 10_591.cif 
1.2685546874 -7683.0170898438 2 7 12 16 17 21 27 37 40 42 10_592.cif 
1.2705078124 -7683.0151367188 1 6 8 11 12 16 22 23 38 51 10_593.cif 
1.2709960937 -7683.0146484375 1 2 8 12 14 16 27 35 36 37 10_594.cif 
1.2714843750 -7683.0141601562 4 8 12 17 18 19 26 31 33 45 10_595.cif 
1.2739257812 -7683.0117187500 3 13 14 16 21 23 25 27 30 36 10_596.cif 
1.2753906250 -7683.0102539062 4 9 10 11 12 13 24 29 37 51 10_597.cif 
1.2768554687 -7683.0087890625 2 9 10 11 13 14 15 16 20 35 10_598.cif 
1.2773437500 -7683.0083007812 2 7 10 16 17 22 23 27 34 36 10_599.cif 
1.2778320312 -7683.0078125000 4 5 6 10 12 17 22 23 28 53 10_600.cif 
1.2783203124 -7683.0073242188 3 4 13 16 17 18 19 22 32 53 10_601.cif 
1.2797851562 -7683.0058593750 8 11 12 18 20 21 24 25 27 33 10_602.cif 
1.2802734374 -7683.0053710938 2 3 7 8 15 19 20 21 34 49 10_603.cif 
1.2817382812 -7683.0039062500 2 7 8 12 15 19 25 29 37 48 10_604.cif 
1.2832031250 -7683.0024414062 5 10 14 19 21 24 30 39 43 48 10_605.cif 
1.2851562500 -7683.0004882812 2 3 6 9 11 13 17 21 35 36 10_606.cif 
1.2880859374 -7682.9975585938 4 5 10 14 16 19 29 32 42 43 10_607.cif 
1.2910156250 -7682.9946289062 4 5 6 20 22 24 28 40 45 46 10_608.cif 
1.2915039062 -7682.9941406250 5 14 16 19 21 22 23 29 38 45 10_609.cif 
1.2919921874 -7682.9936523438 7 12 13 15 19 25 29 32 33 34 10_610.cif 
1.2929687500 -7682.9926757812 1 4 7 21 24 25 27 31 32 34 10_611.cif 
1.2944335937 -7682.9912109375 1 2 3 8 9 10 15 17 34 44 10_612.cif 
1.2949218750 -7682.9907226562 7 9 12 14 18 24 33 34 40 43 10_613.cif 
1.2954101562 -7682.9902343750 1 3 5 19 22 23 27 33 40 48 10_614.cif 
1.2963867187 -7682.9892578125 2 3 4 13 14 18 25 28 47 48 10_615.cif 
1.2993164062 -7682.9863281250 5 9 12 17 19 21 36 37 41 44 10_616.cif 
1.2998046874 -7682.9858398438 7 8 9 11 14 20 21 23 25 35 10_617.cif 
1.3002929687 -7682.9853515625 4 6 8 10 11 12 18 23 25 52 10_618.cif 
1.3012695312 -7682.9843750000 7 8 10 12 13 39 40 42 44 45 10_619.cif 
1.3022460937 -7682.9833984375 4 5 6 9 13 16 18 31 33 34 10_620.cif 
1.3027343750 -7682.9829101562 2 8 10 11 14 16 18 21 32 37 10_621.cif 
1.3061523437 -7682.9794921875 4 5 10 12 19 23 25 28 38 46 10_622.cif 
1.3071289062 -7682.9785156250 5 8 11 17 18 19 22 29 38 39 10_623.cif 
1.3081054687 -7682.9775390625 3 7 9 10 11 14 20 30 37 56 10_624.cif 
1.3120117187 -7682.9736328125 1 16 19 20 21 23 27 35 37 38 10_625.cif 
1.3125000000 -7682.9731445312 6 12 16 20 21 22 34 35 37 45 10_626.cif 
1.3129882812 -7682.9726562500 8 9 12 14 16 17 20 30 35 47 10_627.cif 
1.3134765624 -7682.9721679688 1 9 11 14 16 22 29 30 43 45 10_628.cif 
1.3144531250 -7682.9711914062 2 7 9 16 18 21 22 39 45 49 10_629.cif 
1.3149414062 -7682.9707031250 3 11 12 20 21 22 27 28 34 36 10_630.cif 
1.3168945312 -7682.9687500000 6 12 15 19 21 29 30 31 37 46 10_631.cif 
1.3173828124 -7682.9682617188 3 9 13 16 18 22 28 39 48 49 10_632.cif 
1.3188476562 -7682.9667968750 10 12 13 14 16 17 18 35 36 53 10_633.cif 
1.3208007812 -7682.9648437500 6 8 9 13 14 17 18 20 42 43 10_634.cif 
1.3212890624 -7682.9643554688 7 8 9 10 17 23 30 32 38 46 10_635.cif 
1.3227539062 -7682.9628906250 1 3 7 8 10 18 23 34 40 53 10_636.cif 
1.3237304687 -7682.9619140625 2 3 7 15 22 23 30 39 40 44 10_637.cif 
1.3242187500 -7682.9614257812 2 5 7 9 10 15 22 24 27 45 10_638.cif 
1.3256835937 -7682.9599609375 1 4 6 10 12 19 22 43 45 59 10_639.cif 
1.3281250000 -7682.9575195312 1 7 11 12 13 14 23 28 29 39 10_640.cif 
1.3286132812 -7682.9570312500 7 9 17 19 20 23 25 32 38 40 10_641.cif 
1.3305664062 -7682.9550781250 11 12 21 22 23 24 35 38 39 41 10_642.cif 
1.3315429687 -7682.9541015625 4 5 10 12 19 21 23 26 38 50 10_643.cif 
1.3320312500 -7682.9536132812 1 5 7 10 11 14 21 37 46 47 10_644.cif 
1.3330078124 -7682.9526367188 7 8 9 10 14 18 20 31 37 55 10_645.cif 
1.3344726562 -7682.9511718750 8 10 12 13 15 17 21 22 27 31 10_646.cif 
1.3349609374 -7682.9506835938 7 9 10 16 17 22 30 33 35 42 10_647.cif 
1.3354492187 -7682.9501953125 4 5 6 8 15 20 21 28 43 47 10_648.cif 
1.3374023437 -7682.9482421875 1 5 7 8 10 16 23 45 48 57 10_649.cif 
1.3388671874 -7682.9467773438 2 4 7 8 11 17 18 19 44 58 10_650.cif 
1.3398437500 -7682.9458007812 1 2 4 6 8 24 25 36 44 45 10_651.cif 
1.3437500000 -7682.9418945312 1 3 7 11 12 15 16 22 27 58 10_652.cif 
1.3442382812 -7682.9414062500 8 9 12 14 17 18 31 32 38 47 10_653.cif 
1.3471679687 -7682.9384765625 1 2 4 5 7 14 18 25 33 60 10_654.cif 
1.3481445312 -7682.9375000000 1 8 11 18 21 22 23 34 36 48 10_655.cif 
1.3491210937 -7682.9365234375 1 5 12 14 21 22 23 35 40 54 10_656.cif 
1.3530273437 -7682.9326171875 7 8 13 17 18 20 27 40 45 47 10_657.cif 
1.3544921874 -7682.9311523438 9 12 15 17 19 20 21 24 30 36 10_658.cif 
1.3559570312 -7682.9296875000 1 8 10 15 18 19 25 31 32 38 10_659.cif 
1.3574218750 -7682.9282226562 3 7 12 13 15 16 18 19 39 59 10_660.cif 
1.3627929687 -7682.9228515625 12 14 17 22 23 24 33 40 41 44 10_661.cif 
1.3666992187 -7682.9189453125 1 8 9 12 19 24 25 28 33 46 10_662.cif 
1.3691406250 -7682.9165039062 4 13 15 18 21 26 36 40 44 45 10_663.cif 
1.3696289062 -7682.9160156250 1 4 7 10 18 22 28 31 40 48 10_664.cif 
1.3701171874 -7682.9155273438 4 7 10 11 13 20 33 34 40 52 10_665.cif 
1.3706054687 -7682.9150390625 1 2 5 6 7 10 17 20 31 60 10_666.cif 
1.3745117187 -7682.9111328125 1 9 14 15 17 18 25 40 43 54 10_667.cif 
1.3769531250 -7682.9086914062 9 11 12 13 18 21 29 35 36 44 10_668.cif 
1.3789062500 -7682.9067382812 5 7 13 14 16 18 23 27 29 36 10_669.cif 
1.3793945312 -7682.9062500000 2 4 8 12 21 22 24 28 45 55 10_670.cif 
1.3837890624 -7682.9018554688 1 2 7 9 14 17 20 24 34 52 10_671.cif 
1.3867187500 -7682.8989257812 3 4 5 8 11 13 20 27 36 40 10_672.cif 
1.3925781250 -7682.8930664062 9 10 14 17 18 22 26 38 40 44 10_673.cif 
1.3930664062 -7682.8925781250 7 9 10 12 19 20 36 38 41 46 10_674.cif 
1.3935546874 -7682.8920898438 7 8 10 11 16 23 27 29 39 48 10_675.cif 
1.3950195312 -7682.8906250000 4 7 10 11 20 22 23 38 41 60 10_676.cif 
1.3974609374 -7682.8881835938 2 3 6 8 10 15 22 23 25 28 10_677.cif 
1.4013671874 -7682.8842773438 1 2 8 9 12 29 35 41 42 48 10_678.cif 
1.4033203124 -7682.8823242188 1 5 10 11 13 15 23 26 35 38 10_679.cif 
1.4052734374 -7682.8803710938 8 11 13 14 15 17 23 26 30 60 10_680.cif 
1.4067382812 -7682.8789062500 8 15 16 18 21 24 25 26 37 39 10_681.cif 
1.4096679687 -7682.8759765625 1 5 9 15 16 20 25 26 34 36 10_682.cif 
1.4106445312 -7682.8750000000 1 2 3 5 8 14 31 35 37 47 10_683.cif 
1.4145507812 -7682.8710937500 2 6 7 9 11 12 18 25 28 47 10_684.cif 
1.4184570312 -7682.8671875000 1 2 5 10 18 26 35 37 40 45 10_685.cif 
1.4199218750 -7682.8657226562 1 6 13 16 21 22 23 43 44 50 10_686.cif 
1.4218750000 -7682.8637695312 7 16 17 19 20 21 23 34 47 59 10_687.cif 
1.4252929687 -7682.8603515625 2 3 8 14 15 20 36 44 45 46 10_688.cif 
1.4340820312 -7682.8515625000 7 8 18 20 23 27 34 40 41 43 10_689.cif 
1.4365234374 -7682.8491210938 5 7 11 15 22 25 27 29 30 32 10_690.cif 
1.4404296874 -7682.8452148438 1 4 5 7 10 12 20 31 33 57 10_691.cif 
1.4414062500 -7682.8442382812 1 3 7 14 16 17 27 44 46 51 10_692.cif 
1.4482421874 -7682.8374023438 1 4 7 8 24 25 27 28 31 33 10_693.cif 
1.4506835937 -7682.8349609375 2 8 10 12 19 34 38 39 41 42 10_694.cif 
1.4526367187 -7682.8330078125 2 3 5 6 20 22 26 30 39 51 10_695.cif 
1.4550781250 -7682.8305664062 3 5 6 8 9 12 13 18 31 42 10_696.cif 
1.4555664062 -7682.8300781250 3 5 6 8 11 12 22 23 26 52 10_697.cif 
1.4609375000 -7682.8247070312 1 4 5 9 16 20 29 41 48 50 10_698.cif 
1.4624023437 -7682.8232421875 7 9 14 16 20 29 33 34 41 43 10_699.cif 
1.4628906250 -7682.8227539062 1 6 9 14 17 18 20 40 43 45 10_700.cif 
1.4648437500 -7682.8208007812 4 7 8 9 10 11 15 20 36 57 10_701.cif 
1.4658203124 -7682.8198242188 1 2 7 12 17 22 25 34 41 48 10_702.cif 
1.4677734374 -7682.8178710938 4 5 8 12 19 24 35 41 44 46 10_703.cif 
1.4697265624 -7682.8159179688 2 5 9 17 20 23 32 34 38 47 10_704.cif 
1.4711914062 -7682.8144531250 1 3 11 12 22 24 25 35 39 44 10_705.cif 
1.4736328124 -7682.8120117188 7 14 15 17 18 22 31 32 35 55 10_706.cif 
1.4755859374 -7682.8100585938 2 3 7 17 18 25 34 46 47 48 10_707.cif 
1.4790039062 -7682.8066406250 1 2 8 14 17 23 24 27 31 55 10_708.cif 
1.4809570312 -7682.8046875000 3 5 6 19 28 32 33 42 44 47 10_709.cif 
1.4853515624 -7682.8002929688 3 5 8 9 14 20 22 31 32 44 10_710.cif 
1.4887695312 -7682.7968750000 1 2 4 11 14 25 30 33 36 39 10_711.cif 
1.4907226562 -7682.7949218750 3 12 13 15 19 22 23 30 38 42 10_712.cif 
1.4912109374 -7682.7944335938 2 15 17 20 24 25 27 31 36 41 10_713.cif 
1.4921875000 -7682.7934570312 7 10 11 14 15 18 27 46 48 57 10_714.cif 
1.4926757812 -7682.7929687500 9 10 11 13 14 19 25 28 32 60 10_715.cif 
1.4931640624 -7682.7924804688 3 5 7 10 18 19 23 25 35 52 10_716.cif 
1.4970703124 -7682.7885742188 4 9 14 17 20 23 28 31 37 46 10_717.cif 
1.4975585937 -7682.7880859375 7 12 13 15 17 18 21 27 35 39 10_718.cif 
1.4980468750 -7682.7875976562 1 3 8 18 20 23 24 26 40 52 10_719.cif 
1.5004882812 -7682.7851562500 2 3 9 11 18 22 24 28 34 54 10_720.cif 
1.5039062500 -7682.7817382812 5 6 14 18 21 22 23 27 37 45 10_721.cif 
1.5063476562 -7682.7792968750 2 3 19 21 22 24 35 37 38 41 10_722.cif 
1.5083007812 -7682.7773437500 7 10 15 16 21 23 25 43 44 58 10_723.cif 
1.5087890624 -7682.7768554688 5 9 11 14 17 19 24 33 47 55 10_724.cif 
1.5239257812 -7682.7617187500 1 3 5 13 14 24 28 30 31 33 10_725.cif 
1.5244140624 -7682.7612304688 1 2 7 8 10 15 22 36 46 57 10_726.cif 
1.5258789062 -7682.7597656250 4 5 6 10 19 21 25 33 44 46 10_727.cif 
1.5268554687 -7682.7587890625 7 9 13 15 17 27 29 32 40 42 10_728.cif 
1.5288085937 -7682.7568359375 1 10 11 12 21 22 23 27 43 46 10_729.cif 
1.5341796874 -7682.7514648438 1 10 11 15 17 18 20 28 34 42 10_730.cif 
1.5375976562 -7682.7480468750 1 6 8 9 14 16 18 43 45 52 10_731.cif 
1.5385742187 -7682.7470703125 2 7 8 9 14 18 19 22 26 36 10_732.cif 
1.5390625000 -7682.7465820312 8 11 15 18 21 24 30 34 40 60 10_733.cif 
1.5424804687 -7682.7431640625 4 5 6 13 20 22 31 33 37 39 10_734.cif 
1.5449218750 -7682.7407226562 5 6 10 19 22 24 29 32 44 46 10_735.cif 
1.5463867187 -7682.7392578125 1 4 5 6 14 16 30 31 32 39 10_736.cif 
1.5502929687 -7682.7353515625 2 3 4 13 14 22 24 31 41 49 10_737.cif 
1.5541992187 -7682.7314453125 2 3 13 15 19 23 24 25 28 46 10_738.cif 
1.5556640624 -7682.7299804688 3 4 7 11 12 20 22 32 43 50 10_739.cif 
1.5576171874 -7682.7280273438 1 10 11 12 13 22 23 27 42 48 10_740.cif 
1.5581054687 -7682.7275390625 7 9 10 12 17 23 28 30 32 48 10_741.cif 
1.5590820312 -7682.7265625000 3 6 18 22 23 28 30 32 35 48 10_742.cif 
1.5600585937 -7682.7255859375 2 4 7 8 16 18 28 29 38 47 10_743.cif 
1.5659179687 -7682.7197265625 8 9 18 20 21 23 33 36 37 41 10_744.cif 
1.5664062500 -7682.7192382812 6 9 10 14 18 20 40 43 46 50 10_745.cif 
1.5703125000 -7682.7153320312 4 7 9 10 12 24 25 29 44 48 10_746.cif 
1.5737304687 -7682.7119140625 14 15 16 17 18 25 28 31 34 43 10_747.cif 
1.5766601562 -7682.7089843750 2 7 8 9 14 22 26 27 40 45 10_748.cif 
1.5781250000 -7682.7075195312 7 17 21 22 24 25 28 30 37 43 10_749.cif 
1.5791015624 -7682.7065429688 2 9 11 17 18 20 27 41 42 46 10_750.cif 
1.5815429687 -7682.7041015625 3 6 7 11 15 19 27 30 34 40 10_751.cif 
1.5922851562 -7682.6933593750 8 15 17 18 19 33 38 40 43 44 10_752.cif 
1.5932617187 -7682.6923828125 7 9 12 13 17 23 30 40 48 51 10_753.cif 
1.5942382812 -7682.6914062500 4 10 13 14 16 19 30 31 38 41 10_754.cif 
1.5957031250 -7682.6899414062 2 9 16 17 22 27 33 34 36 48 10_755.cif 
1.5986328124 -7682.6870117188 3 4 6 12 15 16 19 24 42 47 10_756.cif 
1.6015625000 -7682.6840820312 1 4 6 11 12 22 31 37 39 60 10_757.cif 
1.6054687500 -7682.6801757812 8 17 18 19 22 27 28 36 37 39 10_758.cif 
1.6079101562 -7682.6777343750 4 6 10 14 15 22 23 30 41 45 10_759.cif 
1.6093750000 -7682.6762695312 2 4 5 8 14 21 22 26 38 44 10_760.cif 
1.6108398437 -7682.6748046875 1 9 13 16 17 28 36 37 38 42 10_761.cif 
1.6113281250 -7682.6743164062 1 4 10 11 14 25 38 46 47 60 10_762.cif 
1.6127929687 -7682.6728515625 1 2 6 14 15 16 17 30 32 44 10_763.cif 
1.6206054687 -7682.6650390625 2 4 6 8 10 12 15 37 39 59 10_764.cif 
1.6240234374 -7682.6616210938 2 3 4 13 14 18 23 34 48 51 10_765.cif 
1.6259765624 -7682.6596679688 2 3 9 13 16 19 22 29 30 43 10_766.cif 
1.6333007812 -7682.6523437500 4 9 12 19 21 24 34 38 40 55 10_767.cif 
1.6381835937 -7682.6474609375 7 15 16 21 28 32 33 34 42 45 10_768.cif 
1.6411132812 -7682.6445312500 1 2 4 13 20 22 29 31 44 47 10_769.cif 
1.6469726562 -7682.6386718750 2 8 12 15 20 21 23 41 42 51 10_770.cif 
1.6479492187 -7682.6376953125 2 8 13 15 20 21 26 45 47 53 10_771.cif 
1.6494140624 -7682.6362304688 2 3 7 9 10 14 16 17 37 49 10_772.cif 
1.6533203124 -7682.6323242188 4 7 13 15 21 24 26 37 41 44 10_773.cif 
1.6567382812 -7682.6289062500 3 6 8 15 16 22 32 35 40 54 10_774.cif 
1.6577148437 -7682.6279296875 2 3 13 15 17 22 24 28 34 55 10_775.cif 
1.6611328124 -7682.6245117188 8 9 10 15 19 23 24 28 44 49 10_776.cif 
1.6708984374 -7682.6147460938 2 7 11 17 20 29 34 35 46 51 10_777.cif 
1.6757812500 -7682.6098632812 2 4 14 19 21 24 30 34 48 49 10_778.cif 
1.6762695312 -7682.6093750000 1 2 5 21 27 30 36 39 45 48 10_779.cif 
1.6870117187 -7682.5986328125 8 10 12 14 15 17 22 35 46 59 10_780.cif 
1.6899414062 -7682.5957031250 5 10 11 13 20 33 39 40 43 48 10_781.cif 
1.6943359374 -7682.5913085938 6 7 14 15 18 21 25 29 42 46 10_782.cif 
1.6967773437 -7682.5888671875 9 10 12 13 19 22 27 40 48 49 10_783.cif 
1.7016601562 -7682.5839843750 3 14 15 18 19 21 25 32 43 57 10_784.cif 
1.7070312500 -7682.5786132812 4 6 8 13 15 19 24 30 45 49 10_785.cif 
1.7153320312 -7682.5703125000 1 12 13 15 17 21 22 28 45 52 10_786.cif 
1.7167968750 -7682.5688476562 1 2 13 15 16 21 24 25 28 43 10_787.cif 
1.7187500000 -7682.5668945312 4 17 22 23 28 30 36 37 40 45 10_788.cif 
1.7250976562 -7682.5605468750 1 2 6 7 9 12 16 27 30 32 10_789.cif 
1.7333984374 -7682.5522460938 4 5 10 12 29 35 36 44 46 48 10_790.cif 
1.7353515624 -7682.5502929688 3 5 16 20 23 32 38 39 40 49 10_791.cif 
1.7397460937 -7682.5458984375 6 8 11 17 24 33 35 37 44 45 10_792.cif 
1.7421875000 -7682.5434570312 5 9 14 15 19 29 30 35 40 45 10_793.cif 
1.7465820312 -7682.5390625000 4 5 12 13 14 16 17 27 35 55 10_794.cif 
1.7470703124 -7682.5385742188 1 4 5 10 13 17 24 28 47 56 10_795.cif 
1.7617187500 -7682.5239257812 3 5 7 18 20 22 24 31 32 49 10_796.cif 
1.7885742187 -7682.4970703125 6 14 16 20 22 28 32 39 45 60 10_797.cif 
1.7890625000 -7682.4965820312 1 2 4 7 12 13 24 30 43 44 10_798.cif 
1.7895507812 -7682.4960937500 2 3 7 9 11 13 14 17 52 60 10_799.cif 
1.7910156250 -7682.4946289062 6 7 11 22 23 29 33 34 35 36 10_800.cif 
1.7939453124 -7682.4916992188 1 3 5 7 15 26 29 34 35 47 10_801.cif 
1.8056640624 -7682.4799804688 8 14 16 21 26 29 40 44 47 50 10_802.cif 
1.8100585937 -7682.4755859375 7 8 14 19 27 32 35 37 40 42 10_803.cif 
1.8325195312 -7682.4531250000 8 9 10 16 18 28 29 41 44 54 10_804.cif 
1.8334960937 -7682.4521484375 7 9 12 13 29 37 38 39 43 45 10_805.cif 
1.8398437500 -7682.4458007812 2 7 8 11 18 38 45 47 48 57 10_806.cif 
1.8403320312 -7682.4453125000 9 10 11 13 14 20 33 36 49 54 10_807.cif 
1.8437500000 -7682.4418945312 2 6 18 22 23 29 32 43 45 55 10_808.cif 
1.8515625000 -7682.4340820312 13 15 17 18 19 20 28 32 35 60 10_809.cif 
1.8544921874 -7682.4311523438 2 3 7 9 17 18 19 29 48 58 10_810.cif 
1.8764648437 -7682.4091796875 3 5 9 19 21 30 31 35 42 49 10_811.cif 
1.8774414062 -7682.4082031250 1 2 6 12 15 27 34 41 42 50 10_812.cif 
1.8876953124 -7682.3979492188 1 6 15 22 27 28 29 37 43 53 10_813.cif 
1.8901367187 -7682.3955078125 7 10 14 16 22 32 36 37 41 42 10_814.cif 
1.9116210937 -7682.3740234375 1 5 6 16 17 20 24 27 50 56 10_815.cif 
1.9238281250 -7682.3618164062 2 8 10 11 16 18 27 37 38 59 10_816.cif 
1.9267578124 -7682.3588867188 2 14 16 18 21 33 39 44 47 53 10_817.cif 
1.9335937500 -7682.3520507812 5 10 18 20 27 28 34 36 47 59 10_818.cif 
1.9384765624 -7682.3471679688 2 7 9 19 20 22 25 45 49 51 10_819.cif 
1.9531250000 -7682.3325195312 3 9 16 23 26 34 35 40 44 46 10_820.cif 
1.9711914062 -7682.3144531250 1 2 3 18 19 22 29 41 47 56 10_821.cif 
2.0449218750 -7682.2407226562 3 4 6 10 12 25 33 39 40 51 10_822.cif 
2.0512695312 -7682.2343750000 2 4 6 14 15 19 30 33 45 50 10_823.cif 
2.0664062500 -7682.2192382812 1 7 14 15 18 19 20 24 44 45 10_824.cif 
2.0864257812 -7682.1992187500 2 3 11 15 23 33 36 37 38 39 10_825.cif 
2.1396484374 -7682.1459960938 8 9 13 15 22 28 36 41 45 60 10_826.cif 
2.1757812500 -7682.1098632812 3 9 10 12 16 22 36 39 51 59 10_827.cif 
2.2441406250 -7682.0415039062 5 9 10 18 21 22 30 33 38 50 10_828.cif 
2.2617187500 -7682.0239257812 3 4 9 11 18 25 31 37 50 58 10_829.cif 
2.3208007812 -7681.9648437500 3 4 7 11 12 18 29 30 50 56 10_830.cif 
2.3393554687 -7681.9462890625 2 5 16 18 21 22 27 28 46 59 10_831.cif 
2.3657226562 -7681.9199218750 3 4 8 16 17 25 32 35 41 45 10_832.cif 
2.3955078124 -7681.8901367188 11 15 18 19 24 25 41 47 56 57 10_833.cif 
2.4072265624 -7681.8784179688 1 2 11 18 20 21 30 41 47 56 10_834.cif 
2.4345703124 -7681.8510742188 10 14 17 23 26 32 34 35 37 53 10_835.cif 
2.4716796874 -7681.8139648438 5 8 12 14 26 28 30 33 51 54 10_836.cif 
2.5073242187 -7681.7783203125 7 11 14 17 20 21 28 36 45 58 10_837.cif 
2.5092773437 -7681.7763671875 4 11 12 16 18 38 39 45 52 55 10_838.cif 
2.6254882812 -7681.6601562500 5 10 11 18 28 29 30 46 49 60 10_839.cif 
