0 -7408.7397460938 1 2 3 4 5 6 7 8 9 10 11 12 13 14 15 16 17 18 19 20 21 22 23 24 25 26 27 28 29 30 31 32 33 34 35 36 37 38 39 40 41 42 43 44 45 46 47 48 49 50 51 59 60 53_1.cif 
.0122070313 -7408.7275390625 1 2 3 4 5 6 7 8 9 10 11 12 13 14 15 16 17 18 19 20 21 22 23 24 25 26 27 28 29 30 31 32 33 34 35 36 37 38 39 40 41 42 43 44 45 46 47 48 49 51 53 59 60 53_2.cif 
.0229492188 -7408.7167968750 1 2 3 4 5 6 7 8 9 10 11 12 13 14 15 16 17 18 19 20 21 22 23 24 25 26 27 28 29 30 31 32 33 34 35 36 37 38 39 40 41 42 43 44 45 46 47 48 49 50 51 52 53 53_3.cif 
.0297851563 -7408.7099609375 1 2 3 4 5 6 7 8 9 10 11 12 13 14 15 16 17 18 19 20 21 22 23 24 25 26 27 28 29 30 31 32 33 34 35 36 37 38 39 40 41 42 43 44 45 46 47 48 49 51 52 53 55 53_4.cif 
.0336914063 -7408.7060546875 1 2 3 4 5 6 7 8 9 10 11 12 13 14 15 16 17 18 19 20 21 22 23 24 25 26 27 28 29 30 31 32 33 34 35 36 37 38 39 40 41 42 43 44 45 46 47 48 49 54 56 59 60 53_5.cif 
.0375976563 -7408.7021484375 1 2 3 4 5 6 7 8 9 10 11 12 13 14 15 16 17 18 19 20 21 22 23 24 25 26 27 28 29 30 31 32 33 34 35 36 37 38 39 40 41 42 43 44 45 46 47 48 49 50 51 54 55 53_6.cif 
.0419921876 -7408.6977539062 1 2 3 4 5 6 7 8 9 10 11 12 13 14 15 16 17 18 19 20 21 22 23 24 25 26 27 28 29 30 31 32 33 34 35 36 37 38 39 40 41 42 43 44 45 46 47 48 49 52 54 55 59 53_7.cif 
.0439453126 -7408.6958007812 1 2 3 4 5 6 7 8 9 10 11 12 13 14 15 16 17 18 19 20 21 22 23 24 25 26 27 28 29 30 31 32 33 34 35 36 37 38 39 40 41 42 43 44 45 46 47 48 49 51 53 56 59 53_8.cif 
.0517578126 -7408.6879882812 1 2 3 4 5 6 7 8 9 10 11 12 13 14 15 16 17 18 19 20 21 22 23 24 25 26 27 28 29 30 31 32 33 34 35 36 37 38 39 40 41 42 43 44 45 46 47 48 49 51 52 53 57 53_9.cif 
.0551757813 -7408.6845703125 1 2 3 4 5 6 7 8 9 10 11 12 13 14 15 16 17 18 19 20 21 22 23 24 25 26 27 28 29 30 31 32 33 34 35 36 37 38 39 40 41 42 43 44 45 46 47 48 49 51 53 57 59 53_10.cif 
.0673828126 -7408.6723632812 1 2 3 4 5 6 7 8 9 10 11 12 13 14 15 16 17 18 19 20 21 22 23 24 25 26 27 28 29 30 31 32 33 34 35 36 37 38 39 40 41 42 43 44 45 46 47 48 49 51 55 56 57 53_11.cif 
.0874023438 -7408.6523437500 1 2 3 4 5 6 7 8 9 10 11 12 13 14 15 16 17 18 19 20 21 22 23 24 25 26 27 28 29 30 31 32 33 34 35 36 37 38 39 40 41 42 43 44 45 46 47 48 50 52 53 55 56 53_12.cif 
.3271484376 -7408.4125976562 1 2 3 4 5 6 7 8 9 10 11 12 13 14 15 16 17 18 19 20 21 22 23 24 25 26 27 28 29 30 31 32 33 34 35 36 37 38 39 40 41 42 43 44 45 46 48 49 50 51 55 59 60 53_13.cif 
.3359375000 -7408.4038085938 1 2 3 4 5 6 7 8 9 10 11 12 13 14 15 16 17 18 19 20 21 22 23 24 25 26 27 28 29 30 31 32 33 34 35 36 37 39 40 41 42 43 44 45 46 47 48 49 50 52 55 56 60 53_14.cif 
.3583984376 -7408.3813476562 1 2 3 4 5 6 7 8 9 10 11 12 13 14 15 16 17 18 19 20 21 22 23 24 25 26 27 28 29 30 31 32 33 34 35 36 37 38 40 41 42 43 44 45 46 47 48 49 50 56 57 59 60 53_15.cif 
.3627929688 -7408.3769531250 1 2 3 4 5 6 7 8 9 10 11 12 13 14 15 16 17 18 19 20 21 22 23 24 25 27 28 29 30 31 32 33 34 35 36 37 38 39 40 41 42 43 44 45 46 47 48 49 51 53 55 59 60 53_16.cif 
.3681640626 -7408.3715820312 1 2 3 4 5 6 7 8 9 10 11 12 13 14 15 16 17 18 19 20 21 22 23 24 25 27 28 29 30 31 32 33 34 35 36 37 38 39 40 41 42 43 44 45 46 47 48 49 50 51 53 54 59 53_17.cif 
.3706054688 -7408.3691406250 1 2 3 4 5 6 7 8 9 10 11 12 13 14 15 16 17 18 19 20 21 22 23 24 25 26 27 28 29 30 31 32 33 34 35 36 37 38 40 41 42 43 44 45 46 47 48 49 54 55 56 59 60 53_18.cif 
.3710937500 -7408.3686523438 1 2 3 4 5 6 7 8 9 10 11 12 13 14 15 16 17 18 19 20 21 22 23 24 25 26 27 28 29 30 31 32 33 34 35 36 37 38 40 41 42 43 44 45 46 47 48 49 50 52 53 58 60 53_19.cif 
.3725585938 -7408.3671875000 1 2 3 4 5 6 7 8 9 10 11 12 13 14 15 16 17 18 19 20 21 22 23 24 25 26 27 28 29 30 31 32 33 34 35 36 38 39 40 41 42 43 44 45 46 47 48 49 53 54 55 59 60 53_20.cif 
.3764648438 -7408.3632812500 1 2 3 4 5 6 7 8 9 10 11 12 13 14 15 16 17 18 19 20 21 22 23 24 25 26 27 28 29 30 31 32 33 34 35 36 37 38 39 40 41 42 43 44 45 46 47 50 51 53 55 58 60 53_21.cif 
.3837890626 -7408.3559570312 1 2 3 4 5 6 7 8 9 10 11 12 13 14 15 16 17 18 19 20 21 22 23 24 25 26 27 28 29 30 31 32 33 34 35 37 38 39 40 41 42 43 44 45 46 47 48 49 50 51 53 55 59 53_22.cif 
.3842773438 -7408.3554687500 1 2 3 4 5 6 7 8 9 10 11 12 13 14 15 16 17 18 19 20 21 22 23 24 25 26 27 28 29 30 31 32 33 34 35 36 37 38 39 40 41 43 44 45 46 47 48 49 52 53 54 55 60 53_23.cif 
.3862304688 -7408.3535156250 1 2 3 4 5 6 7 8 9 10 11 12 13 14 15 16 17 18 19 20 21 22 23 24 25 26 27 28 29 30 31 32 34 35 36 37 38 39 40 41 42 43 44 45 46 47 48 49 51 53 55 59 60 53_24.cif 
.3867187500 -7408.3530273438 1 2 3 4 5 6 7 8 9 10 11 12 13 14 15 16 17 18 19 20 21 22 23 24 25 26 27 28 29 30 31 32 33 34 35 36 38 39 40 41 42 43 44 45 46 47 48 49 53 55 56 57 59 53_25.cif 
.3881835938 -7408.3515625000 1 2 3 4 5 6 7 8 9 10 11 12 13 14 15 16 17 18 19 20 21 22 23 24 25 26 27 28 29 30 31 32 33 34 35 36 37 38 39 40 41 42 43 44 46 47 48 49 52 53 54 55 59 53_26.cif 
.3896484376 -7408.3500976562 1 2 3 4 5 6 7 8 9 10 11 12 13 14 15 16 17 18 19 20 21 22 23 24 25 26 27 28 29 30 31 32 33 34 35 36 37 38 39 40 41 42 43 44 45 46 47 50 52 53 55 56 59 53_27.cif 
.3901367188 -7408.3496093750 1 2 3 4 5 6 7 8 9 10 11 12 13 14 15 16 17 18 19 20 21 22 23 24 25 26 27 28 29 30 31 32 33 34 35 37 38 39 40 41 42 43 44 45 46 47 48 49 50 54 55 57 59 53_28.cif 
.3911132813 -7408.3486328125 1 2 3 4 5 6 7 8 9 10 11 12 13 14 15 16 17 18 19 20 21 22 23 24 25 26 27 28 29 30 31 32 33 34 35 36 37 38 39 40 41 42 43 45 46 47 48 49 52 54 55 56 58 53_29.cif 
.3920898438 -7408.3476562500 1 2 3 4 5 6 7 8 9 10 11 12 13 14 15 16 17 18 19 20 21 22 23 24 25 26 27 28 29 30 31 32 33 34 35 36 37 38 40 41 42 43 44 45 46 47 48 51 55 56 58 59 60 53_30.cif 
.3935546876 -7408.3461914062 1 2 3 4 5 6 7 8 9 10 11 12 13 14 15 16 17 18 19 20 21 22 23 24 25 26 27 28 29 30 31 32 33 34 35 36 38 39 40 41 42 43 44 45 46 47 48 49 52 53 54 57 58 53_31.cif 
.3989257813 -7408.3408203125 1 2 3 4 5 6 7 8 9 10 11 12 13 14 15 16 17 18 19 20 21 22 23 24 25 27 28 29 30 31 32 33 34 35 36 37 38 39 40 41 42 43 44 45 46 47 48 49 50 52 53 55 59 53_32.cif 
.3994140626 -7408.3403320312 1 2 3 4 5 6 7 8 9 10 11 12 13 14 15 16 17 18 19 20 21 22 23 24 25 26 27 28 29 30 32 33 34 35 36 37 38 39 40 41 42 43 44 45 46 47 48 49 50 53 54 55 58 53_33.cif 
.4003906250 -7408.3393554688 1 2 3 4 5 6 7 8 9 10 11 12 13 14 15 16 17 18 19 20 21 22 23 24 25 26 27 28 29 30 31 32 33 34 35 36 37 38 39 40 41 42 44 45 46 47 48 50 55 57 58 59 60 53_34.cif 
.4033203126 -7408.3364257812 1 2 3 4 5 6 7 8 9 10 11 12 13 14 15 16 17 18 19 20 21 22 23 24 25 26 27 28 29 30 31 32 33 34 35 36 37 38 39 40 41 42 43 44 45 46 48 51 52 53 56 57 59 53_35.cif 
.4052734376 -7408.3344726562 1 2 3 4 5 6 7 8 9 10 11 12 13 14 15 16 17 18 19 20 21 22 23 24 25 26 27 28 29 30 31 32 33 34 35 36 37 38 39 40 41 42 43 44 46 47 48 49 50 51 52 57 59 53_36.cif 
.4077148438 -7408.3320312500 1 2 3 4 5 6 7 8 9 10 11 12 13 14 15 16 17 18 19 20 21 22 23 24 25 26 27 28 29 30 31 32 33 34 35 36 37 38 39 40 41 42 44 45 46 47 48 50 52 57 58 59 60 53_37.cif 
.4082031250 -7408.3315429688 1 2 3 4 5 6 7 8 9 10 11 12 13 14 15 16 17 18 19 20 21 22 23 24 25 26 27 28 29 30 31 32 33 34 35 36 37 38 39 40 41 43 44 45 46 47 48 49 50 55 56 58 59 53_38.cif 
.4111328126 -7408.3286132812 1 2 3 4 5 6 7 8 9 10 11 12 13 14 15 16 17 18 19 20 21 22 23 24 25 26 27 28 29 30 31 32 33 34 35 36 37 38 39 40 41 42 43 44 45 46 48 50 51 52 56 57 58 53_39.cif 
.4135742188 -7408.3261718750 1 2 3 4 5 6 7 8 9 10 11 12 13 14 15 16 17 18 19 20 21 22 23 24 25 26 27 28 29 30 31 32 33 34 35 36 37 38 39 40 41 42 43 44 45 46 48 50 52 53 54 55 58 53_40.cif 
.4140625000 -7408.3256835938 1 2 3 4 5 6 7 8 9 10 11 12 13 14 15 16 17 18 19 20 21 22 23 24 25 26 27 28 29 30 31 32 33 34 35 37 38 39 40 41 42 43 44 45 46 47 48 49 51 53 56 57 59 53_41.cif 
.4145507813 -7408.3251953125 1 2 3 4 5 6 7 8 9 10 11 12 13 14 15 16 17 18 19 20 21 22 23 24 25 26 27 28 29 30 31 32 33 34 35 36 37 38 39 40 41 42 43 45 46 47 48 49 50 52 53 57 59 53_42.cif 
.4165039063 -7408.3232421875 1 2 3 4 5 6 7 8 9 10 11 12 13 14 15 16 17 18 19 20 21 22 23 24 25 26 27 28 29 30 31 32 33 34 35 36 37 38 39 40 41 42 44 45 46 47 48 53 54 56 58 59 60 53_43.cif 
.4174804688 -7408.3222656250 1 2 3 4 5 6 7 8 9 10 11 12 13 14 15 16 17 18 19 20 21 22 23 24 25 26 27 28 29 30 31 32 33 34 35 37 38 39 40 41 42 43 44 45 46 47 48 49 51 52 53 57 59 53_44.cif 
.4213867188 -7408.3183593750 1 2 3 4 5 6 7 8 9 10 11 12 13 14 15 16 17 18 19 20 21 22 23 24 25 26 27 28 29 30 31 32 33 34 35 36 37 38 40 41 42 43 44 45 46 47 48 51 53 54 56 58 60 53_45.cif 
.4218750000 -7408.3178710938 1 2 3 4 5 6 7 8 9 10 11 12 13 14 15 16 17 18 19 20 21 22 23 24 25 26 27 28 29 30 31 32 33 34 35 36 38 39 40 41 42 43 44 45 46 47 48 50 51 53 54 58 59 53_46.cif 
.4238281250 -7408.3159179688 1 2 3 4 5 6 7 8 9 10 11 12 13 14 15 16 17 18 19 20 21 22 23 24 25 26 27 28 29 30 31 32 33 34 36 37 38 39 40 41 42 43 44 45 46 47 48 50 52 55 57 58 60 53_47.cif 
.4243164063 -7408.3154296875 1 2 3 4 5 6 7 8 9 10 11 12 13 14 15 16 17 18 19 20 21 22 23 24 25 26 27 28 29 30 31 32 33 34 35 36 37 38 39 40 41 42 43 44 46 47 48 50 54 55 57 58 59 53_48.cif 
.4248046876 -7408.3149414062 1 2 3 4 5 6 7 8 9 10 11 12 13 14 15 16 17 18 19 20 21 22 23 24 25 26 27 28 29 30 31 32 33 34 35 36 38 39 40 41 42 43 44 45 46 47 48 50 52 53 56 57 59 53_49.cif 
.4272460938 -7408.3125000000 1 2 3 4 5 6 7 8 9 10 11 12 13 14 15 16 17 18 19 20 21 22 23 24 25 26 27 28 29 30 31 32 33 34 35 36 37 38 40 41 42 43 44 45 46 47 48 50 51 54 55 58 59 53_50.cif 
.4277343750 -7408.3120117188 1 2 3 4 5 6 7 8 9 10 11 12 13 14 15 16 17 18 19 20 21 22 23 24 25 26 27 28 29 30 31 32 33 34 35 36 37 38 39 41 42 43 44 45 46 47 48 53 54 55 57 58 59 53_51.cif 
.4296875000 -7408.3100585938 1 2 3 4 5 6 7 8 9 10 11 12 13 14 15 16 17 18 19 20 21 22 23 24 25 26 27 28 29 30 31 32 33 34 35 36 37 38 39 40 41 42 43 44 46 47 48 50 51 53 54 57 60 53_52.cif 
.4301757813 -7408.3095703125 1 2 3 4 5 6 7 8 9 10 11 12 13 14 15 16 17 18 19 20 21 22 23 24 25 26 27 28 29 30 31 32 33 34 35 36 37 38 39 40 41 43 44 45 46 47 48 50 51 53 54 58 60 53_53.cif 
.4365234376 -7408.3032226562 1 2 3 4 5 6 7 8 9 10 11 12 13 14 15 16 17 18 19 20 21 22 23 24 25 26 27 28 29 30 31 32 33 34 35 37 38 39 40 41 42 43 44 45 46 47 48 53 54 55 57 58 59 53_54.cif 
.4389648438 -7408.3007812500 1 2 3 4 5 6 7 8 9 10 11 12 13 14 15 16 17 18 19 20 21 22 23 24 25 26 27 28 29 30 31 32 33 34 36 37 38 39 40 41 42 43 44 45 46 47 48 50 53 55 57 58 60 53_55.cif 
.4404296876 -7408.2993164062 1 2 3 4 5 6 7 8 9 10 11 12 13 14 15 16 17 18 19 20 21 22 23 24 25 26 27 28 29 30 31 32 33 34 35 36 37 38 39 40 41 42 44 45 46 47 48 50 51 52 55 57 58 53_56.cif 
.4453125000 -7408.2944335938 1 2 3 4 5 6 7 8 9 10 11 12 13 14 15 16 17 18 19 20 21 22 23 24 25 26 27 28 29 30 31 32 33 34 35 36 37 38 39 40 41 42 43 45 46 47 48 53 54 56 58 59 60 53_57.cif 
.4472656250 -7408.2924804688 1 2 3 4 5 6 7 8 9 10 11 12 13 14 15 16 17 18 19 20 21 22 23 24 25 26 27 28 29 30 31 32 33 34 35 36 37 38 39 40 41 42 43 45 46 47 48 51 53 54 56 58 60 53_58.cif 
.4492187500 -7408.2905273438 1 2 3 4 5 6 7 8 9 10 11 12 13 14 15 16 17 18 19 20 21 22 23 24 25 26 27 28 29 30 31 32 34 35 36 37 38 39 40 41 42 43 44 45 46 47 48 50 51 52 54 59 60 53_59.cif 
.4545898438 -7408.2851562500 1 2 3 4 5 6 7 8 9 10 11 12 13 14 15 16 17 18 19 20 21 22 23 24 25 26 27 28 29 30 32 33 34 35 36 37 38 39 40 41 42 43 44 45 46 47 48 50 51 53 54 55 58 53_60.cif 
.4565429688 -7408.2832031250 1 2 3 4 5 6 7 8 9 10 11 12 13 14 15 16 17 18 19 20 21 22 23 24 25 26 27 28 29 30 32 33 34 35 36 37 38 39 40 41 42 43 44 45 46 47 48 50 53 54 55 58 60 53_61.cif 
.4575195313 -7408.2822265625 1 2 3 4 5 6 7 8 9 10 11 12 13 14 15 16 17 18 19 20 21 22 23 24 25 26 27 28 29 30 31 32 34 35 36 37 38 39 40 41 42 43 44 45 46 47 48 50 52 54 55 57 58 53_62.cif 
.4609375000 -7408.2788085938 1 2 3 4 5 6 7 8 9 10 11 12 13 14 15 16 17 18 19 20 21 22 23 24 25 26 27 28 29 30 31 32 33 34 35 36 37 38 39 40 41 42 43 44 45 47 48 50 51 52 54 59 60 53_63.cif 
.4628906250 -7408.2768554688 1 2 3 4 5 6 7 8 9 10 11 12 13 14 15 16 17 18 19 20 21 22 23 24 25 26 27 29 30 31 32 33 34 35 36 37 38 39 40 41 42 43 44 45 46 47 48 52 53 54 55 59 60 53_64.cif 
.4658203126 -7408.2739257812 1 2 3 4 5 6 7 8 9 10 11 12 13 14 15 16 17 18 19 20 21 22 23 24 25 26 27 28 29 30 32 33 34 35 36 37 38 39 40 41 42 43 44 45 46 47 48 51 52 55 56 57 59 53_65.cif 
.4707031250 -7408.2690429688 1 2 3 4 5 6 7 8 9 10 11 12 13 14 15 16 17 18 19 20 21 22 23 24 26 27 28 29 30 31 32 33 34 35 36 37 38 39 40 41 42 43 44 45 46 47 48 51 53 54 56 57 58 53_66.cif 
.4750976563 -7408.2646484375 1 2 3 4 5 6 7 8 9 10 11 12 13 14 15 16 17 18 19 20 21 22 23 24 25 26 27 28 30 31 32 33 34 35 36 37 38 39 40 41 42 43 44 45 46 47 48 52 53 54 55 58 59 53_67.cif 
.5615234376 -7408.1782226562 1 2 3 4 5 6 7 8 9 10 11 12 14 15 16 17 18 19 20 21 22 23 24 25 26 27 28 29 30 31 32 33 34 35 36 37 38 39 40 41 42 43 44 45 46 47 48 49 51 53 55 59 60 53_68.cif 
.5815429688 -7408.1582031250 1 2 3 4 5 6 7 8 9 10 11 12 13 14 15 16 17 18 19 20 21 23 24 25 26 27 28 29 30 31 32 33 34 35 36 37 38 39 40 41 42 43 44 45 46 47 48 49 50 51 53 59 60 53_69.cif 
.6254882813 -7408.1142578125 1 2 3 4 5 6 7 8 9 10 11 12 13 14 15 16 18 19 20 21 22 23 24 25 26 27 28 29 30 31 32 33 34 35 36 37 38 39 40 41 42 43 44 45 46 47 48 49 50 55 56 57 59 53_70.cif 
.6284179688 -7408.1113281250 1 2 3 4 5 6 7 8 9 10 11 12 13 14 15 16 17 18 19 20 21 22 24 25 26 27 28 29 30 31 32 33 34 35 36 37 38 39 40 41 42 43 44 45 46 47 48 50 53 55 57 59 60 53_71.cif 
.6342773438 -7408.1054687500 1 2 3 4 5 6 7 8 9 10 11 12 13 14 15 16 17 18 19 20 21 22 24 25 26 27 28 29 30 31 32 33 34 35 36 37 38 39 40 41 42 43 44 45 46 47 48 50 52 53 54 59 60 53_72.cif 
.6362304688 -7408.1035156250 1 2 3 4 5 6 7 8 9 10 11 13 14 15 16 17 18 19 20 21 22 23 24 25 26 27 28 29 30 31 32 33 34 35 36 37 38 39 40 41 42 43 44 45 46 47 48 49 50 52 53 54 55 53_73.cif 
.6479492188 -7408.0917968750 1 2 3 4 5 6 7 8 9 10 11 13 14 15 16 17 18 19 20 21 22 23 24 25 26 27 28 29 30 31 32 33 34 35 36 37 38 39 40 41 42 43 44 45 46 47 48 49 50 52 54 55 57 53_74.cif 
.6503906250 -7408.0893554688 1 2 3 4 5 6 7 8 9 10 11 12 13 14 15 16 17 18 19 20 21 22 23 25 26 27 28 29 30 31 32 33 34 35 36 37 38 39 40 41 42 43 44 45 46 47 48 51 52 55 56 57 58 53_75.cif 
.6674804688 -7408.0722656250 1 2 3 4 5 6 7 8 9 10 11 12 13 14 15 16 17 18 19 20 21 23 24 25 26 27 28 29 30 31 32 33 34 35 36 37 38 39 40 41 42 43 44 45 46 47 48 50 51 52 54 59 60 53_76.cif 
.6689453126 -7408.0708007812 1 2 3 5 6 7 8 9 10 11 12 13 14 15 16 17 18 19 20 21 22 23 24 25 26 27 28 29 30 31 32 33 34 35 36 37 38 39 40 41 42 43 44 45 46 47 48 50 52 56 58 59 60 53_77.cif 
.6718750000 -7408.0678710938 1 2 3 4 5 6 7 8 9 10 11 12 13 14 15 16 17 18 19 20 21 22 23 24 25 26 27 28 29 30 31 32 33 34 35 36 37 38 39 40 41 42 43 44 46 47 49 50 52 53 56 59 60 53_78.cif 
.6738281250 -7408.0659179688 1 2 3 4 5 6 7 8 9 10 11 12 13 14 15 16 17 18 19 20 21 22 23 24 25 26 27 28 29 30 31 32 33 34 35 36 37 38 39 41 42 43 44 45 46 48 49 52 56 57 58 59 60 53_79.cif 
.6752929688 -7408.0644531250 1 2 3 4 5 6 8 9 10 11 12 13 14 15 16 17 18 19 20 21 22 23 24 25 26 27 28 29 30 31 32 33 34 35 36 37 38 39 40 41 42 43 44 45 46 47 48 50 52 53 54 56 59 53_80.cif 
.6796875000 -7408.0600585938 2 3 4 5 6 7 8 9 10 11 12 13 14 15 16 17 18 19 20 21 22 23 24 25 26 27 28 29 30 31 32 33 34 35 36 37 38 39 40 41 42 43 44 45 46 47 48 49 50 51 52 56 57 53_81.cif 
.6884765626 -7408.0512695312 1 2 3 4 5 6 7 8 9 10 11 12 13 14 15 16 17 18 19 20 21 22 23 24 25 26 27 28 29 30 31 32 33 34 35 36 37 39 40 42 43 44 45 46 47 48 49 50 53 55 56 59 60 53_82.cif 
.6899414063 -7408.0498046875 1 2 3 4 5 6 7 8 9 10 11 12 13 14 15 16 17 18 19 20 21 22 23 24 25 26 27 28 29 30 31 32 33 34 35 36 38 39 40 41 42 43 44 45 46 47 49 50 53 54 55 58 59 53_83.cif 
.6958007813 -7408.0439453125 1 2 3 4 5 6 7 8 9 10 11 12 13 14 15 16 17 18 19 20 21 22 23 24 25 26 27 28 29 30 31 32 33 34 35 36 37 38 40 41 42 44 45 46 47 48 49 51 53 55 56 59 60 53_84.cif 
.6962890626 -7408.0434570312 1 2 3 4 5 6 7 8 9 10 11 12 13 14 15 16 17 18 19 20 21 22 23 24 25 26 27 28 29 30 31 32 33 35 36 37 38 39 40 41 42 43 44 45 46 47 49 50 51 53 58 59 60 53_85.cif 
.6967773438 -7408.0429687500 1 2 3 4 5 6 7 8 9 10 11 12 13 14 15 16 17 18 19 20 21 22 23 24 25 26 27 28 29 30 31 32 33 34 35 36 37 38 39 40 41 42 43 45 46 47 49 50 54 55 56 58 59 53_86.cif 
.6977539063 -7408.0419921875 1 2 3 4 5 6 7 8 9 10 11 12 13 14 15 16 17 18 19 20 21 22 23 24 25 26 27 28 29 30 31 32 33 34 35 36 37 38 39 40 42 43 44 45 46 47 52 53 54 55 56 57 60 53_87.cif 
.7001953126 -7408.0395507812 1 2 3 4 5 6 7 8 9 10 11 12 13 14 15 16 17 18 19 20 21 22 23 24 25 26 27 28 29 30 31 32 33 34 36 37 38 39 40 41 42 43 44 45 46 47 50 53 54 56 57 59 60 53_88.cif 
.7026367188 -7408.0371093750 1 2 3 4 5 6 7 8 9 10 11 12 13 14 15 16 17 18 19 20 21 22 23 24 25 26 27 28 29 30 31 32 33 34 35 36 38 39 40 41 42 43 44 45 46 47 49 50 51 52 53 57 58 53_89.cif 
.7041015626 -7408.0356445312 1 2 3 4 5 6 7 8 9 10 11 12 13 14 15 16 17 18 19 20 21 22 23 24 25 26 27 28 29 30 31 32 33 34 35 36 38 39 40 41 42 43 44 45 46 47 49 51 52 53 54 57 58 53_90.cif 
.7050781250 -7408.0346679688 1 2 3 4 5 6 7 8 9 10 11 12 13 14 15 16 17 18 19 20 21 22 23 24 25 26 27 28 29 30 31 32 33 34 35 36 37 38 39 40 41 42 43 45 46 48 49 50 52 53 56 58 60 53_91.cif 
.7055664063 -7408.0341796875 1 2 3 4 5 6 7 8 9 10 11 12 13 14 15 16 17 18 19 20 21 22 23 24 25 26 27 28 29 30 31 32 33 34 35 36 37 38 39 42 43 44 45 46 47 48 49 50 51 54 55 58 59 53_92.cif 
.7089843750 -7408.0307617188 1 2 3 4 5 6 7 8 9 10 11 12 13 14 15 16 17 18 19 20 21 22 23 24 25 26 27 28 29 30 31 32 33 34 36 37 38 39 40 41 42 43 44 45 46 48 49 51 52 53 55 59 60 53_93.cif 
.7114257813 -7408.0283203125 1 2 3 4 5 6 7 8 9 10 11 12 13 14 15 16 17 18 19 20 21 22 23 24 25 26 27 28 29 30 31 32 33 34 35 36 37 38 39 40 41 42 43 45 46 47 49 51 52 54 55 56 57 53_94.cif 
.7148437500 -7408.0249023438 1 2 3 4 5 6 7 8 9 10 11 12 13 14 15 16 17 18 19 20 21 22 23 24 25 26 27 28 29 30 31 32 33 34 35 36 37 39 40 41 42 43 44 45 47 48 49 51 54 56 58 59 60 53_95.cif 
.7163085938 -7408.0234375000 1 2 3 4 5 6 7 8 9 10 11 12 13 14 15 16 17 18 19 20 21 22 23 24 25 26 27 28 29 30 31 32 33 34 35 36 38 39 40 41 42 43 44 46 47 48 49 50 53 54 56 57 59 53_96.cif 
.7172851563 -7408.0224609375 1 2 3 4 5 6 7 8 9 10 11 12 13 14 15 16 17 18 19 20 21 22 23 24 25 26 27 28 29 30 31 32 33 34 35 36 37 39 40 42 43 44 45 46 47 48 49 51 53 55 57 58 59 53_97.cif 
.7192382813 -7408.0205078125 1 2 3 4 5 6 7 8 9 10 11 12 13 14 15 16 17 18 19 20 21 22 23 24 25 26 27 28 29 30 31 32 33 34 35 36 37 39 40 41 42 43 44 45 46 48 50 51 52 55 56 57 58 53_98.cif 
.7197265626 -7408.0200195312 1 2 3 4 5 6 7 8 9 10 11 12 13 14 15 16 17 18 19 20 21 22 23 24 25 26 27 28 30 31 32 33 34 35 36 37 38 39 40 41 42 43 44 45 46 47 50 51 56 57 58 59 60 53_99.cif 
.7211914063 -7408.0185546875 1 2 3 4 5 6 7 8 9 10 11 12 13 14 15 16 17 18 19 20 21 22 23 24 25 26 27 28 29 30 31 32 33 34 35 36 37 38 40 41 42 44 45 46 47 48 49 51 53 54 56 59 60 53_100.cif 
.7231445313 -7408.0166015625 1 2 3 4 5 6 7 8 9 10 11 12 13 14 15 16 17 18 19 20 21 22 23 24 25 26 27 28 29 30 31 32 33 34 35 36 37 39 40 42 43 44 45 46 47 48 49 51 52 55 57 58 59 53_101.cif 
.7236328126 -7408.0161132812 1 2 3 4 5 6 7 8 9 10 11 12 13 14 15 16 17 18 19 20 21 22 23 24 25 26 27 28 29 30 31 32 33 34 36 38 39 40 41 42 43 44 45 46 47 48 49 50 54 55 57 59 60 53_102.cif 
.7255859376 -7408.0141601562 1 2 3 4 5 6 7 8 9 10 11 12 13 14 15 16 17 18 19 20 21 22 23 24 25 26 27 28 29 30 31 32 33 34 36 37 38 39 40 41 42 43 44 45 46 47 50 53 54 55 56 58 59 53_103.cif 
.7290039063 -7408.0107421875 1 2 3 4 5 6 7 8 9 10 11 12 13 14 15 16 17 18 19 20 21 22 23 24 25 26 28 29 30 31 32 33 34 35 36 37 38 39 40 41 42 44 45 46 47 48 49 53 55 56 57 59 60 53_104.cif 
.7309570313 -7408.0087890625 1 2 3 4 5 6 7 8 9 10 11 12 13 14 15 16 17 18 19 20 21 22 23 24 25 26 27 28 29 30 31 32 33 34 35 36 37 38 39 42 43 44 45 46 47 48 49 50 53 56 57 58 60 53_105.cif 
.7333984376 -7408.0063476562 1 2 3 4 5 6 7 8 9 10 11 12 13 14 15 16 17 18 19 20 21 22 23 24 25 26 27 28 29 30 32 33 34 35 36 37 38 40 41 42 43 44 45 46 47 48 49 50 52 54 55 57 60 53_106.cif 
.7338867188 -7408.0058593750 1 2 3 4 5 6 7 8 9 10 11 12 13 14 15 16 17 18 19 20 21 22 23 24 25 26 27 28 29 30 31 32 33 34 35 36 37 38 39 40 41 43 44 45 46 47 49 50 52 55 57 58 59 53_107.cif 
.7353515626 -7408.0043945312 1 2 3 4 5 6 7 8 9 10 11 12 13 14 15 16 17 18 19 20 21 22 23 24 25 27 28 29 30 31 32 33 34 35 36 37 39 40 41 42 43 44 45 46 47 48 49 54 55 56 57 59 60 53_108.cif 
.7368164063 -7408.0029296875 1 2 3 4 5 6 7 8 9 10 11 12 13 14 15 16 17 18 19 20 21 22 23 24 25 26 27 28 29 30 31 32 33 34 35 36 37 38 39 40 41 42 43 44 47 48 49 50 54 55 57 58 59 53_109.cif 
.7373046876 -7408.0024414062 1 2 3 4 5 6 7 8 9 10 11 12 13 14 15 16 17 18 19 20 21 22 23 24 25 26 27 28 29 30 31 32 33 35 36 37 38 39 40 41 42 43 44 45 46 48 49 51 52 56 57 59 60 53_110.cif 
.7392578126 -7408.0004882812 1 2 3 4 5 6 7 8 9 10 11 12 13 14 15 16 17 18 19 20 21 22 23 24 25 26 27 28 29 30 31 32 33 34 35 37 38 39 40 41 42 43 45 46 47 48 49 52 53 55 56 57 60 53_111.cif 
.7412109376 -7407.9985351562 1 2 3 4 5 6 7 8 9 10 11 12 13 14 15 16 17 18 19 20 21 22 23 24 25 26 27 28 29 30 31 32 33 34 35 36 37 38 39 40 41 42 43 44 47 48 49 51 54 56 58 59 60 53_112.cif 
.7431640626 -7407.9965820312 1 2 3 4 5 6 7 8 9 10 11 12 13 14 15 16 17 18 19 20 21 22 23 24 25 26 27 28 29 30 31 32 33 34 36 37 38 39 40 41 42 43 44 46 47 48 49 50 52 53 56 58 60 53_113.cif 
.7436523438 -7407.9960937500 1 2 3 4 5 6 7 8 9 10 11 12 13 14 15 16 17 18 19 20 21 22 23 24 25 26 28 29 30 31 32 33 34 35 36 37 38 39 40 42 43 44 45 46 47 48 49 50 53 54 57 59 60 53_114.cif 
.7451171876 -7407.9946289062 1 2 3 4 5 6 7 8 9 10 11 12 13 14 15 16 17 18 19 20 21 22 23 24 26 27 28 29 30 31 32 33 34 35 36 37 38 39 40 41 42 43 44 46 47 48 49 50 51 52 53 54 60 53_115.cif 
.7470703126 -7407.9926757812 1 2 3 4 5 6 7 8 9 10 11 12 13 14 15 16 17 18 19 20 21 22 23 24 25 26 27 28 30 31 32 33 34 35 36 37 38 39 40 41 42 44 45 46 47 48 49 50 52 53 54 55 60 53_116.cif 
.7485351563 -7407.9912109375 1 2 3 4 5 6 7 8 9 10 11 12 13 14 15 16 17 18 19 20 21 22 23 24 25 26 27 28 29 30 31 32 33 34 35 36 38 39 40 41 43 44 45 46 47 48 49 50 52 53 54 55 59 53_117.cif 
.7504882813 -7407.9892578125 1 2 3 4 5 6 7 8 9 10 11 12 13 14 15 16 17 18 19 20 21 22 23 24 25 26 27 28 29 30 31 32 33 34 35 36 37 38 39 40 41 43 44 45 46 47 50 51 52 53 55 58 60 53_118.cif 
.7519531250 -7407.9877929688 1 2 3 4 5 6 7 8 9 10 11 12 13 14 15 16 17 18 19 20 21 22 23 24 25 27 28 29 30 31 32 33 34 35 36 37 38 39 40 42 43 44 45 46 47 48 49 51 53 55 57 58 59 53_119.cif 
.7534179688 -7407.9863281250 1 2 3 4 5 6 7 8 9 10 11 12 13 14 15 16 17 18 19 20 21 22 23 24 25 26 27 28 29 31 32 33 34 36 37 38 39 40 41 42 43 44 45 46 47 48 49 50 52 53 56 57 60 53_120.cif 
.7539062500 -7407.9858398438 1 2 3 4 5 6 7 8 9 10 11 12 13 14 15 16 17 18 19 20 21 22 23 24 25 27 28 29 30 31 32 33 34 35 36 37 38 39 40 42 43 44 45 46 47 48 49 50 53 55 56 58 59 53_121.cif 
.7548828126 -7407.9848632812 1 2 3 4 5 6 7 8 9 10 11 12 13 14 15 16 17 18 19 20 21 22 23 24 25 26 27 28 29 30 32 33 34 35 36 37 38 39 40 41 42 43 45 46 47 48 49 53 54 55 56 57 59 53_122.cif 
.7578125000 -7407.9819335938 1 2 3 4 5 6 7 8 9 10 11 12 13 14 15 16 17 18 19 20 21 22 23 24 26 27 28 29 30 31 32 33 34 35 36 37 38 40 41 42 43 44 45 46 47 48 49 51 52 53 56 57 60 53_123.cif 
.7587890626 -7407.9809570312 1 2 3 4 5 6 7 8 9 10 11 12 13 14 15 16 17 18 19 20 21 22 23 24 25 26 27 28 29 30 32 33 34 35 36 37 38 39 40 41 42 43 44 46 47 48 50 51 53 54 56 59 60 53_124.cif 
.7592773438 -7407.9804687500 1 2 3 4 5 6 7 8 9 10 11 12 13 14 15 16 17 18 19 20 21 22 23 24 25 27 28 29 30 31 32 33 34 35 36 37 38 39 40 41 42 43 44 45 47 48 49 50 51 53 54 56 59 53_125.cif 
.7597656250 -7407.9799804688 1 2 3 4 5 6 7 8 9 10 11 12 13 14 15 16 17 18 19 20 21 22 23 24 25 26 27 28 29 30 31 32 33 34 35 36 37 38 39 40 41 42 44 45 47 48 49 50 51 54 55 56 60 53_126.cif 
.7622070313 -7407.9775390625 1 2 3 4 5 6 7 8 9 10 11 12 13 14 15 16 17 18 19 20 21 22 23 24 25 26 27 28 29 30 31 32 33 34 35 37 38 39 40 41 42 43 44 45 46 48 50 53 54 55 58 59 60 53_127.cif 
.7636718750 -7407.9760742188 1 2 3 4 5 6 7 8 9 10 11 12 13 14 15 16 17 18 19 20 21 22 23 24 25 27 28 29 30 31 32 33 34 35 37 38 39 40 41 42 43 44 45 46 47 48 49 53 54 55 56 57 60 53_128.cif 
.7685546876 -7407.9711914062 1 2 3 4 5 6 7 8 9 10 11 12 13 14 15 16 17 18 19 20 21 22 23 24 25 26 27 28 29 30 32 33 34 35 36 37 38 39 40 41 42 43 44 45 46 48 50 51 52 55 56 58 60 53_129.cif 
.7690429688 -7407.9707031250 1 2 3 4 5 6 7 8 9 10 11 12 13 14 15 16 17 18 19 20 21 22 23 24 25 26 28 29 30 31 32 33 34 35 36 37 38 39 41 42 43 44 45 46 47 48 49 51 52 54 56 58 59 53_130.cif 
.7700195313 -7407.9697265625 1 2 3 4 5 6 7 8 9 10 11 12 13 14 15 16 17 18 19 20 21 22 23 24 25 26 27 28 29 30 32 33 34 35 36 37 38 39 40 41 42 43 44 45 46 48 50 52 55 56 58 59 60 53_131.cif 
.7714843750 -7407.9682617188 1 2 3 4 5 6 7 8 9 10 11 12 13 14 15 16 17 18 19 20 21 22 23 24 25 26 27 28 29 30 31 32 33 34 37 38 39 40 41 42 43 44 45 46 47 48 50 53 54 56 57 59 60 53_132.cif 
.7729492188 -7407.9667968750 1 2 3 4 5 6 7 8 9 10 11 12 13 14 15 16 17 18 19 20 21 22 23 24 26 27 29 30 31 32 33 34 35 36 37 38 39 40 41 42 43 44 45 46 47 48 49 50 51 52 53 54 60 53_133.cif 
.7744140626 -7407.9653320312 1 2 3 4 5 6 7 8 9 10 11 12 13 14 15 16 17 18 19 20 21 22 23 24 25 26 27 28 29 30 31 32 33 34 36 37 38 40 41 42 43 44 45 46 47 48 49 50 52 53 54 58 59 53_134.cif 
.7758789063 -7407.9638671875 1 2 3 4 5 6 7 8 9 10 11 12 13 14 15 16 17 18 19 20 21 22 23 24 25 26 27 29 30 31 32 34 35 36 37 38 39 40 41 42 43 44 45 46 47 48 49 50 51 55 57 58 60 53_135.cif 
.7763671876 -7407.9633789062 1 2 3 4 5 6 7 8 9 10 11 12 13 14 15 16 17 18 19 20 21 22 23 24 25 27 28 29 30 31 32 33 34 35 36 37 38 39 40 41 42 43 44 45 47 48 49 50 51 52 53 56 59 53_136.cif 
.7827148438 -7407.9570312500 1 2 3 4 5 6 7 8 9 10 11 12 13 14 15 16 17 18 19 20 21 22 23 24 25 26 27 29 30 31 32 33 34 35 36 37 38 39 40 41 43 44 45 46 47 48 49 50 55 56 57 58 59 53_137.cif 
.7836914063 -7407.9560546875 1 2 3 4 5 6 7 8 9 10 11 12 13 14 15 16 17 18 19 20 21 22 23 24 26 27 28 29 30 31 32 33 34 35 36 37 39 40 41 42 43 44 45 46 47 48 50 51 52 55 57 58 60 53_138.cif 
.7841796876 -7407.9555664062 1 2 3 4 5 6 7 8 9 10 11 12 13 14 15 16 17 18 19 20 21 22 23 24 25 26 27 28 29 30 31 32 33 34 35 36 37 38 39 40 41 42 43 46 47 48 51 53 56 57 58 59 60 53_139.cif 
.7856445313 -7407.9541015625 1 2 3 4 5 6 7 8 9 10 11 12 13 14 15 16 17 18 19 20 21 22 23 24 25 26 27 28 29 30 31 32 34 35 36 38 39 40 41 42 43 44 45 46 47 48 49 50 51 53 56 57 58 53_140.cif 
.7871093750 -7407.9526367188 1 2 3 4 5 6 7 8 9 10 11 12 13 14 15 16 17 18 19 20 21 22 23 24 25 26 27 28 29 30 31 32 33 34 36 37 38 39 40 41 43 44 45 46 47 48 50 51 55 57 58 59 60 53_141.cif 
.7880859376 -7407.9516601562 1 2 3 4 5 6 7 8 9 10 11 12 13 14 15 16 17 18 19 20 21 22 23 24 25 26 27 28 29 30 31 32 33 34 35 36 37 38 39 40 41 43 44 45 46 48 50 51 52 55 56 57 58 53_142.cif 
.7885742188 -7407.9511718750 1 2 3 4 5 6 7 8 9 10 11 12 13 14 15 16 17 18 19 20 21 22 23 24 25 27 28 29 30 31 32 33 34 35 36 37 38 39 40 41 42 43 44 45 46 48 50 51 52 53 55 57 58 53_143.cif 
.7890625000 -7407.9506835938 1 2 3 4 5 6 7 8 9 10 11 12 13 14 15 16 17 18 19 20 21 22 23 24 25 26 28 29 30 31 32 33 34 35 36 38 39 40 41 42 43 44 45 46 47 48 50 52 53 55 56 58 60 53_144.cif 
.7915039063 -7407.9482421875 1 2 3 4 5 6 7 8 9 10 11 12 13 14 15 16 17 18 19 20 21 22 23 24 25 26 27 28 29 30 31 32 33 34 35 36 37 38 39 40 41 42 44 45 47 48 51 52 53 56 57 59 60 53_145.cif 
.7924804688 -7407.9472656250 1 2 3 4 5 6 7 8 9 10 11 12 13 14 15 16 17 18 19 20 21 22 23 24 25 26 28 29 30 32 33 34 35 36 37 38 39 40 41 42 43 44 45 46 47 48 51 54 55 56 58 59 60 53_146.cif 
.7939453126 -7407.9458007812 1 2 3 4 5 6 7 8 9 10 11 12 13 14 15 16 17 18 19 20 21 22 23 24 25 26 28 29 30 31 32 33 34 36 37 38 39 40 41 42 43 44 45 46 47 48 49 52 53 55 56 57 58 53_147.cif 
.7949218750 -7407.9448242188 1 2 3 4 5 6 7 8 9 10 11 12 13 14 15 16 17 18 19 20 21 22 23 24 25 26 28 29 30 31 32 33 34 35 36 37 38 40 41 42 43 44 45 46 47 48 49 50 53 54 55 58 60 53_148.cif 
.7958984376 -7407.9438476562 1 2 3 4 5 6 7 8 9 10 11 12 13 14 15 16 17 18 19 20 21 22 23 24 25 26 27 28 29 30 31 32 33 34 35 36 37 38 40 41 42 43 45 46 47 48 51 52 54 55 57 59 60 53_149.cif 
.7963867188 -7407.9433593750 1 2 3 4 5 6 7 8 9 10 11 12 13 14 15 16 17 18 19 20 21 22 23 24 25 26 27 28 29 30 31 32 33 34 35 37 38 39 40 41 42 43 44 45 47 48 49 50 51 53 56 57 58 53_150.cif 
.8017578126 -7407.9379882812 1 2 3 4 5 6 7 8 9 10 11 12 13 14 15 16 17 18 19 20 21 22 23 24 25 28 29 30 31 32 33 34 35 36 37 38 39 40 41 42 43 44 45 46 47 48 51 52 55 57 58 59 60 53_151.cif 
.8022460938 -7407.9375000000 1 2 3 4 5 6 7 8 9 10 11 12 13 14 15 16 17 18 19 20 21 22 23 24 26 27 28 29 30 31 32 34 35 36 37 38 39 40 41 42 43 44 45 46 47 48 49 50 52 56 57 58 59 53_152.cif 
.8027343750 -7407.9370117188 1 2 3 4 5 6 7 8 9 10 11 12 13 14 15 16 17 18 19 20 21 22 23 24 25 26 27 28 31 32 33 34 35 36 37 38 39 40 41 42 43 44 45 46 47 48 49 50 53 54 55 56 58 53_153.cif 
.8041992188 -7407.9355468750 1 2 3 4 5 6 7 8 9 10 11 12 13 14 15 16 17 18 19 20 21 22 23 24 25 26 27 28 29 30 32 33 34 35 37 38 39 40 41 42 43 44 45 46 47 48 50 51 53 54 55 58 59 53_154.cif 
.8056640626 -7407.9340820312 1 2 3 4 5 6 7 8 9 10 11 12 13 14 15 16 17 18 19 20 21 22 23 24 25 28 29 30 31 32 33 34 35 36 37 38 39 40 41 42 43 44 45 46 47 48 50 51 55 57 58 59 60 53_155.cif 
.8066406250 -7407.9331054688 1 2 3 4 5 6 7 8 9 10 11 12 13 14 15 16 17 18 19 20 21 22 23 24 25 26 28 29 30 31 32 33 34 35 36 37 38 39 40 41 43 44 45 46 47 48 52 53 54 55 56 57 59 53_156.cif 
.8110351563 -7407.9287109375 1 2 3 4 5 6 7 8 9 10 11 12 13 14 15 16 17 18 19 20 21 22 23 24 25 26 28 29 30 31 32 33 35 36 37 38 39 40 41 42 43 44 45 46 47 48 49 51 52 54 56 57 60 53_157.cif 
.8120117188 -7407.9277343750 1 2 3 4 5 6 7 8 9 10 11 12 13 14 15 16 17 18 19 20 21 22 23 24 25 26 27 28 29 31 32 34 35 36 37 38 39 40 41 42 43 44 45 46 47 48 49 50 51 52 53 56 57 53_158.cif 
.8129882813 -7407.9267578125 1 2 3 4 5 6 7 8 9 10 11 12 13 14 15 16 17 18 19 20 21 22 23 24 25 26 28 29 30 31 32 33 34 35 36 37 38 39 40 41 42 43 44 45 46 48 50 52 53 55 57 59 60 53_159.cif 
.8144531250 -7407.9252929688 1 2 3 4 5 6 7 8 9 10 11 12 13 14 15 16 17 18 19 20 21 22 23 24 25 26 27 28 29 30 31 32 33 35 36 37 38 39 40 41 42 43 45 46 47 48 49 53 54 55 56 59 60 53_160.cif 
.8173828126 -7407.9223632812 1 2 3 4 5 6 7 8 9 10 11 12 13 14 15 16 17 18 19 20 21 22 23 24 25 26 27 29 30 32 33 34 35 36 37 38 39 40 41 42 43 44 45 46 47 48 50 52 53 54 56 57 60 53_161.cif 
.8256835938 -7407.9140625000 1 2 3 4 5 6 7 8 9 10 11 12 13 14 15 16 17 18 19 20 21 22 23 24 25 26 27 29 30 31 32 34 35 36 37 38 39 40 41 42 43 44 45 46 47 48 50 51 53 54 56 58 60 53_162.cif 
.8276367188 -7407.9121093750 1 2 3 4 5 6 7 8 9 10 11 12 13 14 15 16 17 18 19 20 21 22 23 24 26 27 28 29 30 31 32 33 34 35 36 38 39 40 41 42 43 44 45 46 47 48 51 53 54 55 57 58 59 53_163.cif 
.8300781250 -7407.9096679688 1 2 3 4 5 6 7 8 9 10 11 12 13 14 15 16 17 18 19 20 21 22 23 24 25 27 28 29 30 31 32 33 34 35 36 37 38 40 41 42 43 44 45 46 47 48 50 51 52 53 55 57 58 53_164.cif 
.8339843750 -7407.9057617188 1 2 3 4 5 6 7 8 9 10 11 12 13 14 15 16 17 18 19 20 21 22 23 24 25 26 27 28 29 31 32 33 34 35 36 37 38 40 41 42 43 44 45 46 47 48 52 53 54 56 58 59 60 53_165.cif 
.8374023438 -7407.9023437500 1 2 3 4 5 6 7 8 9 10 11 12 13 14 15 16 17 18 19 20 21 22 23 24 26 27 28 29 30 31 32 33 35 36 37 38 39 40 41 42 43 44 45 46 47 48 49 50 52 55 56 57 60 53_166.cif 
.8388671876 -7407.9008789062 1 2 3 4 5 6 7 8 9 10 11 12 13 14 15 16 17 18 19 20 21 22 23 24 25 26 27 28 29 30 31 32 34 35 36 37 38 39 40 41 42 43 44 45 47 48 51 54 56 57 58 59 60 53_167.cif 
.8422851563 -7407.8974609375 1 2 3 4 5 6 7 8 9 10 11 12 13 14 15 16 17 18 19 20 21 22 23 24 25 26 28 29 30 32 33 34 35 36 37 38 39 40 41 42 43 44 45 46 47 48 50 52 53 56 57 58 59 53_168.cif 
.8559570313 -7407.8837890625 1 2 3 4 5 6 7 8 9 10 11 12 13 14 15 16 17 18 19 20 21 22 23 24 25 26 29 30 31 32 33 34 35 36 37 38 39 40 41 42 43 44 45 46 47 48 50 52 53 54 55 59 60 53_169.cif 
.8569335938 -7407.8828125000 1 2 3 4 5 6 7 8 9 10 11 12 13 14 15 16 17 18 19 20 21 22 23 24 25 26 27 28 29 30 31 34 35 36 37 38 39 40 41 42 43 44 45 46 47 48 50 51 53 54 57 58 59 53_170.cif 
.8935546876 -7407.8461914062 1 2 3 4 5 6 7 8 9 10 11 12 13 14 15 16 17 18 19 20 22 23 24 25 26 27 28 29 30 31 32 33 34 35 36 37 38 39 40 41 42 43 44 45 46 47 49 55 56 57 58 59 60 53_171.cif 
.8979492188 -7407.8417968750 1 3 4 5 6 7 8 9 10 11 12 13 14 15 16 17 18 19 20 21 22 23 24 25 26 27 28 29 30 31 32 33 34 35 36 37 38 39 40 41 42 43 44 45 46 47 49 50 51 55 58 59 60 53_172.cif 
.9028320313 -7407.8369140625 1 2 3 4 5 6 7 8 9 10 11 12 14 15 16 17 18 19 20 21 22 23 24 25 26 27 28 29 30 31 32 33 34 35 36 37 38 39 40 41 42 43 44 45 46 47 53 54 55 56 57 58 59 53_173.cif 
.9179687500 -7407.8217773438 1 2 3 4 5 6 7 8 9 10 11 12 13 14 15 16 18 19 20 21 22 23 24 25 26 27 28 29 30 31 32 33 34 35 36 37 38 39 40 41 42 43 44 45 46 47 49 50 51 54 55 56 59 53_174.cif 
.9208984376 -7407.8188476562 1 2 3 5 6 7 8 9 10 11 12 13 14 15 16 17 18 19 20 21 22 23 24 25 26 27 28 29 30 31 32 33 34 35 36 37 38 39 40 41 42 43 44 45 46 47 49 51 54 55 58 59 60 53_175.cif 
.9243164063 -7407.8154296875 1 2 3 4 6 7 8 9 10 11 12 13 14 15 16 17 18 19 20 21 22 23 24 25 26 27 28 29 30 31 32 33 34 35 36 37 38 39 40 41 42 43 44 45 46 47 49 50 51 52 53 55 60 53_176.cif 
.9282226563 -7407.8115234375 1 2 3 4 5 6 7 8 9 10 11 12 13 14 15 16 17 18 19 20 21 22 23 25 26 27 28 29 30 31 32 33 34 35 36 37 38 39 41 42 43 44 45 46 47 48 49 50 51 53 54 56 58 53_177.cif 
.9287109376 -7407.8110351562 1 2 3 5 6 7 8 9 10 11 12 13 14 15 16 17 18 19 20 21 22 23 24 25 26 27 28 29 30 31 32 33 34 35 36 37 38 39 40 41 42 43 44 45 46 47 49 53 54 55 56 57 60 53_178.cif 
.9335937500 -7407.8061523438 1 2 3 4 5 6 7 8 9 10 11 12 14 15 16 17 18 19 20 21 22 23 24 25 26 27 28 29 30 31 32 33 34 35 36 38 39 40 41 42 43 44 45 46 47 48 49 50 55 56 58 59 60 53_179.cif 
.9360351563 -7407.8037109375 1 2 3 4 5 6 7 8 9 10 11 12 13 14 16 17 18 19 20 21 22 23 24 25 26 27 28 29 30 31 32 33 34 35 36 38 39 40 41 42 43 44 45 46 47 48 49 50 51 53 54 58 59 53_180.cif 
.9365234376 -7407.8032226562 1 2 3 4 5 6 7 8 9 10 11 12 14 15 16 17 18 19 20 21 22 23 24 25 26 27 28 29 30 31 32 33 34 35 36 37 38 39 41 42 43 44 45 46 47 48 49 52 53 54 55 58 59 53_181.cif 
.9370117188 -7407.8027343750 1 2 3 4 6 7 8 9 10 11 12 13 14 15 16 17 18 19 20 21 22 23 24 25 26 27 28 29 30 31 32 33 34 35 36 37 38 39 40 41 42 43 44 45 46 48 49 52 54 55 56 59 60 53_182.cif 
.9379882813 -7407.8017578125 1 2 3 4 5 6 7 8 9 10 11 12 13 14 15 16 17 18 19 20 21 22 24 25 26 27 28 29 30 31 32 33 34 35 36 37 38 39 40 41 42 43 45 46 47 48 49 50 52 53 56 57 60 53_183.cif 
.9384765626 -7407.8012695312 1 2 3 4 5 6 7 8 9 10 11 12 13 14 15 16 17 18 19 20 21 22 23 25 26 27 28 29 30 31 32 33 34 35 36 37 38 39 40 41 42 43 44 45 46 48 49 50 51 54 55 56 57 53_184.cif 
.9467773438 -7407.7929687500 1 2 3 4 5 6 7 9 10 11 12 13 14 15 16 17 18 19 20 21 22 23 24 25 26 27 28 29 30 31 32 33 34 35 36 37 38 39 40 41 42 43 44 46 47 48 49 50 53 54 56 57 59 53_185.cif 
.9472656250 -7407.7924804688 1 2 3 4 5 6 7 9 10 11 12 13 14 15 16 17 18 19 20 21 22 23 24 25 26 27 28 29 30 31 32 33 34 35 36 37 38 39 40 41 42 43 44 45 46 47 51 54 56 57 58 59 60 53_186.cif 
.9482421876 -7407.7915039062 1 2 3 4 5 6 7 8 9 10 11 12 13 14 15 16 17 18 19 20 21 22 24 26 27 28 29 30 31 32 33 34 35 36 37 38 39 40 41 42 43 44 45 46 47 48 49 50 51 57 58 59 60 53_187.cif 
.9487304688 -7407.7910156250 1 2 3 4 5 6 7 8 9 10 11 12 14 15 16 17 18 19 20 21 22 23 24 25 26 27 28 29 30 31 32 33 34 35 36 37 38 39 40 41 42 43 44 45 46 48 50 51 55 56 57 59 60 53_188.cif 
.9506835938 -7407.7890625000 1 2 3 4 5 6 7 8 9 10 11 12 13 14 15 16 17 18 19 20 22 23 24 25 26 27 28 29 30 31 32 33 34 35 36 37 38 40 41 42 43 44 45 46 47 48 49 51 54 55 56 58 60 53_189.cif 
.9604492188 -7407.7792968750 1 2 3 4 5 6 7 8 9 10 11 12 13 14 15 16 17 18 19 20 21 23 24 25 26 27 28 29 30 31 32 33 34 35 36 37 38 40 41 42 43 44 45 46 47 48 49 51 53 54 55 56 57 53_190.cif 
.9609375000 -7407.7788085938 1 2 3 4 6 7 8 9 10 11 12 13 14 15 16 17 18 19 20 21 22 23 24 25 26 27 28 29 30 31 32 33 34 35 36 37 38 39 40 41 42 43 44 45 46 47 50 51 54 55 56 58 60 53_191.cif 
.9648437500 -7407.7749023438 1 2 3 4 5 6 7 8 9 10 11 12 13 14 15 16 17 18 20 21 22 23 24 25 26 27 28 29 30 31 32 33 34 35 36 37 38 39 40 41 42 43 45 46 47 48 49 50 52 53 54 55 59 53_192.cif 
.9653320313 -7407.7744140625 1 2 3 4 5 6 8 9 10 11 12 13 14 15 16 17 18 19 20 21 22 23 24 25 26 27 28 29 30 31 32 33 34 35 36 37 38 39 40 41 42 43 44 45 46 47 49 50 52 53 54 55 59 53_193.cif 
.9692382813 -7407.7705078125 1 2 3 4 5 6 7 8 9 10 11 12 13 14 15 17 18 19 20 21 22 23 24 25 26 27 28 29 30 31 32 34 35 36 37 38 39 40 41 42 43 44 45 46 47 48 49 52 53 54 55 57 58 53_194.cif 
.9731445313 -7407.7666015625 1 2 3 4 5 6 7 8 9 10 11 12 13 14 15 16 17 19 20 21 22 23 24 25 26 27 28 30 31 32 33 34 35 36 37 38 39 40 41 42 43 44 45 46 47 48 49 50 56 57 58 59 60 53_195.cif 
.9741210938 -7407.7656250000 1 2 3 4 5 6 7 8 9 10 11 12 13 14 15 16 17 18 19 20 21 22 24 25 26 27 28 29 30 31 33 34 35 36 37 38 39 40 41 42 43 44 45 46 47 48 49 50 52 53 54 56 58 53_196.cif 
.9746093750 -7407.7651367188 1 2 3 4 5 6 7 8 9 10 11 12 13 14 16 17 18 19 20 21 22 23 24 25 26 27 28 29 30 31 32 33 34 35 36 37 38 39 40 41 42 43 44 46 47 48 52 55 56 57 58 59 60 53_197.cif 
.9770507813 -7407.7626953125 1 2 3 4 5 6 7 8 9 10 11 12 13 14 15 17 18 19 20 21 22 23 24 25 26 27 28 29 30 31 33 34 35 36 37 38 39 40 41 42 43 44 45 46 47 48 49 52 53 54 55 56 57 53_198.cif 
.9799804688 -7407.7597656250 1 2 3 4 5 6 7 8 9 10 11 12 13 14 15 16 17 18 19 20 21 22 24 25 26 27 28 29 30 31 32 33 34 35 36 37 38 39 40 41 42 44 45 46 47 48 50 51 53 56 57 58 59 53_199.cif 
.9809570313 -7407.7587890625 1 2 3 4 5 6 7 8 9 10 11 12 13 14 15 16 17 18 19 20 21 22 24 25 26 27 28 29 31 32 33 34 35 36 37 38 39 40 41 42 43 44 45 46 47 48 49 50 52 54 55 56 57 53_200.cif 
.9824218750 -7407.7573242188 1 2 4 5 6 7 8 9 10 11 12 13 14 15 16 17 18 19 20 21 22 23 24 25 26 27 28 29 30 32 33 34 35 36 37 38 39 40 41 42 43 44 45 46 47 48 49 52 54 56 57 58 60 53_201.cif 
.9833984376 -7407.7563476562 1 2 3 4 5 6 7 8 9 10 11 12 13 14 15 16 17 18 19 21 22 23 24 25 26 27 28 29 30 31 32 33 34 35 37 38 39 40 41 42 43 44 45 46 47 48 49 53 54 56 57 58 60 53_202.cif 
.9838867188 -7407.7558593750 1 2 3 4 5 6 7 8 9 10 11 12 14 15 16 17 18 19 20 21 22 23 24 25 26 28 29 30 31 32 33 34 35 36 37 38 39 40 41 42 43 44 45 46 47 48 50 52 53 56 57 59 60 53_203.cif 
.9863281250 -7407.7534179688 1 2 3 4 5 6 7 8 9 10 11 12 13 14 16 17 18 19 20 21 22 23 24 25 26 27 28 29 30 31 32 33 34 35 36 37 38 39 40 41 42 43 45 46 47 48 52 55 56 57 58 59 60 53_204.cif 
.9868164063 -7407.7529296875 1 2 3 4 5 6 7 8 9 11 12 13 14 15 16 17 18 19 20 21 22 23 24 25 26 27 28 29 30 31 32 33 34 35 37 38 39 40 41 42 43 44 45 46 47 48 49 52 53 54 55 56 57 53_205.cif 
.9946289063 -7407.7451171875 1 2 3 4 5 6 7 8 9 10 11 12 13 14 15 17 18 19 20 21 22 23 24 25 26 27 28 29 30 31 32 33 34 35 36 37 38 40 41 42 43 44 45 46 47 48 51 52 53 54 56 58 60 53_206.cif 
.9970703126 -7407.7426757812 1 2 3 4 5 6 7 8 9 10 11 12 13 14 15 16 17 18 20 21 22 23 24 25 26 27 28 29 30 31 33 34 35 36 37 38 39 40 41 42 43 44 45 46 47 48 49 50 53 55 57 58 59 53_207.cif 
.9980468750 -7407.7416992188 1 2 3 4 5 6 8 9 10 11 12 13 14 15 16 17 18 19 20 21 22 23 24 25 26 27 28 29 30 31 32 34 35 36 37 38 39 40 41 42 43 44 45 46 47 48 49 52 53 54 55 58 60 53_208.cif 
1.0000000000 -7407.7397460938 1 2 3 4 5 6 7 8 9 10 11 12 13 14 15 16 18 19 20 21 22 23 24 25 26 27 28 29 30 31 32 33 34 35 36 37 38 39 40 41 42 44 45 46 47 48 50 51 53 56 57 58 59 53_209.cif 
1.0004882813 -7407.7392578125 1 2 3 5 6 7 8 9 10 11 12 13 14 15 16 17 18 19 20 21 22 23 24 25 26 27 28 29 31 32 33 34 35 36 37 38 39 40 41 42 43 44 45 46 47 48 49 52 53 54 55 57 60 53_210.cif 
1.0034179688 -7407.7363281250 1 2 3 4 5 6 7 8 9 10 11 12 13 14 15 16 17 18 19 20 21 22 24 26 27 28 29 30 31 32 33 34 35 36 37 38 39 40 41 42 43 44 45 46 47 48 50 51 53 55 58 59 60 53_211.cif 
1.0073242188 -7407.7324218750 1 2 3 4 5 6 7 8 9 10 11 12 13 14 15 17 18 19 20 21 22 23 24 25 27 28 29 30 31 32 33 34 35 36 37 38 39 40 41 42 43 44 45 46 47 48 50 51 52 53 54 59 60 53_212.cif 
1.0092773438 -7407.7304687500 1 2 3 4 5 6 7 8 9 10 11 13 14 15 16 17 18 19 20 21 22 23 24 25 26 27 29 30 31 32 33 34 35 36 37 38 39 40 41 42 43 44 45 46 47 48 49 52 54 55 56 57 58 53_213.cif 
1.0175781250 -7407.7221679688 1 2 3 4 5 6 7 8 9 10 11 12 13 14 15 16 17 18 19 20 21 22 23 24 25 26 27 28 29 30 31 32 33 34 35 36 37 38 39 40 42 44 45 46 47 49 50 52 53 54 56 58 60 53_214.cif 
1.0244140626 -7407.7153320312 1 2 3 4 5 6 7 8 9 11 12 13 14 15 16 17 18 19 20 21 22 23 24 25 26 27 28 29 30 31 32 33 34 35 36 37 38 39 40 41 43 44 45 46 47 48 51 53 54 55 58 59 60 53_215.cif 
1.0302734376 -7407.7094726562 1 2 3 4 5 6 7 8 9 10 11 12 13 14 15 16 17 18 19 20 21 22 23 24 25 26 27 28 29 30 31 32 33 34 35 36 38 39 40 41 42 44 45 46 47 49 52 53 54 55 56 57 59 53_216.cif 
1.0312500000 -7407.7084960938 1 2 3 4 5 6 7 8 9 10 11 12 13 14 15 16 17 18 20 21 22 23 24 25 26 27 28 29 30 31 32 33 34 35 36 37 38 39 40 41 42 44 45 46 47 48 50 51 53 54 56 57 58 53_217.cif 
1.0322265626 -7407.7075195312 1 2 4 5 6 7 8 9 10 11 12 13 14 15 16 17 18 19 20 21 22 23 24 25 26 27 28 29 31 32 33 34 35 36 37 38 39 40 41 42 43 44 45 46 47 48 54 55 56 57 58 59 60 53_218.cif 
1.0371093750 -7407.7026367188 1 2 3 4 5 6 7 8 9 10 11 12 13 14 15 16 17 18 19 20 21 22 23 24 25 26 27 28 29 30 32 33 34 35 36 38 39 40 41 42 43 44 45 46 47 49 52 54 55 57 58 59 60 53_219.cif 
1.0395507813 -7407.7001953125 2 3 4 5 6 7 8 9 10 11 12 13 14 15 16 17 18 19 20 21 22 23 24 25 26 27 28 29 30 31 32 34 35 36 37 38 39 40 41 42 43 44 45 46 47 48 49 51 52 53 56 57 60 53_220.cif 
1.0400390626 -7407.6997070312 1 2 3 4 5 6 8 9 10 11 12 13 14 15 16 17 18 19 20 21 22 23 24 25 26 27 28 29 30 31 32 33 34 35 36 37 38 39 40 41 42 44 45 46 47 48 50 51 52 53 56 58 59 53_221.cif 
1.0419921876 -7407.6977539062 1 2 3 4 5 6 7 8 9 10 11 12 13 14 15 16 17 18 19 20 21 22 23 24 25 26 27 28 30 31 32 33 34 35 36 37 39 40 41 42 43 44 45 46 47 49 50 53 55 56 57 58 60 53_222.cif 
1.0424804688 -7407.6972656250 1 2 3 4 5 6 7 8 9 11 12 13 14 15 16 17 18 19 20 21 22 23 24 25 26 27 28 29 30 31 32 33 34 35 36 37 38 39 40 42 43 44 45 46 47 48 49 51 53 54 56 57 58 53_223.cif 
1.0444335938 -7407.6953125000 1 2 3 4 5 6 7 8 9 10 11 12 13 14 15 16 17 18 19 20 21 22 23 24 25 26 27 28 29 30 31 32 33 34 35 36 37 38 39 40 42 43 45 46 47 49 50 51 53 56 57 59 60 53_224.cif 
1.0454101563 -7407.6943359375 1 2 3 4 5 7 8 9 10 11 12 13 14 15 16 17 18 19 20 21 22 23 24 25 26 27 28 29 31 32 33 34 35 36 37 38 39 40 41 42 43 44 45 46 47 48 50 51 52 54 55 56 58 53_225.cif 
1.0458984376 -7407.6938476562 1 2 3 4 5 6 7 8 9 10 11 12 13 14 15 16 17 18 19 20 21 22 23 24 25 27 28 29 30 31 32 33 34 35 36 37 38 39 41 42 43 44 45 46 48 49 51 52 54 55 56 57 60 53_226.cif 
1.0478515626 -7407.6918945312 1 2 4 5 6 7 8 9 10 11 12 13 14 15 16 17 18 19 20 21 22 23 24 25 26 27 28 29 30 31 32 33 34 35 36 37 38 39 40 42 43 44 45 46 47 48 52 53 54 55 56 57 60 53_227.cif 
1.0502929688 -7407.6894531250 1 2 3 4 5 6 7 8 9 10 11 12 13 14 15 16 17 18 19 20 21 22 23 24 25 26 27 28 29 30 32 33 34 35 36 39 40 41 42 43 44 45 46 47 48 49 50 52 53 54 55 56 60 53_228.cif 
1.0507812500 -7407.6889648438 1 2 3 4 5 6 7 8 9 10 11 12 13 14 15 16 17 18 19 20 21 22 23 24 25 26 27 28 29 30 32 33 34 35 36 37 38 39 40 41 42 43 45 46 47 49 50 51 54 55 56 58 59 53_229.cif 
1.0512695313 -7407.6884765625 1 2 3 4 5 6 7 8 9 10 11 12 13 14 15 16 17 18 19 20 21 22 23 24 25 26 27 28 29 30 31 32 33 34 35 36 38 39 40 41 42 43 45 46 47 49 50 51 53 55 56 58 60 53_230.cif 
1.0517578126 -7407.6879882812 1 2 3 4 5 7 8 9 10 11 12 13 14 15 16 17 18 19 20 21 22 23 24 26 27 28 29 30 31 32 33 34 35 36 37 38 39 40 41 42 43 44 45 46 47 48 50 53 54 55 57 58 60 53_231.cif 
1.0532226563 -7407.6865234375 1 2 3 4 5 6 7 8 10 11 12 13 14 15 16 17 18 19 20 21 22 23 24 25 26 27 28 29 30 31 32 33 34 35 37 38 39 40 41 42 43 44 45 46 47 48 50 51 52 54 55 57 58 53_232.cif 
1.0551757813 -7407.6845703125 1 2 3 4 5 6 7 8 10 11 12 13 14 15 16 17 18 19 20 21 22 23 24 25 26 27 28 29 30 31 32 33 34 36 37 38 39 40 41 42 43 44 45 46 47 48 51 52 54 55 56 57 58 53_233.cif 
1.0595703126 -7407.6801757812 1 2 3 4 5 6 7 8 9 10 11 12 13 14 15 16 17 18 19 20 21 22 23 24 25 26 27 28 29 30 31 32 33 34 35 36 38 40 41 42 44 45 46 47 48 49 51 53 55 56 57 59 60 53_234.cif 
1.0625000000 -7407.6772460938 1 2 3 4 5 6 7 8 9 10 11 12 13 14 15 16 17 18 19 20 21 22 23 24 25 26 27 28 29 30 31 32 33 34 35 36 38 39 40 41 43 44 45 46 47 49 51 52 54 55 56 57 60 53_235.cif 
1.0629882813 -7407.6767578125 1 2 3 4 5 6 7 8 9 10 11 12 13 14 15 16 17 18 19 20 21 22 23 24 25 26 27 28 29 30 31 32 33 34 35 36 37 39 41 42 43 45 46 47 48 49 50 51 52 55 56 57 60 53_236.cif 
1.0644531250 -7407.6752929688 1 2 3 4 5 6 7 8 9 10 11 12 13 14 15 16 17 18 19 20 21 22 23 24 25 26 28 29 30 31 32 33 34 35 36 37 39 40 41 42 43 44 45 46 48 49 52 53 54 56 57 59 60 53_237.cif 
1.0654296876 -7407.6743164062 1 2 3 4 5 6 7 8 9 11 12 13 14 15 16 17 18 19 20 21 22 23 24 25 26 27 28 29 30 31 32 34 35 36 37 38 39 40 41 42 43 44 45 46 47 48 49 50 53 54 55 56 58 53_238.cif 
1.0673828126 -7407.6723632812 1 2 3 4 5 6 7 8 9 10 11 12 13 14 15 16 17 18 19 20 21 22 23 24 25 26 27 28 29 30 31 32 34 35 36 37 40 41 42 43 44 45 46 47 48 49 52 55 56 57 58 59 60 53_239.cif 
1.0683593750 -7407.6713867188 1 2 3 4 5 7 8 9 10 11 12 13 14 15 16 17 18 19 20 21 22 23 24 25 26 27 28 29 31 32 33 34 35 36 37 38 39 40 41 42 43 44 45 46 47 48 50 51 52 53 54 56 58 53_240.cif 
1.0722656250 -7407.6674804688 1 2 3 4 5 6 7 8 9 10 11 12 13 14 15 16 17 18 19 20 21 22 23 24 25 26 27 28 29 30 31 32 33 34 35 36 37 39 42 43 44 45 46 47 48 49 50 51 52 55 57 58 59 53_241.cif 
1.0742187500 -7407.6655273438 1 2 3 4 5 6 7 8 9 10 11 12 13 14 15 16 17 18 19 20 21 22 23 24 25 27 28 29 30 31 32 33 34 35 36 37 38 39 41 42 43 44 45 46 48 51 52 53 54 55 56 57 60 53_242.cif 
1.0805664063 -7407.6591796875 1 2 3 4 5 6 7 8 9 10 11 12 13 14 15 16 17 18 19 20 21 22 23 24 25 26 27 28 29 31 32 33 34 35 36 37 38 40 41 42 43 44 45 46 48 49 50 51 52 53 55 59 60 53_243.cif 
1.0815429688 -7407.6582031250 1 2 3 4 5 6 7 8 9 10 11 12 13 14 15 16 17 18 19 20 21 22 23 24 25 26 27 28 29 30 31 32 33 34 35 36 37 38 39 41 42 44 46 47 48 49 50 53 54 56 57 58 59 53_244.cif 
1.0825195313 -7407.6572265625 1 2 3 4 5 6 7 8 9 10 11 12 13 14 15 16 17 18 19 20 21 22 23 24 25 26 28 29 30 31 32 33 34 35 36 37 38 39 40 41 42 43 45 46 47 49 50 51 52 54 55 57 58 53_245.cif 
1.0859375000 -7407.6538085938 1 2 3 4 5 6 7 8 9 10 11 12 13 14 15 16 17 18 19 20 21 22 23 24 25 26 27 28 29 30 31 32 33 34 35 36 37 38 40 41 42 44 46 47 48 49 50 53 54 55 56 58 59 53_246.cif 
1.0869140626 -7407.6528320312 1 2 3 4 5 6 7 8 9 10 11 12 13 14 15 16 17 18 19 20 21 22 23 24 25 27 28 29 30 31 32 33 34 35 36 38 39 40 41 42 43 44 46 47 48 49 50 53 54 55 56 58 59 53_247.cif 
1.0883789063 -7407.6513671875 1 2 3 4 5 6 7 8 9 10 11 12 13 14 15 16 17 18 19 20 21 22 23 24 25 26 27 28 29 30 31 32 33 34 35 36 37 38 39 40 41 42 43 45 47 49 50 51 52 54 55 57 58 53_248.cif 
1.0913085938 -7407.6484375000 1 2 3 4 5 6 7 8 9 10 11 13 14 15 16 17 18 19 20 21 22 23 24 25 26 28 29 30 31 32 33 34 35 36 37 38 39 40 41 42 43 44 45 46 47 48 51 52 54 55 56 57 59 53_249.cif 
1.0917968750 -7407.6479492188 1 2 3 4 5 6 7 8 9 10 11 12 13 14 15 16 17 18 19 20 21 22 23 24 25 27 28 29 30 31 32 33 34 35 36 37 38 39 40 41 42 43 45 46 47 49 50 52 54 55 56 58 59 53_250.cif 
1.0932617188 -7407.6464843750 1 2 3 4 5 6 7 8 9 10 11 12 13 14 15 16 17 18 19 20 21 22 23 24 25 26 27 28 29 30 31 32 34 35 36 37 38 39 42 43 44 45 46 47 48 49 50 51 54 55 58 59 60 53_251.cif 
1.0937500000 -7407.6459960938 1 2 3 4 5 6 7 8 9 10 11 12 13 14 15 16 17 18 19 20 21 22 23 24 25 26 27 28 29 30 31 33 34 35 36 38 39 40 41 42 43 44 45 46 48 49 51 52 53 54 55 57 59 53_252.cif 
1.0952148438 -7407.6445312500 1 2 3 4 5 6 7 8 9 10 11 12 13 14 15 16 17 18 19 20 21 22 23 24 25 26 28 29 30 31 32 33 34 35 36 37 38 39 40 41 42 43 44 45 48 49 52 53 54 55 57 58 60 53_253.cif 
1.0961914063 -7407.6435546875 2 3 4 5 6 7 8 9 10 11 12 13 14 15 16 17 18 19 20 21 22 23 24 25 27 28 29 30 31 32 33 34 35 36 37 38 39 40 41 42 43 44 45 46 47 48 50 51 52 53 55 57 58 53_254.cif 
1.0996093750 -7407.6401367188 1 2 3 4 5 6 7 8 9 10 11 12 13 14 15 16 17 18 19 20 21 22 23 24 25 26 27 28 29 30 31 32 33 34 35 36 37 38 39 40 43 44 45 46 47 50 51 52 53 55 58 59 60 53_255.cif 
1.1015625000 -7407.6381835938 1 2 3 4 5 6 7 8 9 10 11 12 13 14 15 16 17 18 19 20 21 22 23 24 25 26 27 28 29 30 31 32 34 35 36 37 38 39 40 41 42 43 44 45 47 49 50 51 52 53 54 55 58 53_256.cif 
1.1025390626 -7407.6372070312 1 2 3 4 5 6 7 8 9 10 11 12 13 14 15 16 17 18 19 20 21 22 23 24 25 26 27 28 29 31 32 33 34 35 36 37 39 40 41 42 43 44 45 47 48 49 51 53 54 55 56 58 60 53_257.cif 
1.1035156250 -7407.6362304688 1 2 3 4 5 6 7 8 9 10 11 12 13 14 15 16 17 18 19 20 21 22 23 24 25 26 27 29 30 31 32 33 34 35 36 37 39 40 41 42 43 44 45 47 48 49 50 51 52 55 58 59 60 53_258.cif 
1.1040039063 -7407.6357421875 1 2 3 4 5 6 7 8 9 10 11 12 13 14 15 16 17 18 19 20 21 22 23 24 25 26 27 28 29 30 31 32 33 35 36 37 38 40 42 43 44 45 46 47 48 49 50 51 53 54 55 56 60 53_259.cif 
1.1054687500 -7407.6342773438 1 2 3 4 5 6 7 8 9 10 11 12 13 14 15 16 17 18 19 20 21 22 23 24 25 27 28 29 30 31 32 33 34 35 36 37 38 39 40 41 42 44 45 46 47 50 51 52 53 55 57 59 60 53_260.cif 
1.1074218750 -7407.6323242188 1 2 3 4 5 6 7 8 9 10 11 12 13 14 15 16 17 18 19 20 21 22 23 24 26 27 28 29 30 32 33 34 35 36 37 38 39 40 41 42 43 44 45 46 47 51 53 54 55 56 57 58 59 53_261.cif 
1.1088867188 -7407.6308593750 1 2 3 4 5 6 7 8 9 10 11 12 13 14 15 16 17 18 19 20 21 22 23 24 25 26 27 28 29 30 31 32 33 34 36 37 38 39 40 41 43 44 46 47 48 49 51 52 53 54 55 58 60 53_262.cif 
1.1132812500 -7407.6264648438 1 2 3 4 5 6 7 8 9 10 11 12 13 14 15 16 17 18 19 20 21 22 23 24 25 26 27 28 30 32 33 34 35 36 37 38 39 40 41 42 43 44 45 46 47 50 51 52 53 55 56 57 60 53_263.cif 
1.1152343750 -7407.6245117188 1 2 3 4 5 6 7 8 9 10 11 12 13 14 15 16 17 18 19 20 21 22 23 24 25 27 28 29 30 31 32 33 35 36 37 38 39 40 41 42 43 44 46 47 48 49 50 51 53 54 55 56 59 53_264.cif 
1.1162109376 -7407.6235351562 1 2 3 4 5 6 7 8 9 10 11 12 13 14 15 16 17 18 19 20 21 22 23 24 25 26 27 28 30 31 32 33 34 35 36 37 38 39 40 41 42 43 44 45 47 49 50 51 52 53 55 56 57 53_265.cif 
1.1181640626 -7407.6215820312 1 2 3 4 5 6 7 8 9 10 11 12 13 14 15 16 17 18 19 20 21 22 23 24 25 26 27 29 30 31 33 34 35 36 37 39 40 41 42 43 44 45 46 47 48 49 50 52 53 54 55 56 57 53_266.cif 
1.1196289063 -7407.6201171875 1 2 3 4 5 6 7 8 9 10 11 12 13 14 15 16 17 18 19 20 21 22 23 24 25 28 29 30 31 32 33 34 35 36 37 38 39 40 41 42 43 44 45 46 48 49 50 53 54 55 56 57 60 53_267.cif 
1.1215820313 -7407.6181640625 1 2 3 4 5 6 7 8 9 10 11 12 13 14 15 16 17 18 19 20 21 22 23 24 25 26 27 28 29 30 32 33 34 35 36 37 38 39 40 41 42 43 44 47 48 49 50 52 53 54 55 56 59 53_268.cif 
1.1235351563 -7407.6162109375 1 2 3 4 5 6 7 8 9 10 11 12 13 14 15 16 17 18 19 20 21 22 23 24 25 26 27 29 30 31 32 33 34 37 38 39 40 41 42 43 44 45 46 47 48 49 51 52 54 55 58 59 60 53_269.cif 
1.1269531250 -7407.6127929688 1 2 3 4 5 6 7 8 9 10 11 12 13 14 15 16 17 18 19 20 21 22 23 24 25 26 27 28 30 31 32 33 34 35 36 37 38 39 40 41 42 43 45 47 48 49 50 52 53 54 56 57 60 53_270.cif 
1.1274414063 -7407.6123046875 1 2 3 4 5 6 7 8 9 10 11 12 13 14 15 16 17 18 19 20 21 22 23 24 25 26 27 28 29 30 31 32 34 35 37 38 39 40 41 42 43 44 46 47 48 49 50 51 53 56 57 59 60 53_271.cif 
1.1362304688 -7407.6035156250 1 2 3 4 5 6 7 8 9 10 11 12 13 14 15 16 17 18 19 20 21 22 23 24 25 26 27 28 29 30 31 32 33 34 35 37 38 39 40 41 43 44 45 46 47 51 52 53 54 55 58 59 60 53_272.cif 
1.1386718750 -7407.6010742188 1 2 3 4 5 6 7 8 9 10 11 12 13 14 15 16 17 18 19 20 21 22 23 24 25 26 27 28 29 30 32 34 35 36 37 38 39 40 41 42 43 44 46 47 48 49 50 51 53 56 57 59 60 53_273.cif 
1.1391601563 -7407.6005859375 1 2 3 4 5 6 7 8 9 10 11 12 13 14 15 16 17 18 19 20 21 22 23 24 25 26 27 29 30 31 32 33 34 35 36 37 38 39 42 43 44 45 46 47 48 49 50 52 54 56 57 59 60 53_274.cif 
1.1411132813 -7407.5986328125 1 2 3 4 5 6 7 8 9 10 11 12 13 14 15 16 17 18 19 20 21 22 23 24 25 26 27 29 30 31 32 33 34 35 37 38 39 40 41 43 44 45 46 47 48 49 51 52 54 55 56 57 60 53_275.cif 
1.1425781250 -7407.5971679688 1 2 3 4 5 6 7 8 9 10 11 12 13 14 15 16 17 18 19 20 21 22 23 24 26 27 28 29 30 31 32 33 34 35 36 37 38 39 40 42 43 44 46 47 48 49 53 55 56 57 58 59 60 53_276.cif 
1.1430664063 -7407.5966796875 1 2 3 4 5 6 7 8 9 10 11 12 13 14 15 16 17 18 19 20 21 22 23 24 25 26 27 28 29 30 31 32 33 34 35 37 39 40 41 42 43 44 45 46 47 50 53 54 55 57 58 59 60 53_277.cif 
1.1459960938 -7407.5937500000 1 2 3 4 5 6 7 8 9 10 11 12 13 14 15 16 17 18 19 20 21 22 23 24 25 26 27 28 29 31 32 33 34 35 36 37 38 39 40 41 44 45 46 47 48 49 52 53 54 55 58 59 60 53_278.cif 
1.1547851563 -7407.5849609375 1 2 3 4 5 6 7 8 9 10 11 12 13 14 15 16 17 18 19 20 21 22 23 24 25 27 28 29 31 32 34 35 36 37 38 39 40 41 42 43 44 45 46 47 48 49 50 52 53 54 55 57 58 53_279.cif 
1.1562500000 -7407.5834960938 1 2 3 4 5 6 7 8 9 10 11 12 13 14 15 16 17 18 19 20 21 22 23 24 25 26 27 28 29 30 31 32 33 34 35 37 38 39 40 41 44 45 46 47 48 51 52 54 55 56 57 58 59 53_280.cif 
1.1572265626 -7407.5825195312 1 2 3 4 5 6 7 8 9 10 11 12 13 14 15 16 17 18 19 20 21 22 23 24 25 26 27 28 31 32 33 34 35 37 38 39 40 41 42 43 44 45 46 47 48 49 50 52 54 56 58 59 60 53_281.cif 
1.1601562500 -7407.5795898438 1 2 3 4 5 6 7 8 9 10 11 12 13 14 15 16 17 18 19 20 21 22 23 24 25 26 27 28 30 31 32 33 34 35 36 37 38 40 41 42 43 44 45 46 48 50 51 52 54 55 56 58 59 53_282.cif 
1.1621093750 -7407.5776367188 1 2 3 4 5 6 7 8 9 10 11 12 13 14 15 16 17 18 19 20 21 22 23 24 25 26 28 29 30 31 32 33 34 35 36 38 39 40 41 42 43 44 45 47 48 50 52 53 54 56 57 58 60 53_283.cif 
1.1650390626 -7407.5747070312 1 2 4 5 6 7 8 9 10 11 12 13 14 15 16 17 18 19 20 21 22 24 25 26 27 28 29 30 31 32 33 34 35 36 37 38 39 40 41 42 43 44 45 46 47 48 49 50 51 54 56 58 60 53_284.cif 
1.1665039063 -7407.5732421875 1 2 3 4 5 6 7 8 9 10 11 12 13 14 15 16 17 18 19 20 21 22 23 24 25 26 27 28 29 30 31 32 33 35 36 37 38 39 40 41 42 44 45 47 48 49 50 53 54 57 58 59 60 53_285.cif 
1.1669921876 -7407.5727539062 1 2 3 4 5 6 7 8 9 10 11 12 13 14 15 16 17 18 19 20 21 22 23 24 25 26 27 28 29 30 32 33 35 36 38 39 40 41 42 43 44 45 46 47 48 49 52 54 55 57 58 59 60 53_286.cif 
1.1684570313 -7407.5712890625 1 2 3 4 5 6 7 8 9 10 11 12 13 14 15 16 17 18 19 20 21 22 23 24 25 26 27 28 30 31 32 33 34 35 36 37 39 40 41 42 43 45 46 47 48 50 51 52 53 54 55 59 60 53_287.cif 
1.1689453126 -7407.5708007812 1 2 3 4 5 6 7 8 9 10 11 12 13 14 15 16 17 18 19 20 21 22 23 24 25 26 27 28 29 31 32 33 34 35 36 38 40 41 42 43 44 45 46 47 48 49 51 52 55 56 57 58 59 53_288.cif 
1.1704101563 -7407.5693359375 1 2 3 4 5 6 7 8 9 10 11 12 13 14 15 16 17 18 19 20 21 22 23 24 25 26 27 30 31 32 33 35 36 37 38 39 40 41 42 43 44 45 46 47 48 49 50 51 52 54 56 59 60 53_289.cif 
1.1718750000 -7407.5678710938 1 2 3 4 5 6 7 8 9 10 11 12 13 14 15 16 17 18 19 20 21 22 23 24 25 26 27 28 30 31 32 33 35 36 37 38 39 40 41 42 43 44 45 46 48 50 51 52 54 55 56 57 58 53_290.cif 
1.1733398438 -7407.5664062500 1 2 3 4 5 6 7 8 9 10 11 12 13 14 15 16 17 18 19 20 21 22 23 24 25 26 28 30 31 32 33 34 35 36 37 38 40 41 42 43 44 45 46 47 48 49 51 53 55 56 57 59 60 53_291.cif 
1.1743164063 -7407.5654296875 1 2 3 4 5 6 7 8 9 10 11 12 13 14 17 18 19 20 21 22 23 24 25 26 27 28 29 30 31 32 33 34 35 36 37 38 39 40 41 42 43 44 45 46 47 48 49 53 54 57 58 59 60 53_292.cif 
1.1762695313 -7407.5634765625 1 2 3 4 5 6 7 8 9 10 11 12 13 14 15 16 17 18 19 20 21 22 23 24 25 26 27 28 29 30 31 32 33 35 36 37 38 39 41 42 44 45 46 47 48 50 51 52 53 54 56 58 59 53_293.cif 
1.1772460938 -7407.5625000000 1 2 3 4 5 6 7 8 9 10 11 12 13 14 15 16 18 19 20 21 23 24 25 26 27 28 29 30 31 32 33 34 35 36 37 38 39 40 41 42 43 44 45 46 47 48 49 50 55 56 58 59 60 53_294.cif 
1.1777343750 -7407.5620117188 1 2 3 4 5 6 7 8 9 10 11 12 13 14 15 16 17 18 19 20 21 22 23 24 27 28 29 30 31 32 33 34 35 36 37 38 39 40 42 43 44 45 46 47 48 50 51 52 53 54 56 59 60 53_295.cif 
1.1787109376 -7407.5610351562 1 2 3 4 5 6 7 8 9 10 11 12 13 14 15 16 17 18 19 20 21 22 23 24 26 27 28 29 30 31 32 33 35 36 37 38 39 40 41 42 43 44 46 47 48 49 50 51 55 56 57 59 60 53_296.cif 
1.1791992188 -7407.5605468750 1 2 3 4 5 6 7 8 9 10 11 12 14 15 16 17 18 19 20 21 23 24 25 26 27 28 29 30 31 32 33 34 35 36 37 38 39 40 41 42 43 44 45 46 47 48 49 50 55 56 58 59 60 53_297.cif 
1.1821289063 -7407.5576171875 1 2 3 4 5 6 7 8 9 10 11 12 13 14 15 16 17 18 19 20 21 22 23 24 25 26 27 28 29 31 32 33 35 36 37 38 39 40 41 42 43 44 45 46 48 50 51 52 53 54 56 58 59 53_298.cif 
1.1855468750 -7407.5541992188 1 2 4 5 6 7 8 9 10 11 12 13 14 15 16 17 18 19 20 21 22 24 25 26 27 28 29 30 31 32 33 34 35 36 37 38 39 40 41 42 43 44 45 46 47 48 49 50 51 52 53 58 59 53_299.cif 
1.1860351563 -7407.5537109375 1 2 4 5 6 7 8 9 10 11 12 13 14 15 16 17 18 20 21 22 23 24 25 26 27 28 29 30 31 32 33 34 35 36 37 38 39 40 41 42 43 44 45 46 47 48 49 50 54 55 56 58 59 53_300.cif 
1.1909179688 -7407.5488281250 1 2 3 4 5 6 7 8 9 10 11 12 13 14 15 16 17 18 19 20 21 22 23 24 25 26 27 28 29 30 32 33 34 36 37 38 39 40 41 42 43 45 46 47 48 50 51 53 55 56 57 58 59 53_301.cif 
1.1943359376 -7407.5454101562 1 2 3 4 5 6 7 8 9 10 11 12 13 14 15 16 17 18 19 20 21 22 23 24 25 26 27 28 29 31 32 33 34 35 36 37 39 40 41 42 43 44 45 47 48 50 51 52 53 56 57 58 59 53_302.cif 
1.2031250000 -7407.5366210938 1 2 3 4 5 7 8 9 10 11 12 13 14 15 16 17 18 20 21 22 23 24 25 26 27 28 29 30 31 32 33 34 35 36 37 38 39 40 41 42 43 44 45 46 47 48 49 52 53 57 58 59 60 53_303.cif 
1.2109375000 -7407.5288085938 1 2 3 4 5 6 7 8 9 10 11 12 13 14 15 16 17 18 19 20 21 22 23 24 25 27 28 29 31 32 33 34 35 36 37 39 40 41 42 43 44 45 46 47 48 50 51 52 53 56 57 58 59 53_304.cif 
1.2114257813 -7407.5283203125 1 2 3 4 5 6 7 8 9 10 11 12 13 14 15 16 17 18 19 20 21 22 23 24 25 26 28 29 30 31 32 33 35 36 38 39 40 41 42 43 44 45 46 47 48 50 52 53 54 56 57 58 60 53_305.cif 
1.2236328126 -7407.5161132812 1 2 3 4 5 6 7 8 9 10 11 12 13 14 15 16 17 18 19 20 21 22 23 24 25 27 28 29 30 31 32 33 35 36 37 38 39 40 41 42 43 44 45 47 48 50 52 53 54 56 57 59 60 53_306.cif 
1.2304687500 -7407.5092773438 1 2 4 5 6 7 8 9 10 11 12 13 14 16 17 18 19 20 21 22 23 24 25 26 27 28 29 30 31 32 33 34 35 36 37 38 39 40 41 42 43 44 45 46 47 48 49 50 54 55 56 58 59 53_307.cif 
1.2402343750 -7407.4995117188 2 3 4 5 6 7 8 9 10 11 12 13 14 16 17 18 19 20 21 22 23 24 25 26 27 28 29 30 31 32 33 34 35 36 37 38 39 40 41 42 43 44 45 46 47 48 49 50 52 53 56 57 58 53_308.cif 
1.2446289063 -7407.4951171875 1 2 3 4 5 6 7 8 9 10 11 12 13 15 16 17 18 19 20 21 22 23 24 25 26 27 28 29 30 31 32 33 34 35 36 37 38 39 40 41 42 43 44 45 46 49 51 53 54 55 56 57 58 53_309.cif 
1.2480468750 -7407.4916992188 1 2 3 4 5 6 7 8 9 10 11 12 13 14 15 16 17 18 19 20 21 22 23 24 25 26 27 28 31 33 34 35 36 37 38 39 40 41 42 43 44 45 46 47 48 50 52 53 54 55 56 58 60 53_310.cif 
1.2514648438 -7407.4882812500 1 2 3 4 6 7 8 9 10 11 12 13 14 15 16 17 18 19 20 21 22 23 24 25 26 27 28 29 30 31 32 33 34 35 36 37 39 40 41 42 43 44 45 46 48 49 51 52 54 55 56 59 60 53_311.cif 
1.2519531250 -7407.4877929688 1 2 3 4 5 6 7 8 10 12 13 14 15 16 17 18 19 20 21 22 23 24 25 26 27 28 29 30 31 32 33 34 35 36 37 38 39 40 41 42 43 44 45 46 47 48 49 50 52 53 55 56 59 53_312.cif 
1.2529296876 -7407.4868164062 1 3 4 5 6 7 8 9 10 11 12 13 14 15 16 17 18 19 21 22 23 24 25 26 27 28 29 30 31 32 33 34 35 36 37 38 39 40 41 42 43 44 45 46 47 48 51 52 55 56 58 59 60 53_313.cif 
1.2680664063 -7407.4716796875 1 2 3 4 5 7 8 9 11 12 13 14 15 16 17 18 19 20 21 22 23 24 25 26 27 28 29 30 31 32 33 34 35 36 37 38 39 40 41 42 43 44 45 46 47 48 51 53 55 56 57 58 59 53_314.cif 
1.2685546876 -7407.4711914062 2 3 4 5 6 7 8 9 10 11 12 13 14 15 16 17 18 20 21 22 23 24 25 26 27 28 29 30 31 32 33 34 35 36 37 38 39 40 41 42 43 44 45 46 47 48 50 53 54 57 58 59 60 53_315.cif 
1.2739257813 -7407.4658203125 1 2 3 4 5 6 7 8 9 10 11 12 13 14 15 16 17 18 19 20 21 22 24 25 26 27 28 29 30 31 32 33 35 36 37 38 39 40 41 42 43 44 45 46 47 49 50 51 53 54 56 58 59 53_316.cif 
1.2792968750 -7407.4604492188 1 2 3 4 5 6 7 8 9 10 11 12 13 14 15 16 18 19 20 21 22 23 24 25 26 27 28 29 30 31 32 33 34 35 36 37 39 40 41 43 44 45 46 47 48 49 50 51 53 54 55 59 60 53_317.cif 
1.2797851563 -7407.4599609375 1 2 3 4 5 6 7 8 9 10 11 12 13 14 15 16 17 18 20 21 22 23 24 25 26 27 28 29 30 31 32 33 34 36 37 38 39 40 41 42 43 44 45 46 48 49 50 51 53 54 57 59 60 53_318.cif 
1.2841796876 -7407.4555664062 1 2 3 4 5 6 7 8 9 10 11 12 14 15 16 17 18 19 20 21 22 23 24 25 26 27 28 30 31 32 33 34 35 36 37 39 40 41 42 43 44 45 46 47 48 49 50 51 53 54 55 56 58 53_319.cif 
1.2851562500 -7407.4545898438 1 2 3 4 5 6 7 8 9 10 11 12 13 14 16 17 18 19 20 21 22 23 24 25 27 28 29 30 31 32 33 34 35 36 37 38 39 40 41 42 43 44 45 46 48 49 50 51 52 53 55 59 60 53_320.cif 
1.2861328126 -7407.4536132812 1 2 3 4 5 6 7 8 9 10 11 12 13 14 15 16 17 18 20 21 22 23 24 25 27 28 29 30 31 32 33 34 35 36 37 38 39 40 41 42 43 44 46 47 48 49 53 54 55 56 58 59 60 53_321.cif 
1.2880859376 -7407.4516601562 1 2 3 4 5 6 7 8 9 10 12 13 14 15 16 18 19 20 21 22 23 24 25 26 27 28 29 30 31 32 33 34 35 36 37 38 39 40 41 42 43 44 45 46 47 48 52 53 54 57 58 59 60 53_322.cif 
1.2983398438 -7407.4414062500 1 2 3 4 5 6 7 8 9 10 11 12 13 15 16 17 18 19 20 21 22 23 24 25 26 27 28 29 30 31 32 33 34 37 38 39 40 41 42 43 44 45 46 47 48 49 50 51 52 53 56 59 60 53_323.cif 
1.3066406250 -7407.4331054688 1 2 3 4 5 6 7 8 9 10 11 12 13 14 15 16 17 18 19 20 21 23 24 25 26 27 28 29 30 31 32 33 34 35 36 37 38 40 41 42 43 44 46 47 48 49 51 52 53 54 57 59 60 53_324.cif 
1.3071289063 -7407.4326171875 1 2 3 4 5 6 7 8 9 10 11 12 13 15 16 17 18 19 20 21 22 23 24 25 26 27 28 29 30 31 32 33 35 36 37 38 39 40 41 43 44 45 46 47 48 49 50 51 52 56 58 59 60 53_325.cif 
1.3100585938 -7407.4296875000 1 2 3 4 5 6 7 8 9 10 11 12 13 14 16 17 18 19 20 21 22 23 24 25 26 27 28 29 30 31 32 33 34 35 36 37 38 40 41 42 43 44 45 46 47 49 50 51 52 53 55 57 58 53_326.cif 
1.3105468750 -7407.4291992188 1 2 3 4 5 7 8 9 10 11 12 13 14 15 16 17 18 19 20 21 22 23 24 25 26 27 28 29 30 31 32 33 34 35 36 37 40 41 42 43 44 45 46 47 48 49 50 52 55 56 57 59 60 53_327.cif 
1.3139648438 -7407.4257812500 1 2 3 4 5 6 7 9 10 11 12 13 14 15 16 17 18 19 20 21 22 23 24 25 27 28 29 30 31 32 33 34 35 36 37 38 39 40 41 42 43 44 46 47 48 49 50 53 54 55 56 58 59 53_328.cif 
1.3144531250 -7407.4252929688 1 2 3 4 6 7 8 9 10 11 12 13 14 15 16 17 18 19 20 21 22 23 24 25 26 28 29 30 31 32 33 34 35 36 37 38 39 40 41 42 43 44 45 46 47 49 50 51 52 53 55 59 60 53_329.cif 
1.3154296876 -7407.4243164062 1 3 4 5 6 7 8 9 10 11 12 13 14 15 16 17 18 19 20 21 22 23 24 25 26 27 28 29 30 31 32 33 34 35 37 38 40 41 42 43 44 45 46 47 48 49 50 52 53 56 57 59 60 53_330.cif 
1.3178710938 -7407.4218750000 1 2 3 4 5 6 7 8 9 10 11 12 13 14 15 16 17 18 20 21 22 23 24 25 26 27 28 29 30 31 32 33 34 36 37 38 39 40 41 42 43 44 45 46 48 49 50 51 53 55 56 57 59 53_331.cif 
1.3222656250 -7407.4174804688 1 2 3 4 5 6 7 8 10 11 12 13 14 15 16 17 18 19 20 21 22 23 24 25 26 27 28 29 30 31 32 33 34 35 36 37 38 39 41 42 43 45 46 47 48 49 51 52 54 56 57 58 60 53_332.cif 
1.3227539063 -7407.4169921875 1 2 3 4 5 6 7 8 9 10 11 12 13 14 16 17 18 19 20 21 22 23 24 25 26 27 28 29 30 31 32 33 35 36 37 38 39 40 41 42 44 45 46 47 48 49 51 52 53 55 56 57 60 53_333.cif 
1.3256835938 -7407.4140625000 1 2 3 4 5 6 7 9 10 11 12 13 14 15 16 17 18 19 20 21 22 23 24 25 27 28 29 30 31 32 33 34 35 36 37 38 39 40 41 42 43 44 45 46 47 49 50 52 54 55 56 58 59 53_334.cif 
1.3276367188 -7407.4121093750 2 3 4 5 6 7 8 9 10 11 13 14 15 16 17 18 19 20 21 22 23 24 25 26 27 28 29 30 31 32 33 34 35 36 37 38 39 40 41 42 43 44 45 46 47 48 50 51 52 53 56 59 60 53_335.cif 
1.3291015626 -7407.4106445312 1 2 3 4 5 6 7 8 9 10 12 13 14 15 16 17 18 19 20 21 22 23 24 25 26 27 28 29 30 31 32 33 34 35 36 37 38 39 40 41 42 44 45 46 48 49 50 51 53 54 55 56 60 53_336.cif 
1.3315429688 -7407.4082031250 1 2 3 4 6 7 8 9 10 11 12 13 14 15 16 17 18 19 20 21 22 23 24 25 26 28 29 30 31 32 33 34 35 36 37 38 39 40 41 42 44 45 46 47 48 49 50 53 55 56 57 59 60 53_337.cif 
1.3349609376 -7407.4047851562 1 2 3 4 5 6 8 9 10 11 12 13 14 15 16 17 18 19 20 21 22 23 24 25 26 27 28 29 30 31 32 33 34 35 36 37 38 40 41 42 44 45 46 47 48 49 50 53 54 55 56 58 59 53_338.cif 
1.3359375000 -7407.4038085938 1 2 3 4 5 6 7 8 9 11 12 13 14 15 16 17 18 19 20 21 22 23 24 25 26 27 28 29 30 31 32 33 34 35 36 37 39 40 41 43 44 45 46 47 48 49 50 52 53 55 56 57 58 53_339.cif 
1.3403320313 -7407.3994140625 1 2 3 4 5 6 7 8 9 10 11 12 13 14 15 16 17 18 19 21 22 23 24 25 26 27 28 29 30 31 32 33 34 35 36 37 38 39 41 42 44 45 46 47 48 49 53 54 56 57 58 59 60 53_340.cif 
1.3427734376 -7407.3969726562 1 2 3 4 5 6 7 8 9 10 11 12 13 14 15 16 17 18 19 20 22 23 24 25 26 28 29 30 31 32 33 34 35 36 37 38 39 40 41 42 43 45 46 47 48 49 50 51 53 55 58 59 60 53_341.cif 
1.3452148438 -7407.3945312500 1 2 3 4 5 6 7 8 9 10 11 12 13 14 16 17 18 19 20 21 22 23 24 25 26 27 29 30 31 32 33 34 35 36 37 38 39 40 41 42 43 44 46 47 48 51 52 55 56 57 58 59 60 53_342.cif 
1.3476562500 -7407.3920898438 1 2 3 4 6 7 8 9 10 11 12 13 14 15 16 17 18 19 20 21 22 23 24 25 27 28 29 30 31 32 33 34 35 36 38 39 40 41 42 43 44 45 46 47 48 49 50 52 56 57 58 59 60 53_343.cif 
1.3515625000 -7407.3881835938 1 2 3 4 5 6 7 8 10 11 12 13 14 15 16 17 18 19 20 21 22 23 24 25 26 27 28 29 30 31 32 33 34 35 36 37 38 39 41 42 43 44 46 47 48 50 53 54 56 57 58 59 60 53_344.cif 
1.3530273438 -7407.3867187500 1 2 3 4 5 6 7 8 10 11 12 13 14 15 16 17 18 19 20 21 22 23 24 25 27 28 29 30 31 32 33 34 35 36 37 38 39 40 41 42 43 44 45 46 47 49 50 51 52 53 56 57 58 53_345.cif 
1.3549804688 -7407.3847656250 1 2 3 4 6 7 8 9 10 11 12 13 14 15 16 17 18 19 20 21 22 23 24 25 27 28 29 30 31 32 33 34 35 36 37 38 39 40 41 42 43 45 46 47 48 49 50 51 55 56 57 58 59 53_346.cif 
1.3593750000 -7407.3803710938 1 2 3 4 5 6 7 8 10 11 12 13 14 15 16 17 18 19 20 21 22 23 24 25 26 27 28 29 30 31 33 34 35 36 37 38 39 40 42 43 44 45 46 47 48 49 51 52 53 54 56 59 60 53_347.cif 
1.3603515626 -7407.3793945312 1 2 4 5 6 7 8 9 10 11 12 13 14 15 16 17 18 19 20 21 22 23 24 26 27 28 29 30 31 32 33 34 35 36 37 39 40 41 42 43 44 45 46 47 48 51 52 53 54 55 56 58 60 53_348.cif 
1.3657226563 -7407.3740234375 1 2 3 4 5 6 7 8 9 10 11 12 13 14 16 17 18 19 20 21 22 23 24 25 26 27 28 29 30 31 32 33 34 35 38 39 40 41 42 43 44 45 46 47 48 50 51 52 53 54 55 57 58 53_349.cif 
1.3666992188 -7407.3730468750 1 2 3 4 5 6 7 8 9 10 11 12 13 14 15 17 18 19 20 21 22 23 24 25 27 28 29 30 31 32 33 34 35 36 37 38 39 40 41 43 44 45 46 47 48 49 50 53 54 55 56 57 58 53_350.cif 
1.3671875000 -7407.3725585938 1 2 3 4 6 7 8 9 10 11 12 13 14 15 16 17 18 19 20 21 22 23 24 25 26 28 29 30 31 32 33 34 35 36 37 38 39 40 42 43 44 45 46 47 48 49 51 54 55 56 57 58 59 53_351.cif 
1.3764648438 -7407.3632812500 1 2 3 4 5 6 7 8 9 10 11 12 13 14 15 16 17 18 19 20 22 23 24 25 26 27 28 29 30 32 33 34 35 36 37 38 39 40 42 43 44 45 46 47 48 49 50 52 53 55 56 58 59 53_352.cif 
1.3774414063 -7407.3623046875 1 2 3 4 6 7 8 9 10 11 12 13 14 15 16 17 18 19 20 21 22 23 24 25 26 27 28 29 30 31 32 33 34 35 36 37 38 39 40 43 44 45 46 47 48 49 51 52 54 55 56 57 59 53_353.cif 
1.3789062500 -7407.3608398438 1 2 3 4 5 6 7 8 9 10 11 12 14 15 16 17 18 19 20 21 22 23 24 25 27 28 29 31 32 33 34 35 36 37 38 39 40 41 42 43 44 45 46 47 48 50 51 54 55 56 57 59 60 53_354.cif 
1.3823242188 -7407.3574218750 1 2 3 4 5 6 7 8 9 10 11 13 14 15 16 17 18 19 20 21 22 23 24 25 26 27 28 29 30 31 32 33 34 35 36 37 38 39 40 41 42 43 46 47 48 49 51 53 54 55 56 58 60 53_355.cif 
1.3828125000 -7407.3569335938 1 2 3 4 5 6 7 8 9 10 11 12 13 14 15 16 18 19 20 21 22 23 24 25 26 27 28 29 30 31 32 34 35 36 37 38 39 40 41 42 43 44 45 47 48 49 52 53 55 56 57 58 60 53_356.cif 
1.3940429688 -7407.3457031250 1 2 3 4 5 6 7 8 10 11 12 13 14 15 16 17 18 19 20 21 22 23 24 25 27 28 29 30 31 32 33 34 35 36 37 38 39 40 41 42 43 44 45 46 47 50 51 52 53 55 56 57 58 53_357.cif 
1.3964843750 -7407.3432617188 1 2 3 4 5 6 7 8 9 10 11 12 13 14 15 16 17 18 19 20 21 23 24 25 26 27 29 30 31 32 33 34 35 36 37 38 39 40 41 42 43 44 46 47 48 50 52 53 55 56 58 59 60 53_358.cif 
1.3989257813 -7407.3408203125 1 3 4 5 6 7 8 9 10 11 12 13 14 15 16 17 18 19 20 21 22 23 24 25 26 27 28 29 30 32 33 34 35 36 37 38 40 41 42 43 44 45 46 47 48 49 52 53 54 56 57 58 60 53_359.cif 
1.4003906250 -7407.3393554688 1 2 3 4 5 6 7 8 9 10 11 12 13 14 15 16 17 18 19 20 21 22 23 24 25 27 28 29 30 31 32 33 34 35 36 37 38 39 41 42 43 45 46 48 49 50 51 52 54 56 57 58 60 53_360.cif 
1.4018554688 -7407.3378906250 1 2 3 4 6 7 8 9 10 11 12 13 14 15 16 17 18 19 20 21 22 23 24 25 26 27 28 29 30 33 34 35 36 37 38 39 40 41 42 43 44 45 46 47 48 49 50 52 53 55 56 58 59 53_361.cif 
1.4033203126 -7407.3364257812 1 2 3 4 5 6 7 8 9 10 11 13 14 15 16 17 18 19 20 21 22 23 24 25 26 27 28 30 31 32 33 34 35 36 37 38 39 40 41 42 44 45 46 47 48 50 51 52 53 54 56 58 60 53_362.cif 
1.4042968750 -7407.3354492188 1 2 3 4 5 6 7 8 9 10 11 12 13 14 15 16 17 18 19 20 21 22 23 24 25 26 27 28 29 30 32 33 34 36 37 39 40 41 42 43 44 45 46 47 50 51 53 54 55 56 58 59 60 53_363.cif 
1.4062500000 -7407.3334960938 1 2 3 4 5 6 7 8 9 10 11 12 13 14 15 16 17 18 19 20 21 22 23 24 25 26 27 28 29 30 32 33 34 35 37 38 40 41 42 43 44 45 46 47 49 50 52 53 54 56 57 59 60 53_364.cif 
1.4135742188 -7407.3261718750 1 3 4 5 6 7 8 9 10 11 12 13 14 15 16 17 18 19 20 21 22 23 24 25 26 27 28 29 30 31 32 33 35 36 37 38 39 40 41 42 43 45 46 47 48 49 53 54 55 56 57 59 60 53_365.cif 
1.4140625000 -7407.3256835938 1 2 3 4 5 6 7 8 9 10 12 13 14 15 16 17 18 19 20 21 22 23 24 25 26 28 29 30 31 33 34 35 36 37 38 39 40 41 42 43 44 45 46 47 48 49 50 52 53 56 57 58 59 53_366.cif 
1.4150390626 -7407.3247070312 1 2 3 4 5 6 7 8 9 10 11 12 13 14 15 16 17 18 20 21 22 23 24 25 26 27 29 30 31 32 33 34 35 36 37 38 39 41 42 43 44 45 46 47 48 49 50 51 53 54 56 57 60 53_367.cif 
1.4174804688 -7407.3222656250 1 2 3 4 5 6 7 8 9 10 11 13 14 15 16 17 18 19 20 21 22 23 24 25 26 27 28 30 31 32 33 34 35 36 37 38 39 40 41 42 44 45 46 47 48 50 51 52 53 54 55 56 58 53_368.cif 
1.4184570313 -7407.3212890625 1 2 3 4 5 6 7 8 9 10 11 13 14 15 16 17 18 19 20 21 22 23 24 25 26 27 29 30 31 32 33 34 35 36 37 38 39 40 41 42 43 45 46 47 48 49 53 54 55 56 58 59 60 53_369.cif 
1.4208984376 -7407.3188476562 1 2 3 4 5 6 7 8 10 11 12 13 14 15 16 17 18 19 20 21 22 23 24 25 26 27 28 29 30 31 32 33 34 36 37 38 39 40 42 43 44 45 46 47 48 50 51 52 54 55 56 57 58 53_370.cif 
1.4252929688 -7407.3144531250 1 2 3 5 6 7 8 9 10 11 12 13 14 15 16 17 18 19 20 21 22 23 24 25 26 27 28 29 30 31 32 33 34 37 38 39 40 41 42 43 44 45 46 47 48 50 53 54 55 57 58 59 60 53_371.cif 
1.4262695313 -7407.3134765625 1 2 3 4 5 6 7 8 9 10 12 13 14 15 16 17 18 19 20 21 22 23 24 25 26 27 28 29 30 31 32 33 34 35 36 37 38 39 41 42 43 45 46 47 48 49 51 53 54 56 57 58 60 53_372.cif 
1.4267578126 -7407.3129882812 1 2 3 4 5 7 8 9 10 11 12 13 14 15 16 17 18 19 20 21 22 23 24 26 27 28 29 30 31 32 33 34 35 36 37 38 39 40 41 42 43 44 45 47 48 51 53 55 56 57 58 59 60 53_373.cif 
1.4272460938 -7407.3125000000 1 2 3 4 5 6 7 8 9 10 11 12 13 14 15 16 17 18 19 20 21 22 23 24 25 27 28 29 30 31 32 33 34 35 36 37 38 39 41 42 43 44 45 48 49 50 51 52 54 56 57 58 60 53_374.cif 
1.4291992188 -7407.3105468750 1 2 3 4 5 6 7 8 9 10 12 13 14 15 16 17 18 19 20 21 22 23 24 25 26 27 28 29 30 31 32 33 34 35 36 37 38 40 41 42 43 45 46 47 48 50 52 53 54 57 58 59 60 53_375.cif 
1.4340820313 -7407.3056640625 1 2 3 4 5 6 7 9 10 11 12 13 14 15 16 17 18 19 20 21 22 23 24 26 27 28 29 30 31 32 33 34 35 36 37 38 39 40 41 42 43 45 46 47 48 50 51 53 54 55 56 59 60 53_376.cif 
1.4345703126 -7407.3051757812 1 2 3 4 5 6 7 8 9 10 11 12 13 14 15 16 17 18 19 20 21 22 23 24 25 26 27 28 29 31 32 33 34 35 36 37 40 42 43 44 45 46 47 48 49 51 52 53 54 55 56 58 60 53_377.cif 
1.4360351563 -7407.3037109375 1 2 3 4 5 6 7 8 9 10 11 12 13 14 15 16 17 18 19 20 21 22 23 24 25 26 27 28 29 30 31 32 33 34 35 37 38 39 40 41 42 43 46 47 49 50 51 53 54 55 57 59 60 53_378.cif 
1.4418945313 -7407.2978515625 1 2 3 5 6 7 8 9 10 11 12 13 14 15 16 17 18 19 20 21 22 23 24 25 26 27 28 29 30 31 33 34 36 37 38 39 40 41 42 43 44 45 46 47 48 50 51 53 55 56 57 59 60 53_379.cif 
1.4423828126 -7407.2973632812 1 2 3 4 5 6 7 8 9 10 11 12 13 14 15 16 17 18 19 20 21 22 23 24 25 26 28 30 31 32 33 34 35 36 37 38 39 40 41 42 43 45 46 47 49 50 51 52 53 54 56 57 60 53_380.cif 
1.4453125000 -7407.2944335938 2 3 4 5 6 7 8 9 10 11 12 13 14 15 16 17 18 19 20 21 22 23 24 25 26 27 28 29 30 31 32 34 35 36 37 38 39 41 42 43 44 45 46 47 48 50 51 52 53 55 56 57 58 53_381.cif 
1.4492187500 -7407.2905273438 1 2 3 4 5 7 8 9 10 11 12 13 14 15 16 17 18 19 20 21 22 23 24 26 27 28 29 30 31 32 33 34 35 36 37 38 39 40 41 42 43 44 45 47 48 51 52 53 55 57 58 59 60 53_382.cif 
1.4648437500 -7407.2749023438 1 2 3 4 5 6 7 8 9 10 11 12 13 14 15 16 17 18 19 20 21 22 23 24 25 26 27 28 29 30 32 34 36 37 38 39 40 41 43 44 45 46 47 48 49 50 53 54 55 57 58 59 60 53_383.cif 
1.4755859376 -7407.2641601562 1 2 3 4 5 6 7 8 9 10 11 12 13 14 15 16 17 18 19 20 21 22 23 24 25 27 28 29 30 31 32 33 35 36 37 38 39 40 42 43 44 45 46 47 49 51 52 53 54 55 57 58 59 53_384.cif 
1.4785156250 -7407.2612304688 1 2 3 4 5 6 7 8 9 10 11 12 13 14 15 16 17 18 19 20 21 22 23 24 25 26 27 29 30 31 32 33 34 37 38 39 40 41 42 43 44 45 46 48 49 51 53 54 55 56 57 58 60 53_385.cif 
1.4799804688 -7407.2597656250 1 2 3 4 5 6 7 8 9 10 11 12 13 14 15 16 17 18 19 20 21 22 23 24 25 26 28 29 30 31 32 33 34 35 36 37 38 39 40 43 44 45 47 48 49 53 54 55 56 57 58 59 60 53_386.cif 
1.4824218750 -7407.2573242188 1 2 3 4 5 6 7 8 9 10 11 12 13 14 15 16 17 18 19 20 21 22 23 24 25 26 27 29 30 31 33 34 35 37 38 39 40 41 42 43 44 46 47 48 49 51 53 54 55 56 57 59 60 53_387.cif 
1.4858398438 -7407.2539062500 1 2 3 4 5 6 7 8 9 10 11 12 13 14 15 16 17 18 19 20 21 22 23 24 25 26 27 28 29 30 31 32 34 35 36 37 38 39 40 41 42 44 45 48 49 50 51 54 55 56 57 59 60 53_388.cif 
1.4897460938 -7407.2500000000 1 2 3 4 5 6 7 8 9 10 11 12 13 14 15 16 17 18 19 20 21 22 23 24 25 26 27 28 29 30 32 34 35 37 38 39 40 41 42 43 44 46 47 48 49 50 51 52 53 54 56 59 60 53_389.cif 
1.4907226563 -7407.2490234375 1 2 3 4 5 6 7 8 9 10 11 12 13 14 15 16 17 18 19 20 21 22 23 24 25 26 27 28 30 31 33 34 36 38 39 40 41 42 43 44 45 46 47 48 49 50 52 53 54 56 57 59 60 53_390.cif 
1.4965820313 -7407.2431640625 1 2 3 4 5 6 7 8 9 10 11 12 13 14 15 16 17 18 19 20 21 22 23 24 25 27 30 31 32 33 34 36 37 38 39 40 41 42 43 44 45 46 47 48 49 50 51 52 55 56 57 58 60 53_391.cif 
1.4980468750 -7407.2416992188 1 2 3 4 5 6 7 8 9 10 11 12 13 14 15 16 17 18 19 20 21 22 23 24 25 26 27 29 30 31 32 34 35 36 37 39 40 42 43 44 45 46 47 48 49 51 52 53 55 57 58 59 60 53_392.cif 
1.4990234376 -7407.2407226562 1 2 3 4 5 6 7 8 9 10 11 12 13 14 15 16 17 18 19 20 21 22 23 24 25 27 28 29 30 33 34 36 37 38 39 40 41 42 43 44 45 46 47 48 49 50 51 52 53 57 58 59 60 53_393.cif 
1.5004882813 -7407.2392578125 1 2 3 4 5 6 7 8 9 10 11 12 13 14 15 16 17 18 19 20 21 22 23 24 25 27 28 29 30 31 32 33 34 36 37 38 40 41 42 43 44 45 47 48 49 50 51 53 54 56 57 58 59 53_394.cif 
1.5083007813 -7407.2314453125 1 2 3 4 5 6 7 8 9 10 11 12 13 14 15 16 17 18 19 20 21 22 23 24 25 26 27 28 29 30 31 32 34 36 37 38 39 40 41 43 45 46 47 48 49 50 53 54 55 57 58 59 60 53_395.cif 
1.5122070313 -7407.2275390625 1 2 3 4 5 6 7 8 9 10 11 12 13 14 15 16 17 18 19 20 21 22 23 24 26 27 28 29 30 31 32 33 34 36 37 38 39 40 41 42 43 44 45 47 50 51 52 55 56 57 58 59 60 53_396.cif 
1.5170898438 -7407.2226562500 1 2 3 4 5 6 7 8 9 10 11 12 13 14 15 16 17 18 19 20 21 22 23 24 26 27 28 29 30 31 32 33 34 35 37 38 39 40 43 44 45 46 47 48 49 50 52 54 55 56 58 59 60 53_397.cif 
1.5200195313 -7407.2197265625 1 2 3 5 6 7 8 9 10 11 12 13 14 15 16 18 19 20 21 22 23 24 25 26 27 28 29 30 31 32 33 34 35 36 37 38 39 40 41 42 43 44 45 46 47 49 50 51 53 54 55 56 59 53_398.cif 
1.5288085938 -7407.2109375000 1 2 3 4 5 6 7 8 9 10 11 12 13 14 15 16 17 18 19 20 21 22 23 24 25 26 28 31 32 33 34 35 36 37 38 39 41 42 43 44 45 46 47 48 49 50 54 55 56 57 58 59 60 53_399.cif 
1.5405273438 -7407.1992187500 1 2 3 4 5 6 7 8 9 10 11 12 13 14 15 16 17 18 19 20 21 22 23 24 26 27 28 29 31 32 33 34 35 36 37 38 39 40 41 42 43 44 45 47 50 51 52 55 56 57 58 59 60 53_400.cif 
1.5415039063 -7407.1982421875 1 2 3 4 5 6 7 8 9 11 12 13 14 15 16 17 18 19 20 22 23 24 25 26 27 28 29 30 31 32 33 34 35 36 37 38 39 40 41 42 43 44 45 46 48 49 51 52 54 55 56 58 59 53_401.cif 
1.5444335938 -7407.1953125000 1 2 3 4 5 7 8 9 10 11 12 13 14 15 16 17 18 19 20 21 22 24 25 26 27 28 29 30 31 32 34 35 36 37 38 39 40 41 42 43 44 45 46 47 48 49 50 52 53 57 58 59 60 53_402.cif 
1.5449218750 -7407.1948242188 1 2 3 4 5 6 7 8 9 10 11 12 13 14 15 16 17 18 19 20 21 22 23 24 25 26 28 29 31 32 33 34 36 37 38 39 40 42 43 44 45 46 47 48 49 51 53 54 55 56 57 58 59 53_403.cif 
1.5493164063 -7407.1904296875 1 2 3 4 5 6 7 8 9 10 11 12 13 14 15 16 17 18 20 21 22 24 25 26 27 28 29 30 31 32 33 34 36 37 38 39 40 41 42 43 44 45 46 47 48 49 51 52 55 56 57 59 60 53_404.cif 
1.5517578126 -7407.1879882812 1 2 3 4 5 6 7 8 9 10 11 12 13 14 15 16 17 20 21 22 23 24 25 26 27 28 29 30 31 32 34 35 36 37 38 39 40 41 42 43 44 45 46 47 48 49 51 54 55 56 57 58 60 53_405.cif 
1.5571289063 -7407.1826171875 1 2 3 4 5 6 7 8 9 10 11 12 13 14 15 16 17 18 19 20 21 22 23 24 25 26 27 28 30 32 33 34 35 36 37 38 39 40 42 43 44 46 47 48 49 50 52 53 54 55 56 58 60 53_406.cif 
1.5639648438 -7407.1757812500 1 2 3 4 5 6 7 8 9 11 12 13 14 15 16 17 18 20 21 22 23 24 25 26 27 28 29 30 31 32 33 34 35 36 37 38 39 40 41 42 44 45 46 47 48 49 50 51 53 56 57 58 60 53_407.cif 
1.5654296876 -7407.1743164062 1 2 3 4 5 6 7 8 10 11 12 13 14 15 16 17 18 19 20 21 23 24 25 26 27 28 29 30 31 32 33 34 35 36 37 38 39 41 42 43 44 45 46 47 48 49 50 52 53 54 55 58 59 53_408.cif 
1.5703125000 -7407.1694335938 1 3 4 5 6 7 8 9 10 11 12 13 14 16 17 18 19 20 21 22 23 24 25 26 27 28 29 30 31 32 33 34 35 36 37 38 39 40 41 42 44 45 46 47 48 49 50 53 54 57 58 59 60 53_409.cif 
1.5737304688 -7407.1660156250 1 2 3 4 5 6 7 8 9 10 11 12 13 14 15 16 17 18 20 22 23 24 25 26 27 28 30 31 32 33 34 35 36 37 38 39 40 41 42 43 44 45 46 47 48 49 50 51 53 54 57 59 60 53_410.cif 
1.5751953126 -7407.1645507812 1 2 3 4 5 6 8 9 10 11 12 13 15 16 17 18 19 20 21 22 23 24 25 26 27 28 29 30 31 32 33 34 35 36 37 38 39 40 41 42 43 44 45 46 47 49 50 51 53 55 56 59 60 53_411.cif 
1.5913085938 -7407.1484375000 1 2 4 5 6 7 8 9 10 11 13 14 15 16 17 18 19 20 21 22 23 24 25 26 27 28 29 30 31 32 33 34 35 36 38 39 40 41 42 43 44 45 46 47 48 49 52 53 54 55 56 58 60 53_412.cif 
1.5961914063 -7407.1435546875 1 2 3 4 5 6 7 8 9 10 11 12 13 14 15 16 18 19 20 21 23 24 25 26 27 28 30 31 32 33 34 35 36 37 38 39 40 41 42 43 44 45 46 47 48 49 50 52 55 56 58 59 60 53_413.cif 
1.5966796876 -7407.1430664062 1 2 3 4 5 6 7 8 9 10 11 12 13 14 15 16 17 19 20 21 22 23 24 25 26 27 28 29 30 31 32 33 34 35 36 37 38 39 41 42 43 44 46 48 49 50 51 53 54 55 58 59 60 53_414.cif 
1.5991210938 -7407.1406250000 1 3 4 5 6 7 9 10 11 12 13 14 15 16 17 18 19 20 21 22 23 24 25 26 27 28 29 30 32 33 34 35 36 37 38 39 40 41 42 43 44 45 46 47 48 49 51 54 55 56 58 59 60 53_415.cif 
1.6010742188 -7407.1386718750 1 2 3 4 6 7 8 9 10 11 12 13 14 15 17 18 19 20 21 22 23 24 25 26 27 28 29 30 31 33 34 35 36 37 38 39 40 41 42 43 44 45 46 47 48 49 51 53 54 57 58 59 60 53_416.cif 
1.6083984376 -7407.1313476562 1 2 3 4 5 6 7 8 9 10 11 13 14 15 16 17 18 20 21 22 23 24 25 27 28 29 30 31 32 33 34 35 36 37 38 39 40 41 42 43 44 45 46 47 48 51 52 54 55 56 57 59 60 53_417.cif 
1.6166992188 -7407.1230468750 1 2 3 4 6 8 9 10 11 12 13 14 15 16 17 18 19 20 21 22 23 24 25 26 27 28 29 30 31 32 33 34 35 36 38 39 40 41 42 43 44 45 46 47 48 49 50 51 52 54 56 58 59 53_418.cif 
1.6201171876 -7407.1196289062 1 2 4 5 6 7 8 9 10 11 12 13 14 15 16 17 18 19 20 21 23 24 25 26 27 28 29 30 31 32 33 34 35 36 37 38 39 40 41 42 43 44 46 47 48 49 52 53 54 56 58 59 60 53_419.cif 
1.6220703126 -7407.1176757812 1 2 3 4 5 6 7 8 9 11 12 13 14 16 17 18 19 20 21 22 23 24 25 26 27 28 29 30 31 32 34 35 36 37 38 39 40 41 42 43 44 45 46 47 48 49 50 52 53 54 55 56 58 53_420.cif 
1.6230468750 -7407.1166992188 1 2 3 4 5 6 7 8 10 11 12 13 14 16 17 18 19 20 21 22 23 24 25 26 27 28 29 30 31 32 33 34 35 36 38 39 40 41 42 43 44 45 46 47 48 51 52 54 55 57 58 59 60 53_421.cif 
1.6235351563 -7407.1162109375 1 2 3 4 5 6 8 9 10 11 12 13 14 15 16 18 19 20 21 22 23 24 26 27 28 29 30 31 32 33 34 35 36 37 38 39 40 41 42 43 44 45 46 47 48 51 52 54 55 56 57 59 60 53_422.cif 
1.6303710938 -7407.1093750000 1 2 3 4 5 6 8 9 10 11 12 13 14 16 17 18 19 20 21 22 23 24 25 26 27 28 29 30 31 32 33 34 35 36 37 38 40 41 42 43 44 45 46 47 48 50 51 52 54 55 56 58 59 53_423.cif 
1.6308593750 -7407.1088867188 1 2 3 4 5 6 7 8 10 11 12 13 14 15 16 17 18 19 20 21 22 23 25 26 27 28 29 30 31 32 33 34 36 37 38 39 40 41 42 43 44 45 46 47 48 50 51 52 54 55 56 57 58 53_424.cif 
1.6342773438 -7407.1054687500 2 4 5 6 7 8 9 10 11 12 13 14 15 16 17 18 19 20 21 22 23 24 25 26 27 28 29 30 31 32 33 34 35 36 37 38 39 40 41 43 44 45 46 47 48 49 51 53 56 57 58 59 60 53_425.cif 
1.6518554688 -7407.0878906250 1 2 3 4 5 7 8 9 10 11 12 13 14 15 16 17 18 19 20 21 22 23 24 25 26 27 28 29 30 32 33 34 35 36 37 38 39 40 42 43 44 45 46 47 49 51 53 54 55 56 58 59 60 53_426.cif 
1.6547851563 -7407.0849609375 1 2 4 5 6 7 8 9 10 11 12 13 14 15 16 17 18 19 20 21 23 24 26 27 28 29 30 31 32 33 34 35 36 37 38 39 40 41 42 43 44 45 46 47 48 52 54 55 56 57 58 59 60 53_427.cif 
1.6591796876 -7407.0805664062 1 2 3 4 5 6 7 8 9 10 11 12 13 14 15 16 17 18 19 20 21 22 23 25 26 27 28 29 30 31 33 34 35 36 38 40 41 42 43 44 45 46 47 48 49 50 51 55 56 57 58 59 60 53_428.cif 
1.6743164063 -7407.0654296875 1 2 3 4 5 6 7 8 9 10 11 12 13 15 16 17 18 19 20 21 22 23 24 25 26 27 28 29 30 31 32 33 34 35 36 37 38 39 41 43 44 45 46 47 50 51 52 53 56 57 58 59 60 53_429.cif 
1.6831054688 -7407.0566406250 1 2 3 4 5 6 7 8 9 10 11 12 13 15 16 17 18 19 20 21 22 23 24 25 27 28 30 31 32 33 34 35 36 37 38 39 41 42 43 44 45 46 47 48 49 50 51 52 53 54 56 58 59 53_430.cif 
1.6850585938 -7407.0546875000 1 2 3 4 5 6 7 8 9 12 13 14 15 16 17 18 19 20 21 22 23 24 25 26 27 28 29 31 32 33 34 35 36 37 38 39 40 41 42 43 44 45 46 47 48 51 52 53 54 55 56 57 58 53_431.cif 
1.6938476563 -7407.0458984375 1 2 3 4 5 6 7 8 9 10 11 12 13 14 15 16 17 18 20 21 22 23 24 25 26 27 28 29 30 31 32 33 34 38 39 40 41 42 43 44 45 46 47 48 50 51 52 53 54 55 58 59 60 53_432.cif 
1.6943359376 -7407.0454101562 1 2 3 5 6 7 8 9 10 11 12 13 14 15 16 17 18 19 20 21 22 23 24 25 26 27 28 29 30 31 32 33 34 35 36 38 39 40 41 42 45 46 47 48 49 50 51 52 53 54 55 56 60 53_433.cif 
1.7001953126 -7407.0395507812 1 2 4 6 7 8 9 10 11 12 13 14 15 16 17 18 19 20 21 22 23 24 25 26 27 28 30 31 32 33 34 35 36 37 38 39 40 41 42 43 44 45 46 47 48 50 51 52 53 55 56 57 58 53_434.cif 
1.7026367188 -7407.0371093750 1 2 3 5 6 7 8 9 10 11 12 13 14 15 16 17 18 19 20 21 22 23 24 25 27 28 29 30 32 33 34 35 36 37 39 40 41 42 43 44 45 46 47 48 49 50 51 52 53 55 57 58 60 53_435.cif 
1.7070312500 -7407.0327148438 1 2 3 4 5 6 7 8 9 10 11 12 13 14 15 16 17 18 20 21 22 23 24 25 26 27 28 29 30 31 32 33 34 36 38 39 40 41 42 43 44 45 47 48 49 50 51 53 54 55 56 57 60 53_436.cif 
1.7114257813 -7407.0283203125 1 2 3 5 6 7 8 9 10 11 12 13 14 15 16 17 18 19 20 21 22 23 24 25 26 27 28 29 30 31 32 33 34 35 36 37 38 40 41 44 45 46 47 48 49 51 52 53 54 56 57 59 60 53_437.cif 
1.7124023438 -7407.0273437500 1 2 3 4 5 6 7 8 9 10 11 12 13 14 15 16 17 18 19 20 22 23 24 25 26 27 29 30 31 32 33 34 35 36 37 38 39 41 42 43 44 45 47 48 49 50 52 54 55 56 57 58 60 53_438.cif 
1.7128906250 -7407.0268554688 1 2 3 4 5 6 7 8 9 10 11 12 13 14 15 17 18 19 20 21 22 23 24 25 26 27 28 29 30 32 33 34 35 36 37 38 39 40 42 43 44 45 46 48 52 53 54 55 56 57 58 59 60 53_439.cif 
1.7167968750 -7407.0229492188 2 3 4 5 6 7 8 9 10 12 13 14 15 16 17 18 19 20 21 22 23 24 25 26 27 28 29 31 32 33 34 35 36 37 38 39 40 41 42 43 44 45 46 47 48 51 53 54 55 56 57 59 60 53_440.cif 
1.7192382813 -7407.0205078125 1 2 3 4 5 6 8 9 10 11 12 13 14 15 16 17 18 19 20 21 22 23 24 25 26 27 29 30 31 32 33 34 35 36 37 38 39 40 41 42 43 45 46 47 49 50 51 52 53 55 56 58 60 53_441.cif 
1.7197265626 -7407.0200195312 1 2 3 4 5 6 7 8 9 10 11 12 14 15 16 17 18 19 20 21 22 23 24 25 26 27 28 29 30 32 33 34 35 36 37 38 39 40 41 42 44 46 47 48 50 52 53 54 55 56 58 59 60 53_442.cif 
1.7221679688 -7407.0175781250 1 2 3 4 5 6 7 8 9 10 11 12 14 15 16 17 18 19 20 21 22 23 24 25 26 27 29 30 31 32 33 34 35 36 37 38 39 40 41 43 45 46 47 48 49 51 52 53 54 55 56 57 58 53_443.cif 
1.7275390626 -7407.0122070312 1 2 3 4 5 6 8 9 10 11 12 13 14 15 16 17 18 19 20 21 22 23 24 25 26 27 28 29 30 31 33 35 36 37 38 39 40 41 42 43 44 45 46 48 49 51 52 53 55 56 57 58 60 53_444.cif 
1.7290039063 -7407.0107421875 1 2 3 4 5 6 7 8 9 10 11 12 13 14 15 16 17 18 19 20 22 23 24 25 26 28 29 31 32 33 34 35 36 37 38 39 41 42 43 44 45 46 47 48 49 50 51 55 56 57 58 59 60 53_445.cif 
1.7329101563 -7407.0068359375 1 2 3 4 5 6 7 8 9 10 11 12 13 14 15 16 17 19 20 21 22 23 24 25 27 30 31 32 33 34 35 36 37 38 39 40 41 42 43 44 45 46 47 48 49 50 51 52 54 55 56 57 60 53_446.cif 
1.7333984376 -7407.0063476562 1 2 3 4 5 6 7 8 9 10 11 13 14 15 16 17 18 19 20 21 22 23 24 25 26 27 28 29 30 31 32 33 34 36 37 38 39 40 42 43 44 46 47 48 49 50 51 53 54 56 57 58 60 53_447.cif 
1.7338867188 -7407.0058593750 1 2 3 4 5 6 7 8 9 10 11 12 13 15 16 17 18 19 20 21 22 23 24 25 26 27 28 29 30 31 32 33 35 37 38 39 40 42 43 44 45 46 47 48 49 51 52 54 56 57 58 59 60 53_448.cif 
1.7416992188 -7406.9980468750 1 2 3 4 5 6 7 9 10 11 12 13 14 15 16 17 18 19 20 21 22 23 24 26 27 28 29 30 31 32 34 35 36 37 38 40 41 42 43 44 45 46 47 48 49 50 52 53 54 56 57 59 60 53_449.cif 
1.7421875000 -7406.9975585938 1 2 3 4 5 6 7 8 9 10 11 12 13 14 15 16 17 18 20 21 22 23 24 25 26 28 29 30 31 32 33 34 36 37 38 39 40 41 42 43 45 46 47 48 50 51 52 54 55 56 57 58 60 53_450.cif 
1.7539062500 -7406.9858398438 1 3 4 5 6 7 8 9 10 11 12 13 14 15 16 17 18 19 20 21 22 23 24 25 26 27 29 30 31 32 33 35 36 37 38 39 40 41 42 43 44 45 46 47 49 51 52 53 54 55 57 58 59 53_451.cif 
1.7558593750 -7406.9838867188 1 2 3 4 5 6 7 8 9 10 11 12 13 14 15 16 17 18 19 20 21 22 24 26 27 28 30 31 32 33 35 36 37 38 39 40 41 42 43 44 45 46 47 48 49 50 51 53 54 56 57 59 60 53_452.cif 
1.7617187500 -7406.9780273438 1 2 3 4 5 6 7 8 9 11 12 13 14 15 16 17 18 19 20 21 22 23 24 25 26 27 29 30 31 32 33 34 35 36 37 38 39 40 41 43 45 46 47 48 49 51 52 53 54 55 56 57 58 53_453.cif 
1.7622070313 -7406.9775390625 1 2 3 4 6 7 8 9 10 11 12 13 14 15 16 17 18 19 20 21 22 23 24 25 26 27 28 30 31 32 33 34 36 38 39 40 41 42 43 44 45 46 47 48 49 50 52 53 54 57 58 59 60 53_454.cif 
1.7646484376 -7406.9750976562 1 2 4 5 6 7 8 9 10 11 12 13 14 15 16 17 18 19 20 21 22 23 24 25 26 27 28 29 30 31 32 33 35 37 38 39 40 41 42 43 44 46 47 48 49 50 52 55 56 57 58 59 60 53_455.cif 
1.7856445313 -7406.9541015625 1 2 3 4 5 6 7 8 9 10 11 12 13 14 15 16 17 19 20 21 22 23 24 25 26 27 29 30 31 32 33 35 36 37 38 39 40 41 42 43 44 45 47 48 49 50 52 54 55 56 57 58 60 53_456.cif 
1.7949218750 -7406.9448242188 1 2 3 4 5 6 7 8 9 10 11 12 13 14 15 16 17 18 19 20 21 22 23 24 25 26 29 30 31 32 33 34 35 36 38 39 40 41 42 43 45 46 47 49 50 51 52 55 56 57 58 59 60 53_457.cif 
1.8022460938 -7406.9375000000 1 2 3 5 6 7 8 9 10 11 12 13 14 15 16 17 18 19 20 21 22 23 24 25 26 28 29 30 31 32 33 34 36 38 39 40 41 42 43 44 45 46 47 48 49 50 52 54 55 56 57 59 60 53_458.cif 
1.8032226563 -7406.9365234375 1 2 3 4 5 6 7 8 10 11 12 13 14 15 16 17 18 19 20 21 22 23 24 25 26 27 29 30 31 33 34 35 36 37 38 39 40 41 42 43 45 46 47 48 49 50 51 52 53 54 57 58 59 53_459.cif 
1.8085937500 -7406.9311523438 1 2 3 4 5 6 7 8 9 10 11 12 13 14 15 16 17 18 19 20 21 23 24 25 27 28 29 30 31 32 33 34 35 36 38 39 40 41 42 43 44 45 47 48 49 50 51 52 53 55 56 58 59 53_460.cif 
1.8105468750 -7406.9291992188 2 3 4 5 6 7 8 9 11 12 13 14 15 16 17 18 19 20 21 22 24 25 26 27 28 29 30 31 32 33 34 35 36 37 38 39 40 41 42 43 44 45 46 47 48 49 50 52 54 57 58 59 60 53_461.cif 
1.8115234376 -7406.9282226562 1 2 3 5 6 7 8 9 10 11 12 13 14 15 16 17 18 19 20 21 22 23 24 25 26 27 28 29 30 31 32 33 34 36 37 38 40 42 43 44 45 46 47 48 51 52 53 54 55 56 57 59 60 53_462.cif 
1.8164062500 -7406.9233398438 1 3 4 5 6 7 8 9 10 11 12 13 14 15 16 17 18 19 20 21 22 23 24 25 26 27 28 30 32 33 34 35 36 37 38 39 41 42 43 44 45 46 47 48 49 52 53 54 56 57 58 59 60 53_463.cif 
1.8237304688 -7406.9160156250 1 2 3 5 6 7 9 10 11 12 14 15 16 17 18 19 20 21 22 23 24 25 26 27 28 29 30 31 32 33 34 35 36 37 38 39 40 41 42 43 44 45 46 47 48 49 50 51 53 54 57 58 60 53_464.cif 
1.8442382813 -7406.8955078125 1 3 4 5 6 7 8 9 10 11 12 13 14 15 16 17 19 20 22 23 24 25 26 27 28 29 30 31 32 33 34 35 36 37 38 39 40 41 42 43 44 45 46 47 48 50 52 53 54 55 56 58 60 53_465.cif 
1.8803710938 -7406.8593750000 1 2 3 4 5 6 7 8 9 10 11 12 13 14 15 16 17 18 19 20 21 22 23 24 25 26 27 28 30 31 32 33 34 35 36 38 39 40 41 42 43 44 47 50 51 52 53 54 55 56 57 59 60 53_466.cif 
1.8847656250 -7406.8549804688 1 2 3 4 5 6 7 8 9 10 11 12 13 14 15 16 17 18 19 20 21 22 23 24 26 28 29 30 31 32 33 34 35 36 37 38 39 41 42 43 45 46 48 49 50 53 54 55 56 57 58 59 60 53_467.cif 
1.9018554688 -7406.8378906250 1 2 4 5 7 8 9 10 11 12 13 14 15 16 17 18 19 20 21 22 23 24 25 26 27 28 29 30 31 32 33 34 36 38 39 40 41 42 43 44 45 46 47 48 49 50 53 54 55 57 58 59 60 53_468.cif 
1.9086914063 -7406.8310546875 1 2 3 4 5 6 7 8 9 10 11 12 15 16 17 18 19 20 21 22 23 24 25 26 27 28 29 30 32 33 34 35 36 37 38 40 41 42 43 44 45 46 47 48 50 52 53 54 55 56 58 59 60 53_469.cif 
1.9116210938 -7406.8281250000 1 2 3 4 5 6 7 8 9 10 11 12 13 14 15 16 17 18 19 22 23 24 25 26 27 28 29 30 32 33 34 35 36 38 39 40 41 42 43 44 45 46 47 48 49 50 51 52 53 54 56 57 58 53_470.cif 
1.9135742188 -7406.8261718750 1 2 3 4 5 6 7 8 9 10 11 12 13 15 16 18 19 20 21 22 23 24 25 26 27 28 29 30 31 32 33 34 35 36 37 39 40 42 43 44 45 46 47 48 49 51 52 53 54 56 58 59 60 53_471.cif 
1.9272460938 -7406.8125000000 1 2 3 4 5 6 7 8 9 11 12 13 14 15 16 17 18 19 20 21 22 24 25 26 27 28 29 30 31 32 33 34 36 37 38 39 40 41 42 43 44 45 46 48 49 50 51 53 54 56 58 59 60 53_472.cif 
1.9355468750 -7406.8041992188 1 2 3 5 6 7 8 9 10 11 13 14 15 16 17 18 19 20 21 22 23 24 25 27 28 29 30 31 32 33 34 35 36 37 38 39 41 42 43 44 45 46 47 48 49 51 52 55 56 57 58 59 60 53_473.cif 
1.9404296876 -7406.7993164062 1 2 3 5 7 8 9 10 11 12 13 14 15 16 17 18 19 20 21 22 23 24 25 26 27 28 29 30 31 32 33 34 36 37 38 39 41 42 43 44 45 46 47 48 49 51 52 54 55 56 57 58 60 53_474.cif 
1.9526367188 -7406.7871093750 1 2 3 4 5 6 7 8 9 10 11 12 13 14 15 16 17 18 19 20 21 22 23 24 25 26 29 30 31 33 34 35 36 37 38 39 40 42 43 45 46 47 48 51 52 53 54 55 56 57 58 59 60 53_475.cif 
1.9614257813 -7406.7783203125 1 2 3 4 5 6 8 9 10 11 12 13 15 16 17 18 19 20 21 22 23 24 25 26 27 28 29 30 31 32 33 34 35 36 37 38 39 40 41 42 43 44 47 48 49 50 51 52 56 57 58 59 60 53_476.cif 
1.9799804688 -7406.7597656250 1 2 3 4 5 6 7 8 9 10 12 13 14 15 16 17 18 19 21 22 23 24 25 26 27 28 30 31 32 33 34 35 36 37 38 39 40 41 42 43 44 45 47 48 49 50 52 53 54 55 56 57 59 53_477.cif 
1.9931640626 -7406.7465820312 1 3 4 6 7 8 9 10 11 12 13 14 15 16 17 18 19 20 21 22 23 24 25 26 28 29 31 32 33 34 35 36 37 38 39 40 41 42 43 44 45 46 47 48 49 50 51 54 55 57 58 59 60 53_478.cif 
1.9960937500 -7406.7436523438 2 3 4 5 6 7 8 9 10 11 12 13 14 15 16 17 18 19 21 22 23 24 25 26 27 28 29 30 31 32 33 34 36 37 38 40 41 42 43 44 45 46 47 48 49 50 51 52 53 56 58 59 60 53_479.cif 
2.0146484376 -7406.7250976562 1 2 3 6 7 8 9 10 11 12 13 14 15 16 17 18 19 20 21 22 23 24 25 26 27 28 30 32 33 34 35 36 37 38 39 40 41 42 43 44 45 46 47 48 50 51 52 53 54 55 56 57 58 53_480.cif 
2.0273437500 -7406.7124023438 1 2 3 4 5 7 8 9 10 11 12 13 15 16 17 18 19 20 21 22 23 24 25 27 28 29 31 32 33 34 35 36 37 38 39 40 41 42 43 44 45 46 47 48 49 51 53 54 55 56 57 58 59 53_481.cif 
2.0620117188 -7406.6777343750 2 3 4 5 6 7 8 9 10 11 13 14 15 16 17 18 19 20 21 22 23 24 25 26 27 28 29 30 31 32 33 34 35 37 38 39 40 41 42 43 45 46 47 48 49 50 51 52 54 55 57 58 60 53_482.cif 
2.1000976563 -7406.6396484375 1 2 3 4 5 6 7 8 9 10 12 13 14 15 16 17 18 19 20 21 22 23 24 25 26 28 29 30 31 32 33 34 35 36 37 38 39 40 41 42 43 46 48 49 50 51 52 53 54 55 57 59 60 53_483.cif 
2.1083984376 -7406.6313476562 1 2 3 4 5 6 7 8 9 10 11 12 13 14 15 16 18 19 20 21 22 23 24 25 26 27 29 31 32 33 34 36 37 38 40 41 42 43 44 45 46 47 48 49 50 51 52 53 54 56 58 59 60 53_484.cif 
2.1704101563 -7406.5693359375 1 2 3 4 5 6 7 9 10 11 12 13 14 15 16 17 18 19 20 21 22 23 24 25 26 27 28 29 31 33 34 35 36 37 38 39 40 43 44 45 46 47 48 49 50 51 52 53 56 57 58 59 60 53_485.cif 
2.2119140626 -7406.5278320312 1 2 3 4 5 6 7 8 9 11 12 13 14 15 16 17 18 19 20 21 22 23 24 26 27 28 30 31 33 34 35 36 37 38 39 40 41 42 43 44 46 47 48 49 50 51 53 55 56 57 58 59 60 53_486.cif 
2.2148437500 -7406.5249023438 1 2 3 4 5 6 7 8 9 10 11 12 14 15 16 17 18 20 21 22 23 24 25 26 27 28 30 31 32 34 35 36 37 38 39 40 41 42 43 44 45 46 47 49 50 52 53 54 56 57 58 59 60 53_487.cif 
2.2900390626 -7406.4497070312 1 2 3 4 5 6 7 8 9 10 11 12 13 14 15 16 17 18 19 20 21 22 23 24 25 26 27 29 30 32 33 34 36 37 38 40 41 42 43 44 45 48 49 50 51 52 53 54 56 57 58 59 60 53_488.cif 
2.3041992188 -7406.4355468750 1 2 3 4 5 7 8 9 10 11 12 13 15 16 17 18 19 20 21 22 23 24 25 26 27 28 29 30 31 32 33 34 35 36 38 39 40 41 42 43 44 46 47 50 52 53 54 55 56 57 58 59 60 53_489.cif 
2.3447265626 -7406.3950195312 1 3 4 6 7 8 9 10 11 12 13 14 15 16 17 18 19 20 21 22 23 24 25 26 27 28 29 30 32 34 36 37 38 39 40 41 42 43 44 45 46 47 48 49 50 51 52 55 56 57 58 59 60 53_490.cif 
2.3554687500 -7406.3842773438 1 2 3 4 5 6 7 9 10 11 12 13 14 15 16 17 18 19 21 22 23 24 25 26 27 28 29 30 31 32 33 34 36 37 38 40 41 42 43 44 46 47 48 49 51 52 53 55 56 57 58 59 60 53_491.cif 
2.5190429688 -7406.2207031250 1 2 3 4 5 6 7 9 10 11 12 13 14 16 17 18 19 20 21 23 24 25 26 27 28 29 30 31 32 33 34 35 37 38 39 40 41 42 43 45 46 47 48 49 50 51 53 54 55 56 58 59 60 53_492.cif 
2.6054687500 -7406.1342773438 1 2 3 4 5 6 7 8 9 10 11 12 13 14 15 16 17 18 20 21 22 24 25 27 28 29 30 31 32 33 35 36 37 38 39 40 41 42 43 44 46 48 49 50 51 52 53 54 55 56 57 58 59 53_493.cif 
2.6171875000 -7406.1225585938 1 2 3 4 5 6 7 9 10 12 13 15 16 17 18 19 20 21 22 23 24 26 27 28 29 30 31 32 33 34 35 37 38 39 40 41 42 43 44 45 46 47 48 49 51 52 53 54 56 57 58 59 60 53_494.cif 
2.7412109376 -7405.9985351562 1 3 4 5 6 8 9 10 11 12 13 14 15 16 17 18 19 20 21 22 23 24 25 27 28 29 30 31 32 33 34 35 36 37 38 40 41 43 45 46 47 48 49 50 51 52 53 54 55 57 58 59 60 53_495.cif 
2.8330078126 -7405.9067382812 1 2 3 4 5 6 7 9 10 11 13 15 16 17 18 19 20 21 22 23 24 25 26 27 29 30 31 32 33 34 35 36 37 38 39 40 42 43 44 45 46 47 49 50 51 52 53 54 56 57 58 59 60 53_496.cif 
