0 -7734.0083007812 12 37 2_1.cif .52810762719620334285
.0444335937 -7733.9638671875 23 38 2_2.cif .16705785529614195026
.0639648437 -7733.9443359375 11 14 2_3.cif .10072799311574767920
.1054687500 -7733.9028320312 3 8 2_4.cif .03437574744167117106
.1069335937 -7733.9013671875 14 23 2_5.cif .03309583909663096974
.1079101562 -7733.9003906250 2 4 2_6.cif .03226915257248647123
.1103515624 -7733.8979492188 10 11 2_7.cif .03029165284371741679
.1259765624 -7733.8823242188 1 10 2_8.cif .02020922200008907321
.1406250000 -7733.8676757812 1 3 2_9.cif .01382808540906008905
.1508789062 -7733.8574218750 17 24 2_10.cif .01060256089979302744
.1748046874 -7733.8334960938 11 13 2_11.cif .00570502817796337685
.1767578124 -7733.8315429688 8 10 2_12.cif .00542358088926878187
.1840820312 -7733.8242187500 6 23 2_13.cif .00448634172832271147
.1967773437 -7733.8115234375 3 7 2_14.cif .00322906273625099258
.2138671874 -7733.7944335938 1 22 2_15.cif .00207407450508785530
.2158203124 -7733.7924804688 13 17 2_16.cif .00197175377540901442
.2329101562 -7733.7753906250 5 9 2_17.cif .00126648645731840521
.2348632812 -7733.7734375000 11 22 2_18.cif .00120400662926820688
.2368164062 -7733.7714843750 10 20 2_19.cif .00114460913098997304
.2558593750 -7733.7524414062 29 44 2_20.cif .00069892955135687601
.2573242187 -7733.7509765625 15 17 2_21.cif .00067290638584186371
.2578125000 -7733.7504882812 11 20 2_22.cif .00066444912092223685
.2929687500 -7733.7153320312 16 23 2_23.cif .00026728318299632324
.2934570312 -7733.7148437500 19 23 2_24.cif .00026392389814675650
.3071289062 -7733.7011718750 8 21 2_25.cif .00018521536544177484
.3305664062 -7733.6777343750 2 35 2_26.cif .00010092922731413208
.3867187500 -7733.6215820312 38 46 2_27.cif .00002356846927347899
.4033203124 -7733.6049804688 3 35 2_28.cif .00001533105937756208
.4096679687 -7733.5986328125 18 31 2_29.cif .00001300661337747626
.4516601562 -7733.5566406250 3 32 2_30.cif .00000438301828301695
.4692382812 -7733.5390625000 16 35 2_31.cif .00000277989398562160
.4731445312 -7733.5351562500 19 32 2_32.cif .00000251237746818372
.4775390624 -7733.5307617188 2 38 2_33.cif .00000224206721581297
.4785156250 -7733.5297851562 20 27 2_34.cif .00000218606359144394
.4848632812 -7733.5234375000 21 30 2_35.cif .00000185461965320889
.4897460937 -7733.5185546875 12 43 2_36.cif .00000163427703330504
.4926757812 -7733.5156250000 2 45 2_37.cif .00000151484490131135
.4965820312 -7733.5117187500 5 47 2_38.cif .00000136906738801286
.5087890624 -7733.4995117188 2 41 2_39.cif .00000099793412940150
.5102539062 -7733.4980468750 11 48 2_40.cif .00000096077815751349
.5117187500 -7733.4965820312 21 47 2_41.cif .00000092500560984784
.5659179687 -7733.4423828125 14 39 2_42.cif .00000022721158337474
.5795898437 -7733.4287109375 21 37 2_43.cif .00000015945155684218
.6704101562 -7733.3378906250 25 28 2_44.cif .00000001516861799686
.6791992187 -7733.3291015625 32 33 2_45.cif .00000001208018235387
.7509765624 -7733.2573242188 26 43 2_46.cif .00000000188197800480
.7724609374 -7733.2358398438 33 42 2_47.cif .00000000107876326987
.8247070312 -7733.1835937500 33 44 2_48.cif .00000000027873013395
.8559570312 -7733.1523437500 43 47 2_49.cif .00000000012406154088
1.0229492187 -7732.9853515625 9 55 2_50.cif .00000000000164081346
