    -7720.4082031250  1 12 18 20 32 44
    -7720.1025390625  5  8 13 22 25 37
    -7719.6850585938  4  9 15 23 27 39
    -7719.6850585938  4  9 15 23 35 47
    -7719.6245117188  5 13 22 25 37 46
    -7719.5654296875  5 13 22 25 34 46
    -7719.4272460938  5  8 22 25 34 46
    -7719.1738281250  5  8 22 25 37 46
    -7719.1401367188  1 12 18 20 32 42
    -7719.0263671875  6 14 24 26 38 48
    -7718.9697265625  4  9 15 35 39 47
    -7717.9868164062  3 10 21 29 33 41
    -7717.9584960938  3 10 21 33 41 45
    -7717.8320312500  6 14 24 36 38 48
    -7716.6547851562  6  7 14 18 36 48
    -7716.6479492188  3 10 21 22 29 41
    -7716.3505859375  5  8 13 20 25 37
    -7716.3027343750  5  8 13 25 37 49
    -7716.1777343750  3  4  9 15 35 39
    -7715.7255859375  3 10 22 29 33 41
    -7715.7177734375  5  8 20 25 37 46
    -7715.6049804688  3 10 15 29 33 41
    -7715.0146484375  5  8 13 25 30 37
    -7714.8168945312  8 13 22 25 30 37
    -7714.7294921875  1 12 20 24 32 42
    -7714.6860351562 13 22 25 30 34 37
    -7714.2387695312  6  7 14 18 26 48
    -7714.2001953125  6  7 14 18 24 48
    -7713.7050781250  5  8 20 25 37 41
    -7713.2998046875 13 22 25 33 37 46
    -7713.1196289062  1 12 24 32 42 60
    -7713.0380859375  5  8 20 25 37 44
    -7712.9941406250  3  4  9 15 21 35
    -7712.0102539062  3 10 15 29 33 58
    -7711.5253906250  5  8 20 30 37 44
    -7711.5219726562 13 22 25 33 37 53
    -7711.3339843750  1 12 14 24 42 60
    -7710.2998046875  1 12 24 34 42 60
    -7709.9311523438  1  2  3  4  5  6
    -7709.8945312500  1  2  3  4  6 22
    -7709.8627929688  2  6 14 21 24 36
    -7709.8300781250  1  2  3 12 14 24
    -7709.7773437500  6 16 20 21 22 23
    -7709.7470703125  4  8  9 16 27 35
    -7709.7114257812  1  3 10 15 23 27
    -7709.5556640625  2  3 12 14 24 48
    -7709.5498046875  2  3  4  5  6 30
    -7709.4428710938  5  7  9 10 12 28
    -7709.4291992188  3  4  5  6 19 30
    -7709.4194335938  3 12 14 24 38 48
    -7709.3940429688  5 15 22 25 33 37
    -7709.3886718750  2  6 15 20 21 23
    -7709.3623046875  6 15 20 21 22 23
    -7709.3461914062  1  5  7  9 10 28
    -7709.2792968750  1  4  5  7 10 28
    -7709.2670898438  1  4  5 10 14 28
    -7709.2260742188  2  6 15 21 23 37
    -7709.2153320312  3  4  5 19 30 48
    -7709.1826171875  1  4  5  7 10 31
    -7709.1762695312  1  5  8 13 20 46
    -7709.1450195312  1  2  3  4  5 23
    -7709.1171875000  1  2  3  5 23 44
    -7709.0483398438  6 15 21 22 23 28
    -7708.9985351562  3 15 20 23 41 45
    -7708.8027343750 12 19 23 25 29 48
    -7708.7583007812  6 21 22 23 28 47
