0 -7601.6342773438 1 2 3 4 5 6 7 9 10 15 16 18 19 20 21 22 23 24 25 28 30 41 46 23_1.cif 
.0322265626 -7601.6020507812 1 2 3 4 7 8 10 11 12 13 14 16 17 18 19 20 21 22 23 24 26 32 36 23_2.cif 
.1049804688 -7601.5292968750 1 2 4 5 6 7 9 10 11 13 14 17 18 20 21 22 23 24 27 28 29 34 40 23_3.cif 
.1333007813 -7601.5009765625 1 3 4 5 6 7 9 10 11 12 14 18 19 20 21 22 23 24 27 29 31 37 44 23_4.cif 
.1611328126 -7601.4731445312 1 2 4 5 7 8 9 10 11 12 15 16 18 20 21 22 23 24 27 37 38 45 48 23_5.cif 
.1665039063 -7601.4677734375 2 3 6 7 8 9 10 11 12 13 14 15 16 17 18 20 22 23 35 36 37 43 45 23_6.cif 
.2026367188 -7601.4316406250 1 3 5 6 7 8 9 10 11 12 14 16 17 18 19 22 23 27 29 31 39 42 44 23_7.cif 
.2045898438 -7601.4296875000 2 4 7 8 9 10 11 12 13 14 15 16 17 18 20 21 23 24 28 37 41 42 43 23_8.cif 
.2333984376 -7601.4008789062 1 3 4 5 6 8 9 10 11 15 16 17 18 19 20 21 22 24 26 28 30 32 42 23_9.cif 
.2358398438 -7601.3984375000 1 2 3 8 9 10 12 13 14 15 16 17 18 19 20 21 22 24 26 28 38 39 47 23_10.cif 
.2373046876 -7601.3969726562 1 2 3 4 5 6 8 9 10 11 12 14 15 16 18 20 21 22 25 26 39 40 42 23_11.cif 
.2739257813 -7601.3603515625 1 3 4 5 6 8 9 10 11 14 16 18 19 20 21 22 24 30 31 33 35 38 46 23_12.cif 
.2832031250 -7601.3510742188 1 2 6 7 9 10 11 13 15 16 17 18 19 20 21 22 24 27 32 36 42 46 47 23_13.cif 
.2949218750 -7601.3393554688 2 3 4 5 7 8 11 12 13 16 17 18 19 20 21 22 23 24 27 31 32 34 38 23_14.cif 
.2963867188 -7601.3378906250 1 4 5 9 10 11 12 14 15 17 19 20 21 22 23 24 25 26 33 36 37 40 44 23_15.cif 
.3022460938 -7601.3320312500 1 2 3 4 7 8 10 11 12 15 16 18 19 20 21 22 23 24 26 35 38 39 47 23_16.cif 
.3188476563 -7601.3154296875 1 2 3 4 5 6 8 9 12 13 14 15 19 20 21 22 23 24 32 34 36 40 43 23_17.cif 
.3227539063 -7601.3115234375 1 3 4 5 7 8 9 10 11 12 14 15 16 18 20 22 23 26 29 37 39 40 44 23_18.cif 
.3237304688 -7601.3105468750 1 2 3 4 5 10 11 12 14 15 16 18 19 20 21 22 23 24 25 28 31 38 46 23_19.cif 
.3251953126 -7601.3090820312 1 2 3 4 5 6 7 8 9 10 11 16 18 19 20 21 23 29 32 36 40 41 46 23_20.cif 
.3432617188 -7601.2910156250 2 3 4 7 8 9 10 11 12 16 17 18 20 21 22 23 24 27 28 34 35 38 46 23_21.cif 
.3559570313 -7601.2783203125 1 2 3 4 5 6 7 10 11 12 15 16 18 20 22 23 27 29 34 36 41 42 43 23_22.cif 
.3681640626 -7601.2661132812 1 2 3 4 5 7 8 9 12 14 15 17 18 19 21 22 23 24 27 33 36 38 44 23_23.cif 
.3706054688 -7601.2636718750 1 2 3 4 6 7 8 12 13 15 16 17 19 21 22 23 24 39 42 43 44 46 48 23_24.cif 
.3754882813 -7601.2587890625 1 2 3 4 5 6 7 9 10 11 12 15 16 17 18 19 20 24 26 28 31 33 37 23_25.cif 
.3793945313 -7601.2548828125 1 2 3 4 5 7 8 11 12 13 16 17 18 20 21 22 23 24 26 33 37 41 48 23_26.cif 
.3833007813 -7601.2509765625 1 2 3 5 8 9 11 12 14 15 18 19 20 21 22 23 24 26 34 38 41 42 45 23_27.cif 
.3852539063 -7601.2490234375 1 2 3 4 5 6 7 9 11 12 13 14 17 19 20 21 24 25 32 35 41 42 44 23_28.cif 
.3857421876 -7601.2485351562 1 4 5 6 7 9 10 12 13 15 16 18 19 21 22 23 24 25 28 29 30 40 48 23_29.cif 
.3901367188 -7601.2441406250 1 2 4 5 7 8 9 10 11 12 16 18 20 21 22 23 24 27 29 33 42 43 48 23_30.cif 
.3959960938 -7601.2382812500 5 6 7 8 9 10 12 13 14 15 16 17 19 22 23 24 27 28 29 30 32 41 44 23_31.cif 
.3984375000 -7601.2358398438 1 2 3 4 5 6 7 9 10 12 15 17 18 19 20 24 25 26 28 33 34 40 47 23_32.cif 
.3999023438 -7601.2343750000 1 2 4 5 6 9 11 13 15 16 17 18 19 20 21 22 23 27 29 32 36 42 46 23_33.cif 
.4018554688 -7601.2324218750 1 2 3 4 5 7 8 10 11 12 13 14 15 17 18 19 20 28 34 35 36 37 48 23_34.cif 
.4028320313 -7601.2314453125 1 3 4 5 6 9 10 11 12 15 17 18 19 20 23 24 25 26 28 36 37 41 44 23_35.cif 
.4140625000 -7601.2202148438 1 2 4 5 6 7 8 10 11 12 13 14 16 18 19 21 22 23 25 27 30 32 42 23_36.cif 
.4194335938 -7601.2148437500 1 5 6 7 8 9 10 11 12 14 16 17 18 20 21 22 23 25 33 35 39 40 46 23_37.cif 
.4228515626 -7601.2114257812 1 3 4 5 6 8 9 10 11 12 14 16 18 19 22 23 26 29 30 32 34 35 39 23_38.cif 
.4233398438 -7601.2109375000 1 2 4 5 7 8 10 11 12 13 14 15 16 17 18 21 22 23 25 27 34 44 47 23_39.cif 
.4252929688 -7601.2089843750 1 2 3 4 5 6 9 11 12 15 17 18 19 20 23 24 25 26 28 36 37 41 44 23_40.cif 
.4262695313 -7601.2080078125 1 2 3 4 5 6 11 12 14 16 17 20 21 22 23 24 26 29 34 37 39 43 44 23_41.cif 
.4267578126 -7601.2075195312 1 2 4 5 6 10 11 12 14 15 16 17 18 19 21 23 24 32 34 36 39 44 45 23_42.cif 
.4301757813 -7601.2041015625 1 2 3 5 7 8 9 10 11 12 13 15 17 19 20 23 24 25 28 33 38 42 46 23_43.cif 
.4384765626 -7601.1958007812 1 2 4 5 8 9 11 13 14 17 18 19 20 21 22 23 24 29 30 32 33 38 44 23_44.cif 
.4467773438 -7601.1875000000 1 2 4 5 7 8 9 10 11 12 14 16 20 22 23 24 33 34 36 37 41 42 45 23_45.cif 
.4497070313 -7601.1845703125 1 3 4 5 6 7 8 9 10 12 13 14 15 16 21 23 24 31 32 33 37 42 44 23_46.cif 
.4506835938 -7601.1835937500 1 2 3 7 8 11 13 14 15 16 17 18 20 21 22 23 24 27 29 31 39 41 48 23_47.cif 
.4511718750 -7601.1831054688 1 4 7 8 9 10 11 12 13 15 16 17 18 20 22 23 24 41 42 43 44 45 46 23_48.cif 
.4521484376 -7601.1821289062 1 2 4 7 8 9 10 11 12 15 17 18 19 21 22 24 27 29 30 34 37 38 43 23_49.cif 
.4526367188 -7601.1816406250 1 2 4 5 6 9 12 13 14 15 16 19 20 21 22 23 24 25 26 31 34 41 42 23_50.cif 
.4555664063 -7601.1787109375 1 2 4 5 7 8 9 11 12 14 15 16 17 18 19 21 22 27 31 32 38 45 46 23_51.cif 
.4570312500 -7601.1772460938 1 2 3 4 5 6 7 8 9 12 15 17 19 22 23 24 28 29 30 33 34 35 40 23_52.cif 
.4589843750 -7601.1752929688 3 5 6 7 8 9 10 11 12 13 14 15 17 18 19 23 24 25 30 32 42 43 44 23_53.cif 
.4619140626 -7601.1723632812 2 3 5 6 7 8 9 10 11 14 15 16 18 19 20 21 22 24 33 37 41 43 44 23_54.cif 
.4624023438 -7601.1718750000 1 3 5 8 9 10 12 14 16 17 18 19 20 21 22 23 24 35 38 39 42 43 47 23_55.cif 
.4633789063 -7601.1708984375 1 2 3 4 7 8 9 10 13 14 15 18 19 20 21 22 23 24 32 38 41 42 44 23_56.cif 
.4663085938 -7601.1679687500 1 2 3 5 6 7 8 9 12 13 14 15 17 18 19 21 22 23 24 30 31 34 49 23_57.cif 
.4741210938 -7601.1601562500 1 2 3 4 7 8 9 12 14 16 17 19 20 21 22 23 24 25 31 32 40 42 48 23_58.cif 
.4770507813 -7601.1572265625 1 2 3 4 5 6 8 11 13 15 16 17 19 20 21 22 24 26 34 35 38 40 42 23_59.cif 
.4775390626 -7601.1567382812 1 2 3 4 5 6 7 9 10 11 15 16 17 18 20 26 27 30 34 36 37 41 46 23_60.cif 
.4809570313 -7601.1533203125 1 2 3 5 8 10 11 14 15 17 18 19 20 21 22 23 24 27 30 31 41 44 48 23_61.cif 
.4814453126 -7601.1528320312 1 2 3 4 5 6 7 10 11 14 16 17 18 19 20 22 23 25 26 29 36 39 40 23_62.cif 
.4897460938 -7601.1445312500 1 3 5 7 8 9 11 12 13 14 16 18 19 20 21 22 23 30 33 36 38 40 41 23_63.cif 
.4907226563 -7601.1435546875 1 2 3 4 5 6 8 10 11 12 14 15 18 19 20 22 24 25 26 30 37 39 40 23_64.cif 
.4946289063 -7601.1396484375 1 2 3 4 6 9 10 12 16 17 18 19 20 21 22 23 24 26 30 34 37 40 42 23_65.cif 
.4956054688 -7601.1386718750 1 2 3 4 5 9 10 12 14 15 16 18 20 21 23 24 25 28 29 31 38 41 46 23_66.cif 
.4975585938 -7601.1367187500 1 2 5 7 8 9 10 11 17 18 19 20 21 22 23 24 27 34 36 37 39 41 42 23_67.cif 
.5053710938 -7601.1289062500 2 3 4 5 6 7 8 9 10 11 14 15 16 18 19 20 24 28 30 34 38 45 47 23_68.cif 
.5058593750 -7601.1284179688 1 2 3 5 6 8 9 10 11 14 15 16 17 18 19 22 24 27 37 43 44 46 48 23_69.cif 
.5063476563 -7601.1279296875 1 2 4 5 8 9 11 13 14 17 18 19 21 22 23 24 29 32 33 38 40 44 47 23_70.cif 
.5078125000 -7601.1264648438 1 3 5 7 8 9 10 13 15 16 18 19 20 21 23 24 26 27 29 30 33 34 40 23_71.cif 
.5122070313 -7601.1220703125 1 5 7 8 9 10 12 13 14 16 17 19 21 22 23 24 27 28 29 30 32 41 44 23_72.cif 
.5161132813 -7601.1181640625 1 2 3 4 5 6 8 9 11 14 15 17 18 19 20 22 26 36 39 41 42 46 47 23_73.cif 
.5214843750 -7601.1127929688 1 2 3 5 6 7 9 10 12 14 15 16 17 18 21 23 25 28 31 32 34 44 45 23_74.cif 
.5249023438 -7601.1093750000 1 2 3 4 5 6 8 9 11 12 13 16 18 22 23 24 26 29 33 39 41 44 48 23_75.cif 
.5273437500 -7601.1069335938 3 4 6 7 8 9 10 12 13 15 16 17 18 19 20 22 27 29 31 32 38 43 46 23_76.cif 
.5278320313 -7601.1064453125 1 2 3 4 5 9 10 11 13 14 16 17 18 20 23 24 26 31 32 34 36 39 40 23_77.cif 
.5302734376 -7601.1040039062 3 5 6 8 9 11 12 13 16 17 18 19 20 21 22 23 24 25 31 32 33 39 40 23_78.cif 
.5307617188 -7601.1035156250 1 3 4 5 6 8 11 13 14 15 17 18 19 20 21 22 23 25 28 31 36 41 46 23_79.cif 
.5341796876 -7601.1000976562 2 5 6 7 8 9 10 12 13 14 15 17 19 21 22 23 30 32 40 42 43 44 47 23_80.cif 
.5351562500 -7601.0991210938 1 2 3 4 5 6 7 8 9 10 11 14 17 18 19 21 25 26 27 33 42 43 44 23_81.cif 
.5375976563 -7601.0966796875 1 2 3 4 5 6 8 10 11 12 14 16 17 18 22 23 26 28 30 32 34 43 47 23_82.cif 
.5380859376 -7601.0961914062 1 2 3 4 5 6 8 9 10 12 13 14 15 17 18 19 21 24 25 27 40 44 50 23_83.cif 
.5385742188 -7601.0957031250 1 2 3 4 5 6 11 12 13 15 16 17 19 20 21 22 23 24 27 28 29 44 52 23_84.cif 
.5454101563 -7601.0888671875 1 2 4 5 6 8 9 10 11 12 13 14 16 17 18 23 24 27 34 39 44 45 46 23_85.cif 
.5502929688 -7601.0839843750 2 3 5 6 7 8 9 10 11 12 13 14 16 17 19 20 22 24 28 30 33 34 45 23_86.cif 
.5517578126 -7601.0825195312 1 4 5 6 8 9 10 11 12 13 14 16 17 19 21 22 23 25 29 31 32 47 48 23_87.cif 
.5522460938 -7601.0820312500 3 4 7 8 9 10 11 12 13 15 16 17 18 19 20 21 27 29 31 32 37 38 46 23_88.cif 
.5541992188 -7601.0800781250 1 4 5 6 7 8 10 11 12 14 15 16 17 18 21 23 25 26 27 29 32 38 44 23_89.cif 
.5556640626 -7601.0786132812 2 3 4 5 6 9 11 12 13 15 17 20 21 22 23 24 29 30 31 41 42 43 46 23_90.cif 
.5561523438 -7601.0781250000 1 2 3 4 5 6 7 10 11 13 17 18 20 22 23 24 26 30 37 39 40 41 47 23_91.cif 
.5590820313 -7601.0751953125 1 3 4 6 7 9 10 11 12 14 15 16 18 22 24 25 28 30 31 34 41 45 46 23_92.cif 
.5600585938 -7601.0742187500 1 4 5 7 9 10 11 12 14 16 18 19 20 21 22 23 26 29 32 36 39 40 45 23_93.cif 
.5620117188 -7601.0722656250 1 2 3 5 8 11 12 13 14 15 16 18 19 21 22 23 24 27 35 37 41 45 48 23_94.cif 
.5639648438 -7601.0703125000 1 2 3 4 5 8 10 11 14 15 17 18 19 21 23 24 26 28 30 32 44 45 47 23_95.cif 
.5644531250 -7601.0698242188 1 2 3 6 7 8 9 10 11 13 15 18 19 20 22 23 24 29 31 32 35 40 47 23_96.cif 
.5654296876 -7601.0688476562 1 2 3 4 5 7 8 9 11 12 14 17 18 20 21 23 28 32 34 36 37 43 48 23_97.cif 
.5673828126 -7601.0668945312 2 3 7 8 10 12 13 14 15 16 18 20 21 22 23 24 28 29 31 39 44 46 47 23_98.cif 
.5683593750 -7601.0659179688 1 3 4 5 6 8 9 10 11 13 18 19 20 21 22 23 24 25 28 33 34 38 43 23_99.cif 
.5688476563 -7601.0654296875 1 2 4 6 7 8 9 10 12 13 15 16 17 18 19 20 24 25 27 37 43 47 48 23_100.cif 
.5693359376 -7601.0649414062 1 2 3 4 5 7 10 13 15 16 18 19 20 21 22 24 27 34 35 40 41 42 46 23_101.cif 
.5703125000 -7601.0639648438 1 4 5 6 7 8 9 10 11 12 14 15 18 19 20 21 29 31 34 37 40 43 44 23_102.cif 
.5712890626 -7601.0629882812 1 2 3 8 9 10 11 12 13 15 16 17 18 21 22 24 25 26 34 36 39 43 47 23_103.cif 
.5727539063 -7601.0615234375 1 4 5 6 8 9 11 12 15 18 19 20 21 22 23 26 29 32 33 36 37 40 41 23_104.cif 
.5742187500 -7601.0600585938 1 2 3 4 5 6 7 8 10 12 13 15 16 18 19 20 23 32 35 37 42 45 46 23_105.cif 
.5751953126 -7601.0590820312 3 5 9 10 11 13 14 15 16 18 19 20 21 22 23 24 26 28 30 33 37 40 41 23_106.cif 
.5766601563 -7601.0576171875 1 2 3 4 6 7 8 11 12 13 14 15 16 18 20 22 23 26 31 33 36 37 47 23_107.cif 
.5825195313 -7601.0517578125 1 2 4 5 6 9 10 12 13 14 15 17 18 19 22 24 28 30 33 34 38 40 45 23_108.cif 
.5839843750 -7601.0502929688 1 2 3 5 7 8 9 12 13 15 16 18 19 20 23 24 26 27 29 30 33 35 43 23_109.cif 
.5854492188 -7601.0488281250 1 2 5 6 8 9 10 14 15 17 19 20 21 22 23 24 28 30 31 32 33 39 45 23_110.cif 
.5878906250 -7601.0463867188 1 3 4 5 7 8 9 10 11 12 14 15 17 18 19 20 24 28 29 34 35 40 58 23_111.cif 
.5888671876 -7601.0454101562 1 4 7 9 10 11 12 13 15 16 17 18 19 20 21 22 26 29 35 36 37 41 47 23_112.cif 
.5903320313 -7601.0439453125 2 5 6 7 9 10 12 15 16 17 18 19 21 22 23 24 25 29 30 31 35 43 44 23_113.cif 
.5942382813 -7601.0400390625 1 2 3 5 6 7 8 9 10 11 12 15 16 17 18 19 20 23 26 27 33 39 50 23_114.cif 
.5957031250 -7601.0385742188 1 2 3 4 5 6 7 8 9 11 12 15 16 18 19 20 27 30 33 34 36 37 38 23_115.cif 
.5971679688 -7601.0371093750 2 3 5 6 7 8 9 12 13 14 16 18 19 20 21 23 24 29 31 35 38 39 41 23_116.cif 
.5991210938 -7601.0351562500 1 2 3 4 5 6 9 10 12 15 16 18 20 22 23 24 26 28 34 35 37 38 48 23_117.cif 
.6010742188 -7601.0332031250 3 4 5 7 8 9 10 11 13 14 18 19 20 21 22 24 29 31 34 36 40 41 44 23_118.cif 
.6049804688 -7601.0292968750 1 2 3 4 6 7 8 9 10 11 12 14 15 17 19 20 26 33 34 39 40 44 47 23_119.cif 
.6074218750 -7601.0268554688 2 3 5 6 7 9 11 12 13 14 17 18 19 21 22 23 25 30 34 35 42 43 44 23_120.cif 
.6093750000 -7601.0249023438 1 2 3 4 6 7 9 10 11 12 13 14 15 18 20 21 24 29 34 37 40 47 49 23_121.cif 
.6103515626 -7601.0239257812 1 2 3 4 5 6 8 9 10 11 12 13 15 17 18 21 22 34 35 36 39 40 47 23_122.cif 
.6123046876 -7601.0219726562 1 2 3 5 6 7 8 9 12 13 14 15 16 18 19 21 24 29 35 39 41 44 47 23_123.cif 
.6142578126 -7601.0200195312 2 4 5 6 12 14 15 16 17 18 19 20 21 22 24 25 27 29 32 33 37 45 47 23_124.cif 
.6176757813 -7601.0166015625 1 3 4 5 7 8 9 10 11 12 14 18 19 20 21 24 26 33 34 35 36 43 45 23_125.cif 
.6196289063 -7601.0146484375 3 4 5 6 8 9 13 14 15 17 18 19 20 21 22 24 28 30 32 33 39 42 43 23_126.cif 
.6215820313 -7601.0126953125 1 2 3 4 5 7 8 10 11 14 15 17 18 19 20 21 29 32 36 37 39 44 47 23_127.cif 
.6259765626 -7601.0083007812 2 5 6 8 9 10 11 12 13 14 15 16 20 21 23 24 25 27 28 30 33 42 47 23_128.cif 
.6274414063 -7601.0068359375 1 2 3 5 6 7 8 9 10 11 16 18 20 21 22 24 26 30 33 34 35 37 41 23_129.cif 
.6279296876 -7601.0063476562 1 2 3 4 5 9 10 11 12 15 16 19 20 21 22 24 25 28 35 36 37 45 48 23_130.cif 
.6352539063 -7600.9990234375 1 2 3 7 8 9 10 11 12 14 16 18 21 22 24 26 27 30 34 35 39 42 45 23_131.cif 
.6357421876 -7600.9985351562 3 4 5 7 8 9 10 11 12 14 16 17 18 19 22 23 30 31 38 41 45 46 47 23_132.cif 
.6376953126 -7600.9965820312 1 2 3 5 7 8 9 10 11 12 13 15 19 20 23 24 25 28 33 38 42 45 47 23_133.cif 
.6401367188 -7600.9941406250 1 2 6 7 8 9 10 12 13 15 16 17 18 20 21 23 24 25 27 31 34 35 53 23_134.cif 
.6406250000 -7600.9936523438 1 6 7 9 10 11 12 13 15 16 17 19 20 21 22 23 28 31 32 33 37 44 48 23_135.cif 
.6416015626 -7600.9926757812 1 3 4 7 8 9 10 11 13 14 16 17 18 19 21 25 26 27 31 34 36 42 47 23_136.cif 
.6420898438 -7600.9921875000 1 2 3 4 5 6 8 9 10 11 12 14 16 18 20 23 27 29 30 35 36 41 44 23_137.cif 
.6440429688 -7600.9902343750 1 2 3 4 5 6 7 8 9 14 15 20 21 22 24 27 28 30 40 42 43 44 45 23_138.cif 
.6474609376 -7600.9868164062 1 2 3 4 5 6 8 9 11 12 13 14 15 17 19 22 24 28 33 34 35 41 46 23_139.cif 
.6552734376 -7600.9790039062 3 5 8 13 14 15 16 17 18 19 20 21 22 23 24 26 27 28 30 31 32 47 48 23_140.cif 
.6557617188 -7600.9785156250 2 3 4 5 6 7 8 9 10 11 13 15 16 18 19 20 21 22 25 32 42 43 60 23_141.cif 
.6572265626 -7600.9770507812 1 2 4 5 6 8 9 10 11 12 17 18 19 21 22 24 27 28 29 30 34 37 45 23_142.cif 
.6596679688 -7600.9746093750 1 2 3 4 5 6 10 11 12 14 16 17 18 21 22 24 27 30 32 33 35 40 43 23_143.cif 
.6625976563 -7600.9716796875 1 2 3 4 5 6 7 10 11 13 14 16 18 20 22 23 29 30 37 44 45 46 47 23_144.cif 
.6660156250 -7600.9682617188 2 3 4 6 10 12 13 14 16 17 18 19 20 21 22 23 35 38 42 43 46 47 48 23_145.cif 
.6669921876 -7600.9672851562 1 3 5 6 7 11 13 14 15 16 17 18 19 20 21 22 23 24 28 29 30 38 59 23_146.cif 
.6684570313 -7600.9658203125 1 2 3 4 6 7 10 13 15 16 18 20 21 22 23 24 25 26 30 31 40 46 49 23_147.cif 
.6694335938 -7600.9648437500 1 3 6 8 9 10 11 14 15 16 17 18 20 23 24 25 28 29 30 32 36 37 47 23_148.cif 
.6787109376 -7600.9555664062 1 2 3 4 6 8 9 11 14 17 19 21 22 23 24 28 32 33 34 36 42 46 47 23_149.cif 
.6791992188 -7600.9550781250 1 2 3 4 7 8 9 12 13 14 16 17 18 19 21 23 29 32 33 37 38 40 46 23_150.cif 
.6801757813 -7600.9541015625 3 4 5 7 9 10 11 12 14 15 16 17 18 20 22 23 26 28 32 33 38 42 43 23_151.cif 
.6845703126 -7600.9497070312 4 5 6 7 9 10 11 12 13 15 16 17 18 19 21 24 25 26 27 28 30 47 48 23_152.cif 
.6865234376 -7600.9477539062 2 3 4 8 9 11 13 16 17 18 20 21 22 23 24 26 31 32 34 36 37 38 39 23_153.cif 
.6879882813 -7600.9462890625 1 2 3 6 7 10 11 12 13 16 17 19 20 21 22 23 24 32 35 38 40 45 47 23_154.cif 
.6884765626 -7600.9458007812 1 2 3 5 6 9 10 12 13 14 15 16 18 20 21 22 23 24 29 31 36 45 50 23_155.cif 
.6889648438 -7600.9453125000 2 3 4 5 6 8 9 10 11 14 16 17 18 20 22 23 24 27 29 33 35 38 48 23_156.cif 
.6943359376 -7600.9399414062 1 2 3 4 6 7 9 11 12 14 17 19 20 21 22 24 25 35 37 39 40 44 53 23_157.cif 
.6948242188 -7600.9394531250 1 3 4 5 6 7 10 11 12 14 18 19 20 22 24 25 26 27 31 37 39 45 46 23_158.cif 
.7006835938 -7600.9335937500 1 3 4 5 6 7 8 9 11 12 13 14 16 19 22 23 25 27 28 29 30 47 48 23_159.cif 
.7011718750 -7600.9331054688 1 3 4 5 6 7 9 10 15 16 17 18 20 22 23 24 27 29 30 31 32 37 41 23_160.cif 
.7016601563 -7600.9326171875 1 2 3 5 6 10 12 13 14 15 16 18 19 20 23 26 27 36 37 41 43 46 47 23_161.cif 
.7021484376 -7600.9321289062 1 2 3 4 5 7 8 9 10 11 13 15 18 19 21 24 31 32 40 41 42 45 47 23_162.cif 
.7041015626 -7600.9301757812 1 2 4 5 6 8 10 11 12 14 15 16 18 20 23 29 31 32 33 36 37 45 47 23_163.cif 
.7045898438 -7600.9296875000 1 2 3 4 5 6 10 11 12 13 16 17 19 20 21 25 32 35 36 37 42 46 47 23_164.cif 
.7094726563 -7600.9248046875 1 2 4 8 9 10 11 12 14 16 17 18 19 20 22 24 27 29 31 34 39 41 44 23_165.cif 
.7119140626 -7600.9223632812 1 2 3 4 6 8 9 15 16 17 18 20 21 22 23 25 26 30 31 38 41 45 46 23_166.cif 
.7133789063 -7600.9208984375 1 2 3 4 5 6 8 9 12 15 16 18 21 22 24 26 27 28 32 33 40 41 44 23_167.cif 
.7143554688 -7600.9199218750 1 2 6 7 10 11 12 13 15 16 17 18 20 22 24 25 27 28 29 30 33 37 42 23_168.cif 
.7172851563 -7600.9169921875 2 3 7 11 12 13 14 15 16 17 18 19 21 22 23 24 25 26 27 34 35 40 41 23_169.cif 
.7182617188 -7600.9160156250 1 5 7 8 9 10 11 13 15 16 17 18 20 23 24 30 31 34 36 39 41 43 46 23_170.cif 
.7192382813 -7600.9150390625 1 4 5 6 8 9 10 11 13 14 16 19 21 23 24 29 30 31 32 40 41 42 44 23_171.cif 
.7197265626 -7600.9145507812 1 5 6 7 9 11 12 14 15 16 17 18 19 21 22 24 35 37 39 40 42 44 47 23_172.cif 
.7231445313 -7600.9111328125 4 5 7 8 9 10 12 14 16 17 18 19 20 21 22 23 27 34 38 39 40 41 45 23_173.cif 
.7255859376 -7600.9086914062 1 2 3 4 5 6 7 11 12 13 14 15 16 18 20 22 25 26 37 40 44 45 47 23_174.cif 
.7260742188 -7600.9082031250 1 4 7 8 9 10 11 12 14 15 16 17 19 21 23 24 26 34 36 37 40 42 48 23_175.cif 
.7275390626 -7600.9067382812 2 3 4 7 10 11 12 13 15 17 18 19 20 22 23 24 27 28 29 32 34 39 44 23_176.cif 
.7348632813 -7600.8994140625 2 4 5 6 7 9 10 12 15 16 18 19 21 22 23 25 31 32 33 34 44 45 48 23_177.cif 
.7353515626 -7600.8989257812 1 2 3 5 6 7 9 11 13 14 15 16 21 22 23 24 28 30 34 35 40 42 47 23_178.cif 
.7358398438 -7600.8984375000 4 6 7 8 12 14 15 16 17 18 19 20 21 22 23 25 26 28 29 32 34 36 43 23_179.cif 
.7377929688 -7600.8964843750 2 3 5 6 7 9 13 14 17 18 19 21 22 23 24 30 32 33 34 35 40 42 45 23_180.cif 
.7397460938 -7600.8945312500 1 2 4 5 6 10 11 12 14 16 17 18 19 21 23 24 32 33 37 38 39 41 44 23_181.cif 
.7456054688 -7600.8886718750 1 2 3 4 5 6 9 11 17 18 19 20 22 23 25 26 28 29 33 34 37 44 48 23_182.cif 
.7470703126 -7600.8872070312 1 2 3 4 5 7 8 14 16 18 19 20 21 22 23 27 31 36 37 41 44 45 48 23_183.cif 
.7480468750 -7600.8862304688 2 5 6 7 9 11 12 13 14 17 19 20 21 22 24 25 28 30 32 33 34 40 47 23_184.cif 
.7495117188 -7600.8847656250 1 2 4 5 6 9 10 12 14 16 18 21 22 23 24 27 28 29 30 37 45 46 48 23_185.cif 
.7519531250 -7600.8823242188 1 2 3 4 5 6 7 8 9 10 12 14 16 17 18 19 23 30 32 35 37 45 57 23_186.cif 
.7524414063 -7600.8818359375 1 2 3 6 7 8 9 10 12 13 15 16 21 23 27 29 31 32 34 38 40 42 46 23_187.cif 
.7534179688 -7600.8808593750 3 4 5 6 7 8 9 14 15 18 19 20 21 22 24 25 28 30 33 40 43 44 47 23_188.cif 
.7548828126 -7600.8793945312 1 2 4 7 8 9 10 11 13 14 16 17 18 20 21 22 24 27 29 32 41 42 52 23_189.cif 
.7558593750 -7600.8784179688 1 2 3 4 7 8 9 10 11 14 17 19 20 21 22 23 24 25 32 34 43 47 51 23_190.cif 
.7563476563 -7600.8779296875 1 2 4 5 7 8 9 11 12 14 16 17 18 21 22 23 24 25 31 36 41 42 60 23_191.cif 
.7583007813 -7600.8759765625 3 4 5 6 9 10 13 14 16 18 19 20 21 23 24 26 29 31 32 36 37 40 41 23_192.cif 
.7587890626 -7600.8754882812 1 2 3 4 6 8 9 10 15 16 17 18 19 20 22 23 28 34 40 41 44 45 48 23_193.cif 
.7626953126 -7600.8715820312 3 5 8 9 10 11 12 14 16 17 18 19 20 22 23 24 26 27 36 37 45 47 57 23_194.cif 
.7631835938 -7600.8710937500 1 2 3 7 8 9 10 11 12 13 14 15 17 19 20 21 22 23 26 30 32 41 53 23_195.cif 
.7641601563 -7600.8701171875 1 2 3 4 6 7 8 9 10 12 13 15 16 17 20 21 25 29 30 35 39 40 42 23_196.cif 
.7656250000 -7600.8686523438 1 2 3 5 6 7 8 9 11 12 14 15 17 19 23 28 29 30 40 44 45 47 48 23_197.cif 
.7690429688 -7600.8652343750 1 2 3 4 5 6 7 8 10 14 16 17 19 22 23 32 35 41 42 44 45 46 48 23_198.cif 
.7709960938 -7600.8632812500 1 2 3 4 7 8 9 12 14 15 16 17 18 19 22 28 32 36 37 41 43 46 47 23_199.cif 
.7719726563 -7600.8623046875 2 3 6 8 9 10 11 12 14 16 17 18 19 20 22 25 26 27 33 37 39 42 48 23_200.cif 
.7724609376 -7600.8618164062 1 2 3 4 5 6 7 10 11 16 17 18 20 22 23 26 29 34 41 42 43 47 48 23_201.cif 
.7729492188 -7600.8613281250 1 2 5 8 9 10 11 12 14 15 17 19 20 22 23 25 28 29 30 36 38 45 47 23_202.cif 
.7749023438 -7600.8593750000 1 4 5 6 9 10 11 13 14 16 17 19 21 23 24 25 32 35 36 42 43 44 46 23_203.cif 
.7763671876 -7600.8579101562 1 2 3 4 7 10 11 12 13 15 18 20 21 23 24 28 29 34 35 38 43 44 46 23_204.cif 
.7792968750 -7600.8549804688 1 5 6 7 8 9 10 11 12 16 17 19 20 21 23 24 25 32 36 38 40 43 47 23_205.cif 
.7846679688 -7600.8496093750 1 2 3 4 5 6 7 9 10 11 15 18 20 22 23 25 28 30 31 34 35 39 46 23_206.cif 
.7856445313 -7600.8486328125 1 2 3 5 6 9 13 14 15 18 19 20 21 23 24 29 30 31 33 34 37 38 46 23_207.cif 
.7875976563 -7600.8466796875 3 4 5 6 7 9 10 11 12 13 14 15 17 18 19 20 21 26 27 32 35 45 47 23_208.cif 
.7939453126 -7600.8403320312 1 3 4 6 8 9 11 12 13 17 18 19 21 22 23 24 25 26 30 32 36 46 47 23_209.cif 
.7963867188 -7600.8378906250 1 2 3 4 5 6 7 10 11 13 15 17 20 21 23 26 27 32 33 40 44 46 47 23_210.cif 
.7993164063 -7600.8349609375 5 6 7 8 9 10 11 12 15 18 19 20 21 22 23 26 32 35 36 37 41 43 46 23_211.cif 
.8002929688 -7600.8339843750 2 4 6 8 11 12 13 14 15 16 17 18 19 20 21 23 27 35 38 45 46 47 48 23_212.cif 
.8017578126 -7600.8325195312 1 2 3 6 7 8 9 10 11 14 17 18 21 22 23 26 28 30 35 38 39 42 47 23_213.cif 
.8032226563 -7600.8310546875 1 3 4 6 7 9 10 11 12 14 16 17 18 19 20 21 22 25 28 29 32 35 52 23_214.cif 
.8041992188 -7600.8300781250 2 3 4 5 6 7 8 9 10 11 12 15 18 21 22 27 29 30 32 34 36 44 46 23_215.cif 
.8046875000 -7600.8295898438 1 2 3 8 9 10 11 14 15 16 17 18 19 20 21 23 24 26 38 39 44 46 56 23_216.cif 
.8061523438 -7600.8281250000 1 2 3 4 6 7 8 10 11 12 13 18 20 22 26 28 29 35 39 41 43 46 48 23_217.cif 
.8066406250 -7600.8276367188 1 4 5 6 8 10 11 14 15 16 18 19 21 22 23 32 33 34 38 42 45 46 47 23_218.cif 
.8071289063 -7600.8271484375 1 2 3 5 6 9 13 14 15 16 18 19 21 23 24 27 28 29 31 32 34 38 46 23_219.cif 
.8081054688 -7600.8261718750 1 2 5 7 8 10 11 13 14 18 19 20 21 22 23 24 26 29 33 34 35 42 44 23_220.cif 
.8115234376 -7600.8227539062 1 4 6 9 10 13 14 15 16 17 18 19 20 21 22 30 32 33 34 37 40 43 45 23_221.cif 
.8134765626 -7600.8208007812 1 2 3 4 7 8 11 14 15 18 19 21 22 23 24 27 31 34 36 41 42 43 46 23_222.cif 
.8144531250 -7600.8198242188 1 3 4 5 6 9 10 11 13 14 18 19 20 21 22 24 25 28 32 33 38 39 52 23_223.cif 
.8149414063 -7600.8193359375 2 3 4 6 7 8 9 11 12 13 14 17 21 22 24 25 28 30 35 38 39 40 46 23_224.cif 
.8208007813 -7600.8134765625 1 2 5 6 7 9 10 14 16 18 20 21 22 23 24 25 27 32 33 38 39 40 46 23_225.cif 
.8237304688 -7600.8105468750 1 2 3 4 6 7 8 11 12 13 17 18 20 23 25 27 28 33 34 36 38 39 41 23_226.cif 
.8247070313 -7600.8095703125 1 4 8 9 10 11 12 16 17 19 20 21 22 23 24 25 26 29 35 36 37 41 43 23_227.cif 
.8281250000 -7600.8061523438 2 4 6 7 8 9 10 13 14 16 17 19 21 22 23 24 28 29 30 31 32 37 43 23_228.cif 
.8286132813 -7600.8056640625 2 4 5 7 10 11 14 15 16 18 19 20 21 22 23 26 32 35 37 39 41 46 48 23_229.cif 
.8291015626 -7600.8051757812 1 2 3 4 6 9 10 16 17 18 19 20 22 23 25 26 27 29 31 36 37 40 46 23_230.cif 
.8310546876 -7600.8032226562 1 2 4 5 6 7 8 11 12 13 15 17 18 19 20 26 29 34 36 37 41 45 48 23_231.cif 
.8334960938 -7600.8007812500 1 2 3 4 5 6 10 13 16 17 18 19 20 22 24 26 27 36 40 44 45 46 48 23_232.cif 
.8354492188 -7600.7988281250 2 3 4 5 6 7 8 10 11 12 13 14 19 20 23 24 29 30 31 34 38 40 44 23_233.cif 
.8364257813 -7600.7978515625 1 2 4 5 7 9 10 12 13 14 15 17 18 22 23 25 28 33 34 36 39 43 45 23_234.cif 
.8378906250 -7600.7963867188 1 2 3 4 5 7 9 10 11 12 13 16 18 19 20 25 27 30 36 41 42 44 45 23_235.cif 
.8393554688 -7600.7949218750 1 2 3 4 5 6 7 8 10 13 14 16 19 22 23 32 35 41 42 44 45 46 48 23_236.cif 
.8398437500 -7600.7944335938 2 3 5 6 9 10 11 12 14 17 18 19 20 22 24 27 29 33 34 36 37 44 46 23_237.cif 
.8413085938 -7600.7929687500 1 3 6 7 8 10 11 13 14 15 16 18 21 22 23 27 30 31 32 40 41 42 47 23_238.cif 
.8427734376 -7600.7915039062 1 3 6 7 8 11 13 15 16 18 20 21 22 23 24 27 29 31 39 41 42 44 48 23_239.cif 
.8432617188 -7600.7910156250 1 3 4 5 8 9 10 11 12 14 16 18 19 20 21 22 25 27 28 30 31 44 45 23_240.cif 
.8442382813 -7600.7900390625 1 3 4 5 6 7 9 10 11 12 15 16 18 20 22 23 27 29 33 36 37 44 60 23_241.cif 
.8461914063 -7600.7880859375 1 2 3 4 6 7 8 9 11 12 16 18 20 21 23 26 29 32 33 34 38 42 43 23_242.cif 
.8466796876 -7600.7875976562 1 2 3 5 6 7 8 9 10 11 13 15 16 19 21 23 25 27 30 32 36 41 51 23_243.cif 
.8471679688 -7600.7871093750 2 3 5 6 8 9 10 11 12 14 17 19 20 23 24 26 32 37 38 39 40 45 46 23_244.cif 
.8476562500 -7600.7866210938 1 2 3 4 7 8 10 12 13 14 15 16 18 19 22 23 24 30 35 37 41 42 56 23_245.cif 
.8481445313 -7600.7861328125 1 2 3 4 7 8 10 11 12 15 16 18 20 21 24 27 28 29 34 39 40 42 46 23_246.cif 
.8500976563 -7600.7841796875 1 2 3 6 8 10 14 15 16 17 18 19 20 22 23 26 32 34 35 41 44 45 47 23_247.cif 
.8564453126 -7600.7778320312 4 7 8 9 10 11 12 14 16 17 19 20 22 23 24 26 27 29 33 37 44 45 47 23_248.cif 
.8579101563 -7600.7763671875 1 2 3 4 5 6 7 8 11 15 16 17 18 20 22 23 27 36 37 40 44 45 51 23_249.cif 
.8588867188 -7600.7753906250 1 5 6 9 10 13 14 15 16 17 18 19 20 21 22 23 30 32 33 37 41 43 45 23_250.cif 
.8608398438 -7600.7734375000 1 2 6 7 8 9 11 12 16 17 19 20 22 23 24 25 29 30 32 33 36 38 42 23_251.cif 
.8618164063 -7600.7724609375 1 2 3 4 5 6 9 10 11 12 15 17 19 21 22 23 25 31 32 34 40 43 48 23_252.cif 
.8623046876 -7600.7719726562 1 2 6 7 8 11 14 15 16 17 18 20 21 22 27 30 31 32 34 35 37 41 46 23_253.cif 
.8657226563 -7600.7685546875 1 2 3 4 5 6 7 8 9 15 16 17 20 21 24 27 29 31 32 34 36 45 47 23_254.cif 
.8662109376 -7600.7680664062 1 2 3 5 6 9 11 12 13 17 18 19 21 22 23 26 29 30 32 38 44 46 47 23_255.cif 
.8681640626 -7600.7661132812 1 2 3 6 7 8 9 10 11 12 14 15 18 19 20 22 25 28 29 37 46 48 49 23_256.cif 
.8701171876 -7600.7641601562 7 8 9 11 12 13 15 16 17 18 20 21 23 24 25 30 31 32 33 36 37 43 48 23_257.cif 
.8715820313 -7600.7626953125 1 3 4 5 6 7 9 10 12 14 15 16 17 18 19 25 26 30 34 36 37 42 46 23_258.cif 
.8720703126 -7600.7622070312 3 5 6 7 8 9 10 11 12 15 16 18 20 23 27 28 29 34 35 36 37 44 45 23_259.cif 
.8725585938 -7600.7617187500 1 3 4 5 6 7 10 11 12 13 15 20 22 23 24 27 28 33 36 38 40 41 45 23_260.cif 
.8730468750 -7600.7612304688 1 3 5 6 7 8 10 11 12 13 14 15 16 19 21 22 23 34 39 40 42 48 56 23_261.cif 
.8740234376 -7600.7602539062 1 3 6 7 9 10 11 14 15 16 17 18 19 22 24 27 28 29 30 32 36 37 41 23_262.cif 
.8764648438 -7600.7578125000 4 5 6 7 8 10 11 12 13 14 16 18 19 21 22 23 28 33 36 37 42 47 48 23_263.cif 
.8784179688 -7600.7558593750 1 2 3 4 7 9 10 14 15 16 18 20 21 23 24 28 30 32 34 35 36 39 46 23_264.cif 
.8789062500 -7600.7553710938 2 5 7 9 10 11 12 13 14 15 16 18 20 21 23 24 28 29 30 34 35 48 55 23_265.cif 
.8793945313 -7600.7548828125 2 3 5 6 9 11 12 14 15 16 17 20 21 22 23 24 25 31 32 33 35 36 57 23_266.cif 
.8803710938 -7600.7539062500 1 3 4 5 6 8 9 11 12 13 15 18 19 21 24 26 29 33 34 36 44 46 47 23_267.cif 
.8818359376 -7600.7524414062 1 3 4 5 6 7 11 13 15 16 18 20 21 23 25 26 27 28 33 39 43 45 46 23_268.cif 
.8828125000 -7600.7514648438 1 2 3 4 6 9 10 11 12 13 14 17 21 22 24 25 31 33 34 37 39 43 46 23_269.cif 
.8837890626 -7600.7504882812 1 3 4 5 6 7 8 12 13 16 19 20 21 22 23 24 27 29 32 34 36 44 48 23_270.cif 
.8876953126 -7600.7465820312 4 5 6 9 11 12 14 15 16 19 20 22 23 24 25 26 29 31 33 34 37 41 42 23_271.cif 
.8920898438 -7600.7421875000 1 2 3 4 6 8 9 10 12 13 18 19 21 22 24 28 32 33 34 38 40 41 47 23_272.cif 
.8955078126 -7600.7387695312 1 3 4 6 9 11 14 18 19 20 21 22 23 24 29 32 33 34 36 40 43 45 46 23_273.cif 
.8979492188 -7600.7363281250 2 3 5 6 7 8 10 12 14 15 16 18 19 20 21 22 23 33 37 41 42 43 54 23_274.cif 
.8994140626 -7600.7348632812 3 4 7 9 10 11 12 14 16 18 19 20 21 22 23 28 29 34 37 39 40 41 42 23_275.cif 
.9023437500 -7600.7319335938 3 5 8 9 10 11 12 14 15 16 19 20 23 24 26 30 33 34 38 39 41 43 48 23_276.cif 
.9038085938 -7600.7304687500 1 3 4 5 6 10 11 12 14 15 16 17 18 19 20 21 22 24 37 39 41 50 52 23_277.cif 
.9067382813 -7600.7275390625 2 3 4 7 8 9 10 12 13 15 16 17 18 21 23 26 29 30 35 37 40 43 46 23_278.cif 
.9077148438 -7600.7265625000 1 2 3 4 8 9 10 11 12 13 14 16 19 20 21 23 24 25 30 35 39 46 60 23_279.cif 
.9082031250 -7600.7260742188 3 4 5 8 10 11 12 13 15 16 17 18 19 20 21 22 26 27 36 38 47 48 51 23_280.cif 
.9086914063 -7600.7255859375 1 4 5 6 7 10 11 12 13 15 16 18 19 20 21 24 25 28 32 35 40 42 48 23_281.cif 
.9096679688 -7600.7246093750 1 2 5 6 7 8 9 10 12 14 15 16 20 21 22 24 25 26 27 29 37 45 48 23_282.cif 
.9101562500 -7600.7241210938 1 2 3 4 5 7 9 10 11 12 13 17 18 19 21 22 23 38 39 40 41 48 53 23_283.cif 
.9116210938 -7600.7226562500 2 3 5 7 9 11 13 15 17 18 20 22 23 24 25 26 29 32 36 37 41 43 45 23_284.cif 
.9130859376 -7600.7211914062 1 6 7 8 10 11 13 15 17 18 20 21 22 23 24 27 30 34 36 37 42 43 46 23_285.cif 
.9150390626 -7600.7192382812 1 2 3 5 6 7 8 9 10 11 13 14 16 21 22 27 28 34 38 42 44 46 47 23_286.cif 
.9155273438 -7600.7187500000 1 2 3 4 5 6 7 9 11 13 15 18 19 20 21 23 27 30 32 34 36 37 49 23_287.cif 
.9160156250 -7600.7182617188 1 2 3 4 5 6 8 10 11 12 13 16 17 18 19 21 23 24 30 36 40 45 55 23_288.cif 
.9169921876 -7600.7172851562 1 2 3 5 6 8 12 15 17 18 19 20 22 23 24 26 31 34 38 39 43 45 48 23_289.cif 
.9174804688 -7600.7167968750 1 3 5 6 7 8 9 10 11 14 16 20 22 23 27 29 30 34 37 39 40 42 44 23_290.cif 
.9184570313 -7600.7158203125 1 2 4 5 6 7 8 9 10 12 13 14 16 23 28 29 32 34 36 40 41 44 46 23_291.cif 
.9213867188 -7600.7128906250 1 4 5 6 8 9 10 11 12 13 14 15 16 18 19 21 22 26 30 39 42 44 58 23_292.cif 
.9243164063 -7600.7099609375 1 2 3 5 7 8 9 13 14 15 16 17 18 22 23 32 35 36 40 41 45 46 47 23_293.cif 
.9257812500 -7600.7084960938 1 2 3 4 7 10 11 15 16 17 18 19 20 22 23 26 36 37 40 42 44 46 48 23_294.cif 
.9282226563 -7600.7060546875 1 4 5 7 10 11 15 16 18 19 20 21 22 23 25 26 27 28 34 35 38 41 44 23_295.cif 
.9287109376 -7600.7055664062 2 4 6 7 8 9 10 12 13 14 16 17 18 19 21 22 25 27 32 37 39 40 51 23_296.cif 
.9301757813 -7600.7041015625 3 6 7 9 10 12 13 14 15 16 17 18 19 22 27 28 30 33 34 35 39 40 45 23_297.cif 
.9311523438 -7600.7031250000 1 3 4 7 9 12 13 14 15 16 18 19 20 21 24 25 28 31 32 37 39 44 46 23_298.cif 
.9326171876 -7600.7016601562 1 2 6 7 8 9 10 12 13 14 15 16 17 18 19 22 25 26 29 39 41 44 54 23_299.cif 
.9331054688 -7600.7011718750 1 2 3 6 7 15 16 17 18 19 20 21 22 23 24 25 27 28 29 30 32 38 59 23_300.cif 
.9340820313 -7600.7001953125 1 2 4 6 8 9 10 11 13 15 16 17 19 21 24 26 30 32 35 38 41 42 44 23_301.cif 
.9350585938 -7600.6992187500 1 3 4 5 8 9 11 12 15 16 17 18 19 20 22 27 30 32 33 36 38 39 46 23_302.cif 
.9365234376 -7600.6977539062 2 3 5 6 7 9 11 14 16 19 20 21 22 23 25 27 28 30 32 33 37 39 44 23_303.cif 
.9370117188 -7600.6972656250 2 7 9 10 14 15 16 17 18 19 20 22 23 24 25 28 29 30 31 32 37 39 48 23_304.cif 
.9394531250 -7600.6948242188 4 6 7 9 10 11 12 13 17 18 20 21 23 24 26 31 33 34 39 40 42 45 46 23_305.cif 
.9404296876 -7600.6938476562 1 2 3 4 5 6 7 10 11 12 15 17 19 20 21 23 28 30 34 37 45 46 53 23_306.cif 
.9418945313 -7600.6923828125 2 3 4 5 7 9 12 16 17 18 19 20 22 23 25 26 29 31 32 33 35 45 48 23_307.cif 
.9433593750 -7600.6909179688 1 2 3 4 5 7 8 9 11 12 13 17 18 19 20 23 26 34 36 39 42 48 55 23_308.cif 
.9467773438 -7600.6875000000 4 7 8 9 10 11 14 15 17 18 20 21 23 24 27 28 29 32 34 37 38 40 43 23_309.cif 
.9472656250 -7600.6870117188 2 3 4 5 6 7 8 12 13 14 15 18 19 20 23 25 29 30 33 35 37 40 48 23_310.cif 
.9501953126 -7600.6840820312 3 4 5 7 9 11 12 13 14 15 17 19 21 22 28 31 33 34 36 41 42 44 48 23_311.cif 
.9511718750 -7600.6831054688 1 2 3 6 7 9 12 13 15 17 18 21 22 24 26 27 28 30 34 35 42 43 45 23_312.cif 
.9526367188 -7600.6816406250 1 2 3 4 5 8 9 12 14 17 18 19 20 21 22 24 36 38 39 41 43 47 49 23_313.cif 
.9545898438 -7600.6796875000 2 3 4 5 6 9 10 12 14 15 16 17 18 21 22 23 25 26 30 31 37 46 56 23_314.cif 
.9570312500 -7600.6772460938 1 2 4 5 6 7 9 10 11 12 13 15 16 17 22 23 25 27 28 35 36 44 47 23_315.cif 
.9575195313 -7600.6767578125 5 7 8 9 10 11 13 15 16 18 20 22 23 24 26 29 32 33 36 37 41 42 44 23_316.cif 
.9584960938 -7600.6757812500 1 3 4 5 7 8 9 10 11 12 16 18 21 22 23 26 27 28 33 34 35 36 55 23_317.cif 
.9604492188 -7600.6738281250 1 2 3 4 5 6 7 10 11 14 16 17 20 22 25 26 29 30 34 39 41 47 48 23_318.cif 
.9609375000 -7600.6733398438 1 2 3 5 6 7 8 10 11 14 15 16 19 20 22 23 26 29 34 39 42 45 50 23_319.cif 
.9619140626 -7600.6723632812 1 3 4 5 6 7 8 10 11 12 15 16 18 19 21 23 24 26 32 38 46 48 58 23_320.cif 
.9633789063 -7600.6708984375 3 4 5 7 9 11 12 13 14 17 18 19 21 22 24 28 32 34 35 40 41 44 55 23_321.cif 
.9643554688 -7600.6699218750 3 5 7 8 10 11 12 14 16 18 21 22 23 24 27 28 30 32 36 37 39 43 44 23_322.cif 
.9648437500 -7600.6694335938 1 2 3 5 6 7 8 9 10 13 14 15 16 17 19 23 25 31 33 36 38 44 47 23_323.cif 
.9653320313 -7600.6689453125 1 2 4 6 7 8 9 10 11 12 13 15 17 18 22 23 25 26 31 34 35 36 51 23_324.cif 
.9672851563 -7600.6669921875 2 4 6 7 10 12 13 14 16 17 18 20 21 24 28 31 32 33 34 35 36 37 47 23_325.cif 
.9677734376 -7600.6665039062 2 3 5 6 7 10 11 12 13 15 19 20 21 22 23 24 26 30 33 35 42 44 56 23_326.cif 
.9682617188 -7600.6660156250 1 2 3 4 6 8 9 10 12 13 14 19 22 23 24 33 34 35 36 40 44 46 47 23_327.cif 
.9702148438 -7600.6640625000 1 3 5 6 7 9 10 12 13 14 15 18 19 21 23 25 26 30 40 43 44 47 48 23_328.cif 
.9716796876 -7600.6625976562 1 2 4 5 7 8 9 10 11 12 16 19 20 21 22 24 29 36 39 40 42 47 52 23_329.cif 
.9731445313 -7600.6611328125 1 3 4 5 6 7 10 11 12 13 16 17 21 24 27 28 29 30 31 32 36 37 42 23_330.cif 
.9736328126 -7600.6606445312 1 3 4 5 8 9 10 11 12 14 16 19 21 22 23 26 27 28 29 33 34 35 39 23_331.cif 
.9741210938 -7600.6601562500 1 2 3 4 5 6 7 10 11 12 13 14 15 18 20 21 22 33 34 40 47 49 51 23_332.cif 
.9746093750 -7600.6596679688 2 3 7 9 13 14 16 17 18 19 20 22 23 24 29 32 33 34 35 36 39 41 45 23_333.cif 
.9785156250 -7600.6557617188 3 4 6 7 10 11 14 16 17 18 19 21 22 24 25 30 31 32 34 35 39 41 45 23_334.cif 
.9799804688 -7600.6542968750 1 2 4 5 7 10 11 12 14 16 18 20 21 22 24 26 28 29 32 34 39 42 46 23_335.cif 
.9804687500 -7600.6538085938 1 2 3 4 7 8 9 12 16 18 19 20 21 23 26 30 33 34 35 36 38 43 45 23_336.cif 
.9819335938 -7600.6523437500 3 4 8 10 12 14 15 16 17 18 19 20 21 22 23 24 27 28 31 35 42 46 59 23_337.cif 
.9824218750 -7600.6518554688 2 4 6 9 10 12 13 14 15 16 18 19 20 21 25 26 31 32 34 36 39 43 46 23_338.cif 
.9848632813 -7600.6494140625 1 3 4 5 6 7 8 9 12 13 14 15 17 19 21 22 24 27 32 33 37 45 48 23_339.cif 
.9868164063 -7600.6474609375 1 2 6 7 8 9 11 12 13 15 17 18 22 23 25 26 27 31 35 36 37 41 44 23_340.cif 
.9877929688 -7600.6464843750 1 2 4 7 10 12 13 16 17 18 20 21 24 25 27 28 29 31 34 35 37 38 46 23_341.cif 
.9897460938 -7600.6445312500 1 2 3 5 8 9 11 13 14 15 17 18 19 21 22 24 27 28 29 37 38 39 43 23_342.cif 
.9941406250 -7600.6401367188 1 3 6 9 11 14 15 18 19 20 21 22 23 24 29 32 33 34 36 40 43 45 46 23_343.cif 
.9946289063 -7600.6396484375 1 2 3 4 5 7 9 10 11 12 13 14 16 18 21 25 27 34 36 42 44 45 58 23_344.cif 
.9975585938 -7600.6367187500 1 2 3 5 6 10 11 12 13 14 15 17 19 20 21 22 27 31 35 42 46 47 56 23_345.cif 
.9980468750 -7600.6362304688 1 2 3 5 7 9 10 12 15 16 19 20 21 23 25 27 29 33 34 36 42 47 48 23_346.cif 
.9985351563 -7600.6357421875 1 2 4 6 8 14 15 16 17 18 19 20 21 22 23 24 25 26 30 32 36 39 51 23_347.cif 
.9995117188 -7600.6347656250 1 2 3 4 6 7 9 12 13 14 16 18 19 22 25 29 30 35 37 41 43 46 48 23_348.cif 
1.0000000000 -7600.6342773438 1 3 4 5 6 7 10 11 12 15 16 19 20 23 24 28 34 35 39 40 42 45 47 23_349.cif 
1.0014648438 -7600.6328125000 3 4 6 7 9 10 11 12 13 14 16 18 19 21 22 23 24 32 40 41 43 47 57 23_350.cif 
1.0048828126 -7600.6293945312 1 2 5 6 11 12 13 14 15 17 18 19 20 21 22 24 26 27 33 36 41 46 56 23_351.cif 
1.0053710938 -7600.6289062500 1 2 3 4 5 6 7 8 10 11 12 15 16 20 22 29 30 32 33 34 40 47 54 23_352.cif 
1.0058593750 -7600.6284179688 1 2 3 5 6 7 11 12 14 15 16 17 20 21 22 24 27 32 34 39 43 48 56 23_353.cif 
1.0063476563 -7600.6279296875 1 3 4 5 6 7 8 9 10 11 12 14 20 21 23 25 27 28 32 40 43 44 55 23_354.cif 
1.0073242188 -7600.6269531250 1 2 3 6 9 11 13 14 15 16 17 18 21 24 25 27 28 29 30 33 37 40 44 23_355.cif 
1.0083007813 -7600.6259765625 1 2 4 5 8 11 15 16 17 18 19 21 22 23 24 25 26 29 30 31 33 41 45 23_356.cif 
1.0102539063 -7600.6240234375 1 2 4 5 6 7 8 10 11 12 13 14 15 16 19 20 21 25 33 38 44 48 55 23_357.cif 
1.0107421876 -7600.6235351562 1 2 4 5 6 8 11 12 14 16 17 19 20 24 25 27 28 32 33 35 37 45 46 23_358.cif 
1.0131835938 -7600.6210937500 1 2 3 4 5 6 7 9 16 18 19 20 22 23 24 25 27 34 35 41 42 44 49 23_359.cif 
1.0136718750 -7600.6206054688 1 2 3 4 5 9 10 11 13 14 16 17 18 20 25 27 33 34 36 37 39 45 47 23_360.cif 
1.0141601563 -7600.6201171875 1 5 7 8 9 12 13 15 16 17 18 21 22 24 26 27 28 30 32 34 35 40 45 23_361.cif 
1.0166015626 -7600.6176757812 1 2 3 4 5 9 10 11 14 17 18 19 20 21 22 23 25 28 36 38 39 47 51 23_362.cif 
1.0185546876 -7600.6157226562 1 2 3 4 6 7 9 10 11 13 15 16 18 21 23 24 26 30 34 41 42 46 59 23_363.cif 
1.0205078126 -7600.6137695312 1 2 5 7 9 10 11 12 13 15 18 20 22 23 28 29 32 33 38 40 44 46 48 23_364.cif 
1.0234375000 -7600.6108398438 1 2 3 5 7 8 9 11 12 14 15 20 22 23 24 29 34 35 36 37 40 41 58 23_365.cif 
1.0239257813 -7600.6103515625 1 2 3 4 5 6 7 12 15 16 20 21 22 23 27 28 29 31 33 35 36 39 41 23_366.cif 
1.0253906250 -7600.6088867188 3 6 8 11 12 13 15 16 17 18 19 20 21 23 24 25 30 31 38 39 41 44 47 23_367.cif 
1.0258789063 -7600.6083984375 2 3 5 6 7 9 10 11 12 15 17 19 20 22 23 27 28 29 30 32 40 44 47 23_368.cif 
1.0278320313 -7600.6064453125 3 5 6 9 11 12 13 14 16 17 18 19 20 22 33 34 35 37 38 39 43 44 45 23_369.cif 
1.0292968750 -7600.6049804688 1 2 6 8 9 10 11 12 13 15 17 18 19 20 21 22 23 26 35 39 42 43 58 23_370.cif 
1.0297851563 -7600.6044921875 1 3 4 6 7 9 11 12 17 19 20 21 22 24 26 27 28 33 34 38 39 40 41 23_371.cif 
1.0302734376 -7600.6040039062 1 2 3 5 6 7 8 9 14 17 18 22 23 24 29 31 35 37 38 40 41 44 47 23_372.cif 
1.0307617188 -7600.6035156250 1 2 3 4 6 8 10 11 13 14 17 18 21 22 23 27 28 31 32 33 35 40 42 23_373.cif 
1.0327148438 -7600.6015625000 1 2 3 4 6 7 13 14 15 16 19 20 22 23 26 27 29 30 34 39 41 42 44 23_374.cif 
1.0332031250 -7600.6010742188 3 7 8 9 11 13 14 15 17 19 20 21 22 23 24 28 29 30 34 42 43 46 60 23_375.cif 
1.0351562500 -7600.5991210938 1 2 4 6 7 8 10 12 15 17 18 22 23 24 27 28 31 32 37 40 42 43 46 23_376.cif 
1.0375976563 -7600.5966796875 1 2 4 5 9 10 11 14 16 18 22 23 24 25 29 32 33 34 36 39 44 45 47 23_377.cif 
1.0380859376 -7600.5961914062 4 5 6 8 9 10 11 12 13 14 15 17 19 21 22 26 30 31 36 42 43 44 51 23_378.cif 
1.0395507813 -7600.5947265625 2 3 4 5 6 9 10 11 12 13 18 20 21 23 26 30 33 34 36 38 41 44 46 23_379.cif 
1.0434570313 -7600.5908203125 1 2 4 5 8 9 11 13 14 16 18 19 20 22 23 24 29 32 35 37 38 42 44 23_380.cif 
1.0444335938 -7600.5898437500 4 6 7 8 10 11 12 13 15 18 19 20 22 23 28 29 30 31 40 42 45 46 48 23_381.cif 
1.0449218750 -7600.5893554688 1 2 3 4 5 6 7 8 10 11 12 13 15 18 21 22 23 24 30 32 44 52 54 23_382.cif 
1.0468750000 -7600.5874023438 1 2 5 7 8 9 14 16 18 19 21 22 23 24 26 28 35 39 41 44 45 46 48 23_383.cif 
1.0473632813 -7600.5869140625 2 3 4 5 6 7 8 11 12 13 14 15 17 18 21 24 25 30 39 44 45 46 55 23_384.cif 
1.0493164063 -7600.5849609375 1 4 7 8 9 10 11 12 13 15 17 18 19 20 21 23 24 29 31 43 44 45 53 23_385.cif 
1.0498046876 -7600.5844726562 2 3 4 6 7 8 11 12 15 19 20 21 22 23 25 26 28 30 34 36 39 46 47 23_386.cif 
1.0512695313 -7600.5830078125 1 3 4 5 6 7 10 14 18 19 20 21 22 23 26 27 28 32 33 34 35 44 45 23_387.cif 
1.0551757813 -7600.5791015625 4 5 6 7 11 14 16 17 18 19 20 21 22 23 27 29 33 34 37 41 42 43 47 23_388.cif 
1.0556640626 -7600.5786132812 1 3 4 7 9 10 12 14 15 16 18 19 20 24 25 26 27 28 43 45 46 47 48 23_389.cif 
1.0595703126 -7600.5747070312 1 3 6 7 9 12 13 14 15 17 18 19 20 21 22 23 24 33 38 40 44 46 51 23_390.cif 
1.0605468750 -7600.5737304688 1 2 4 6 9 10 11 15 16 17 18 19 20 22 24 25 29 31 36 37 41 46 60 23_391.cif 
1.0610351563 -7600.5732421875 1 4 5 7 8 10 12 13 15 16 17 18 20 21 23 29 30 31 35 36 37 45 46 23_392.cif 
1.0620117188 -7600.5722656250 1 2 3 4 5 6 7 10 11 14 15 21 22 25 28 30 32 33 36 37 39 43 44 23_393.cif 
1.0629882813 -7600.5712890625 4 5 7 8 10 11 12 14 15 18 19 21 23 24 29 30 32 34 35 37 38 44 45 23_394.cif 
1.0634765626 -7600.5708007812 1 4 5 6 9 10 11 12 15 16 18 19 21 22 23 24 26 28 32 33 42 45 52 23_395.cif 
1.0644531250 -7600.5698242188 2 3 4 5 6 7 8 9 10 11 13 16 18 20 28 29 32 35 37 40 44 46 48 23_396.cif 
1.0683593750 -7600.5659179688 1 2 3 4 5 6 8 10 11 12 14 16 18 21 24 27 34 39 44 45 47 48 54 23_397.cif 
1.0688476563 -7600.5654296875 1 2 4 7 8 9 12 13 14 15 16 17 20 22 23 26 27 29 30 34 37 40 47 23_398.cif 
1.0722656250 -7600.5620117188 2 3 4 7 8 11 12 14 15 17 18 20 22 23 24 25 29 31 33 41 43 44 52 23_399.cif 
1.0727539063 -7600.5615234375 1 2 3 4 7 8 9 10 12 15 16 20 24 25 32 33 35 36 37 39 41 43 46 23_400.cif 
1.0732421876 -7600.5610351562 1 2 3 4 6 7 9 15 16 17 18 19 20 22 23 28 29 34 36 40 44 46 52 23_401.cif 
1.0747070313 -7600.5595703125 1 2 3 5 6 7 10 12 13 14 15 17 20 23 24 25 27 33 41 42 43 46 48 23_402.cif 
1.0756835938 -7600.5585937500 1 2 3 4 6 7 9 11 12 14 17 18 21 22 23 24 25 26 35 36 37 46 57 23_403.cif 
1.0795898438 -7600.5546875000 1 4 5 6 7 8 9 11 14 16 17 20 21 23 24 25 26 27 28 34 36 44 45 23_404.cif 
1.0810546876 -7600.5532226562 1 3 4 5 7 8 9 11 12 13 15 17 18 19 21 23 26 32 38 40 41 48 59 23_405.cif 
1.0820312500 -7600.5522460938 2 3 4 6 7 9 10 12 13 15 16 17 18 19 22 25 30 32 36 43 46 47 54 23_406.cif 
1.0830078126 -7600.5512695312 1 2 5 6 7 9 10 12 14 15 16 17 19 23 26 29 30 34 41 43 45 46 48 23_407.cif 
1.0839843750 -7600.5502929688 4 6 7 10 11 12 13 14 16 17 18 20 22 23 24 29 32 34 37 39 40 43 49 23_408.cif 
1.0844726563 -7600.5498046875 1 3 4 5 7 8 10 11 12 15 18 19 21 23 24 28 32 34 38 41 46 48 54 23_409.cif 
1.0849609376 -7600.5493164062 1 2 3 4 7 9 10 11 12 13 16 17 19 20 22 25 26 27 29 34 35 43 53 23_410.cif 
1.0859375000 -7600.5483398438 1 2 3 5 6 7 9 10 11 12 14 15 16 17 22 23 27 29 30 36 39 41 56 23_411.cif 
1.0869140626 -7600.5473632812 1 3 4 5 7 8 9 10 11 12 15 16 18 21 22 24 25 29 30 31 45 47 54 23_412.cif 
1.0898437500 -7600.5444335938 2 3 4 5 6 7 8 9 11 16 17 18 20 21 23 28 29 30 35 37 41 46 47 23_413.cif 
1.0903320313 -7600.5439453125 1 3 6 8 10 11 12 14 15 16 18 21 23 25 26 31 34 35 36 39 41 46 48 23_414.cif 
1.0917968750 -7600.5424804688 2 3 4 5 7 10 11 12 13 14 17 21 22 23 27 32 33 34 38 39 40 44 48 23_415.cif 
1.0922851563 -7600.5419921875 1 3 4 5 6 7 10 11 12 18 19 20 22 27 33 34 35 38 40 42 46 47 48 23_416.cif 
1.0937500000 -7600.5405273438 1 2 3 4 5 6 7 8 10 11 12 13 18 19 23 24 30 32 35 36 45 47 55 23_417.cif 
1.0947265626 -7600.5395507812 1 2 3 5 6 7 8 9 10 11 16 17 19 20 22 23 31 36 41 42 46 47 53 23_418.cif 
1.0952148438 -7600.5390625000 1 2 3 7 8 9 11 12 14 16 17 20 21 23 24 25 26 27 36 37 39 40 60 23_419.cif 
1.0957031250 -7600.5385742188 1 2 6 7 8 10 13 15 17 18 19 21 22 23 24 26 27 30 42 43 44 46 57 23_420.cif 
1.0961914063 -7600.5380859375 1 3 5 6 7 8 9 10 11 12 14 16 20 21 22 28 30 31 34 35 38 41 57 23_421.cif 
1.1015625000 -7600.5327148438 2 6 8 9 10 11 12 14 15 17 18 20 21 22 23 24 25 29 37 40 41 47 52 23_422.cif 
1.1079101563 -7600.5263671875 2 4 8 10 13 15 16 17 18 19 21 22 23 24 25 30 36 38 40 44 45 46 47 23_423.cif 
1.1083984376 -7600.5258789062 2 5 6 8 10 11 12 14 15 16 19 20 21 23 24 25 30 31 35 40 42 43 45 23_424.cif 
1.1088867188 -7600.5253906250 1 2 3 4 5 6 7 8 10 11 13 16 18 19 20 25 29 35 38 41 42 46 60 23_425.cif 
1.1103515626 -7600.5239257812 1 2 3 5 6 7 11 13 15 16 17 19 20 21 22 25 26 27 28 32 33 46 60 23_426.cif 
1.1118164063 -7600.5224609375 2 3 4 5 6 7 8 9 11 17 20 21 24 25 27 28 32 33 35 36 39 42 46 23_427.cif 
1.1142578126 -7600.5200195312 1 2 3 4 5 6 8 11 12 17 18 19 21 23 24 27 30 32 35 36 40 41 60 23_428.cif 
1.1152343750 -7600.5190429688 1 2 3 8 9 10 11 12 13 14 15 17 18 19 23 24 30 33 36 39 42 46 51 23_429.cif 
1.1157226563 -7600.5185546875 2 3 4 5 6 7 9 12 16 18 20 22 23 25 26 27 28 29 31 33 41 47 48 23_430.cif 
1.1166992188 -7600.5175781250 1 2 4 5 6 7 12 16 17 18 19 20 21 22 23 27 31 37 38 39 41 46 55 23_431.cif 
1.1254882813 -7600.5087890625 4 5 6 7 8 9 10 12 15 16 19 20 21 25 26 27 28 33 36 40 41 44 46 23_432.cif 
1.1264648438 -7600.5078125000 1 2 3 4 5 6 7 8 10 12 13 21 23 28 29 30 34 36 38 39 40 42 44 23_433.cif 
1.1269531250 -7600.5073242188 1 2 3 4 9 11 12 14 15 16 17 18 20 22 26 28 29 30 35 36 37 44 47 23_434.cif 
1.1274414063 -7600.5068359375 1 2 3 4 5 6 9 10 12 14 16 18 23 24 25 27 31 34 35 38 43 44 48 23_435.cif 
1.1279296876 -7600.5063476562 1 5 7 9 11 14 15 18 19 20 21 22 23 24 25 28 29 37 38 40 42 43 46 23_436.cif 
1.1284179688 -7600.5058593750 1 2 3 6 7 9 13 15 17 18 19 20 21 22 25 26 27 29 32 40 46 47 51 23_437.cif 
1.1303710938 -7600.5039062500 1 2 3 4 5 6 7 9 10 11 13 16 19 21 22 24 29 30 36 42 43 45 55 23_438.cif 
1.1313476563 -7600.5029296875 1 2 3 4 7 8 13 14 16 17 19 20 21 22 26 28 32 33 35 44 45 47 48 23_439.cif 
1.1323242188 -7600.5019531250 3 5 9 10 11 12 13 14 15 18 19 20 21 22 23 26 30 31 34 36 37 43 52 23_440.cif 
1.1328125000 -7600.5014648438 1 2 3 5 6 7 9 11 12 15 18 20 23 24 27 28 33 37 38 39 41 45 48 23_441.cif 
1.1333007813 -7600.5009765625 1 4 6 7 8 10 12 13 14 15 16 17 22 23 24 25 34 35 39 40 41 44 48 23_442.cif 
1.1352539063 -7600.4990234375 1 3 6 7 9 10 11 12 13 14 15 16 17 18 21 24 31 33 34 39 40 43 59 23_443.cif 
1.1357421876 -7600.4985351562 1 3 4 5 6 7 8 10 11 12 15 16 20 22 23 27 29 31 33 35 45 48 49 23_444.cif 
1.1401367188 -7600.4941406250 1 3 4 5 6 8 9 10 11 13 16 19 20 21 24 25 26 29 31 37 41 43 46 23_445.cif 
1.1406250000 -7600.4936523438 1 2 3 5 6 7 10 11 12 13 15 16 17 18 22 24 28 29 30 33 38 39 53 23_446.cif 
1.1420898438 -7600.4921875000 2 3 5 6 14 15 16 17 18 20 21 22 23 24 26 28 31 37 43 45 46 47 48 23_447.cif 
1.1425781250 -7600.4916992188 1 4 5 6 8 9 10 11 12 14 15 16 17 18 24 26 31 32 35 37 39 45 50 23_448.cif 
1.1459960938 -7600.4882812500 1 3 5 7 8 9 11 12 15 18 20 22 24 26 29 33 36 37 40 41 43 44 48 23_449.cif 
1.1479492188 -7600.4863281250 1 2 3 4 5 6 13 14 15 17 18 19 20 24 25 33 36 37 40 43 45 47 48 23_450.cif 
1.1484375000 -7600.4858398438 1 2 3 5 6 8 10 11 12 18 19 20 21 23 24 26 28 34 35 36 37 43 57 23_451.cif 
1.1503906250 -7600.4838867188 5 6 7 8 10 11 12 14 16 17 18 19 20 21 22 23 24 31 32 39 41 58 60 23_452.cif 
1.1508789063 -7600.4833984375 1 4 6 8 9 10 13 15 16 17 18 19 20 22 25 26 28 30 33 38 39 43 44 23_453.cif 
1.1523437500 -7600.4819335938 1 2 4 5 6 7 9 12 14 16 17 18 19 22 23 24 27 32 33 41 42 46 50 23_454.cif 
1.1528320313 -7600.4814453125 1 2 4 5 6 8 9 11 12 13 15 17 19 25 27 29 30 31 36 37 38 41 44 23_455.cif 
1.1533203126 -7600.4809570312 3 4 5 6 8 13 14 15 16 17 19 20 21 22 23 24 26 30 32 44 47 48 55 23_456.cif 
1.1542968750 -7600.4799804688 1 2 5 6 8 11 14 17 19 20 21 23 24 27 29 30 32 33 34 36 42 45 47 23_457.cif 
1.1547851563 -7600.4794921875 2 3 7 8 9 10 12 13 14 16 20 21 23 24 30 32 33 37 39 40 43 44 45 23_458.cif 
1.1552734376 -7600.4790039062 1 2 8 9 10 12 13 14 15 16 18 20 22 23 26 27 31 32 33 34 41 45 47 23_459.cif 
1.1562500000 -7600.4780273438 1 2 3 4 5 6 11 12 13 14 15 16 19 20 21 22 24 26 27 28 35 51 60 23_460.cif 
1.1577148438 -7600.4765625000 1 3 4 5 6 8 12 15 16 18 19 21 22 23 24 28 29 30 33 35 38 45 51 23_461.cif 
1.1582031250 -7600.4760742188 1 3 4 5 6 7 8 9 11 13 15 16 17 18 19 24 26 31 32 38 40 46 48 23_462.cif 
1.1586914063 -7600.4755859375 1 3 4 6 7 8 12 13 14 15 17 19 20 21 22 24 31 32 35 44 45 46 59 23_463.cif 
1.1611328126 -7600.4731445312 1 2 3 4 5 6 7 9 10 11 14 17 20 21 25 26 27 28 31 44 46 47 54 23_464.cif 
1.1616210938 -7600.4726562500 1 3 9 11 12 14 15 16 17 18 19 20 22 24 27 32 33 37 38 39 40 41 48 23_465.cif 
1.1625976563 -7600.4716796875 1 2 3 5 6 10 12 13 14 16 18 19 21 22 23 24 25 26 30 34 36 37 48 23_466.cif 
1.1630859376 -7600.4711914062 2 3 4 5 6 7 13 14 15 16 17 19 20 22 23 28 31 32 33 36 42 47 49 23_467.cif 
1.1640625000 -7600.4702148438 1 2 4 5 6 10 11 12 13 14 15 19 21 22 24 25 27 32 35 39 40 46 54 23_468.cif 
1.1650390626 -7600.4692382812 1 3 5 8 9 10 11 12 15 16 17 18 21 22 23 28 29 34 36 40 43 45 48 23_469.cif 
1.1655273438 -7600.4687500000 1 2 3 4 5 7 10 12 14 18 19 20 22 24 26 31 32 33 34 38 39 45 46 23_470.cif 
1.1669921876 -7600.4672851562 2 3 4 5 9 11 12 13 15 17 18 21 22 24 27 30 32 38 39 40 43 46 47 23_471.cif 
1.1689453126 -7600.4653320312 1 3 5 7 8 9 12 14 15 16 18 21 24 26 28 31 32 33 34 40 41 43 44 23_472.cif 
1.1699218750 -7600.4643554688 1 2 4 6 7 8 10 11 12 16 17 18 19 21 26 27 29 30 35 37 46 47 53 23_473.cif 
1.1704101563 -7600.4638671875 1 5 6 7 8 12 15 16 17 19 20 21 22 23 25 26 29 35 36 37 42 47 48 23_474.cif 
1.1748046876 -7600.4594726562 3 5 8 9 10 12 13 14 17 18 19 20 21 24 25 26 27 32 35 37 40 44 46 23_475.cif 
1.1752929688 -7600.4589843750 1 2 3 4 6 7 11 12 15 16 17 20 22 23 24 27 33 34 37 38 40 48 51 23_476.cif 
1.1757812500 -7600.4584960938 1 3 4 6 8 9 10 11 14 15 16 17 18 20 21 23 24 29 38 46 47 48 58 23_477.cif 
1.1777343750 -7600.4565429688 3 4 7 8 12 15 16 17 18 19 21 22 23 24 29 31 34 38 39 41 42 45 46 23_478.cif 
1.1801757813 -7600.4541015625 1 5 6 10 11 12 13 15 16 19 20 21 22 23 24 27 32 33 39 41 46 47 60 23_479.cif 
1.1811523438 -7600.4531250000 4 5 6 7 9 10 11 12 14 15 19 20 21 22 23 24 26 30 33 42 45 47 56 23_480.cif 
1.1826171876 -7600.4516601562 2 3 6 7 8 9 12 13 15 16 19 20 21 22 23 29 30 37 38 40 41 45 57 23_481.cif 
1.1835937500 -7600.4506835938 1 2 3 4 5 6 7 9 10 12 16 17 20 22 24 26 31 33 35 36 46 47 59 23_482.cif 
1.1875000000 -7600.4467773438 3 4 5 7 11 13 14 15 16 17 18 21 22 23 24 25 28 33 42 44 45 46 53 23_483.cif 
1.1909179688 -7600.4433593750 2 3 4 5 6 8 9 10 11 12 15 17 19 20 21 29 31 33 36 41 44 46 47 23_484.cif 
1.1914062500 -7600.4428710938 1 3 6 8 9 11 12 14 15 17 18 19 22 23 24 29 32 41 42 43 44 46 49 23_485.cif 
1.1938476563 -7600.4404296875 2 5 6 8 9 10 11 13 14 15 17 18 22 24 26 28 31 35 39 42 44 45 48 23_486.cif 
1.1943359376 -7600.4399414062 1 2 3 5 7 8 11 12 14 17 18 19 23 24 30 32 35 39 40 41 43 44 47 23_487.cif 
1.1972656250 -7600.4370117188 3 4 8 9 12 13 14 15 17 18 19 21 24 25 26 27 28 31 32 34 35 37 40 23_488.cif 
1.1997070313 -7600.4345703125 2 4 7 8 10 12 14 15 16 17 18 19 21 22 24 25 27 30 32 36 38 43 59 23_489.cif 
1.2006835938 -7600.4335937500 1 3 4 6 7 9 10 11 13 20 21 22 24 31 34 37 38 39 40 41 43 44 48 23_490.cif 
1.2021484376 -7600.4321289062 3 5 6 7 8 9 11 13 14 16 18 19 20 21 23 24 27 29 33 35 41 47 49 23_491.cif 
1.2041015626 -7600.4301757812 1 3 4 6 7 9 11 12 13 17 20 21 25 28 29 32 34 37 38 40 43 45 46 23_492.cif 
1.2070312500 -7600.4272460938 1 2 4 5 7 9 10 12 15 17 18 19 22 24 25 26 27 28 33 36 37 45 54 23_493.cif 
1.2075195313 -7600.4267578125 3 5 6 8 9 10 12 14 16 18 19 20 21 24 25 27 28 30 37 39 43 46 59 23_494.cif 
1.2094726563 -7600.4248046875 1 2 3 4 6 10 12 13 15 17 19 20 22 23 24 27 29 31 34 40 44 48 59 23_495.cif 
1.2124023438 -7600.4218750000 4 6 7 9 10 11 12 13 15 18 19 21 22 23 24 26 28 30 31 33 40 45 59 23_496.cif 
1.2128906250 -7600.4213867188 2 4 5 6 9 10 11 12 16 17 18 23 24 26 27 30 31 34 36 37 41 44 45 23_497.cif 
1.2133789063 -7600.4208984375 1 3 4 5 8 9 10 11 13 16 17 18 20 21 22 23 24 28 32 38 43 49 50 23_498.cif 
1.2143554688 -7600.4199218750 2 3 4 5 6 8 9 11 12 13 14 15 18 21 22 26 28 29 38 43 45 47 59 23_499.cif 
1.2158203126 -7600.4184570312 1 2 3 5 7 8 9 10 11 16 18 19 20 21 24 27 29 34 36 42 43 48 53 23_500.cif 
1.2167968750 -7600.4174804688 1 2 3 4 5 7 8 9 10 15 18 19 20 21 24 26 31 32 33 42 45 47 49 23_501.cif 
1.2172851563 -7600.4169921875 2 3 4 6 8 10 12 13 14 16 17 18 20 21 22 23 31 33 35 37 38 47 59 23_502.cif 
1.2187500000 -7600.4155273438 3 4 6 7 8 10 11 12 13 15 16 20 21 22 23 29 30 33 35 40 43 44 50 23_503.cif 
1.2197265626 -7600.4145507812 1 4 5 6 8 9 13 14 16 17 18 20 21 22 24 26 28 33 35 40 43 44 54 23_504.cif 
1.2211914063 -7600.4130859375 1 2 3 5 6 7 8 9 11 12 17 18 19 23 24 27 28 30 32 33 37 42 50 23_505.cif 
1.2260742188 -7600.4082031250 1 2 3 4 7 8 9 12 16 17 18 19 22 28 32 36 37 41 42 43 45 46 47 23_506.cif 
1.2270507813 -7600.4072265625 1 2 3 4 7 10 15 17 18 20 21 22 23 24 26 28 32 33 35 37 44 45 46 23_507.cif 
1.2275390626 -7600.4067382812 1 2 3 4 8 11 13 15 17 18 19 21 22 23 24 26 28 30 32 44 45 47 56 23_508.cif 
1.2299804688 -7600.4042968750 4 5 7 9 12 13 14 16 20 21 22 23 24 28 32 33 36 39 41 42 43 44 45 23_509.cif 
1.2343750000 -7600.3999023438 2 3 5 7 9 10 11 12 13 17 19 20 21 22 23 25 27 28 32 37 39 48 58 23_510.cif 
1.2353515626 -7600.3989257812 1 4 5 6 7 8 9 10 12 16 17 18 20 29 30 33 34 38 39 40 41 43 48 23_511.cif 
1.2387695313 -7600.3955078125 3 6 7 8 9 10 11 12 15 17 18 19 22 23 24 25 28 29 32 38 41 44 52 23_512.cif 
1.2392578126 -7600.3950195312 1 2 4 5 7 8 11 12 13 14 18 20 21 24 29 30 32 34 37 40 41 43 47 23_513.cif 
1.2509765626 -7600.3833007812 1 4 5 6 8 12 14 15 17 18 19 20 21 22 24 31 35 36 37 41 42 46 50 23_514.cif 
1.2514648438 -7600.3828125000 1 2 3 6 7 9 10 13 16 17 18 19 20 21 22 24 31 34 35 39 41 49 51 23_515.cif 
1.2524414063 -7600.3818359375 2 3 6 7 8 12 14 15 17 19 20 21 22 26 29 30 35 39 40 44 45 46 47 23_516.cif 
1.2548828126 -7600.3793945312 1 2 3 4 6 7 10 11 12 14 16 20 22 26 27 30 32 34 35 40 41 44 47 23_517.cif 
1.2568359376 -7600.3774414062 1 2 7 8 9 10 11 12 16 17 18 19 21 23 26 27 29 32 34 36 39 45 49 23_518.cif 
1.2587890626 -7600.3754882812 1 2 3 4 9 13 15 17 18 19 20 21 22 24 25 31 32 36 37 39 41 43 53 23_519.cif 
1.2592773438 -7600.3750000000 1 4 5 6 7 8 9 10 12 15 16 17 19 21 22 23 24 27 30 32 41 50 52 23_520.cif 
1.2597656250 -7600.3745117188 2 3 7 9 10 11 12 14 16 19 20 21 22 25 26 29 31 32 34 37 39 46 47 23_521.cif 
1.2622070313 -7600.3720703125 1 3 4 7 9 10 11 12 14 15 16 19 20 22 23 28 29 37 38 42 44 48 49 23_522.cif 
1.2626953126 -7600.3715820312 1 2 4 5 6 7 9 12 13 15 16 17 26 28 29 31 32 33 34 42 43 45 47 23_523.cif 
1.2670898438 -7600.3671875000 3 5 7 8 10 12 13 14 15 18 21 24 27 28 29 30 31 40 42 43 44 46 47 23_524.cif 
1.2705078126 -7600.3637695312 1 3 4 6 7 8 10 12 15 16 20 22 23 24 26 28 29 34 37 40 43 44 50 23_525.cif 
1.2734375000 -7600.3608398438 1 3 4 5 6 8 10 11 12 13 17 18 19 21 23 25 26 30 36 40 46 47 56 23_526.cif 
1.2753906250 -7600.3588867188 1 4 5 6 9 11 12 14 15 16 17 18 21 22 24 26 28 30 33 38 41 44 54 23_527.cif 
1.2758789063 -7600.3583984375 2 4 7 8 9 10 11 12 13 14 15 18 20 21 23 24 26 27 34 39 45 48 52 23_528.cif 
1.2763671876 -7600.3579101562 1 2 3 4 6 7 10 12 13 14 15 16 17 18 20 24 25 27 31 36 37 50 53 23_529.cif 
1.2773437500 -7600.3569335938 2 3 4 5 9 10 11 12 13 14 19 20 21 24 30 31 34 35 36 41 42 47 52 23_530.cif 
1.2778320313 -7600.3564453125 3 6 7 8 9 10 12 16 17 20 21 22 23 24 27 30 33 39 40 43 44 47 48 23_531.cif 
1.2783203126 -7600.3559570312 1 2 3 4 8 9 11 12 13 15 17 18 22 23 24 25 30 31 38 41 44 46 52 23_532.cif 
1.2792968750 -7600.3549804688 1 2 3 4 7 8 9 11 12 13 14 15 19 21 23 24 33 34 37 38 41 47 55 23_533.cif 
1.2812500000 -7600.3530273438 1 3 4 5 6 7 10 12 13 15 16 18 21 23 25 28 31 32 33 35 45 46 49 23_534.cif 
1.2856445313 -7600.3486328125 1 2 4 5 6 7 8 13 15 16 17 19 23 25 29 30 32 37 38 40 41 42 45 23_535.cif 
1.2875976563 -7600.3466796875 2 3 5 6 8 12 14 15 16 17 18 19 21 23 24 28 31 32 35 37 38 43 54 23_536.cif 
1.2890625000 -7600.3452148438 1 3 4 6 8 9 10 11 12 13 15 16 17 18 23 25 26 29 37 39 43 48 57 23_537.cif 
1.2900390626 -7600.3442382812 3 4 5 6 7 10 11 12 13 14 15 17 19 20 24 27 29 34 41 44 46 48 53 23_538.cif 
1.2910156250 -7600.3432617188 1 3 5 7 8 9 11 12 14 16 17 21 22 24 30 31 34 39 43 44 47 48 49 23_539.cif 
1.2919921876 -7600.3422851562 3 4 6 7 8 11 13 16 17 18 19 20 22 23 27 28 29 35 37 39 40 44 46 23_540.cif 
1.2939453126 -7600.3403320312 1 2 3 6 7 8 12 14 15 16 17 18 20 26 27 29 30 33 34 36 37 39 40 23_541.cif 
1.2973632813 -7600.3369140625 1 3 4 5 6 9 10 11 13 15 19 20 23 25 26 28 30 32 36 37 39 44 48 23_542.cif 
1.2993164063 -7600.3349609375 1 2 3 7 8 9 16 17 20 21 23 24 25 26 30 32 33 34 35 37 43 46 47 23_543.cif 
1.2998046876 -7600.3344726562 1 2 3 4 5 7 9 10 11 12 13 15 16 19 24 26 30 33 39 43 46 47 53 23_544.cif 
1.3007812500 -7600.3334960938 1 3 4 7 9 11 12 13 16 17 19 22 23 24 28 30 32 34 36 37 39 48 58 23_545.cif 
1.3037109376 -7600.3305664062 1 6 7 9 10 15 16 17 18 19 20 21 22 23 24 25 32 38 40 41 44 47 57 23_546.cif 
1.3051757813 -7600.3291015625 1 4 7 8 9 10 12 13 14 15 16 17 19 23 28 29 31 33 37 42 46 48 57 23_547.cif 
1.3056640626 -7600.3286132812 1 2 4 7 8 12 15 17 19 20 21 23 24 25 29 31 33 34 36 37 42 43 49 23_548.cif 
1.3061523438 -7600.3281250000 1 2 5 8 9 10 12 17 18 19 20 21 24 25 27 32 33 36 37 39 46 47 48 23_549.cif 
1.3071289063 -7600.3271484375 1 2 4 5 6 7 8 9 11 12 14 15 16 18 19 22 34 37 39 44 46 47 48 23_550.cif 
1.3085937500 -7600.3256835938 2 3 6 8 10 11 12 13 16 17 18 19 21 23 25 28 30 34 35 37 38 44 47 23_551.cif 
1.3090820313 -7600.3251953125 1 5 6 7 9 10 11 14 15 16 19 20 21 22 24 27 28 29 32 33 36 40 55 23_552.cif 
1.3105468750 -7600.3237304688 1 3 8 9 10 11 14 15 16 17 18 19 20 21 22 24 25 27 37 47 48 51 58 23_553.cif 
1.3115234376 -7600.3227539062 2 3 4 9 10 11 12 13 14 16 17 19 20 21 22 28 30 33 34 35 39 48 57 23_554.cif 
1.3134765626 -7600.3208007812 1 2 3 4 6 7 14 15 18 20 21 22 23 24 26 27 28 29 31 32 34 35 54 23_555.cif 
1.3144531250 -7600.3198242188 2 3 4 6 7 11 13 14 15 16 18 20 22 23 24 29 30 31 39 42 44 46 54 23_556.cif 
1.3159179688 -7600.3183593750 1 4 6 8 9 10 11 13 14 16 17 19 21 22 26 36 39 40 42 44 46 47 56 23_557.cif 
1.3178710938 -7600.3164062500 1 2 3 4 7 8 9 12 14 15 17 19 21 24 29 30 31 33 37 38 40 43 48 23_558.cif 
1.3183593750 -7600.3159179688 1 2 4 6 7 8 9 10 13 18 19 20 23 24 25 30 32 36 37 43 45 47 48 23_559.cif 
1.3212890626 -7600.3129882812 2 3 5 6 7 8 11 14 15 18 23 24 27 28 31 33 35 37 41 42 44 45 46 23_560.cif 
1.3227539063 -7600.3115234375 1 2 3 4 5 9 11 13 16 19 20 21 22 24 35 36 37 39 42 44 45 46 56 23_561.cif 
1.3242187500 -7600.3100585938 1 2 4 6 8 9 10 13 14 15 16 17 19 20 22 26 27 30 31 32 35 45 50 23_562.cif 
1.3251953126 -7600.3090820312 4 5 6 7 10 12 13 15 16 17 18 20 21 22 23 25 26 35 39 40 41 45 58 23_563.cif 
1.3261718750 -7600.3081054688 1 2 3 5 6 7 8 10 12 16 18 19 21 22 23 24 28 34 37 38 41 43 60 23_564.cif 
1.3266601563 -7600.3076171875 1 5 6 7 10 11 12 13 17 18 19 20 23 24 27 28 32 33 34 41 42 46 48 23_565.cif 
1.3286132813 -7600.3056640625 1 3 4 6 9 10 11 13 15 16 17 18 19 21 22 23 25 31 35 36 40 48 53 23_566.cif 
1.3300781250 -7600.3041992188 1 2 3 4 7 8 9 10 11 13 16 19 20 24 30 33 34 39 40 45 47 48 50 23_567.cif 
1.3320312500 -7600.3022460938 1 2 4 5 6 10 11 14 16 17 18 20 22 23 29 30 34 35 36 37 39 45 50 23_568.cif 
1.3369140626 -7600.2973632812 1 2 4 5 6 8 10 11 12 13 15 19 23 24 25 28 29 36 39 42 44 46 54 23_569.cif 
1.3393554688 -7600.2949218750 3 4 5 6 9 11 12 14 15 16 17 22 23 24 26 28 29 30 38 43 44 46 60 23_570.cif 
1.3437500000 -7600.2905273438 1 3 4 5 6 7 8 10 11 12 14 16 19 23 25 26 27 35 40 41 44 47 58 23_571.cif 
1.3442382813 -7600.2900390625 1 4 7 8 10 11 12 13 14 15 17 22 24 26 27 28 29 30 32 37 43 47 57 23_572.cif 
1.3457031250 -7600.2885742188 1 2 3 4 6 9 13 14 16 17 19 22 23 25 26 29 32 34 36 37 43 45 48 23_573.cif 
1.3476562500 -7600.2866210938 2 4 5 6 7 12 13 17 18 19 20 21 23 24 25 28 29 30 37 40 43 48 59 23_574.cif 
1.3520507813 -7600.2822265625 1 2 3 4 5 7 8 10 11 13 15 17 18 19 29 34 36 37 39 42 44 47 49 23_575.cif 
1.3525390626 -7600.2817382812 1 5 7 9 10 13 16 17 18 20 22 23 27 28 30 33 34 35 38 40 43 45 48 23_576.cif 
1.3535156250 -7600.2807617188 1 3 4 5 7 9 10 11 12 19 22 23 26 29 31 32 34 37 38 40 42 44 48 23_577.cif 
1.3540039063 -7600.2802734375 2 3 4 5 7 9 14 16 17 18 20 22 24 26 28 29 30 32 33 40 45 47 60 23_578.cif 
1.3544921876 -7600.2797851562 1 3 4 5 7 8 9 11 13 15 17 18 19 23 24 26 32 38 40 41 46 48 59 23_579.cif 
1.3564453126 -7600.2778320312 2 3 4 5 7 9 10 11 13 14 20 21 22 23 24 29 32 33 34 35 37 47 49 23_580.cif 
1.3574218750 -7600.2768554688 2 3 4 7 8 9 10 12 16 18 19 20 22 26 32 33 34 35 36 37 39 48 59 23_581.cif 
1.3603515626 -7600.2739257812 2 4 5 6 7 9 10 11 14 16 18 20 21 24 25 27 29 36 37 40 41 44 60 23_582.cif 
1.3623046876 -7600.2719726562 2 3 4 5 6 10 11 13 15 16 18 19 20 26 28 29 33 37 41 42 44 46 47 23_583.cif 
1.3627929688 -7600.2714843750 1 2 3 5 7 8 9 11 12 15 16 18 19 21 22 23 26 27 33 39 41 54 55 23_584.cif 
1.3632812500 -7600.2709960938 2 4 7 8 12 13 16 17 18 19 20 21 22 23 24 28 30 33 37 42 43 48 50 23_585.cif 
1.3647460938 -7600.2695312500 1 3 5 6 7 9 10 11 14 15 17 19 21 22 23 28 33 34 40 42 46 47 56 23_586.cif 
1.3657226563 -7600.2685546875 1 4 5 6 9 10 11 12 14 17 19 20 23 26 27 28 29 30 31 35 37 38 47 23_587.cif 
1.3725585938 -7600.2617187500 1 4 9 10 11 12 13 16 17 18 20 22 23 24 28 29 30 36 37 38 45 48 54 23_588.cif 
1.3784179688 -7600.2558593750 1 2 3 4 6 7 8 9 10 11 16 17 18 28 29 32 33 34 35 36 40 43 48 23_589.cif 
1.3823242188 -7600.2519531250 1 2 3 4 5 6 7 8 9 10 11 12 14 18 24 28 31 33 35 41 42 57 60 23_590.cif 
1.3833007813 -7600.2509765625 2 3 4 5 6 10 12 15 16 18 20 22 23 24 26 28 36 41 43 44 46 47 59 23_591.cif 
1.3837890626 -7600.2504882812 1 2 5 6 7 9 12 13 14 16 17 20 21 23 25 29 30 31 33 44 47 48 50 23_592.cif 
1.3862304688 -7600.2480468750 1 2 3 5 8 9 10 11 13 15 17 20 22 24 26 28 30 31 35 36 37 48 60 23_593.cif 
1.3867187500 -7600.2475585938 7 8 9 10 11 12 13 16 17 18 19 21 22 24 25 29 30 36 37 39 42 46 51 23_594.cif 
1.3872070313 -7600.2470703125 1 2 6 7 8 11 12 13 16 17 19 22 23 24 26 29 30 33 35 37 41 44 56 23_595.cif 
1.3876953126 -7600.2465820312 1 2 3 4 6 8 11 12 14 15 16 17 21 22 25 27 30 39 41 44 45 47 56 23_596.cif 
1.3930664063 -7600.2412109375 1 2 3 4 5 6 9 10 11 12 18 19 20 23 29 33 34 37 39 41 45 48 53 23_597.cif 
1.3950195313 -7600.2392578125 1 2 4 5 6 11 12 13 16 19 20 21 22 24 25 33 36 39 44 45 46 48 52 23_598.cif 
1.3955078126 -7600.2387695312 3 4 6 7 8 13 16 17 18 19 20 21 23 25 26 28 29 30 36 37 44 47 48 23_599.cif 
1.3964843750 -7600.2377929688 1 2 3 4 5 6 7 8 10 12 14 16 17 18 22 27 30 32 36 37 42 45 57 23_600.cif 
1.3969726563 -7600.2373046875 1 3 4 5 6 9 10 12 15 18 19 20 22 25 26 31 33 35 37 39 41 44 46 23_601.cif 
1.3984375000 -7600.2358398438 1 3 6 8 11 12 14 15 16 20 22 23 25 26 28 31 34 35 39 41 42 44 45 23_602.cif 
1.3999023438 -7600.2343750000 2 3 6 7 8 10 12 14 17 18 19 21 23 24 25 27 28 30 39 42 44 47 53 23_603.cif 
1.4003906250 -7600.2338867188 3 4 5 7 8 9 10 11 12 13 16 18 19 21 26 29 35 36 37 39 43 48 56 23_604.cif 
1.4008789063 -7600.2333984375 2 3 4 6 7 8 12 13 14 16 17 18 19 20 26 29 34 35 38 42 45 46 48 23_605.cif 
1.4033203126 -7600.2309570312 2 3 7 8 9 10 12 14 15 17 18 19 21 23 25 27 28 30 36 43 44 48 56 23_606.cif 
1.4067382813 -7600.2275390625 1 2 3 4 7 8 9 11 14 17 19 21 22 23 24 27 28 29 37 40 46 47 49 23_607.cif 
1.4077148438 -7600.2265625000 1 3 4 5 7 9 10 12 14 16 19 20 22 23 29 31 32 33 37 42 47 48 54 23_608.cif 
1.4082031250 -7600.2260742188 1 2 3 4 6 7 8 9 11 17 18 19 22 23 25 27 30 34 39 45 46 47 49 23_609.cif 
1.4106445313 -7600.2236328125 4 7 8 9 10 11 12 13 15 18 21 24 26 29 30 31 34 35 37 39 40 41 45 23_610.cif 
1.4125976563 -7600.2216796875 1 2 3 4 7 9 10 11 13 14 17 18 22 27 37 39 40 41 42 44 46 48 60 23_611.cif 
1.4179687500 -7600.2163085938 3 4 5 7 8 10 11 12 13 14 15 16 18 19 24 31 33 37 40 43 44 47 56 23_612.cif 
1.4184570313 -7600.2158203125 1 2 3 4 5 6 10 11 13 14 17 18 21 22 23 24 25 30 36 44 46 51 53 23_613.cif 
1.4223632813 -7600.2119140625 2 3 4 5 7 9 12 15 16 18 20 21 23 24 25 26 31 33 35 38 40 42 60 23_614.cif 
1.4228515626 -7600.2114257812 1 2 3 4 7 9 10 17 20 22 23 24 25 26 27 30 32 35 37 39 40 44 46 23_615.cif 
1.4238281250 -7600.2104492188 1 3 5 6 7 8 9 10 11 12 13 14 17 18 29 31 33 34 35 39 44 46 60 23_616.cif 
1.4248046876 -7600.2094726562 1 2 3 4 5 7 9 12 13 15 18 19 21 23 24 25 26 27 32 33 34 47 60 23_617.cif 
1.4257812500 -7600.2084960938 1 2 4 5 6 9 10 11 12 13 14 17 18 20 21 25 26 27 33 37 44 50 60 23_618.cif 
1.4262695313 -7600.2080078125 1 3 5 6 8 9 10 11 14 17 18 19 24 28 30 32 41 43 44 45 46 47 52 23_619.cif 
1.4272460938 -7600.2070312500 1 2 7 8 9 12 13 16 17 18 19 21 23 24 26 29 30 32 34 37 38 47 55 23_620.cif 
1.4291992188 -7600.2050781250 7 8 9 10 11 12 16 17 18 19 20 21 23 24 27 30 32 33 34 38 40 43 55 23_621.cif 
1.4326171876 -7600.2016601562 4 5 8 9 11 12 15 16 17 18 21 24 26 29 31 34 35 36 37 41 42 43 46 23_622.cif 
1.4335937500 -7600.2006835938 3 4 5 6 7 8 9 10 11 12 16 17 20 21 22 23 24 27 38 40 41 49 51 23_623.cif 
1.4345703126 -7600.1997070312 1 2 3 4 5 6 8 9 12 13 14 15 19 21 22 28 29 37 39 44 45 47 52 23_624.cif 
1.4350585938 -7600.1992187500 1 3 4 6 7 11 12 13 14 15 18 19 21 23 31 34 37 39 40 42 45 46 50 23_625.cif 
1.4370117188 -7600.1972656250 1 3 5 6 7 8 9 13 15 17 18 19 20 21 22 23 27 33 34 36 46 48 60 23_626.cif 
1.4379882813 -7600.1962890625 2 3 4 5 6 8 9 10 12 15 16 17 23 25 26 29 31 32 33 34 37 39 48 23_627.cif 
1.4394531250 -7600.1948242188 2 4 6 9 10 12 13 14 16 17 20 21 22 24 27 28 29 31 34 39 40 45 50 23_628.cif 
1.4404296876 -7600.1938476562 1 2 3 4 6 7 9 10 13 14 16 20 27 28 31 34 37 39 41 42 44 47 48 23_629.cif 
1.4428710938 -7600.1914062500 1 3 7 8 10 11 15 17 18 19 22 23 24 26 27 28 30 35 42 44 46 47 49 23_630.cif 
1.4453125000 -7600.1889648438 2 5 6 8 9 11 12 14 17 21 23 24 28 29 30 31 32 34 36 41 43 44 46 23_631.cif 
1.4492187500 -7600.1850585938 2 4 6 7 8 10 11 12 13 16 18 21 22 24 25 29 36 41 42 43 44 47 53 23_632.cif 
1.4506835938 -7600.1835937500 10 11 15 16 17 18 19 20 21 22 23 24 29 32 34 35 36 37 38 40 45 46 48 23_633.cif 
1.4531250000 -7600.1811523438 2 3 5 6 8 9 10 12 18 19 20 21 22 23 25 26 27 31 33 38 40 43 52 23_634.cif 
1.4541015626 -7600.1801757812 1 3 5 7 9 10 11 13 14 15 16 17 18 21 22 26 29 32 33 36 38 47 60 23_635.cif 
1.4555664063 -7600.1787109375 1 3 4 6 7 8 10 11 12 15 16 21 22 23 25 26 27 29 35 40 45 46 60 23_636.cif 
1.4560546876 -7600.1782226562 1 2 3 4 6 7 8 10 11 16 17 18 19 20 21 25 33 34 35 39 48 51 58 23_637.cif 
1.4599609376 -7600.1743164062 1 2 3 4 5 6 7 8 9 12 19 20 23 29 30 32 33 34 35 36 38 48 57 23_638.cif 
1.4609375000 -7600.1733398438 1 5 7 8 10 11 12 13 14 15 16 18 19 21 24 27 28 33 37 39 45 49 50 23_639.cif 
1.4619140626 -7600.1723632812 1 5 7 9 10 11 12 13 14 17 18 19 24 27 29 31 33 34 36 38 43 45 46 23_640.cif 
1.4633789063 -7600.1708984375 1 2 8 9 12 13 14 16 17 18 19 21 23 24 25 30 31 35 36 41 42 44 58 23_641.cif 
1.4638671876 -7600.1704101562 1 5 9 11 13 14 15 16 17 18 19 20 21 32 35 36 37 38 39 40 41 43 47 23_642.cif 
1.4653320313 -7600.1689453125 1 2 6 7 9 12 14 16 17 19 20 21 22 23 32 34 39 42 44 45 46 48 49 23_643.cif 
1.4667968750 -7600.1674804688 1 2 3 6 7 9 15 19 20 21 22 23 24 25 27 29 30 33 34 40 45 46 58 23_644.cif 
1.4687500000 -7600.1655273438 1 2 3 4 5 6 8 11 13 17 18 19 20 24 31 36 38 39 40 41 42 47 55 23_645.cif 
1.4702148438 -7600.1640625000 1 2 3 6 7 10 12 14 15 16 17 18 19 23 27 29 32 34 38 43 46 48 59 23_646.cif 
1.4726562500 -7600.1616210938 4 5 6 7 8 9 12 13 15 16 17 18 19 20 29 33 34 36 38 39 42 43 49 23_647.cif 
1.4750976563 -7600.1591796875 2 3 5 6 7 10 13 15 16 18 19 22 24 25 27 30 32 35 36 38 41 44 48 23_648.cif 
1.4770507813 -7600.1572265625 1 3 4 5 6 9 10 14 16 19 20 22 25 26 29 31 33 34 37 41 42 47 48 23_649.cif 
1.4814453126 -7600.1528320312 2 3 4 6 7 8 10 12 13 15 17 18 21 22 23 26 32 34 38 39 42 44 52 23_650.cif 
1.4833984376 -7600.1508789062 1 3 4 5 6 7 13 14 16 17 20 21 24 27 32 33 37 38 40 42 44 46 47 23_651.cif 
1.4873046876 -7600.1469726562 2 3 4 5 7 8 9 11 12 13 16 17 18 19 29 31 32 33 41 44 46 48 53 23_652.cif 
1.4892578126 -7600.1450195312 1 2 3 5 7 9 10 12 13 14 15 17 21 22 24 25 29 33 35 36 40 42 60 23_653.cif 
1.4931640626 -7600.1411132812 1 2 3 4 5 8 9 10 12 17 18 19 20 21 22 24 32 36 38 45 47 54 56 23_654.cif 
1.4980468750 -7600.1362304688 1 2 3 4 8 10 15 18 19 20 22 23 24 28 30 31 32 35 36 40 43 45 48 23_655.cif 
1.4985351563 -7600.1357421875 5 6 7 9 10 11 12 13 17 18 19 22 23 24 27 28 29 32 34 39 41 47 49 23_656.cif 
1.4990234376 -7600.1352539062 1 4 6 8 9 10 11 13 15 18 20 21 24 25 32 34 35 40 41 42 43 46 49 23_657.cif 
1.5009765626 -7600.1333007812 4 5 6 7 10 12 13 15 17 19 21 22 26 28 29 30 31 34 37 39 45 47 48 23_658.cif 
1.5039062500 -7600.1303710938 1 3 4 5 6 7 8 9 11 17 18 19 20 21 22 23 27 31 35 37 48 50 58 23_659.cif 
1.5048828126 -7600.1293945312 1 2 3 5 6 7 8 10 11 12 15 20 21 23 24 37 38 39 40 46 48 53 54 23_660.cif 
1.5053710938 -7600.1289062500 1 2 3 5 7 12 13 14 15 16 17 18 19 20 22 26 27 33 45 46 47 50 51 23_661.cif 
1.5063476563 -7600.1279296875 1 2 3 5 6 7 8 9 12 13 16 18 20 28 29 30 32 34 36 37 38 40 47 23_662.cif 
1.5068359376 -7600.1274414062 1 3 4 6 7 8 9 12 14 16 17 18 19 21 22 28 29 36 37 42 47 55 56 23_663.cif 
1.5102539063 -7600.1240234375 2 5 6 8 9 10 11 13 14 15 17 19 20 21 23 24 29 31 32 37 41 50 60 23_664.cif 
1.5112304688 -7600.1230468750 1 2 3 5 6 7 8 9 10 11 13 14 15 16 19 23 36 37 42 44 48 51 60 23_665.cif 
1.5170898438 -7600.1171875000 1 2 3 4 6 7 9 11 12 15 16 17 19 20 22 23 27 29 32 38 48 57 60 23_666.cif 
1.5190429688 -7600.1152343750 4 5 7 10 12 14 18 19 20 21 23 24 27 28 29 30 33 34 35 39 43 44 48 23_667.cif 
1.5219726563 -7600.1123046875 1 2 4 6 8 10 11 12 13 16 21 22 24 26 27 28 29 30 38 44 46 47 57 23_668.cif 
1.5249023438 -7600.1093750000 1 2 4 5 7 10 13 14 19 20 21 22 23 24 25 28 30 37 39 42 44 48 50 23_669.cif 
1.5258789063 -7600.1083984375 1 2 3 4 5 7 9 10 11 13 15 18 20 21 22 25 29 36 37 38 44 51 55 23_670.cif 
1.5268554688 -7600.1074218750 1 4 6 10 12 13 14 15 16 17 18 19 20 21 24 28 32 34 39 41 46 55 57 23_671.cif 
1.5273437500 -7600.1069335938 1 5 6 7 9 12 13 16 17 20 21 22 23 24 27 28 30 32 40 42 43 46 56 23_672.cif 
1.5297851563 -7600.1044921875 1 3 6 8 10 13 15 16 19 20 21 22 23 24 25 26 32 39 42 45 46 47 58 23_673.cif 
1.5307617188 -7600.1035156250 1 2 3 4 6 7 8 9 12 14 17 18 19 22 23 24 30 36 38 41 46 51 60 23_674.cif 
1.5317382813 -7600.1025390625 1 2 4 5 7 9 10 11 12 15 16 17 19 20 21 22 25 30 32 40 41 51 58 23_675.cif 
1.5336914063 -7600.1005859375 1 2 4 5 8 9 10 11 12 13 14 16 18 20 22 24 29 31 34 41 48 51 53 23_676.cif 
1.5356445313 -7600.0986328125 4 5 7 9 11 12 13 14 17 18 19 20 24 27 28 30 31 33 37 40 44 45 57 23_677.cif 
1.5361328126 -7600.0981445312 3 4 8 12 13 14 15 16 17 18 19 20 21 23 31 32 38 43 44 45 46 48 51 23_678.cif 
1.5375976563 -7600.0966796875 1 2 3 4 5 6 8 9 10 13 16 20 23 30 32 34 38 40 41 46 47 48 57 23_679.cif 
1.5385742188 -7600.0957031250 1 2 4 5 6 7 8 9 11 16 17 20 21 22 24 25 26 32 35 41 47 55 56 23_680.cif 
1.5405273438 -7600.0937500000 1 2 4 5 7 9 10 15 16 19 20 23 24 25 26 27 33 37 40 42 45 46 56 23_681.cif 
1.5419921876 -7600.0922851562 4 5 6 7 8 9 11 12 20 21 22 23 25 26 28 29 30 31 36 39 42 43 44 23_682.cif 
1.5424804688 -7600.0917968750 1 3 6 9 10 11 12 13 14 16 17 20 22 23 24 25 27 32 35 42 43 51 55 23_683.cif 
1.5498046876 -7600.0844726562 1 3 4 5 7 8 9 11 12 16 18 20 21 23 24 38 40 41 44 45 46 52 60 23_684.cif 
1.5502929688 -7600.0839843750 2 3 5 8 10 12 17 18 19 20 21 23 24 27 32 33 34 36 38 39 40 41 45 23_685.cif 
1.5571289063 -7600.0771484375 1 4 5 6 7 8 11 12 15 16 17 18 20 21 27 28 35 37 42 43 44 47 50 23_686.cif 
1.5581054688 -7600.0761718750 4 6 7 8 10 15 16 17 18 19 20 22 24 27 30 31 32 33 35 38 42 46 51 23_687.cif 
1.5600585938 -7600.0742187500 1 2 3 5 12 13 16 17 18 19 20 21 22 23 24 31 35 37 38 41 48 49 58 23_688.cif 
1.5605468750 -7600.0737304688 1 3 4 5 6 11 12 13 14 17 18 20 23 24 27 28 32 33 34 36 41 48 49 23_689.cif 
1.5610351563 -7600.0732421875 1 3 4 6 7 8 9 10 11 12 13 15 18 26 29 30 34 37 38 43 45 47 55 23_690.cif 
1.5678710938 -7600.0664062500 1 2 3 6 7 9 12 13 15 20 22 24 27 29 30 31 34 36 37 40 41 46 56 23_691.cif 
1.5688476563 -7600.0654296875 2 3 6 7 10 11 12 14 15 19 20 21 22 23 24 30 33 35 38 41 42 47 55 23_692.cif 
1.5703125000 -7600.0639648438 2 5 7 10 11 12 14 16 18 22 23 24 25 27 29 31 32 33 34 37 39 46 48 23_693.cif 
1.5712890626 -7600.0629882812 3 5 6 8 10 11 12 14 15 16 18 21 24 25 28 31 32 35 39 42 43 44 55 23_694.cif 
1.5722656250 -7600.0620117188 1 2 3 7 8 10 15 17 18 19 20 22 23 27 29 31 33 36 38 42 43 46 60 23_695.cif 
1.5766601563 -7600.0576171875 1 3 4 5 8 10 11 12 13 14 16 18 19 21 23 25 26 27 30 40 44 49 56 23_696.cif 
1.5771484376 -7600.0571289062 1 3 4 5 6 8 11 13 14 15 19 22 24 28 29 30 31 33 36 39 44 45 51 23_697.cif 
1.5791015626 -7600.0551757812 1 4 5 6 10 11 12 13 14 17 18 19 21 22 23 25 27 31 33 35 46 49 57 23_698.cif 
1.5825195313 -7600.0517578125 1 2 5 7 8 10 11 12 16 17 18 21 23 25 27 28 34 35 36 39 40 41 54 23_699.cif 
1.5859375000 -7600.0483398438 1 2 3 4 5 9 11 12 17 18 20 22 23 24 31 33 36 38 41 44 46 53 55 23_700.cif 
1.5869140626 -7600.0473632812 5 6 7 9 10 11 12 13 15 17 19 20 21 27 33 36 37 38 43 44 46 48 53 23_701.cif 
1.5913085938 -7600.0429687500 1 5 8 9 10 11 12 13 15 16 17 18 23 24 25 28 29 30 36 38 48 54 59 23_702.cif 
1.5937500000 -7600.0405273438 1 2 3 5 11 14 16 18 20 21 23 24 25 28 29 32 34 37 38 39 40 44 46 23_703.cif 
1.5947265626 -7600.0395507812 2 3 5 6 7 13 14 15 16 18 20 21 22 26 27 28 29 31 34 35 37 45 53 23_704.cif 
1.5961914063 -7600.0380859375 3 4 5 7 8 11 13 16 17 18 20 21 22 24 26 28 30 31 32 33 37 45 53 23_705.cif 
1.6074218750 -7600.0268554688 1 3 5 7 8 9 10 12 14 15 16 17 22 24 27 33 37 40 43 44 47 49 54 23_706.cif 
1.6083984376 -7600.0258789062 1 2 3 6 7 8 9 11 12 13 14 15 17 18 25 28 30 31 33 34 48 52 59 23_707.cif 
1.6088867188 -7600.0253906250 2 3 4 5 6 8 9 12 13 14 17 19 23 26 28 30 39 42 44 45 46 47 54 23_708.cif 
1.6147460938 -7600.0195312500 6 7 9 10 11 13 16 17 20 21 24 25 27 28 29 32 33 34 37 40 43 44 45 23_709.cif 
1.6176757813 -7600.0166015625 1 2 4 5 7 8 11 13 15 16 17 18 23 26 27 31 32 33 36 38 44 45 54 23_710.cif 
1.6186523438 -7600.0156250000 1 3 4 6 8 9 10 11 14 16 17 19 24 25 27 30 31 32 33 35 39 45 50 23_711.cif 
1.6206054688 -7600.0136718750 3 4 5 7 8 9 12 13 14 16 17 18 19 20 21 27 28 30 36 41 42 51 53 23_712.cif 
1.6250000000 -7600.0092773438 3 4 5 6 7 9 10 12 14 16 18 20 21 24 28 33 37 38 39 42 46 47 51 23_713.cif 
1.6254882813 -7600.0087890625 2 3 4 5 6 8 12 13 14 15 16 20 21 24 25 26 27 29 30 34 37 45 56 23_714.cif 
1.6264648438 -7600.0078125000 1 2 4 5 6 10 11 13 17 18 19 24 26 27 28 29 31 32 38 42 45 46 48 23_715.cif 
1.6293945313 -7600.0048828125 1 6 7 8 11 12 13 17 18 20 21 22 23 25 27 28 29 31 33 37 40 41 60 23_716.cif 
1.6303710938 -7600.0039062500 1 2 3 4 5 6 8 10 11 12 14 16 19 20 27 30 36 37 40 43 47 48 57 23_717.cif 
1.6308593750 -7600.0034179688 1 2 3 4 5 6 8 9 10 11 16 18 22 24 30 35 37 38 42 45 47 50 54 23_718.cif 
1.6313476563 -7600.0029296875 2 3 5 6 8 9 10 11 12 13 15 19 21 22 23 26 27 32 41 42 43 52 56 23_719.cif 
1.6318359376 -7600.0024414062 1 6 7 8 9 10 12 14 16 18 19 21 24 25 26 28 33 35 36 40 41 45 47 23_720.cif 
1.6328125000 -7600.0014648438 2 5 6 7 9 10 11 12 14 15 17 21 22 23 24 25 26 29 35 36 43 46 53 23_721.cif 
1.6367187500 -7599.9975585938 1 3 6 7 9 10 11 15 17 18 19 20 23 24 28 30 32 34 38 40 46 56 57 23_722.cif 
1.6372070313 -7599.9970703125 1 3 5 6 7 9 11 15 17 18 19 21 23 26 28 29 30 40 44 45 46 47 53 23_723.cif 
1.6450195313 -7599.9892578125 1 2 6 7 8 12 15 17 18 19 20 21 23 24 27 32 33 35 37 40 46 56 59 23_724.cif 
1.6474609376 -7599.9868164062 2 4 5 6 7 8 9 10 11 12 13 15 19 21 22 25 29 30 35 41 48 55 56 23_725.cif 
1.6518554688 -7599.9824218750 1 3 4 5 7 8 12 16 21 22 23 24 29 33 34 36 37 39 41 42 43 44 45 23_726.cif 
1.6538085938 -7599.9804687500 3 6 7 8 9 10 11 14 16 18 21 23 26 27 28 30 31 32 34 42 43 45 58 23_727.cif 
1.6547851563 -7599.9794921875 3 4 7 8 10 11 13 17 18 19 22 24 26 28 30 32 35 36 39 43 46 47 52 23_728.cif 
1.6567382813 -7599.9775390625 1 3 4 7 11 13 16 17 18 19 22 24 26 28 31 33 34 35 39 42 44 46 49 23_729.cif 
1.6572265626 -7599.9770507812 2 4 6 8 9 10 16 17 18 19 22 23 25 30 32 34 35 37 38 40 43 45 48 23_730.cif 
1.6596679688 -7599.9746093750 1 2 3 4 5 6 11 15 17 18 19 20 22 23 25 26 27 28 29 34 40 52 53 23_731.cif 
1.6601562500 -7599.9741210938 1 2 4 6 8 10 11 14 15 16 17 18 24 25 28 29 30 39 41 43 45 46 57 23_732.cif 
1.6606445313 -7599.9736328125 1 2 4 7 9 11 12 16 17 19 20 21 22 25 26 30 34 37 38 40 41 44 53 23_733.cif 
1.6611328126 -7599.9731445312 1 2 3 4 6 7 8 12 14 16 17 18 19 20 28 29 30 31 32 33 37 38 42 23_734.cif 
1.6660156250 -7599.9682617188 3 5 6 7 8 9 10 13 14 15 16 19 20 24 26 27 29 30 32 44 47 48 55 23_735.cif 
1.6748046876 -7599.9594726562 2 4 5 6 7 8 10 12 16 17 18 20 23 26 27 29 32 35 36 39 41 43 59 23_736.cif 
1.6777343750 -7599.9565429688 4 5 6 7 9 10 11 14 16 17 20 21 25 26 27 28 30 31 33 34 44 47 54 23_737.cif 
1.6791992188 -7599.9550781250 2 7 9 10 11 12 13 16 17 18 19 22 23 24 27 29 30 34 36 42 46 49 51 23_738.cif 
1.6865234376 -7599.9477539062 1 4 6 7 8 9 10 12 13 14 18 19 21 28 31 32 37 43 44 45 46 47 49 23_739.cif 
1.6870117188 -7599.9472656250 2 3 4 6 7 8 10 12 13 17 18 21 22 32 39 40 42 43 44 45 46 48 52 23_740.cif 
1.6884765626 -7599.9458007812 2 4 5 7 8 10 11 12 13 14 17 18 19 22 23 27 28 30 32 41 46 52 56 23_741.cif 
1.6894531250 -7599.9448242188 5 7 8 9 11 12 14 15 17 18 20 23 25 33 35 36 37 38 41 42 44 45 46 23_742.cif 
1.6938476563 -7599.9404296875 4 5 6 8 9 11 12 13 16 17 19 20 24 26 29 33 34 35 37 39 40 42 51 23_743.cif 
1.6972656250 -7599.9370117188 4 5 6 9 12 14 15 16 18 19 22 24 26 27 28 29 30 32 33 37 44 45 58 23_744.cif 
1.7041015626 -7599.9301757812 1 2 3 4 6 9 11 12 13 20 21 22 23 24 33 34 37 39 40 44 47 49 55 23_745.cif 
1.7055664063 -7599.9287109375 2 3 4 6 7 8 12 15 16 17 19 20 23 25 36 37 38 39 41 43 44 46 55 23_746.cif 
1.7060546876 -7599.9282226562 1 3 4 5 8 11 15 17 18 19 20 22 23 24 28 30 35 37 38 40 41 51 60 23_747.cif 
1.7080078126 -7599.9262695312 2 3 4 7 10 11 13 16 20 21 23 25 28 31 32 34 36 37 38 39 40 41 42 23_748.cif 
1.7099609376 -7599.9243164062 1 3 4 5 11 13 15 16 17 18 19 22 23 25 26 28 29 30 36 39 43 45 52 23_749.cif 
1.7114257813 -7599.9228515625 3 5 7 9 12 13 15 16 18 19 21 22 24 26 27 32 33 34 36 38 43 47 60 23_750.cif 
1.7124023438 -7599.9218750000 2 3 6 8 11 18 19 20 21 22 23 24 26 27 29 30 35 38 39 41 45 46 53 23_751.cif 
1.7128906250 -7599.9213867188 1 3 5 6 7 10 11 13 15 16 18 19 24 26 27 34 35 37 39 40 42 43 59 23_752.cif 
1.7163085938 -7599.9179687500 1 3 4 5 6 8 9 10 12 14 15 19 20 21 25 26 28 30 35 40 44 55 56 23_753.cif 
1.7192382813 -7599.9150390625 2 4 6 7 9 10 11 14 15 17 18 20 23 25 26 30 32 34 41 43 46 49 51 23_754.cif 
1.7211914063 -7599.9130859375 2 3 4 6 8 11 13 19 20 21 22 24 29 30 32 35 38 41 42 44 46 48 60 23_755.cif 
1.7226562500 -7599.9116210938 1 5 6 8 9 10 11 12 16 18 19 22 23 24 33 38 39 41 43 44 48 55 56 23_756.cif 
1.7260742188 -7599.9082031250 3 5 8 9 10 11 12 13 15 16 23 26 31 32 33 34 35 36 37 40 44 45 46 23_757.cif 
1.7285156250 -7599.9057617188 5 6 7 8 10 11 12 15 16 17 23 26 29 31 33 35 37 39 40 43 44 46 47 23_758.cif 
1.7324218750 -7599.9018554688 2 3 7 10 11 12 13 15 17 18 19 22 24 26 27 31 39 40 42 44 46 48 55 23_759.cif 
1.7333984376 -7599.9008789062 2 4 6 7 9 10 12 13 16 17 18 19 27 29 32 34 35 36 41 44 46 48 53 23_760.cif 
1.7504882813 -7599.8837890625 2 3 4 5 6 8 9 11 16 19 22 23 24 30 33 34 35 36 38 39 40 41 57 23_761.cif 
1.7534179688 -7599.8808593750 1 2 3 7 8 10 11 13 14 15 18 19 24 29 33 35 36 37 41 42 46 47 54 23_762.cif 
1.7622070313 -7599.8720703125 2 6 7 9 10 11 13 15 16 17 18 22 23 24 28 30 31 34 40 41 43 45 50 23_763.cif 
1.7641601563 -7599.8701171875 4 7 10 11 13 15 16 17 19 20 21 22 25 28 29 30 31 33 36 40 41 44 46 23_764.cif 
1.7651367188 -7599.8691406250 1 3 5 7 8 11 12 13 16 18 19 20 21 22 23 30 31 32 34 36 41 46 58 23_765.cif 
1.7656250000 -7599.8686523438 3 4 5 6 10 12 15 16 17 18 21 22 23 28 32 34 36 37 38 43 46 48 57 23_766.cif 
1.7675781250 -7599.8666992188 5 8 9 10 11 12 13 14 16 18 19 20 25 27 28 31 33 34 35 38 41 45 51 23_767.cif 
1.7729492188 -7599.8613281250 1 2 6 7 8 12 13 15 16 17 18 19 21 22 25 27 32 35 43 45 47 55 58 23_768.cif 
1.7734375000 -7599.8608398438 1 2 3 5 7 8 9 12 19 20 23 25 27 29 31 32 33 36 40 41 42 46 60 23_769.cif 
1.7788085938 -7599.8554687500 2 3 4 5 6 8 9 10 12 13 15 16 21 22 23 26 30 33 38 43 45 51 55 23_770.cif 
1.7895507813 -7599.8447265625 1 2 5 6 7 8 14 17 19 21 23 25 26 30 32 35 36 37 40 42 43 44 45 23_771.cif 
1.7978515626 -7599.8364257812 1 2 5 9 12 14 15 17 18 21 23 24 28 29 32 36 39 41 42 43 46 47 48 23_772.cif 
1.8002929688 -7599.8339843750 2 3 7 8 9 13 14 16 17 18 23 26 28 30 32 34 42 43 45 46 47 48 49 23_773.cif 
1.8007812500 -7599.8334960938 1 2 5 7 8 12 13 14 16 17 19 21 22 23 26 30 31 33 39 44 48 49 59 23_774.cif 
1.8027343750 -7599.8315429688 3 8 9 10 11 12 13 15 19 22 24 26 27 28 31 36 37 41 42 43 45 46 48 23_775.cif 
1.8046875000 -7599.8295898438 1 2 4 6 7 8 10 11 13 16 18 20 21 23 29 32 33 34 37 44 48 49 59 23_776.cif 
1.8056640626 -7599.8286132812 4 5 7 9 10 11 12 13 15 19 21 24 28 31 32 36 41 42 43 44 46 48 50 23_777.cif 
1.8066406250 -7599.8276367188 1 4 5 6 7 9 11 12 13 14 16 17 18 19 21 22 30 36 37 47 54 58 60 23_778.cif 
1.8085937500 -7599.8256835938 1 4 6 10 11 12 13 16 17 19 20 22 24 29 30 32 37 38 40 42 46 47 55 23_779.cif 
1.8100585938 -7599.8242187500 2 3 5 8 11 12 14 15 16 17 20 25 27 29 30 31 34 36 41 43 44 46 48 23_780.cif 
1.8115234376 -7599.8227539062 2 8 9 10 11 12 14 15 16 17 18 19 21 24 30 31 32 36 37 40 41 43 55 23_781.cif 
1.8295898438 -7599.8046875000 3 4 5 7 9 11 12 19 21 22 23 24 25 31 32 34 40 42 43 44 45 48 55 23_782.cif 
1.8305664063 -7599.8037109375 3 7 9 10 11 16 17 20 22 23 24 25 26 27 30 31 34 40 41 43 44 47 48 23_783.cif 
1.8471679688 -7599.7871093750 2 3 4 5 6 11 13 15 16 17 18 20 22 26 31 35 36 39 42 44 45 56 58 23_784.cif 
1.8530273438 -7599.7812500000 1 6 7 8 12 13 14 15 16 17 20 21 26 27 28 30 31 34 42 44 46 47 55 23_785.cif 
1.8544921876 -7599.7797851562 1 2 3 5 6 7 9 11 12 15 22 24 25 28 30 32 33 34 36 37 38 42 49 23_786.cif 
1.8652343750 -7599.7690429688 4 5 6 7 8 9 10 11 12 14 15 17 20 24 25 32 33 36 38 39 42 47 56 23_787.cif 
1.8710937500 -7599.7631835938 4 5 7 9 12 13 15 16 18 20 21 23 28 29 30 31 34 35 41 42 43 48 56 23_788.cif 
1.8774414063 -7599.7568359375 2 4 6 7 8 11 12 14 15 16 17 25 29 31 32 33 34 36 40 41 42 43 48 23_789.cif 
1.8789062500 -7599.7553710938 1 4 6 7 8 10 11 12 15 17 18 19 22 24 31 34 36 38 42 45 46 54 60 23_790.cif 
1.8955078126 -7599.7387695312 2 6 7 8 9 10 11 13 15 16 17 22 23 26 28 29 32 33 38 41 47 48 49 23_791.cif 
1.8959960938 -7599.7382812500 1 5 7 9 12 15 16 18 21 22 23 27 29 35 36 37 38 39 40 41 42 43 48 23_792.cif 
1.9008789063 -7599.7333984375 2 3 6 8 11 15 16 17 18 19 22 23 24 25 26 28 29 36 40 43 44 45 48 23_793.cif 
1.9311523438 -7599.7031250000 3 4 6 8 15 16 18 19 20 21 22 24 26 28 29 30 32 34 35 42 47 48 55 23_794.cif 
1.9370117188 -7599.6972656250 1 5 6 7 8 10 11 12 14 15 16 21 22 24 26 28 31 35 36 39 42 53 57 23_795.cif 
1.9394531250 -7599.6948242188 1 5 8 9 10 11 13 14 17 18 19 20 24 26 29 33 34 35 36 38 39 54 60 23_796.cif 
1.9414062500 -7599.6928710938 5 6 8 12 13 15 16 18 19 21 24 26 27 30 34 35 37 38 39 41 42 43 44 23_797.cif 
1.9482421876 -7599.6860351562 2 3 4 5 6 8 9 12 13 14 15 22 23 24 29 30 31 33 37 38 45 54 56 23_798.cif 
1.9487304688 -7599.6855468750 3 4 5 6 7 11 13 15 17 18 19 20 28 30 34 36 40 41 42 43 47 48 52 23_799.cif 
1.9667968750 -7599.6674804688 2 3 4 6 7 9 10 12 14 16 17 20 22 23 25 26 29 31 32 33 38 57 58 23_800.cif 
1.9804687500 -7599.6538085938 1 2 3 4 6 8 9 11 17 18 19 20 22 23 31 33 37 40 42 47 48 51 54 23_801.cif 
1.9838867188 -7599.6503906250 1 2 3 4 5 6 7 10 12 13 17 19 24 25 27 29 33 38 39 42 44 51 60 23_802.cif 
1.9853515626 -7599.6489257812 1 2 3 4 5 6 8 11 13 16 20 21 23 25 26 29 41 42 43 44 47 52 57 23_803.cif 
1.9858398438 -7599.6484375000 1 3 4 6 12 13 14 15 16 17 20 21 23 24 28 29 33 37 38 39 44 45 56 23_804.cif 
1.9863281250 -7599.6479492188 2 3 4 5 7 8 9 10 13 17 18 20 22 27 28 30 31 34 36 39 44 55 56 23_805.cif 
1.9887695313 -7599.6455078125 1 3 4 7 9 13 14 15 16 17 18 19 21 22 23 26 28 29 32 43 49 55 58 23_806.cif 
1.9912109376 -7599.6430664062 3 4 5 7 10 12 14 16 18 19 20 22 23 26 30 33 34 37 39 42 47 49 53 23_807.cif 
1.9926757813 -7599.6416015625 1 3 6 7 8 10 12 14 15 16 19 22 24 25 27 28 30 32 42 45 48 50 56 23_808.cif 
1.9960937500 -7599.6381835938 4 7 9 11 12 13 14 16 17 18 19 20 21 24 26 31 32 34 38 39 43 51 59 23_809.cif 
1.9965820313 -7599.6376953125 1 2 3 4 5 7 9 10 11 13 15 17 19 22 26 29 33 34 38 42 48 50 56 23_810.cif 
2.0000000000 -7599.6342773438 1 2 3 6 10 12 14 15 17 19 20 22 26 27 33 34 36 38 39 40 46 48 56 23_811.cif 
2.0004882813 -7599.6337890625 1 3 4 7 8 9 16 17 18 19 22 23 25 28 29 33 37 38 40 45 47 48 52 23_812.cif 
2.0117187500 -7599.6225585938 2 3 5 6 7 11 14 15 17 19 24 28 29 30 34 35 37 38 39 41 42 45 46 23_813.cif 
2.0239257813 -7599.6103515625 1 2 3 4 5 6 7 10 13 16 22 23 24 26 29 30 31 38 43 44 45 54 56 23_814.cif 
2.0268554688 -7599.6074218750 2 3 4 6 8 9 14 15 17 18 19 24 31 32 34 39 40 42 43 44 46 48 58 23_815.cif 
2.0317382813 -7599.6025390625 2 3 4 5 6 9 11 13 18 20 24 26 27 28 29 32 33 34 38 39 46 49 54 23_816.cif 
2.0332031250 -7599.6010742188 2 5 6 7 9 10 12 16 17 19 21 23 25 28 30 32 36 38 43 45 46 48 56 23_817.cif 
2.0385742188 -7599.5957031250 1 3 5 8 10 12 13 14 17 19 21 23 25 27 29 31 34 37 38 40 42 47 48 23_818.cif 
2.0400390626 -7599.5942382812 1 2 3 4 6 9 12 13 15 16 18 20 21 24 28 30 35 37 44 45 46 54 56 23_819.cif 
2.0444335938 -7599.5898437500 1 2 3 5 6 9 11 13 14 16 18 19 22 24 25 26 29 31 32 37 47 51 59 23_820.cif 
2.0454101563 -7599.5888671875 1 2 6 7 9 10 12 13 15 18 19 20 23 25 28 31 34 38 43 45 48 54 56 23_821.cif 
2.0527343750 -7599.5815429688 2 3 4 5 7 8 9 13 14 16 17 20 21 27 28 30 35 38 41 42 43 57 60 23_822.cif 
2.0600585938 -7599.5742187500 3 4 5 6 9 10 11 12 13 18 19 20 21 26 28 29 31 33 42 45 47 49 58 23_823.cif 
2.0605468750 -7599.5737304688 1 3 5 8 10 11 14 15 16 18 19 20 22 26 27 35 37 38 39 40 43 51 54 23_824.cif 
2.0610351563 -7599.5732421875 1 4 5 7 8 9 10 12 13 14 18 21 22 24 28 29 30 34 36 39 47 56 57 23_825.cif 
2.0717773438 -7599.5625000000 2 3 8 9 12 13 14 15 16 18 20 22 29 31 33 37 38 41 42 44 45 47 51 23_826.cif 
2.0737304688 -7599.5605468750 1 5 9 10 12 13 14 15 17 19 21 23 26 27 28 35 37 38 40 43 46 48 57 23_827.cif 
2.0800781250 -7599.5541992188 2 3 5 6 7 8 14 15 16 20 21 22 24 27 29 32 33 34 38 39 43 49 59 23_828.cif 
2.0805664063 -7599.5537109375 2 3 6 8 10 11 14 18 19 20 21 24 27 28 29 32 34 35 39 40 45 48 56 23_829.cif 
2.0844726563 -7599.5498046875 1 2 3 5 6 9 11 12 15 17 18 22 25 27 29 36 40 41 42 43 46 49 54 23_830.cif 
2.0947265626 -7599.5395507812 1 2 4 6 7 8 9 11 12 15 21 24 26 27 30 31 32 33 35 36 44 45 58 23_831.cif 
2.0991210938 -7599.5351562500 1 2 3 4 10 11 12 15 19 20 21 24 30 32 34 35 36 38 41 46 48 54 56 23_832.cif 
2.0996093750 -7599.5346679688 3 4 7 8 9 10 11 12 13 14 17 18 19 20 25 30 33 36 42 45 49 55 59 23_833.cif 
2.1015625000 -7599.5327148438 1 2 8 10 12 15 16 17 18 20 21 22 26 29 30 33 35 37 38 43 45 48 55 23_834.cif 
2.1030273438 -7599.5312500000 1 2 4 6 8 9 10 11 12 14 15 19 20 23 24 31 35 37 40 45 47 51 52 23_835.cif 
2.1083984376 -7599.5258789062 2 4 5 6 11 12 14 15 18 20 22 23 24 25 31 33 38 43 44 45 48 50 51 23_836.cif 
2.1289062500 -7599.5053710938 1 2 5 8 9 10 12 14 16 19 23 24 25 28 30 36 38 39 41 44 47 56 60 23_837.cif 
2.1342773438 -7599.5000000000 4 6 7 10 11 13 14 15 16 19 20 21 25 31 32 34 35 39 41 44 47 56 58 23_838.cif 
2.1445312500 -7599.4897460938 1 2 5 6 7 9 10 12 13 20 23 24 28 29 31 34 35 36 38 41 43 51 59 23_839.cif 
2.1489257813 -7599.4853515625 1 3 5 7 8 9 10 14 15 16 17 19 21 23 28 29 36 37 39 41 45 47 50 23_840.cif 
2.1582031250 -7599.4760742188 2 5 6 9 12 14 15 17 18 19 21 22 25 29 32 36 39 40 41 44 48 51 58 23_841.cif 
2.1586914063 -7599.4755859375 2 3 4 5 6 10 12 14 15 17 18 20 22 24 29 31 34 42 44 45 48 51 58 23_842.cif 
2.1591796876 -7599.4750976562 2 4 6 7 8 9 12 13 20 21 22 23 29 31 32 34 37 40 41 43 44 52 55 23_843.cif 
2.1777343750 -7599.4565429688 2 3 4 7 11 13 16 17 18 19 20 22 24 26 35 36 40 41 44 46 48 53 54 23_844.cif 
2.1796875000 -7599.4545898438 1 3 7 8 10 11 13 14 15 17 19 20 23 25 26 27 35 38 41 42 45 49 55 23_845.cif 
2.1821289063 -7599.4521484375 1 2 5 6 10 13 14 17 19 20 23 24 26 27 33 37 40 41 43 46 47 48 57 23_846.cif 
2.1992187500 -7599.4350585938 1 2 6 7 8 10 12 15 16 17 18 19 23 29 32 36 39 41 45 47 48 50 53 23_847.cif 
2.2197265626 -7599.4145507812 2 3 4 5 6 8 11 12 14 21 22 23 24 34 36 37 39 40 42 47 48 52 58 23_848.cif 
2.2783203126 -7599.3559570312 3 4 6 8 9 12 15 16 18 19 23 25 27 34 36 37 38 40 41 42 45 48 57 23_849.cif 
2.2836914063 -7599.3505859375 1 2 3 4 6 8 9 10 17 18 19 22 26 27 31 34 35 37 39 40 45 49 55 23_850.cif 
2.3046875000 -7599.3295898438 7 9 10 13 14 15 16 18 20 21 22 27 28 33 36 38 39 41 43 44 47 48 53 23_851.cif 
2.3691406250 -7599.2651367188 1 2 7 8 11 13 16 18 19 21 24 27 28 31 32 33 34 39 42 45 46 47 54 23_852.cif 
2.3916015626 -7599.2426757812 2 3 5 6 9 10 12 16 18 23 24 27 29 30 36 37 43 45 46 47 48 51 52 23_853.cif 
2.4184570313 -7599.2158203125 7 8 9 10 11 14 19 20 21 23 25 26 28 32 35 37 38 41 42 45 46 48 60 23_854.cif 
2.4252929688 -7599.2089843750 3 6 7 10 11 12 13 15 17 18 19 21 24 25 27 28 33 35 38 40 41 58 60 23_855.cif 
2.4306640626 -7599.2036132812 2 5 7 9 11 15 16 17 20 21 23 24 28 30 31 36 37 40 42 43 46 48 53 23_856.cif 
2.4345703126 -7599.1997070312 2 3 4 5 9 11 13 14 21 24 27 29 30 32 33 34 40 43 46 47 48 54 60 23_857.cif 
2.4375000000 -7599.1967773438 1 2 3 4 9 10 12 13 14 17 18 20 21 22 28 32 33 41 43 45 47 50 54 23_858.cif 
2.4458007813 -7599.1884765625 2 3 4 5 7 8 11 15 16 18 20 21 22 23 33 37 39 42 44 47 52 55 56 23_859.cif 
2.5581054688 -7599.0761718750 1 3 4 8 9 10 11 15 16 17 19 20 22 25 28 31 34 38 41 42 55 56 57 23_860.cif 
2.6215820313 -7599.0126953125 5 6 7 9 10 14 15 16 17 20 22 23 29 36 37 39 41 42 43 45 47 50 51 23_861.cif 
2.7065429688 -7598.9277343750 3 9 10 11 12 15 16 17 19 21 23 25 26 29 30 31 34 35 38 43 44 53 56 23_862.cif 
2.7534179688 -7598.8808593750 1 4 6 7 8 13 15 19 20 21 22 25 29 31 36 39 40 42 45 46 55 58 60 23_863.cif 
2.7587890626 -7598.8754882812 1 3 4 5 7 8 13 17 19 22 23 24 30 31 32 36 40 42 43 46 49 54 60 23_864.cif 
2.7744140626 -7598.8598632812 1 2 3 4 5 8 9 12 13 19 22 23 25 26 30 35 40 42 44 45 49 51 60 23_865.cif 
2.7758789063 -7598.8583984375 6 7 9 11 12 13 15 17 19 20 22 24 26 32 37 38 39 45 46 47 53 56 57 23_866.cif 
2.8989257813 -7598.7353515625 3 7 10 11 12 14 15 18 19 21 22 24 26 27 34 36 37 40 41 45 51 52 59 23_867.cif 
2.9287109376 -7598.7055664062 2 3 7 8 9 14 15 16 19 20 23 24 25 29 31 36 39 44 45 47 50 51 59 23_868.cif 
2.9702148438 -7598.6640625000 1 6 10 13 15 16 17 18 19 20 21 24 27 28 34 35 38 40 45 50 51 55 59 23_869.cif 
3.3447265626 -7598.2895507812 3 7 8 10 13 14 15 16 19 22 23 25 30 35 38 41 43 45 48 49 53 59 60 23_870.cif 
