    -7678.2548828125  2  4  7 11 13 15 17 18 20 21 22
    -7678.2182617188  1  2  3  4  5  6 20 21 22 23 24
    -7678.1723632812  1  2  3  4  5  6 19 20 21 22 24
    -7678.1635742188  2  3  4  7  9 11 13 17 18 20 22
    -7678.1582031250  1  2  3  4  5  6 19 20 21 23 24
    -7678.1582031250  2  4  7 11 12 13 15 17 20 21 22
    -7678.1557617188  2  7 11 13 15 17 18 20 21 22 24
    -7678.1552734375  2  4  6  7 12 13 15 17 20 21 22
    -7678.1376953125  2  4  7 13 15 16 17 18 20 21 22
    -7678.1298828125  2  6  7 11 12 13 15 17 20 21 22
    -7678.1132812500  1  2  4  5  6 19 20 21 22 23 24
    -7678.0952148438  6  7 11 12 13 15 16 17 20 21 22
    -7678.0893554688  2  4  7 11 13 15 18 20 21 22 24
    -7678.0874023438  7 11 13 14 15 16 17 18 20 21 22
    -7678.0830078125  1  2  3  4  5  7  8  9 10 11 12
    -7678.0820312500  4  7 11 13 14 15 17 18 20 21 22
    -7678.0717773438  2  3  4  7  9 11 13 18 20 22 24
    -7678.0712890625  1  2  3  4  5  6 16 20 21 22 23
    -7678.0634765625  4  6  7 11 13 15 17 18 20 21 22
    -7678.0629882812  2  4  7 12 13 15 16 17 20 21 22
    -7678.0581054688  1  2  3  4  5  6 20 22 23 24 29
    -7678.0434570312  2  4  7 12 13 15 17 20 21 22 24
    -7678.0366210938  2  4  6 13 15 16 17 18 20 21 22
    -7678.0332031250  7 11 12 13 15 16 17 18 20 21 22
    -7678.0278320312  1  2  3  4  5  6 20 22 23 24 33
    -7678.0273437500  2  4  6 13 15 17 18 19 20 21 22
    -7678.0258789062  2  3  4  7 13 15 18 20 21 22 24
    -7678.0209960938  2  4  6  7 12 13 16 17 20 21 22
    -7678.0205078125  2  4  6  7 11 13 15 18 20 21 22
    -7678.0200195312  2  7 11 12 13 15 17 18 20 21 22
    -7678.0131835938  4  7 13 15 17 18 19 20 21 22 24
    -7678.0087890625  1  2  3  4  5  6 20 22 23 24 40
    -7678.0048828125  1  2  3  4  6 19 20 22 23 24 34
    -7678.0039062500  1  2  3  4  5  6  7  8 10 11 12
    -7678.0024414062  2  3  4  7 13 18 19 20 21 22 24
    -7677.9946289062  2  4  7 11 13 15 18 20 21 22 29
    -7677.9936523438  2  7 11 12 13 15 17 20 21 22 24
    -7677.9897460938  1  2  3  4  5  6 20 22 23 24 32
    -7677.9892578125  2  4  7 13 14 15 17 18 20 21 22
    -7677.9833984375  2  4  6  7 12 13 15 17 20 21 25
    -7677.9824218750  2  4  7  9 11 13 17 18 20 22 29
    -7677.9775390625  2  4  7 10 11 13 15 18 20 21 22
    -7677.9716796875  1  2  4  7 11 15 17 20 21 22 24
    -7677.9682617188  2  3  4 13 15 18 19 20 21 22 24
    -7677.9677734375  1  2  3  4  5  6 20 21 23 24 28
    -7677.9628906250  2  3  4  7  9 10 11 13 18 20 22
    -7677.9614257812  1  2  4  5  6  7  8 10 11 12 15
    -7677.9599609375 13 15 16 17 18 19 20 21 22 24 27
    -7677.9594726562  4  7 10 11 13 15 18 20 21 22 24
    -7677.9555664062  1  2  3  4  5  6  9 20 22 24 29
    -7677.9541015625  2  3  4  7  9 13 18 19 20 22 24
    -7677.9467773438  3  4  7  9 11 13 18 19 20 22 24
    -7677.9467773438  9 11 13 14 15 17 18 19 20 22 24
    -7677.9443359375  2  4  6 12 13 16 17 20 21 22 23
    -7677.9404296875  2  4  6  7 12 13 17 20 21 22 31
    -7677.9394531250  1  2  3  4  5  6  9 20 22 24 28
    -7677.9384765625  2  4  7 11 13 15 17 18 20 22 45
    -7677.9379882812  1  2  4  7 11 15 17 18 20 21 22
    -7677.9340820312  7 13 15 16 17 18 19 20 21 22 27
    -7677.9321289062  4  7 13 15 16 17 18 19 20 21 22
    -7677.9287109375  2  4  7 12 13 15 17 20 21 22 31
    -7677.9248046875  1  2  3  4  6 19 20 22 23 24 29
    -7677.9218750000  4  7 10 11 13 15 18 20 21 24 25
    -7677.9165039062  3  8  9 14 16 17 18 19 22 23 24
    -7677.9116210938  6 13 15 16 17 18 19 20 21 22 27
    -7677.9101562500  1  2  4  5  6 19 20 22 23 24 29
    -7677.9091796875  1  2  4  7 15 17 18 20 21 22 24
    -7677.9072265625  2  3  7  9 11 13 17 18 20 22 39
    -7677.9047851562  2  4  7 10 11 13 15 17 18 20 22
    -7677.9042968750  2  4  7 11 13 17 18 19 20 21 22
    -7677.9028320312  1  2  4  7 11 13 17 18 20 21 22
    -7677.9003906250  2  3  4  7  9 11 13 18 20 22 26
    -7677.8989257812  1  3  8  9 14 16 17 18 19 22 23
    -7677.8925781250  1  2  4  6  7 11 12 17 20 21 22
    -7677.8920898438  1  2  3  6 19 20 21 22 23 24 34
    -7677.8901367188  2  7 12 13 15 16 20 21 22 23 33
    -7677.8881835938  2  4  6  7 12 13 15 17 20 21 37
    -7677.8857421875  2  4  6  7 12 16 17 20 21 22 23
    -7677.8833007812  1  2  3  4  5  7 11 15 20 22 24
    -7677.8823242188  2  4  6  7 11 12 17 20 21 22 34
    -7677.8818359375  2  4  7 12 13 14 15 17 20 21 22
    -7677.8818359375  2  4  7  9 11 13 14 17 18 20 22
    -7677.8808593750  2  7 11 13 15 17 18 20 21 22 29
    -7677.8798828125  9 10 11 13 14 17 18 19 20 22 24
    -7677.8769531250  4  9 10 11 13 14 17 18 19 20 22
    -7677.8725585938  2  7 13 15 16 17 18 19 20 21 22
    -7677.8686523438  1  2  3  4  5  7  9 20 22 24 29
    -7677.8666992188  4  9 10 11 13 17 18 19 20 22 24
    -7677.8662109375  1  2  4  5  7 11 15 20 21 22 24
    -7677.8627929688  1  2  3  5  6  7 16 17 20 22 23
    -7677.8618164062  1  2  3  4  5  7 11 20 22 24 35
    -7677.8603515625  1  2  3  4  5  6  7 13 20 21 23
    -7677.8564453125  7 13 15 16 17 18 19 20 21 22 39
    -7677.8559570312  1  2  3  4  7  9 11 20 22 24 29
    -7677.8510742188  2  4  7 11 12 15 17 20 21 22 34
    -7677.8505859375  2  3  4  9 11 13 18 20 22 24 41
    -7677.8500976562  4  7 10 11 13 15 17 18 20 21 25
    -7677.8481445312  1  2  3  6  7 16 17 20 22 23 34
    -7677.8471679688  4  9 11 13 17 18 19 20 22 24 33
    -7677.8461914062  1  2  3  4  5  6  7  8 11 12 35
    -7677.8417968750  2  3  4  7  9 13 18 20 22 24 29
    -7677.8388671875  2  7 12 13 15 16 17 20 22 23 29
    -7677.8383789062  2  4  6  7 12 13 15 17 20 21 43
    -7677.8374023438  4  9 11 13 14 17 18 19 20 22 36
    -7677.8325195312  2  3  4  5  7  9 11 13 18 20 41
    -7677.8276367188  1  2  3  4  5  6  7 11 21 22 35
    -7677.8193359375  2  4  6  7 12 13 16 17 20 22 23
    -7677.8129882812  2  5  6  7 12 13 15 17 20 21 23
    -7677.8115234375  1  2  6 17 19 20 21 22 23 24 35
    -7677.8095703125  2  6  7 12 15 16 20 21 22 23 41
    -7677.8066406250  2  3  4  7  9 13 14 18 19 20 22
    -7677.8037109375  1  2  3  4  5  7 11 20 21 22 35
    -7677.8002929688  2  6  7 12 15 16 20 21 22 23 25
    -7677.7954101562  2  3  4  7 13 14 18 19 20 21 22
    -7677.7934570312  1  2  4  5  6  7 11 12 20 21 22
    -7677.7919921875  2  6  7 12 16 17 20 21 22 23 25
    -7677.7915039062  1  2  4  5  6  7  8 10 11 12 47
    -7677.7885742188  1  2  3  6  7 16 17 20 22 23 39
    -7677.7846679688  2  6  7 12 13 15 17 20 21 23 43
    -7677.7841796875 13 15 16 17 18 19 20 21 22 24 31
    -7677.7700195312  1  2  4  5  6  7 11 12 21 22 27
    -7677.7666015625  3  9 11 13 14 15 17 18 19 20 24
    -7677.7612304688  1  2  4  5  6  7 12 16 17 22 23
    -7677.7509765625  1  2  3  4  5  6  7 16 17 22 23
    -7677.7509765625  1  2  3  6  7 16 17 20 22 23 46
    -7677.7421875000  1  2  3  4  5  6 12 16 22 23 48
    -7677.7373046875  4  5  6 10 11 12 14 17 19 20 22
    -7677.7353515625  2  4  7  9 13 18 20 21 22 24 29
    -7677.7319335938  1  2  3  4  5  6  7 11 21 32 35
    -7677.7236328125  1  2  4  6  7 12 16 17 20 22 23
    -7677.7226562500  1  2  3  4  5  6  7  8 11 21 35
    -7677.7216796875 11 13 14 15 17 18 20 21 22 24 29
    -7677.7172851562  1  2  3  7  9 11 13 17 18 22 39
    -7677.7163085938  1  2  4  5  6  7  8 11 12 21 35
    -7677.7128906250  1  2  3  4  5  6  7 21 22 32 35
    -7677.7089843750  3  4  5  8 11 14 15 18 19 21 24
    -7677.7084960938  1  3  7  9 11 13 16 17 18 22 27
    -7677.7045898438  1  2  3  7  9 11 13 17 20 22 39
    -7677.7006835938  1  2  5  6  7 12 15 17 20 21 23
    -7677.7001953125  3  4  5  8 11 14 18 19 21 23 24
    -7677.6972656250  1  2  3  4  5  6  7  8 11 18 35
    -7677.6953125000  4  5  8 10 11 14 18 19 21 24 35
    -7677.6938476562  1  2  3  4  5  6  7 13 20 21 31
    -7677.6899414062  3  8 14 16 17 18 19 20 22 24 35
    -7677.6879882812  3  8 14 16 17 18 19 20 22 24 27
    -7677.6845703125  1  2  4  5  6  7  8 11 12 17 35
    -7677.6806640625  1  2  3  4  5  6  7  8 11 30 35
    -7677.6796875000  1  4  5 10 11 14 18 19 21 24 35
    -7677.6787109375  1  2  3  4  5  6  7 20 22 28 33
    -7677.6704101562  1  2  3  4  5  6  7 19 20 22 33
    -7677.6669921875  1  2  3  4  5  6  7 15 17 22 32
    -7677.6577148438  3  4  5 11 14 18 19 21 23 24 32
    -7677.6533203125  1  2  4  5  6  7 12 15 20 21 23
    -7677.6489257812  1  2  3  4  5  7  9 10 11 12 41
    -7677.6474609375  1  3  5  6  8  9 10 11 12 35 38
    -7677.6430664062  3  5  8  9 11 14 17 18 19 23 24
    -7677.6367187500  1  2  3  4  5  6 13 15 20 21 31
    -7677.6333007812  1  2  3  4  5  6 12 15 20 21 46
    -7677.6328125000  4  5 11 18 19 20 21 22 24 35 38
    -7677.6298828125  1  2  3  5  6  9 10 11 12 35 38
    -7677.6274414062  1  2  6  7 12 16 17 20 22 23 34
    -7677.6259765625  1  2  3  4  5  6  7  8 11 17 47
    -7677.6201171875  1  2  3  4  5  6  7 12 19 22 47
    -7677.6201171875  3  8  9 11 13 14 15 18 19 21 24
    -7677.6171875000  3  9 13 14 15 18 19 20 21 24 25
    -7677.6166992188  1  2  3  4  7  9 10 13 20 25 36
    -7677.6162109375  1  6 17 19 20 21 22 23 24 34 35
    -7677.6162109375  3  8  9 13 14 16 17 18 19 22 23
    -7677.6098632812  1  2  3  4  5  7  9 10 12 13 36
    -7677.6079101562  1  2  3  4  6  7 11 17 20 23 46
    -7677.6074218750  1  2  3  4  7  8  9 10 13 20 36
    -7677.6044921875  1  4  5  9 10 11 12 14 17 20 22
    -7677.6020507812  1  2  3  4  5  6  7 11 30 34 35
    -7677.5981445312 12 13 15 16 17 18 20 21 22 24 31
    -7677.5981445312  8  9 13 14 16 17 18 19 22 23 24
    -7677.5913085938  1  2  3  4  5  7  8 11 17 18 22
    -7677.5888671875  1  2  3  4  7  9 10 13 20 36 46
    -7677.5756835938  1  8 14 15 16 17 19 20 22 24 35
    -7677.5751953125  1  4  5 11 18 19 20 21 22 24 35
    -7677.5644531250  1  2  4  5  6  7 10 12 16 34 39
    -7677.5639648438  3  8 14 15 16 17 19 20 22 24 47
    -7677.5615234375  1  8 11 14 15 17 19 20 22 24 29
    -7677.5615234375  2  3  4  6  7  9 13 20 21 25 30
    -7677.5532226562  1  4  5  9 10 11 14 17 20 22 36
    -7677.5512695312  1  4  6  8 11 12 15 17 21 22 23
    -7677.5512695312  3  4  5  8  9 11 14 18 19 23 24
    -7677.5468750000  3  4 14 15 16 17 19 20 22 24 42
    -7677.5463867188  1  2  3  4  5  7  9 10 12 13 48
    -7677.5449218750  1  2  3  4  5  6  7 12 16 34 39
    -7677.5361328125  2  3  4  5  6 12 15 20 21 31 46
    -7677.5268554688  2  5  6  7  9 12 13 15 20 21 31
    -7677.5258789062  1  3  4  6  7 11 12 13 17 18 22
    -7677.5239257812  1  2  3  4  5  6  7 11 13 23 30
    -7677.5219726562  1  3  5  6  8  9 10 11 12 35 48
    -7677.5195312500  2  3  6  7  9 12 13 20 21 25 31
    -7677.5190429688  2  3  6  7  9 12 13 15 20 21 31
    -7677.4980468750  1  3  6  7  9 11 13 17 18 22 35
    -7677.4975585938  3  4  8 14 15 17 19 20 22 24 28
    -7677.4907226562  1  3  6  7  9 11 12 13 17 18 22
    -7677.4833984375  3  4  8 14 15 17 19 20 22 24 42
    -7677.4790039062  2  3  6  7  9 13 15 20 21 25 30
    -7677.4755859375  5  6 11 12 15 17 20 21 22 23 31
    -7677.4589843750  1  2  3  4  5  6  7 12 22 26 47
    -7677.4462890625  1  2  3  4  7  9 10 12 13 20 36
    -7677.4389648438  1  3  4  6 11 13 14 17 18 22 40
    -7677.4335937500  1  8 11 14 15 16 17 18 20 24 29
    -7677.4321289062  1  2  3  4  5  6  7 15 17 22 37
    -7677.4243164062  1  4  9 10 11 12 17 20 22 24 37
    -7677.3872070312  1  4  9 10 11 14 17 20 22 26 37
    -7677.3818359375  1  3  7  8 14 15 16 17 18 24 35
    -7677.3359375000  1  6 11 17 19 20 21 23 24 34 35
    -7677.3315429688  1  2  3  4  5  7  8 11 22 30 36
    -7677.3247070312  1  8 11 14 15 16 17 19 20 24 29
    -7677.2412109375  1  3  6 11 17 19 20 24 34 35 39
    -7677.2373046875  3  8  9 12 14 16 17 18 22 24 38
    -7677.1401367188  1  4  9 10 11 13 17 20 24 34 37
    -7677.1269531250  2  3  8  9 10 14 16 17 18 38 47
    -7677.1166992188  1  3  4 11 13 14 17 18 22 34 48
    -7677.0039062500  3  4  7 11 13 14 17 18 20 35 60
    -7676.9907226562  1  4 11 12 15 19 21 22 23 26 48
    -7676.9311523438  1 12 16 19 21 22 23 26 33 34 47
    -7676.8666992188  5 12 16 19 21 22 26 27 33 47 48
    -7676.8593750000  1  3  4  5  7 11 16 18 24 29 60
    -7676.7939453125  5 12 16 17 19 22 26 27 30 47 48
    -7676.7866210938  4 11 12 19 21 22 23 26 33 46 48
    -7676.7651367188  1  3  5 11 15 21 24 26 37 46 47
