0 -7608.1918945312 1 2 3 4 5 6 8 9 10 14 16 17 18 19 20 21 22 23 24 26 30 34 22_1  .99654167748372517043
.2724609374 -7607.9194335938 1 2 5 6 7 8 9 10 11 12 13 14 15 16 17 18 21 24 25 30 43 44 22_2  .00085792084239603844
.3076171874 -7607.8842773438 2 3 4 5 6 8 9 10 11 12 14 15 16 17 18 20 22 23 26 28 38 45 22_3  .00034510966497514103
.3164062500 -7607.8754882812 1 2 3 4 6 7 8 9 13 14 16 17 18 19 20 22 23 24 28 30 43 45 22_4  .00027484294713258926
.3217773437 -7607.8701171875 1 2 4 5 6 7 8 9 10 13 14 15 16 17 18 19 20 23 24 29 32 47 22_5  .00023914565755215523
.3271484374 -7607.8647460938 3 4 7 8 9 10 11 12 13 14 15 17 18 19 20 22 23 24 28 43 45 48 22_6  .00020808482125052634
.3393554687 -7607.8525390625 1 3 5 7 8 9 10 11 14 15 16 17 18 19 20 21 24 30 35 44 46 47 22_7  .00015167620397402489
.3403320312 -7607.8515625000 2 3 4 6 7 8 9 11 12 13 14 15 17 18 19 20 22 24 29 36 37 43 22_8  .00014788755025557353
.3437500000 -7607.8481445312 1 2 3 4 5 6 7 8 9 10 11 14 15 18 20 22 23 32 33 38 40 45 22_9  .00013535714588066709
.3496093750 -7607.8422851562 1 2 3 4 5 6 7 8 9 10 11 16 17 18 19 20 21 24 25 28 35 38 22_10  .00011629637349974554
.3505859374 -7607.8413085938 1 3 4 5 6 8 9 10 11 14 16 17 18 19 20 22 23 24 41 42 46 48 22_11  .00011339145742320796
.3515625000 -7607.8403320312 1 2 3 4 6 7 8 9 15 16 17 18 20 21 22 23 24 25 28 29 36 43 22_12  .00011055910139775182
.3520507812 -7607.8398437500 2 4 7 8 9 10 11 12 13 14 15 17 18 19 21 22 23 24 28 38 42 45 22_13  .00010916956573694562
.3540039062 -7607.8378906250 2 4 7 8 9 10 11 12 13 15 17 18 19 20 21 22 23 24 25 28 40 42 22_14  .00010378388185841335
.3686523437 -7607.8232421875 1 2 3 4 7 8 9 11 12 14 16 17 18 19 20 22 24 29 31 34 35 36 22_15  .00007101373749731823
.3740234374 -7607.8178710938 2 3 4 5 7 8 9 10 11 12 13 14 16 17 18 19 22 24 30 31 36 45 22_16  .00006179029560776606
.3789062500 -7607.8129882812 3 4 5 7 9 11 12 13 14 15 16 17 18 19 21 22 23 24 28 30 41 42 22_17  .00005444914840442162
.3906250000 -7607.8012695312 1 2 3 4 7 8 9 10 11 12 14 15 16 17 18 22 23 28 31 36 37 44 22_18  .00004019398438735846
.3916015624 -7607.8002929688 1 2 3 4 8 9 10 11 12 14 15 17 18 19 21 22 23 24 27 31 34 36 22_19  .00003918999649063189
.3940429687 -7607.7978515625 1 5 6 7 9 10 11 12 14 15 16 17 18 20 21 22 23 28 37 39 45 48 22_20  .00003678837747285283
.4008789062 -7607.7910156250 1 4 5 6 9 10 11 12 14 16 17 18 19 21 22 23 24 27 28 32 34 46 22_21  .00003081837829791541
.4038085937 -7607.7880859375 1 2 3 4 6 7 8 9 10 11 12 13 15 16 19 20 22 24 30 33 36 44 22_22  .00002856618693151972
.4130859374 -7607.7788085938 4 6 8 9 10 11 12 14 15 17 18 19 20 21 22 23 24 28 29 32 37 40 22_23  .00002246398664198365
.4155273437 -7607.7763671875 2 4 5 7 8 9 10 11 12 13 14 15 17 18 20 21 22 24 30 32 37 48 22_24  .00002108736142214166
.4160156250 -7607.7758789062 1 2 3 4 6 7 9 10 11 12 15 17 18 20 21 22 24 28 34 37 38 48 22_25  .00002082232990251973
.4208984374 -7607.7709960938 1 2 5 6 7 8 9 10 11 12 13 14 15 16 17 18 21 25 30 43 44 48 22_26  .00001834848216390726
.4291992187 -7607.7626953125 1 3 4 5 7 8 9 10 11 12 13 14 15 16 18 22 26 28 29 30 34 45 22_27  .00001479859679032538
.4355468750 -7607.7563476562 1 2 4 5 7 8 9 10 11 12 13 14 16 17 19 20 21 22 33 39 41 44 22_28  .00001255488105816280
.4428710937 -7607.7490234375 1 2 3 4 5 6 9 10 11 12 14 16 18 20 22 23 25 26 28 33 34 38 22_29  .00001038529489671860
.4521484374 -7607.7397460938 1 4 7 8 9 10 11 12 13 15 17 18 20 21 22 23 24 25 31 33 40 42 22_30  .00000816682766909754
.4541015624 -7607.7377929688 1 2 3 5 6 7 8 9 10 11 15 18 19 20 22 23 24 29 30 36 38 39 22_31  .00000776393193694639
.4545898437 -7607.7373046875 1 2 3 4 5 7 10 11 13 14 16 18 19 20 22 23 24 35 36 37 39 42 22_32  .00000766635279281839
.4628906250 -7607.7290039062 1 2 3 4 5 6 7 8 9 10 11 12 14 20 22 23 24 31 33 35 37 48 22_33  .00000618314162554932
.4648437500 -7607.7270507812 1 2 3 5 7 8 9 11 13 14 15 18 19 20 22 23 24 28 29 33 34 36 22_34  .00000587810747114365
.4667968750 -7607.7250976562 1 2 7 8 9 11 13 14 15 16 17 18 20 21 22 23 24 30 31 36 41 44 22_35  .00000558812162728768
.4692382812 -7607.7226562500 1 3 4 5 6 11 13 15 16 17 18 19 20 21 22 23 24 26 27 28 36 38 22_36  .00000524567355780501
.4790039062 -7607.7128906250 2 3 4 5 6 7 8 10 12 13 14 17 19 20 21 22 23 24 28 30 42 45 22_37  .00000407326720360433
.5122070312 -7607.6796875000 1 2 3 4 8 9 10 11 12 13 16 18 19 20 22 23 24 29 32 36 39 41 22_38  .00000172355233785973
.5253906250 -7607.6665039062 1 2 3 6 7 8 9 10 11 14 18 19 20 21 22 23 24 32 35 38 39 41 22_39  .00000122494246073076
.5288085937 -7607.6630859375 1 2 5 6 7 9 10 12 13 14 15 16 18 19 20 22 23 29 33 43 44 45 22_40  .00000112115398149136
.5327148437 -7607.6591796875 1 2 3 4 5 6 7 8 10 11 12 14 16 20 21 22 31 34 35 39 47 48 22_41  .00000101326238195862
.5415039062 -7607.6503906250 1 2 3 5 7 8 9 11 12 13 14 15 18 19 20 22 23 24 28 33 34 37 22_42  .00000080695514574336
.5458984374 -7607.6459960938 1 2 4 5 6 9 10 12 13 15 16 18 19 20 21 22 26 28 33 36 45 47 22_43  .00000072013369798716
.5498046874 -7607.6420898438 1 3 4 5 7 9 11 14 16 17 18 19 20 21 22 23 24 31 36 38 41 42 22_44  .00000065083333618502
.5517578124 -7607.6401367188 1 2 3 4 5 9 13 16 17 18 19 20 21 22 23 24 28 29 34 36 38 47 22_45  .00000061872564589018
.5664062500 -7607.6254882812 1 2 3 4 5 6 8 9 10 11 12 13 17 20 21 22 24 25 30 31 40 44 22_46  .00000042336073482233
.5722656250 -7607.6196289062 2 3 4 5 8 9 11 13 14 15 16 17 18 19 20 21 23 26 29 34 36 46 22_47  .00000036374376706665
.5825195312 -7607.6093750000 2 3 4 5 6 7 8 9 10 11 12 14 17 18 19 21 22 23 24 36 41 45 22_48  .00000027889728246236
.5849609374 -7607.6069335938 1 3 4 7 8 9 10 12 13 14 15 16 18 19 21 22 23 25 30 33 40 42 22_49  .00000026180605891117
.5888671874 -7607.6030273438 1 3 5 6 7 8 9 12 14 15 16 17 19 22 23 24 28 33 41 42 44 46 22_50  .00000023661177255122
.5942382812 -7607.5976562500 1 2 4 5 6 7 8 9 11 12 13 14 17 19 22 23 24 30 32 33 37 40 22_51  .00000020588004303954
.6103515624 -7607.5815429688 1 3 4 5 6 8 9 10 12 14 15 16 18 19 20 21 22 23 24 32 34 53 22_52  .00000013562756248772
.6127929687 -7607.5791015625 1 3 4 5 6 8 9 10 12 14 15 16 18 19 20 21 22 23 24 29 32 53 22_53  .00000012731611154172
.6137695312 -7607.5781250000 1 3 5 7 8 10 11 14 15 16 17 19 20 21 23 24 30 31 35 37 44 46 22_54  .00000012413593794314
.6210937500 -7607.5708007812 3 6 8 9 11 12 13 14 15 16 17 18 19 20 21 22 23 26 28 31 43 44 22_55  .00000010268423201371
.6235351562 -7607.5683593750 5 6 10 11 12 13 14 15 16 17 18 20 21 22 23 24 28 30 32 34 45 47 22_56  .00000009639159571035
.6298828124 -7607.5620117188 1 2 3 4 5 7 8 9 10 12 13 14 15 16 17 18 20 32 33 38 40 48 22_57  .00000008177701166073
.6337890624 -7607.5581054688 3 4 5 7 9 10 12 13 14 15 17 18 19 20 22 23 24 30 43 45 46 48 22_58  .00000007390739451736
.6386718750 -7607.5532226562 1 2 5 6 7 8 9 10 14 15 17 18 19 20 21 22 23 25 31 39 43 44 22_59  .00000006512664574070
.6401367187 -7607.5517578125 1 2 3 4 6 7 9 10 11 13 14 15 16 17 18 22 26 28 29 32 44 47 22_60  .00000006270179265177
.6411132812 -7607.5507812500 3 4 6 7 8 10 11 12 13 15 18 20 21 22 23 24 32 33 37 39 40 43 22_61  .00000006113559193169
.6425781250 -7607.5493164062 1 5 8 10 11 12 14 15 16 17 18 19 22 23 24 26 27 29 36 41 42 44 22_62  .00000005885933714869
.6440429687 -7607.5478515625 1 2 3 5 6 7 9 10 11 13 17 18 20 21 22 23 24 25 27 33 38 47 22_63  .00000005666783405692
.6484375000 -7607.5434570312 3 4 5 6 7 9 10 11 13 14 15 16 17 18 23 24 25 31 32 33 43 44 22_64  .00000005057086134947
.6489257812 -7607.5429687500 1 2 4 5 6 7 8 9 10 12 15 16 17 19 20 22 26 30 33 41 43 47 22_65  .00000004993527355657
.6552734374 -7607.5366210938 1 2 3 4 5 6 7 11 12 13 14 15 19 21 22 23 24 33 38 42 45 47 22_66  .00000004236424781459
.6640625000 -7607.5278320312 1 2 3 4 5 6 7 11 13 15 16 18 19 22 23 24 25 29 30 37 42 45 22_67  .00000003373859356635
.6650390624 -7607.5268554688 2 3 5 6 7 8 9 10 12 13 14 15 16 17 18 21 31 32 35 36 37 47 22_68  .00000003289585204396
.6669921874 -7607.5249023438 1 2 3 4 5 6 7 9 11 12 13 15 16 19 20 24 25 30 33 35 36 41 22_69  .00000003127299443866
.6796875000 -7607.5122070312 1 2 3 4 5 6 9 10 11 12 14 15 17 18 22 24 25 26 35 36 37 41 22_70  .00000002250886509465
.6821289062 -7607.5097656250 1 2 6 7 10 12 13 15 16 17 18 19 20 21 22 23 25 27 33 41 43 44 22_71  .00000002112948971379
.6835937500 -7607.5083007812 1 2 4 5 7 8 9 10 11 12 14 15 16 18 20 21 24 26 41 43 46 54 22_72  .00000002034277774284
.6909179687 -7607.5009765625 1 2 5 6 7 8 10 11 12 15 16 17 18 21 23 26 28 36 37 44 45 47 22_73  .00000001682737931957
.6918945312 -7607.5000000000 2 3 4 5 6 7 9 10 12 13 16 17 18 20 21 22 25 30 34 35 40 45 22_74  .00000001640705555381
.6943359374 -7607.4975585938 1 2 4 7 8 9 10 11 13 16 17 18 19 20 21 22 24 27 33 35 41 43 22_75  .00000001540160777098
.6948242187 -7607.4970703125 3 4 6 7 9 11 13 14 15 17 18 20 21 22 23 26 28 30 32 34 37 43 22_76  .00000001520803630273
.6997070312 -7607.4921875000 1 2 5 6 9 10 12 13 14 15 16 18 19 20 21 23 26 29 33 36 43 47 22_77  .00000001340120838697
.7016601562 -7607.4902343750 1 2 3 4 7 8 9 10 11 13 14 16 18 21 22 23 27 28 30 31 32 46 22_78  .00000001274008391078
.7021484374 -7607.4897460938 1 2 3 4 6 9 11 12 13 15 17 19 20 21 22 25 27 29 32 36 46 47 22_79  .00000001257996320890
.7065429687 -7607.4853515625 2 3 4 5 7 8 9 10 12 13 15 16 17 18 19 20 24 32 36 38 40 48 22_80  .00000001122646710971
.7163085937 -7607.4755859375 1 2 3 4 5 6 8 10 14 15 17 18 20 21 24 25 26 27 30 31 34 43 22_81  .00000000871735531890
.7172851562 -7607.4746093750 1 6 8 9 10 11 12 14 15 17 18 19 20 22 23 24 28 29 30 32 37 40 22_82  .00000000849960830401
.7182617187 -7607.4736328125 1 2 3 4 9 10 11 12 13 14 15 16 18 19 20 22 26 27 29 34 42 46 22_83  .00000000828730029681
.7221679687 -7607.4697265625 1 2 3 4 6 7 8 10 11 12 17 18 19 21 22 24 28 31 32 37 39 44 22_84  .00000000748979156956
.7226562500 -7607.4692382812 1 3 4 5 6 7 8 10 11 13 15 18 20 21 23 24 25 28 33 40 46 47 22_85  .00000000739565789386
.7236328124 -7607.4682617188 2 3 5 6 7 8 9 10 11 14 17 18 19 20 21 22 23 24 33 35 38 41 22_86  .00000000721092500095
.7265625000 -7607.4653320312 1 2 4 6 7 8 12 13 14 15 17 18 19 20 21 22 24 26 28 32 35 40 22_87  .00000000668395426266
.7294921874 -7607.4624023438 3 4 5 6 7 8 9 12 13 15 16 18 19 20 21 22 23 24 28 30 33 56 22_88  .00000000619549431049
.7343750000 -7607.4575195312 2 3 4 6 7 8 9 11 13 15 16 18 19 21 22 23 24 29 32 42 43 48 22_89  .00000000545942345529
.7348632812 -7607.4570312500 1 3 4 6 7 8 9 11 12 14 17 18 21 22 24 28 31 32 34 40 43 47 22_90  .00000000539080799548
.7363281250 -7607.4555664062 1 3 4 5 6 8 9 10 11 12 14 16 19 20 22 26 27 29 30 31 37 46 22_91  .00000000519009263318
.7441406250 -7607.4477539062 3 4 5 6 7 9 10 11 12 13 15 16 17 18 20 21 24 31 32 36 46 49 22_92  .00000000423924406771
.7456054687 -7607.4462890625 2 3 7 8 9 10 11 12 13 14 15 18 19 20 22 24 28 33 37 39 40 42 22_93  .00000000408140476929
.7475585937 -7607.4443359375 1 2 3 4 6 7 9 10 12 13 16 17 18 20 22 23 27 36 43 44 45 48 22_94  .00000000388005601683
.7485351562 -7607.4433593750 4 5 7 8 9 10 11 14 15 16 18 20 21 23 24 31 32 33 40 41 44 46 22_95  .00000000378313779055
.7500000000 -7607.4418945312 1 3 4 7 8 9 11 12 14 17 18 20 21 22 24 31 32 33 34 40 43 47 22_96  .00000000364228063651
.7529296874 -7607.4389648438 2 3 4 5 6 7 9 12 13 14 15 17 20 22 24 25 27 28 30 31 41 43 22_97  .00000000337610463416
.7558593750 -7607.4360351562 1 2 3 4 6 7 8 9 10 11 12 14 20 21 22 23 27 31 33 37 39 44 22_98  .00000000312938062145
.7592773437 -7607.4326171875 1 2 3 4 6 7 8 9 10 11 12 15 18 19 20 21 22 23 29 36 48 51 22_99  .00000000286423048904
.7597656250 -7607.4321289062 1 2 3 4 6 10 11 13 14 18 19 20 21 22 23 24 25 28 38 39 40 42 22_100  .00000000282823208488
.7612304687 -7607.4306640625 1 3 7 8 9 10 11 12 13 14 16 17 19 20 21 22 23 24 35 36 44 50 22_101  .00000000272292883720
.7656250000 -7607.4262695312 3 4 6 7 8 11 12 15 16 17 18 20 21 22 23 25 26 28 29 39 44 46 22_102  .00000000242996505835
.7666015624 -7607.4252929688 2 5 6 8 9 10 11 13 15 16 17 18 19 20 22 23 24 26 28 29 33 46 22_103  .00000000236926802755
.7695312500 -7607.4223632812 1 4 6 7 11 12 13 15 17 18 20 21 22 23 25 28 29 31 36 43 46 48 22_104  .00000000219612312291
.7739257812 -7607.4179687500 1 2 3 5 6 7 10 13 16 17 18 19 20 22 23 24 35 36 39 42 47 48 22_105  .00000000195983912375
.7744140624 -7607.4174804688 3 4 5 6 7 9 10 11 12 13 15 16 19 21 22 23 24 26 33 37 38 44 22_106  .00000000193520735379
.7910156250 -7607.4008789062 1 2 5 6 8 10 11 12 14 15 18 19 20 22 23 24 29 35 38 39 45 48 22_107  .00000000125883350126
.7915039062 -7607.4003906250 2 4 5 6 8 9 10 12 13 14 15 16 19 20 23 28 29 32 33 36 41 46 22_108  .00000000124301215306
.7929687500 -7607.3989257812 1 2 5 6 7 8 10 11 12 16 18 19 20 21 23 24 30 33 35 37 39 42 22_109  .00000000119673121802
.7939453124 -7607.3979492188 1 3 4 5 6 9 10 11 12 13 17 18 19 22 23 24 26 27 32 35 43 46 22_110  .00000000116683859411
.7954101562 -7607.3964843750 1 2 4 5 6 9 10 12 13 14 15 16 18 19 20 21 26 28 33 41 45 47 22_111  .00000000112339382083
.8012695312 -7607.3906250000 1 2 4 5 6 7 10 11 12 14 15 17 20 21 24 26 27 29 30 32 43 46 22_112  .00000000096519933636
.8022460937 -7607.3896484375 3 4 7 8 9 10 11 12 13 15 18 19 20 22 23 25 28 29 36 37 45 48 22_113  .00000000094109004328
.8046875000 -7607.3872070312 1 3 4 6 7 9 10 11 12 14 16 20 21 22 23 25 30 33 37 40 43 45 22_114  .00000000088341869987
.8066406250 -7607.3852539062 1 2 4 5 6 7 9 11 12 13 14 17 21 22 23 30 32 33 39 40 45 46 22_115  .00000000083983682962
.8071289062 -7607.3847656250 1 4 5 8 9 10 11 12 13 14 15 17 18 19 21 23 24 27 28 35 38 41 22_116  .00000000082928154101
.8120117187 -7607.3798828125 1 2 3 4 5 6 7 10 12 13 15 16 19 21 23 25 26 27 29 34 42 45 22_117  .00000000073075672107
.8139648437 -7607.3779296875 3 4 6 7 9 10 11 14 15 17 18 20 21 22 23 24 26 28 30 32 40 43 22_118  .00000000069470615454
.8188476562 -7607.3730468750 1 2 4 5 6 9 10 12 13 15 19 20 21 23 24 31 33 36 37 42 43 44 22_119  .00000000061216989225
.8203125000 -7607.3715820312 1 4 7 8 9 11 13 14 15 17 19 20 21 22 23 24 30 32 33 34 36 48 22_120  .00000000058937703786
.8222656250 -7607.3696289062 1 2 3 4 7 8 9 11 14 15 16 17 18 20 21 22 26 27 32 34 45 54 22_121  .00000000056030118333
.8242187500 -7607.3676757812 1 2 3 4 6 7 8 9 10 12 15 17 18 20 21 22 28 34 37 38 42 48 22_122  .00000000053265973373
.8247070312 -7607.3671875000 2 3 4 7 9 10 11 13 14 15 16 18 20 21 24 25 30 35 36 41 44 46 22_123  .00000000052596512708
.8354492187 -7607.3564453125 1 2 3 4 5 6 7 10 11 12 14 15 16 17 20 30 33 34 35 36 39 47 22_124  .00000000039821054281
.8359375000 -7607.3559570312 2 3 4 5 7 8 9 10 14 16 18 19 20 22 23 26 27 30 35 40 42 45 22_125  .00000000039320572769
.8374023437 -7607.3544921875 1 2 6 7 8 9 10 12 13 14 15 16 17 18 25 27 28 29 34 37 39 42 22_126  .00000000037856554299
.8398437500 -7607.3520507812 1 2 4 6 10 12 13 14 15 16 18 20 21 23 24 25 26 28 31 33 41 46 22_127  .00000000035536650525
.8417968750 -7607.3500976562 1 3 5 6 8 9 10 11 12 14 16 17 21 22 23 25 27 28 31 32 38 47 22_128  .00000000033783513883
.8437500000 -7607.3481445312 2 3 4 5 6 7 8 9 10 11 18 19 20 21 23 24 25 34 36 44 47 48 22_129  .00000000032116865080
.8481445312 -7607.3437500000 1 2 4 5 6 8 10 12 15 16 17 19 21 24 27 32 35 36 38 41 44 46 22_130  .00000000028661366050
.8486328124 -7607.3432617188 2 3 4 5 6 7 8 9 10 15 18 20 21 23 24 31 32 34 39 40 43 44 22_131  .00000000028301142516
.8515625000 -7607.3403320312 1 2 3 4 5 6 7 10 13 14 17 18 19 20 22 27 30 32 34 35 36 46 22_132  .00000000026232909388
.8549804687 -7607.3369140625 1 2 4 5 7 8 9 10 11 12 14 17 18 19 23 28 34 37 38 41 44 45 22_133  .00000000024010214153
.8564453124 -7607.3354492188 3 4 5 6 7 8 9 10 11 12 16 17 19 20 21 22 25 29 36 44 46 47 22_134  .00000000023116244545
.8569335937 -7607.3349609375 1 4 5 7 8 9 10 11 12 14 15 16 17 19 20 22 23 24 35 38 40 53 22_135  .00000000022825713487
.8574218750 -7607.3344726562 1 2 3 5 6 7 8 9 10 11 12 14 16 22 24 27 31 34 35 39 45 47 22_136  .00000000022538833900
.8588867187 -7607.3330078125 2 3 5 6 8 9 11 12 15 16 17 19 20 21 24 27 29 32 34 36 45 46 22_137  .00000000021699648028
.8598632812 -7607.3320312500 2 3 4 5 7 9 11 12 13 15 16 17 20 21 22 23 24 25 26 36 45 58 22_138  .00000000021157621988
.8618164062 -7607.3300781250 2 3 4 5 7 9 10 11 12 13 15 16 18 21 24 25 28 29 30 33 36 42 22_139  .00000000020113848818
.8623046874 -7607.3295898438 4 6 11 12 13 14 16 17 18 19 20 21 22 23 24 25 26 27 32 42 45 46 22_140  .00000000019861052713
.8627929687 -7607.3291015625 2 3 5 6 7 8 9 10 12 15 17 18 19 21 22 23 28 33 35 40 44 46 22_141  .00000000019611433765
.8632812500 -7607.3286132812 1 2 3 4 5 8 9 10 12 13 14 17 19 20 21 23 24 26 31 36 37 58 22_142  .00000000019364952093
.8647460937 -7607.3271484375 1 3 4 5 7 8 11 12 13 14 15 16 18 19 20 21 27 31 34 35 42 45 22_143  .00000000018643939006
.8657226562 -7607.3261718750 1 2 3 4 5 6 8 10 12 18 19 20 22 23 24 25 27 35 38 39 40 45 22_144  .00000000018178240189
.8681640624 -7607.3237304688 1 3 4 5 7 9 10 11 12 13 14 16 18 19 20 26 28 30 31 32 34 45 22_145  .00000000017064251683
.8691406250 -7607.3227539062 1 2 3 4 5 9 14 16 17 18 20 21 22 23 24 29 31 32 33 37 38 42 22_146  .00000000016638011143
.8696289062 -7607.3222656250 1 2 3 6 8 9 11 12 14 15 19 20 21 22 23 24 27 30 31 32 41 43 22_147  .00000000016428900273
.8701171874 -7607.3217773438 2 3 4 6 7 11 14 16 17 18 20 21 22 23 24 25 27 28 32 36 46 47 22_148  .00000000016222417564
.8710937500 -7607.3208007812 1 3 4 5 8 9 12 14 16 18 19 21 22 23 24 26 29 30 31 38 42 47 22_149  .00000000015817204833
.8715820312 -7607.3203125000 2 3 4 5 6 7 8 9 10 12 15 16 17 18 19 20 30 33 36 40 43 45 22_150  .00000000015618410072
.8730468750 -7607.3188476562 1 2 3 5 6 7 9 10 11 13 15 18 19 21 23 30 31 32 34 35 38 43 22_151  .00000000015036891524
.8754882812 -7607.3164062500 1 2 4 5 6 8 9 12 15 16 17 18 19 20 21 24 26 33 41 42 43 47 22_152  .00000000014115409348
.8774414062 -7607.3144531250 1 3 4 5 7 8 10 11 14 15 16 17 20 21 24 26 30 31 37 42 44 46 22_153  .00000000013419051054
.8833007812 -7607.3085937500 1 3 4 5 7 8 11 12 13 14 16 19 20 21 23 24 28 29 33 36 37 41 22_154  .00000000011529402184
.8837890624 -7607.3081054688 1 3 4 5 7 8 9 10 11 14 17 18 19 22 30 32 38 40 42 43 45 47 22_155  .00000000011384497647
.8852539062 -7607.3066406250 2 3 7 9 10 11 13 14 15 17 18 20 22 23 24 31 33 36 37 42 46 47 22_156  .00000000010960619896
.8867187500 -7607.3051757812 1 3 4 6 7 8 9 10 11 12 15 17 20 22 24 26 31 32 34 37 44 45 22_157  .00000000010552524339
.8906250000 -7607.3012695312 1 2 3 4 6 7 9 10 11 15 16 18 19 20 21 22 27 29 32 37 42 47 22_158  .00000000009537027137
.8930664062 -7607.2988281250 2 4 5 7 8 9 10 11 12 13 14 17 19 20 21 22 24 32 35 40 47 53 22_159  .00000000008952584501
.8940429687 -7607.2978515625 1 4 6 7 10 11 13 15 17 18 19 20 21 22 25 28 29 34 35 43 44 48 22_160  .00000000008728961800
.8964843750 -7607.2954101562 1 2 3 4 6 8 9 10 11 12 15 16 17 18 20 21 22 25 27 28 38 52 22_161  .00000000008194038540
.8989257812 -7607.2929687500 2 3 7 8 9 11 13 15 16 17 19 20 22 23 24 25 26 29 30 31 35 42 22_162  .00000000007691896163
.8994140624 -7607.2924804688 2 4 5 7 8 9 10 11 12 16 17 19 20 21 22 24 25 26 28 37 39 47 22_163  .00000000007595222403
.8999023437 -7607.2919921875 2 3 4 5 6 7 12 13 15 16 18 19 20 21 22 27 28 36 37 41 43 47 22_164  .00000000007499763645
.9003906250 -7607.2915039062 2 4 7 8 10 11 12 15 16 17 18 21 22 23 24 25 29 34 35 36 42 48 22_165  .00000000007405504637
.9057617187 -7607.2861328125 1 3 4 5 6 7 9 11 14 17 18 19 20 22 23 24 31 32 40 43 45 48 22_166  .00000000006443659167
.9072265624 -7607.2846679688 3 4 5 8 10 11 12 13 14 15 16 18 19 20 21 24 31 35 37 38 40 43 22_167  .00000000006203743129
.9091796874 -7607.2827148438 3 5 6 7 8 9 10 11 12 15 16 18 20 21 26 30 31 35 36 37 41 43 22_168  .00000000005897692637
.9106445312 -7607.2812500000 1 2 4 7 8 9 10 12 13 15 17 19 20 23 24 26 33 36 40 42 44 46 22_169  .00000000005678104494
.9125976562 -7607.2792968750 2 4 5 7 9 10 11 12 14 16 17 19 20 21 23 24 36 37 41 42 44 48 22_170  .00000000005397985437
.9135742187 -7607.2783203125 2 4 5 6 9 10 15 16 17 18 19 20 21 22 24 28 29 30 31 36 37 42 22_171  .00000000005263151513
.9199218750 -7607.2719726562 1 2 3 5 6 7 8 9 10 12 13 14 18 19 23 26 27 28 29 30 40 48 22_172  .00000000004465169379
.9223632812 -7607.2695312500 1 2 3 6 7 8 9 11 12 13 15 16 17 18 19 21 23 26 28 34 36 59 22_173  .00000000004191537427
.9248046874 -7607.2670898438 2 3 4 6 7 9 10 11 13 15 16 18 19 21 22 23 27 29 30 37 42 48 22_174  .00000000003934674030
.9262695312 -7607.2656250000 3 4 7 8 9 11 12 14 16 18 19 20 21 23 24 29 31 34 36 40 41 46 22_175  .00000000003788174744
.9291992187 -7607.2626953125 1 2 4 5 7 8 9 10 11 12 16 17 18 20 23 26 27 40 44 45 47 48 22_176  .00000000003511336866
.9296875000 -7607.2622070312 1 2 3 5 6 9 12 13 14 16 17 18 19 22 24 33 34 35 36 39 47 48 22_177  .00000000003467205458
.9301757812 -7607.2617187500 1 2 5 7 8 9 10 13 14 16 17 18 19 22 24 27 32 33 34 39 42 48 22_178  .00000000003423628715
.9335937500 -7607.2583007812 2 3 4 11 12 13 14 15 18 19 20 21 22 23 24 25 29 30 35 38 46 47 22_179  .00000000003133547148
.9340820312 -7607.2578125000 3 4 5 6 7 9 10 11 13 16 17 18 20 21 22 27 32 37 40 43 45 47 22_180  .00000000003094163909
.9350585937 -7607.2568359375 1 2 3 4 5 6 7 8 9 12 13 16 18 19 21 23 24 25 27 33 44 56 22_181  .00000000003016876139
.9360351562 -7607.2558593750 1 2 4 5 6 7 9 10 12 13 14 17 18 19 20 21 24 25 29 37 39 56 22_182  .00000000002941518906
.9365234374 -7607.2553710938 1 2 3 5 6 7 8 9 10 11 12 15 16 17 22 27 28 30 34 35 38 52 22_183  .00000000002904549128
.9394531250 -7607.2524414062 2 3 4 6 7 11 12 13 15 19 20 22 23 24 25 32 33 34 39 42 45 48 22_184  .00000000002692286152
.9399414062 -7607.2519531250 1 2 3 5 6 8 10 11 12 15 17 18 19 20 21 23 26 31 34 35 36 56 22_185  .00000000002658448797
.9404296874 -7607.2514648438 2 4 5 7 9 10 11 12 16 17 18 20 21 22 23 30 36 37 38 41 45 48 22_186  .00000000002625036718
.9409179687 -7607.2509765625 1 3 4 6 8 9 11 12 13 15 18 19 21 22 24 26 29 31 33 35 36 46 22_187  .00000000002592044564
.9418945312 -7607.2500000000 1 2 3 5 7 8 10 11 12 14 16 18 23 26 27 29 30 33 34 35 47 48 22_188  .00000000002527299014
.9423828124 -7607.2495117188 3 6 8 9 12 13 15 16 17 18 19 20 22 23 24 29 38 41 42 43 44 46 22_189  .00000000002495535260
.9458007812 -7607.2460937500 2 6 7 8 9 10 11 15 17 18 20 21 23 24 25 28 29 30 31 34 39 44 22_190  .00000000002284090376
.9482421874 -7607.2436523438 1 2 4 5 6 7 12 15 16 18 19 20 21 22 23 28 29 31 32 36 37 44 22_191  .00000000002144118057
.9487304687 -7607.2431640625 1 2 3 5 6 8 9 11 14 16 18 19 20 22 23 25 26 35 38 39 45 46 22_192  .00000000002117170216
.9521484374 -7607.2397460938 1 4 6 7 9 10 11 14 15 16 17 18 19 20 21 22 23 27 36 42 43 47 22_193  .00000000001937783931
.9560546874 -7607.2358398438 1 2 4 5 6 9 11 12 13 15 17 19 20 21 23 24 30 31 36 37 42 47 22_194  .00000000001751305882
.9614257812 -7607.2304687500 1 2 3 4 5 7 9 10 11 13 15 18 19 21 22 26 28 29 36 42 43 46 22_195  .00000000001523841888
.9619140624 -7607.2299804688 1 3 4 7 8 11 12 15 16 17 18 19 20 21 22 23 28 31 34 42 44 48 22_196  .00000000001504689845
.9624023437 -7607.2294921875 1 3 4 6 7 9 10 11 12 13 15 18 19 22 24 28 37 38 39 40 41 44 22_197  .00000000001485778507
.9633789062 -7607.2285156250 1 2 3 4 5 6 10 12 16 17 18 20 21 22 23 26 33 36 37 39 42 46 22_198  .00000000001448665893
.9638671874 -7607.2280273438 2 7 9 10 11 12 13 15 16 17 19 20 21 23 24 30 31 34 35 36 46 48 22_199  .00000000001430458682
.9658203124 -7607.2260742188 1 2 3 5 9 10 11 12 13 14 15 16 17 19 22 23 27 30 34 35 36 40 22_200  .00000000001359889579
.9663085937 -7607.2255859375 1 2 3 5 7 8 10 11 12 14 16 18 19 23 26 27 29 30 34 35 40 48 22_201  .00000000001342798129
.9667968750 -7607.2250976562 1 2 3 4 5 6 7 9 10 11 13 14 17 20 21 30 31 32 34 39 40 54 22_202  .00000000001325921487
.9682617187 -7607.2236328125 1 2 3 4 6 7 8 9 10 11 12 14 16 18 19 21 22 24 31 32 42 52 22_203  .00000000001276553602
.9692382812 -7607.2226562500 1 3 4 5 6 9 10 11 12 13 17 18 23 24 25 26 29 31 32 37 40 43 22_204  .00000000001244667126
.9697265624 -7607.2221679688 1 2 3 5 6 8 9 10 11 13 15 17 18 20 21 23 24 28 38 41 43 54 22_205  .00000000001229023825
.9731445312 -7607.2187500000 3 6 7 8 11 12 13 15 16 17 18 19 20 22 24 25 26 27 29 30 38 46 22_206  .00000000001124889531
.9765625000 -7607.2153320312 1 3 4 5 8 9 10 11 12 15 16 17 18 20 22 24 26 27 29 44 48 55 22_207  .00000000001029578461
.9794921874 -7607.2124023438 5 8 9 10 12 14 15 16 17 18 21 22 23 24 25 28 30 31 33 38 39 43 22_208  .00000000000954337395
.9804687500 -7607.2114257812 2 4 5 6 7 8 10 12 13 14 15 16 19 20 21 30 33 36 37 42 43 47 22_209  .00000000000930499415
.9809570312 -7607.2109375000 2 3 4 5 7 8 9 11 12 14 17 18 20 22 24 25 31 36 37 38 45 47 22_210  .00000000000918804656
.9814453124 -7607.2104492188 1 2 4 5 8 9 11 12 14 16 17 18 20 21 22 23 25 27 28 34 39 41 22_211  .00000000000907256878
.9858398437 -7607.2060546875 1 3 5 6 7 8 9 13 15 16 18 21 22 23 24 29 30 31 34 40 43 45 22_212  .00000000000809643823
.9887695312 -7607.2031250000 2 3 4 5 6 9 10 12 13 19 20 21 22 24 28 30 35 36 37 40 42 47 22_213  .00000000000750475465
.9926757812 -7607.1992187500 1 6 7 9 10 13 14 15 16 17 18 20 21 22 23 31 32 34 35 38 41 44 22_214  .00000000000678255235
.9941406250 -7607.1977539062 1 5 6 7 8 9 10 11 13 15 16 17 19 23 24 26 29 30 32 40 41 43 22_215  .00000000000653001833
.9975585937 -7607.1943359375 1 2 3 4 5 6 8 9 10 11 12 14 15 16 21 25 26 30 32 36 46 54 22_216  .00000000000597673464
.9985351562 -7607.1933593750 2 3 5 6 7 9 11 12 13 14 17 19 20 24 31 32 33 35 37 39 42 46 22_217  .00000000000582744439
1.0004882812 -7607.1914062500 1 3 4 5 6 7 9 11 12 14 16 19 20 22 23 32 39 40 44 45 46 48 22_218  .00000000000553995793
1.0024414062 -7607.1894531250 1 4 5 6 9 10 11 12 14 16 17 18 19 20 22 24 26 33 35 43 46 60 22_219  .00000000000526665408
1.0034179687 -7607.1884765625 1 2 5 6 7 8 10 12 15 18 19 20 22 23 24 32 37 39 40 41 45 48 22_220  .00000000000513510062
1.0039062500 -7607.1879882812 3 4 7 8 9 12 13 15 17 18 19 20 21 22 24 28 30 32 40 44 45 46 22_221  .00000000000507056132
1.0053710937 -7607.1865234375 1 2 4 6 7 8 9 12 14 15 17 20 22 23 28 32 34 39 40 41 43 45 22_222  .00000000000488176968
1.0068359374 -7607.1850585938 1 3 4 5 6 8 9 10 11 15 17 19 20 22 23 25 30 32 34 38 40 44 22_223  .00000000000470000730
1.0092773437 -7607.1826171875 1 3 4 5 6 7 8 9 10 11 13 15 16 18 20 24 26 27 30 35 36 38 22_224  .00000000000441198413
1.0102539062 -7607.1816406250 1 3 4 5 6 9 10 11 12 14 15 16 19 20 21 22 24 34 36 38 48 60 22_225  .00000000000430177911
1.0122070312 -7607.1796875000 1 4 6 9 10 13 14 15 16 18 19 21 22 23 24 29 30 31 32 37 45 48 22_226  .00000000000408955858
1.0151367187 -7607.1767578125 3 5 6 7 8 10 11 13 14 15 17 18 19 20 22 31 32 35 36 38 39 41 22_227  .00000000000379069572
1.0161132812 -7607.1757812500 1 2 7 8 9 10 12 13 14 15 17 19 22 23 24 28 32 34 37 41 45 46 22_228  .00000000000369600959
1.0166015624 -7607.1752929688 1 2 3 4 6 7 8 9 10 11 12 14 17 18 19 25 27 28 29 44 48 53 22_229  .00000000000364955718
1.0170898437 -7607.1748046875 2 4 5 7 8 10 12 13 14 15 17 19 20 22 24 25 27 28 31 33 42 48 22_230  .00000000000360368858
1.0195312500 -7607.1723632812 3 4 5 6 8 9 11 12 14 15 17 18 21 23 24 26 31 34 37 40 42 46 22_231  .00000000000338284939
1.0200195312 -7607.1718750000 1 2 4 5 7 8 10 11 13 14 17 19 20 22 24 27 31 33 39 42 47 48 22_232  .00000000000334033286
1.0214843750 -7607.1704101562 1 5 6 10 11 12 15 16 17 18 20 21 22 23 24 32 37 38 39 40 41 42 22_233  .00000000000321596261
1.0224609374 -7607.1694335938 1 2 3 4 5 6 9 10 11 12 13 17 19 20 24 27 32 36 37 38 45 55 22_234  .00000000000313563249
1.0229492187 -7607.1689453125 1 2 4 5 7 9 12 13 15 16 17 19 20 23 24 25 26 36 38 41 42 45 22_235  .00000000000309622304
1.0239257812 -7607.1679687500 3 6 8 9 11 12 13 14 15 16 17 18 19 23 24 25 36 37 40 41 44 47 22_236  .00000000000301888383
1.0258789062 -7607.1660156250 1 2 3 4 5 7 9 10 11 13 15 16 17 19 22 24 30 34 39 42 48 53 22_237  .00000000000286995263
1.0292968750 -7607.1625976562 1 2 3 4 5 6 7 8 9 10 11 13 15 16 18 24 27 30 34 43 48 56 22_238  .00000000000262678363
1.0317382812 -7607.1601562500 1 2 3 4 5 6 7 9 10 11 13 14 16 17 18 24 27 30 32 39 47 56 22_239  .00000000000246581058
1.0351562500 -7607.1567382812 1 2 4 5 7 8 9 11 12 13 14 15 18 19 21 28 32 37 41 45 46 47 22_240  .00000000000225688426
1.0375976562 -7607.1542968750 1 2 6 7 8 9 10 13 15 16 17 18 19 20 23 25 29 33 39 42 44 47 22_241  .00000000000211857916
1.0380859374 -7607.1538085938 1 5 6 7 8 9 11 12 14 15 16 17 18 20 21 22 24 26 27 44 45 51 22_242  .00000000000209195230
1.0385742187 -7607.1533203125 1 2 4 6 7 10 13 14 15 16 18 19 20 21 23 31 34 37 38 41 42 47 22_243  .00000000000206566010
1.0395507812 -7607.1523437500 1 5 7 8 9 10 14 15 16 17 18 20 23 24 25 28 29 31 40 41 43 47 22_244  .00000000000201406287
1.0415039062 -7607.1503906250 1 2 3 4 6 8 9 10 11 12 13 17 19 20 26 28 30 34 36 38 42 46 22_245  .00000000000191470271
1.0439453124 -7607.1479492188 1 2 3 5 6 8 10 11 12 13 14 15 16 20 21 22 24 26 30 31 38 43 22_246  .00000000000179736700
1.0454101562 -7607.1464843750 3 8 9 10 12 13 15 16 17 18 19 20 22 24 26 27 28 29 30 44 46 47 22_247  .00000000000173044583
1.0488281250 -7607.1430664062 1 3 4 5 8 11 12 14 15 16 17 19 20 21 22 24 25 29 36 46 47 51 22_248  .00000000000158382641
1.0507812500 -7607.1411132812 1 2 4 5 6 7 9 10 11 14 15 17 18 20 21 22 26 36 43 46 47 53 22_249  .00000000000150569119
1.0532226562 -7607.1386718750 1 2 5 6 8 10 12 13 14 15 17 19 20 21 23 26 29 31 33 37 44 47 22_250  .00000000000141342028
1.0541992187 -7607.1376953125 1 3 4 7 8 9 13 15 16 17 18 19 20 21 22 25 27 28 31 36 37 47 22_251  .00000000000137811507
1.0546875000 -7607.1372070312 2 3 4 6 9 10 11 12 13 14 15 17 19 20 23 27 32 34 36 37 40 48 22_252  .00000000000136079456
1.0551757812 -7607.1367187500 1 2 3 6 8 10 11 14 15 17 18 19 20 22 25 27 28 32 33 35 46 48 22_253  .00000000000134369174
1.0566406250 -7607.1352539062 1 2 4 5 6 8 10 12 14 15 16 17 18 22 32 33 34 36 39 40 43 47 22_254  .00000000000129366221
1.0576171874 -7607.1342773438 1 2 6 8 10 11 12 14 15 16 17 21 22 23 27 31 36 38 39 42 46 48 22_255  .00000000000126134839
1.0581054687 -7607.1337890625 1 2 3 4 5 6 8 9 11 12 15 16 17 19 20 23 35 36 38 39 46 47 22_256  .00000000000124549543
1.0605468750 -7607.1313476562 2 4 7 8 9 12 14 16 17 18 19 20 21 22 24 28 32 33 39 43 45 48 22_257  .00000000000116916969
1.0610351562 -7607.1308593750 1 2 3 4 5 6 7 8 9 14 16 17 20 21 22 23 24 25 38 39 42 59 22_258  .00000000000115447526
1.0634765624 -7607.1284179688 1 2 3 4 5 7 8 9 10 11 12 14 18 19 20 21 23 24 25 42 53 59 22_259  .00000000000108372737
1.0659179687 -7607.1259765625 2 5 9 10 11 14 15 17 18 20 21 22 23 24 26 27 31 32 34 35 40 46 22_260  .00000000000101731500
1.0664062500 -7607.1254882812 2 4 6 10 11 12 13 14 15 19 20 21 22 23 30 31 33 35 36 37 41 44 22_261  .00000000000100452912
1.0703125000 -7607.1215820312 1 2 4 6 7 9 11 12 14 16 17 18 20 22 23 24 25 34 37 45 46 55 22_262  .00000000000090786063
1.0722656250 -7607.1196289062 3 4 5 6 7 9 10 11 12 13 15 17 18 19 20 27 28 31 33 42 43 47 22_263  .00000000000086307297
1.0747070312 -7607.1171875000 1 2 7 8 9 10 11 12 14 15 16 18 22 23 24 28 29 33 35 38 41 56 22_264  .00000000000081018262
1.0771484374 -7607.1147460938 1 4 5 7 8 9 10 11 13 14 15 18 19 21 23 25 28 32 36 41 46 47 22_265  .00000000000076053348
1.0786132812 -7607.1132812500 3 4 5 6 7 9 11 12 15 16 20 21 22 23 24 25 26 28 30 34 35 36 22_266  .00000000000073221662
1.0791015624 -7607.1127929688 1 3 4 5 6 9 10 12 13 14 16 17 19 21 22 23 27 33 36 39 40 45 22_267  .00000000000072301392
1.0805664062 -7607.1113281250 2 4 5 8 10 11 13 15 16 17 18 19 20 22 26 29 30 33 35 38 42 48 22_268  .00000000000069609402
1.0815429687 -7607.1103515625 1 2 3 4 5 9 13 16 18 20 21 22 23 24 25 29 31 32 33 37 38 42 22_269  .00000000000067870659
1.0820312500 -7607.1098632812 2 4 7 8 10 13 16 17 18 19 20 21 23 24 25 28 29 30 31 44 46 48 22_270  .00000000000067017644
1.0849609374 -7607.1069335938 1 2 3 6 8 9 11 12 13 17 18 19 22 23 27 30 36 38 39 41 44 46 22_271  .00000000000062120028
1.0859375000 -7607.1059570312 1 4 7 8 10 11 13 15 16 17 18 21 22 23 26 31 32 36 37 38 40 44 22_272  .00000000000060568359
1.0893554687 -7607.1025390625 1 3 5 7 8 9 10 11 12 13 16 19 20 23 26 27 28 30 36 37 43 46 22_273  .00000000000055436446
1.0898437500 -7607.1020507812 1 2 3 5 6 7 8 11 12 13 14 16 19 20 21 22 25 27 30 38 39 43 22_274  .00000000000054739706
1.0908203124 -7607.1010742188 1 3 4 5 7 8 10 11 12 14 19 20 21 24 27 30 31 37 38 41 42 46 22_275  .00000000000053372387
1.0947265624 -7607.0971679688 1 2 3 4 5 7 8 9 11 12 14 15 16 18 19 21 27 32 33 46 47 60 22_276  .00000000000048236222
1.0961914062 -7607.0957031250 1 2 3 5 6 7 10 11 13 14 16 19 21 23 26 27 30 31 34 39 42 47 22_277  .00000000000046440248
1.1000976562 -7607.0917968750 1 2 6 7 9 10 11 12 13 15 17 21 22 23 29 30 32 36 38 39 46 48 22_278  .00000000000041971180
1.1010742187 -7607.0908203125 1 2 3 5 7 8 9 10 12 15 19 20 22 23 27 29 32 38 40 46 47 48 22_279  .00000000000040922800
1.1030273437 -7607.0888671875 1 2 3 4 6 8 9 11 12 14 17 18 22 24 26 27 31 33 38 39 46 47 22_280  .00000000000038903948
1.1049804687 -7607.0869140625 1 2 4 6 8 11 14 16 17 19 20 21 22 23 24 29 30 34 38 42 47 58 22_281  .00000000000036984692
1.1059570312 -7607.0859375000 3 4 5 6 8 10 11 13 14 15 16 18 20 24 26 27 30 31 32 34 38 45 22_282  .00000000000036060867
1.1098632812 -7607.0820312500 1 3 6 7 9 10 11 12 13 14 15 17 19 22 23 24 28 31 33 42 44 56 22_283  .00000000000032590634
1.1127929687 -7607.0791015625 1 2 3 4 7 8 10 12 13 16 18 20 21 22 23 24 25 27 39 40 46 54 22_284  .00000000000030208928
1.1137695312 -7607.0781250000 1 2 3 4 5 6 8 9 12 14 18 19 20 22 23 24 31 37 38 39 45 56 22_285  .00000000000029454352
1.1142578124 -7607.0776367188 1 2 5 6 7 9 11 12 14 15 16 17 20 22 23 24 27 32 45 46 47 51 22_286  .00000000000029084162
1.1157226562 -7607.0761718750 1 2 3 4 6 7 9 11 12 14 16 18 19 20 22 23 25 26 28 33 46 54 22_287  .00000000000028001275
1.1166992187 -7607.0751953125 2 3 5 6 7 8 9 11 12 14 15 16 17 19 22 23 26 30 31 44 47 60 22_288  .00000000000027301843
1.1171875000 -7607.0747070312 4 6 7 8 11 12 13 15 17 18 19 20 21 22 23 25 28 29 31 36 40 57 22_289  .00000000000026958706
1.1196289062 -7607.0722656250 1 2 5 6 7 9 10 14 15 17 18 19 20 21 23 29 31 32 33 34 41 43 22_290  .00000000000025306638
1.1201171874 -7607.0717773438 1 2 3 4 10 13 14 15 16 17 18 20 22 24 28 29 35 36 37 42 43 46 22_291  .00000000000024988578
1.1206054687 -7607.0712890625 1 2 3 4 5 10 11 13 14 15 16 17 18 20 22 26 29 30 31 42 44 48 22_292  .00000000000024674515
1.1215820312 -7607.0703125000 1 2 3 4 5 7 8 9 11 16 17 18 20 23 25 26 27 31 33 36 39 40 22_293  .00000000000024058181
1.1230468750 -7607.0688476562 1 2 3 4 5 6 7 10 11 12 14 15 16 19 23 26 27 29 34 35 40 45 22_294  .00000000000023162425
1.1240234374 -7607.0678710938 5 6 10 11 12 14 15 16 17 18 20 21 23 24 32 33 34 37 39 40 41 48 22_295  .00000000000022583861
1.1250000000 -7607.0668945312 2 6 7 8 9 10 11 13 16 17 18 19 20 21 22 23 34 36 38 39 40 57 22_296  .00000000000022019749
1.1279296874 -7607.0639648438 1 2 3 5 6 10 11 12 13 19 20 22 23 24 26 27 28 30 33 43 45 47 22_297  .00000000000020410556
1.1284179687 -7607.0634765625 1 2 4 5 9 10 11 13 16 17 18 21 22 23 24 25 26 29 31 37 44 46 22_298  .00000000000020154031
1.1318359374 -7607.0600585938 1 2 4 5 6 7 8 11 13 15 16 18 20 23 25 28 29 32 34 36 41 47 22_299  .00000000000018446395
1.1337890624 -7607.0581054688 2 5 6 9 10 11 13 15 18 19 20 21 23 24 33 36 37 38 40 41 44 45 22_300  .00000000000017536376
1.1342773437 -7607.0576171875 1 3 4 5 6 8 13 14 15 17 19 20 21 22 23 24 25 34 40 42 47 48 22_301  .00000000000017315973
1.1362304687 -7607.0556640625 1 2 5 7 9 10 12 14 16 19 20 21 22 24 25 27 29 30 35 36 45 46 22_302  .00000000000016461721
1.1367187500 -7607.0551757812 1 2 3 5 6 10 13 15 17 18 19 21 22 24 27 32 35 37 39 44 46 48 22_303  .00000000000016254826
1.1372070312 -7607.0546875000 1 2 3 5 6 7 11 13 15 17 20 21 24 28 32 33 34 35 40 41 44 47 22_304  .00000000000016050531
1.1391601562 -7607.0527343750 1 4 5 6 7 10 14 15 16 18 19 20 21 23 24 25 33 34 42 43 44 60 22_305  .00000000000015258707
1.1396484374 -7607.0522460938 3 4 6 7 9 11 12 13 15 16 19 22 24 29 30 33 34 37 40 42 44 45 22_306  .00000000000015066931
1.1425781250 -7607.0493164062 1 2 3 5 6 7 8 9 10 14 18 19 21 23 27 32 34 36 42 44 45 46 22_307  .00000000000013965847
1.1430664062 -7607.0488281250 1 4 8 9 10 11 12 13 14 15 17 20 21 24 31 32 33 36 40 41 42 43 22_308  .00000000000013790321
1.1440429687 -7607.0478515625 1 2 3 4 8 9 11 13 14 15 16 17 18 20 26 31 32 36 41 42 44 46 22_309  .00000000000013445859
1.1450195312 -7607.0468750000 1 3 4 5 6 8 9 10 11 14 17 18 19 20 21 24 27 39 41 46 47 59 22_310  .00000000000013110001
1.1459960937 -7607.0458984375 1 2 3 4 8 9 10 13 14 17 18 20 22 24 27 30 31 36 37 38 40 43 22_311  .00000000000012782531
1.1464843750 -7607.0454101562 1 2 3 5 6 7 8 11 13 14 16 20 21 22 26 27 33 35 38 39 44 47 22_312  .00000000000012621877
1.1469726562 -7607.0449218750 1 6 8 10 11 12 15 16 17 18 19 21 22 23 24 25 26 34 41 42 46 48 22_313  .00000000000012463242
1.1494140624 -7607.0424804688 4 5 6 7 9 10 11 14 15 18 19 20 21 22 23 24 31 37 41 43 46 53 22_314  .00000000000011699477
1.1533203124 -7607.0385742188 1 2 3 6 7 8 9 10 12 13 14 15 16 22 27 29 37 38 39 40 44 46 22_315  .00000000000010573606
1.1552734374 -7607.0366210938 2 6 9 12 13 15 17 18 20 21 22 23 24 28 31 32 33 34 37 40 43 48 22_316  .00000000000010051975
1.1562500000 -7607.0356445312 2 3 4 5 6 7 12 13 15 16 18 19 20 21 22 27 28 36 41 46 47 53 22_317  .00000000000009800891
1.1640625000 -7607.0278320312 3 4 5 7 11 12 13 14 15 18 19 20 21 23 24 25 26 28 30 33 40 52 22_318  .00000000000008005323
1.1655273437 -7607.0263671875 1 2 3 4 5 6 7 8 9 13 14 16 18 19 21 25 33 37 40 42 43 45 22_319  .00000000000007707262
1.1665039062 -7607.0253906250 1 2 6 7 8 10 12 15 17 18 20 21 22 24 26 33 36 37 39 40 46 47 22_320  .00000000000007514746
1.1674804687 -7607.0244140625 4 7 9 10 12 13 14 15 16 17 19 22 24 29 30 31 32 34 37 38 40 45 22_321  .00000000000007327038
1.1679687500 -7607.0239257812 1 2 3 4 5 12 14 15 16 18 19 21 22 23 24 26 32 34 35 39 41 52 22_322  .00000000000007234950
1.1684570312 -7607.0234375000 1 2 3 6 9 11 12 13 14 15 19 21 22 23 24 27 30 33 36 42 43 45 22_323  .00000000000007144019
1.1699218750 -7607.0219726562 2 3 4 7 8 9 14 18 19 20 21 22 23 24 25 26 28 30 34 36 42 46 22_324  .00000000000006878027
1.1704101562 -7607.0214843750 1 2 3 4 5 6 9 10 11 12 13 14 17 20 22 23 26 36 41 45 46 55 22_325  .00000000000006791582
1.1748046874 -7607.0170898438 1 2 3 4 6 7 8 9 10 11 12 14 17 19 22 25 27 38 41 44 47 50 22_326  .00000000000006060865
1.1752929687 -7607.0166015625 2 3 4 8 9 11 13 14 15 16 17 18 19 20 26 36 37 38 41 44 46 48 22_327  .00000000000005984692
1.1757812500 -7607.0161132812 1 2 3 4 6 7 11 13 15 17 18 20 23 25 28 29 31 34 35 41 42 43 22_328  .00000000000005909474
1.1762695312 -7607.0156250000 2 3 4 10 11 12 13 14 15 18 19 20 23 24 27 30 32 33 34 38 40 46 22_329  .00000000000005835202
1.1767578124 -7607.0151367188 1 3 5 7 10 11 12 14 15 18 20 23 24 25 27 29 30 31 35 41 43 46 22_330  .00000000000005761864
1.1777343750 -7607.0141601562 1 2 3 6 7 9 12 14 18 19 20 21 22 23 26 28 32 33 34 36 46 47 22_331  .00000000000005617940
1.1787109374 -7607.0131835938 2 3 5 6 8 9 10 11 12 13 14 16 17 20 27 28 29 34 35 37 39 48 22_332  .00000000000005477612
1.1801757812 -7607.0117187500 1 2 3 4 7 8 10 11 12 13 14 16 17 19 20 22 23 26 29 41 43 60 22_333  .00000000000005273665
1.1806640624 -7607.0112304688 3 4 5 9 10 13 14 15 16 17 18 19 20 21 23 31 33 35 42 44 46 48 22_334  .00000000000005207384
1.1826171874 -7607.0092773438 1 2 4 5 6 7 9 10 14 15 16 18 19 22 29 30 32 33 36 46 47 48 22_335  .00000000000004950488
1.1845703124 -7607.0073242188 1 2 3 6 11 12 13 15 16 18 20 21 22 24 25 26 27 28 29 38 42 47 22_336  .00000000000004706264
1.1855468750 -7607.0063476562 2 4 5 6 7 8 9 10 11 12 13 15 19 20 21 24 25 28 35 41 48 51 22_337  .00000000000004588708
1.1865234374 -7607.0053710938 1 2 3 4 5 6 7 11 12 13 14 17 22 23 24 29 30 32 33 35 39 52 22_338  .00000000000004474089
1.1870117187 -7607.0048828125 1 2 3 4 5 6 8 11 14 15 16 18 20 21 25 30 33 35 39 44 45 48 22_339  .00000000000004417857
1.1875000000 -7607.0043945312 1 2 3 4 5 6 10 11 15 18 20 21 23 24 25 26 27 30 34 42 43 50 22_340  .00000000000004362333
1.1933593750 -7606.9985351562 2 3 7 8 9 10 12 13 15 16 18 19 20 21 22 24 25 29 34 41 44 49 22_341  .00000000000003748036
1.1938476562 -7606.9980468750 1 3 4 5 6 7 8 11 12 14 16 17 19 21 22 26 27 32 37 42 43 49 22_342  .00000000000003700929
1.1953125000 -7606.9965820312 2 5 6 8 9 10 12 13 15 16 18 19 21 22 23 25 29 30 31 41 43 45 22_343  .00000000000003563133
1.1982421874 -7606.9936523438 1 2 3 5 7 8 9 11 15 17 19 20 21 23 24 26 32 34 41 43 44 54 22_344  .00000000000003302741
1.1992187500 -7606.9926757812 2 4 6 9 12 13 14 15 16 17 18 20 21 23 24 25 26 31 33 36 46 49 22_345  .00000000000003220243
1.2011718750 -7606.9907226562 1 2 3 5 6 7 10 11 14 15 16 17 20 21 24 26 31 33 37 39 46 47 22_346  .00000000000003061379
1.2016601562 -7606.9902343750 1 2 3 4 5 7 8 10 11 12 14 17 21 23 24 25 30 33 37 40 44 55 22_347  .00000000000003022902
1.2041015624 -7606.9877929688 1 2 3 4 5 6 7 8 9 11 13 16 20 21 24 38 41 42 45 46 47 56 22_348  .00000000000002837655
1.2045898437 -7606.9873046875 1 2 3 4 7 8 9 11 13 14 15 18 22 23 24 30 32 33 34 37 41 52 22_349  .00000000000002801990
1.2050781250 -7606.9868164062 1 4 5 6 7 8 10 11 12 15 18 19 21 22 24 26 27 28 39 42 45 53 22_350  .00000000000002766774
1.2055664062 -7606.9863281250 1 2 3 7 9 10 11 15 16 17 20 22 24 25 29 31 34 35 42 44 46 47 22_351  .00000000000002732001
1.2060546874 -7606.9858398438 3 4 5 6 7 9 11 15 16 17 18 19 22 24 25 29 33 35 37 42 44 48 22_352  .00000000000002697664
1.2070312500 -7606.9848632812 1 2 3 5 9 10 13 14 15 16 21 22 23 24 25 33 36 37 40 42 44 47 22_353  .00000000000002630280
1.2089843750 -7606.9829101562 1 4 6 7 9 10 12 14 15 16 17 18 19 21 22 23 34 38 40 45 48 56 22_354  .00000000000002500520
1.2119140624 -7606.9799804688 1 4 5 6 8 9 10 11 12 14 15 18 23 25 26 31 33 40 41 44 45 47 22_355  .00000000000002317783
1.2138671874 -7606.9780273438 1 3 5 7 8 9 10 13 16 17 19 20 23 24 27 31 32 36 43 45 46 48 22_356  .00000000000002203440
1.2148437500 -7606.9770507812 1 2 4 7 8 10 11 12 14 15 17 18 20 22 23 24 26 31 42 43 46 50 22_357  .00000000000002148401
1.2172851562 -7606.9746093750 1 4 5 8 10 11 12 14 15 16 19 21 22 23 24 29 31 32 34 37 44 55 22_358  .00000000000002016744
1.2187500000 -7606.9731445312 1 2 3 4 6 7 10 13 17 19 20 22 24 25 29 31 35 39 40 42 45 46 22_359  .00000000000001941654
1.2202148437 -7606.9716796875 1 3 4 6 7 8 11 13 14 15 16 17 22 23 26 30 32 33 34 36 43 46 22_360  .00000000000001869361
1.2207031250 -7606.9711914062 1 3 4 6 7 10 11 17 19 20 21 22 23 24 25 26 29 31 32 35 37 41 22_361  .00000000000001845866
1.2211914062 -7606.9707031250 3 4 6 7 8 10 12 14 15 16 17 19 20 22 23 24 30 31 34 44 48 57 22_362  .00000000000001822667
1.2221679687 -7606.9697265625 2 3 4 6 8 10 11 12 13 14 15 16 19 24 27 30 33 37 43 44 45 46 22_363  .00000000000001777139
1.2241210937 -7606.9677734375 2 5 6 8 9 11 12 13 14 15 16 17 19 20 21 23 33 34 35 44 45 53 22_364  .00000000000001689467
1.2246093750 -7606.9672851562 1 4 5 6 7 8 9 11 12 14 15 17 18 19 22 23 27 32 43 44 46 47 22_365  .00000000000001668233
1.2265625000 -7606.9653320312 1 2 3 6 7 8 9 10 11 12 14 15 18 20 21 24 27 37 39 40 45 54 22_366  .00000000000001585934
1.2280273437 -7606.9638671875 1 3 7 9 10 12 13 14 16 17 19 21 22 23 25 27 30 33 38 40 42 44 22_367  .00000000000001526886
1.2285156250 -7606.9633789062 1 2 3 4 5 6 9 10 12 14 15 16 20 21 22 28 30 36 37 41 47 49 22_368  .00000000000001507695
1.2324218750 -7606.9594726562 2 5 9 10 12 13 14 15 16 17 22 23 24 26 27 28 29 32 33 34 36 42 22_369  .00000000000001362606
1.2329101562 -7606.9589843750 1 2 5 6 7 8 9 11 12 13 14 19 21 23 25 26 28 29 30 33 41 46 22_370  .00000000000001345480
1.2343750000 -7606.9575195312 2 4 5 6 7 10 14 17 18 19 20 21 23 24 26 31 35 39 41 42 44 46 22_371  .00000000000001295384
1.2348632812 -7606.9570312500 1 2 4 5 6 16 17 20 21 22 23 24 25 26 27 28 29 31 32 37 39 45 22_372  .00000000000001279103
1.2363281250 -7606.9555664062 1 2 4 5 8 11 14 15 16 17 18 21 23 24 26 34 38 39 41 42 46 48 22_373  .00000000000001231478
1.2368164062 -7606.9550781250 2 3 4 6 7 9 10 11 14 17 19 20 21 23 24 27 28 30 32 33 37 43 22_374  .00000000000001216001
1.2392578124 -7606.9526367188 1 3 4 6 7 8 9 15 16 17 18 20 21 22 26 31 38 39 43 45 46 47 22_375  .00000000000001141482
1.2407226562 -7606.9511718750 1 3 4 5 6 7 8 11 13 14 17 19 21 22 24 28 31 32 39 41 42 57 22_376  .00000000000001098982
1.2426757812 -7606.9492187500 1 3 5 7 9 10 11 12 15 16 18 20 21 24 27 31 35 41 42 44 46 48 22_377  .00000000000001044765
1.2460937500 -7606.9458007812 2 3 6 7 8 9 10 12 13 14 15 16 18 23 30 31 32 33 35 36 39 48 22_378  .00000000000000956243
1.2475585937 -7606.9443359375 1 5 6 9 10 13 14 15 16 17 18 19 22 23 24 26 30 32 35 44 46 48 22_379  .00000000000000920640
1.2480468750 -7606.9438476562 1 4 5 7 8 9 10 11 13 14 16 17 18 20 21 23 29 36 37 44 48 56 22_380  .00000000000000909069
1.2495117187 -7606.9423828125 3 4 5 6 7 9 10 11 12 13 15 16 20 21 23 24 25 33 37 45 48 60 22_381  .00000000000000875221
1.2514648437 -7606.9404296875 1 4 5 8 10 12 13 14 17 19 20 22 23 24 27 28 29 31 40 42 45 48 22_382  .00000000000000832044
1.2519531250 -7606.9399414062 1 2 3 6 7 8 10 11 12 14 15 16 17 21 23 32 34 38 39 42 44 54 22_383  .00000000000000821586
1.2529296874 -7606.9389648438 1 3 6 8 9 10 11 14 19 20 22 23 24 33 35 36 38 40 41 42 44 46 22_384  .00000000000000801065
1.2539062500 -7606.9379882812 1 3 7 9 11 12 13 14 16 17 18 22 24 26 27 29 31 37 42 45 46 47 22_385  .00000000000000781055
1.2543945312 -7606.9375000000 1 3 4 5 6 7 8 9 10 11 14 15 16 17 30 31 33 34 38 40 43 48 22_386  .00000000000000771238
1.2587890624 -7606.9331054688 3 4 6 9 10 11 12 14 15 20 22 24 25 27 28 29 30 33 34 40 43 44 22_387  .00000000000000688259
1.2607421874 -7606.9311523438 2 3 4 7 8 10 12 13 15 17 18 21 23 24 26 31 32 35 36 41 42 43 22_388  .00000000000000654306
1.2612304687 -7606.9306640625 1 3 4 7 9 10 11 12 14 17 20 22 23 24 26 28 34 39 41 44 45 48 22_389  .00000000000000646082
1.2631835937 -7606.9287109375 2 3 4 5 8 9 12 14 16 18 19 21 23 24 25 26 31 40 45 46 47 48 22_390  .00000000000000614209
1.2641601562 -7606.9277343750 1 2 4 5 6 7 8 9 10 13 15 16 17 20 23 24 25 34 41 44 48 55 22_391  .00000000000000598866
1.2666015624 -7606.9252929688 1 2 3 5 6 7 9 10 11 16 18 20 21 22 24 26 31 33 35 37 40 60 22_392  .00000000000000562167
1.2670898437 -7606.9248046875 3 7 8 9 10 12 14 15 16 18 19 21 22 29 31 32 33 34 35 39 42 48 22_393  .00000000000000555101
1.2695312500 -7606.9223632812 3 4 6 11 13 14 15 16 17 18 20 21 22 24 25 26 27 32 33 36 43 49 22_394  .00000000000000521084
1.2719726562 -7606.9199218750 3 6 9 11 13 14 15 17 18 19 20 21 22 23 24 30 37 38 40 41 42 56 22_395  .00000000000000489151
1.2739257812 -7606.9179687500 1 2 3 4 6 7 13 14 15 16 17 18 19 21 22 26 29 31 32 35 37 53 22_396  .00000000000000465020
1.2744140624 -7606.9174804688 1 2 3 6 7 8 10 11 12 13 15 20 23 25 27 29 31 37 39 43 45 46 22_397  .00000000000000459175
1.2749023437 -7606.9169921875 1 2 3 4 5 6 13 16 17 18 19 20 21 22 23 31 35 36 37 40 46 57 22_398  .00000000000000453404
1.2773437500 -7606.9145507812 1 2 3 6 7 8 12 13 15 16 17 20 23 28 33 34 35 36 37 43 46 47 22_399  .00000000000000425618
1.2817382812 -7606.9101562500 2 8 9 10 11 12 13 14 15 17 18 20 21 22 24 26 38 39 40 46 48 49 22_400  .00000000000000379826
1.2827148437 -7606.9091796875 1 2 3 4 5 6 8 9 11 12 18 19 20 25 27 29 35 36 37 41 42 47 22_401  .00000000000000370338
1.2856445312 -7606.9062500000 2 4 5 6 7 9 10 11 12 13 14 17 18 20 22 30 31 37 41 47 48 57 22_402  .00000000000000343274
1.2866210937 -7606.9052734375 1 3 6 7 8 9 10 12 14 16 17 23 24 25 26 27 28 31 33 34 41 42 22_403  .00000000000000334700
1.2905273437 -7606.9013671875 2 4 5 7 8 9 10 11 12 18 19 22 23 25 32 36 37 38 40 41 45 48 22_404  .00000000000000302491
1.2910156250 -7606.9008789062 4 8 9 10 11 12 15 16 17 19 20 23 24 25 30 31 34 36 41 42 45 46 22_405  .00000000000000298689
1.2915039062 -7606.9003906250 3 5 7 10 11 12 13 15 16 18 20 21 23 24 25 30 32 33 37 40 45 47 22_406  .00000000000000294935
1.2919921874 -7606.8999023438 1 3 4 5 6 7 9 10 11 12 13 16 18 22 25 26 28 29 34 40 45 54 22_407  .00000000000000291228
1.2929687500 -7606.8989257812 1 2 3 4 5 7 9 11 12 14 15 24 25 28 29 33 34 37 39 42 44 47 22_408  .00000000000000283953
1.2944335937 -7606.8974609375 5 6 7 9 10 12 13 14 15 16 17 18 21 22 23 25 26 28 31 43 48 57 22_409  .00000000000000273381
1.2954101562 -7606.8964843750 2 4 5 7 8 10 11 12 13 18 19 20 21 23 24 26 29 30 39 43 44 57 22_410  .00000000000000266552
1.2983398437 -7606.8935546875 1 2 3 4 6 8 11 13 15 17 19 20 21 22 24 25 29 31 36 41 46 51 22_411  .00000000000000247073
1.2993164062 -7606.8925781250 6 7 8 9 11 12 13 15 16 17 18 20 21 22 23 29 34 40 41 45 47 51 22_412  .00000000000000240901
1.3017578124 -7606.8901367188 1 2 3 5 7 9 10 11 14 15 17 18 20 22 24 25 29 35 38 39 44 58 22_413  .00000000000000226139
1.3022460937 -7606.8896484375 4 6 9 10 11 12 14 15 16 17 19 23 24 25 28 29 32 33 36 37 41 44 22_414  .00000000000000223297
1.3037109374 -7606.8881835938 1 2 4 5 7 8 9 10 11 12 17 20 21 22 24 33 34 37 42 45 46 48 22_415  .00000000000000214982
1.3046875000 -7606.8872070312 3 4 5 6 10 12 14 16 17 18 20 22 23 24 26 28 30 31 32 37 47 48 22_416  .00000000000000209612
1.3051757812 -7606.8867187500 2 3 4 6 9 10 11 12 13 14 17 20 21 22 27 33 36 38 40 45 46 47 22_417  .00000000000000206977
1.3066406250 -7606.8852539062 3 5 6 7 8 10 11 12 13 16 17 18 19 21 22 23 27 35 38 43 45 55 22_418  .00000000000000199271
1.3076171874 -7606.8842773438 1 3 5 7 8 11 12 13 14 15 16 18 21 22 24 26 27 30 31 35 43 51 22_419  .00000000000000194294
1.3120117187 -7606.8798828125 1 2 5 6 7 9 10 16 18 19 20 21 22 23 26 28 30 31 33 38 40 45 22_420  .00000000000000173390
1.3125000000 -7606.8793945312 1 3 5 6 8 9 10 11 15 17 18 20 24 25 26 28 31 32 34 43 44 48 22_421  .00000000000000171210
1.3129882812 -7606.8789062500 2 4 6 7 8 10 12 13 14 16 17 18 19 20 23 25 26 32 34 44 47 48 22_422  .00000000000000169058
1.3134765624 -7606.8784179688 1 2 3 4 8 10 11 14 17 19 20 21 22 24 25 26 27 35 40 42 47 55 22_423  .00000000000000166933
1.3149414062 -7606.8769531250 2 5 6 7 8 9 12 13 15 18 20 21 22 23 28 29 31 32 35 37 43 46 22_424  .00000000000000160718
1.3154296874 -7606.8764648438 1 2 3 4 5 6 8 10 16 18 19 20 21 22 24 25 31 32 39 41 43 52 22_425  .00000000000000158698
1.3173828124 -7606.8745117188 2 3 4 5 8 12 14 17 18 19 21 22 23 24 27 30 31 32 35 36 40 53 22_426  .00000000000000150869
1.3178710937 -7606.8740234375 1 2 4 7 8 9 10 13 15 16 18 19 22 24 25 27 30 35 36 41 43 46 22_427  .00000000000000148973
1.3183593750 -7606.8735351562 1 2 4 5 6 8 9 11 12 14 15 18 20 22 23 24 29 35 39 41 45 58 22_428  .00000000000000147100
1.3208007812 -7606.8710937500 1 2 3 4 5 8 11 12 14 15 16 19 21 26 27 29 30 38 39 41 47 48 22_429  .00000000000000138086
1.3217773437 -7606.8701171875 1 2 3 5 7 8 12 14 15 17 19 20 22 24 30 32 33 36 37 39 40 42 22_430  .00000000000000134636
1.3261718750 -7606.8657226562 1 2 3 5 6 7 8 10 11 12 13 16 21 24 27 34 35 39 42 47 48 51 22_431  .00000000000000120151
1.3266601562 -7606.8652343750 2 5 7 9 10 13 14 15 16 18 19 20 21 22 23 29 30 35 42 43 45 55 22_432  .00000000000000118641
1.3271484374 -7606.8647460938 1 3 4 5 7 10 12 14 15 17 18 19 21 22 23 28 29 32 43 45 47 48 22_433  .00000000000000117150
1.3276367187 -7606.8642578125 1 3 4 6 9 11 13 14 17 18 19 20 21 22 26 27 30 32 43 46 47 57 22_434  .00000000000000115677
1.3286132812 -7606.8632812500 3 4 5 6 8 9 11 12 13 14 15 17 18 22 24 28 34 40 42 43 45 50 22_435  .00000000000000112788
1.3305664062 -7606.8613281250 1 2 3 4 6 7 8 9 12 14 18 19 21 22 24 33 34 35 39 40 48 54 22_436  .00000000000000107223
1.3330078124 -7606.8588867188 3 5 7 8 9 11 13 14 15 16 18 19 21 22 23 30 31 33 40 42 44 52 22_437  .00000000000000100652
1.3339843750 -7606.8579101562 1 2 5 7 9 10 11 12 14 21 22 24 25 27 28 29 30 32 35 41 44 46 22_438  .00000000000000098138
1.3349609374 -7606.8569335938 1 3 4 6 7 8 9 10 11 12 15 17 18 19 25 28 29 31 37 38 47 59 22_439  .00000000000000095687
1.3359375000 -7606.8559570312 3 4 5 6 7 12 14 16 20 21 22 23 24 28 34 36 39 41 42 43 44 45 22_440  .00000000000000093297
1.3364257812 -7606.8554687500 1 5 6 7 8 10 11 14 15 17 18 19 20 24 25 27 28 35 41 42 44 52 22_441  .00000000000000092124
1.3374023437 -7606.8544921875 4 5 8 9 10 11 12 13 14 16 19 22 23 24 25 33 36 37 43 44 45 48 22_442  .00000000000000089823
1.3378906250 -7606.8540039062 1 2 4 5 6 7 8 9 10 12 16 18 19 20 21 23 27 29 34 36 51 55 22_443  .00000000000000088695
1.3388671874 -7606.8530273438 2 3 4 5 8 9 10 14 15 16 18 20 24 25 27 29 30 34 35 36 41 46 22_444  .00000000000000086478
1.3398437500 -7606.8520507812 1 2 3 6 9 11 12 14 17 19 21 22 23 24 26 33 34 36 37 38 43 47 22_445  .00000000000000084319
1.3403320312 -7606.8515625000 1 2 4 6 7 11 12 13 14 15 16 19 20 21 22 31 33 34 35 37 39 54 22_446  .00000000000000083259
1.3422851562 -7606.8496093750 2 3 5 8 9 12 14 15 16 17 18 20 22 23 24 27 29 33 38 39 46 55 22_447  .00000000000000079152
1.3437500000 -7606.8481445312 3 7 8 9 10 11 14 15 16 18 19 20 21 22 23 25 29 32 38 41 44 51 22_448  .00000000000000076204
1.3442382812 -7606.8476562500 1 2 6 7 8 9 10 11 12 17 20 22 23 24 27 29 31 34 35 41 43 60 22_449  .00000000000000075246
1.3461914062 -7606.8457031250 2 4 5 6 7 10 12 13 14 16 18 19 20 23 28 29 31 33 36 39 40 44 22_450  .00000000000000071534
1.3481445312 -7606.8437500000 3 4 6 8 9 10 11 13 16 17 19 20 22 23 27 30 32 35 41 42 43 44 22_451  .00000000000000068005
1.3535156250 -7606.8383789062 1 3 7 8 11 12 13 16 17 19 20 22 24 26 27 31 35 38 41 42 45 46 22_452  .00000000000000059172
1.3540039062 -7606.8378906250 1 3 5 6 7 8 10 11 12 13 14 15 16 17 18 19 26 32 36 37 45 51 22_453  .00000000000000058429
1.3549804687 -7606.8369140625 1 2 3 4 5 6 9 11 12 14 18 19 22 23 24 26 29 36 37 47 48 60 22_454  .00000000000000056969
1.3564453124 -7606.8354492188 4 6 7 9 10 13 14 16 17 19 20 22 23 29 30 31 32 41 42 43 44 48 22_455  .00000000000000054848
1.3569335937 -7606.8349609375 2 3 4 5 6 9 11 12 14 16 19 20 21 22 24 27 28 30 36 45 47 57 22_456  .00000000000000054159
1.3579101562 -7606.8339843750 2 5 6 7 8 9 12 15 17 19 20 21 22 24 25 28 29 35 38 45 46 47 22_457  .00000000000000052806
1.3588867187 -7606.8330078125 1 2 3 4 6 8 9 10 11 12 13 14 21 22 24 25 27 32 34 42 48 54 22_458  .00000000000000051487
1.3598632812 -7606.8320312500 4 5 7 8 11 12 13 15 16 17 19 20 21 27 29 30 36 38 39 43 45 46 22_459  .00000000000000050200
1.3613281250 -7606.8305664062 1 2 4 5 7 10 11 12 13 14 15 16 17 18 20 35 36 39 42 46 47 51 22_460  .00000000000000048332
1.3642578124 -7606.8276367188 1 2 4 7 8 9 10 11 12 14 17 20 23 24 25 27 31 34 36 41 45 57 22_461  .00000000000000044799
1.3647460937 -7606.8271484375 1 2 3 4 6 10 11 15 17 18 19 20 21 22 23 24 25 27 33 34 52 60 22_462  .00000000000000044236
1.3657226562 -7606.8261718750 1 3 4 6 7 9 11 14 15 17 19 20 22 24 25 30 31 34 36 42 46 50 22_463  .00000000000000043132
1.3696289062 -7606.8222656250 2 3 5 6 8 10 11 13 15 17 18 20 21 23 24 25 26 31 35 37 42 55 22_464  .00000000000000038980
1.3715820312 -7606.8203125000 3 4 6 7 9 10 11 12 13 14 17 19 20 23 24 29 31 32 37 39 43 59 22_465  .00000000000000037058
1.3750000000 -7606.8168945312 1 2 3 5 7 8 11 15 17 18 20 21 22 23 27 33 36 40 44 47 48 50 22_466  .00000000000000033918
1.3764648437 -7606.8154296875 1 2 4 6 10 12 13 16 17 18 19 20 22 23 24 29 32 38 39 40 42 44 22_467  .00000000000000032655
1.3769531250 -7606.8149414062 1 2 4 5 6 9 10 14 16 19 20 21 22 23 25 28 34 36 39 42 44 55 22_468  .00000000000000032245
1.3774414062 -7606.8144531250 1 2 3 5 6 8 9 13 14 16 17 18 21 23 31 34 35 40 41 42 43 46 22_469  .00000000000000031839
1.3779296874 -7606.8139648438 2 3 4 5 8 10 11 12 15 17 19 20 21 22 23 24 30 31 37 39 42 53 22_470  .00000000000000031438
1.3793945312 -7606.8125000000 1 4 5 6 7 9 10 15 16 18 19 20 21 23 25 26 29 32 33 43 48 49 22_471  .00000000000000030268
1.3808593750 -7606.8110351562 1 2 7 9 11 12 13 14 16 18 19 20 21 22 25 27 32 37 42 45 47 48 22_472  .00000000000000029141
1.3818359374 -7606.8100585938 3 4 5 6 7 10 11 12 13 15 17 18 19 20 22 24 28 30 37 39 55 60 22_473  .00000000000000028413
1.3823242187 -7606.8095703125 2 4 6 7 9 11 13 14 15 16 17 18 19 21 22 27 30 33 37 39 41 56 22_474  .00000000000000028056
1.3842773437 -7606.8076171875 1 2 3 4 7 9 10 11 15 16 18 19 20 21 24 30 32 37 41 45 46 56 22_475  .00000000000000026672
1.3857421874 -7606.8061523438 1 3 4 6 7 8 9 10 13 14 18 20 21 23 24 28 29 33 34 35 38 46 22_476  .00000000000000025679
1.3862304687 -7606.8056640625 1 3 4 6 7 8 9 10 11 14 16 17 18 22 23 28 30 31 40 41 48 55 22_477  .00000000000000025357
1.3876953124 -7606.8041992188 4 6 7 9 10 11 12 14 16 18 20 21 22 23 25 28 29 34 38 40 41 59 22_478  .00000000000000024412
1.3881835937 -7606.8037109375 3 5 9 10 11 12 13 14 15 17 18 19 21 22 23 33 37 39 40 41 42 48 22_479  .00000000000000024105
1.3886718750 -7606.8032226562 2 3 4 7 8 10 12 13 15 17 18 21 24 26 31 32 35 36 40 41 42 43 22_480  .00000000000000023802
1.3891601562 -7606.8027343750 1 4 5 6 7 9 10 13 16 18 21 22 23 24 27 28 30 35 40 42 43 48 22_481  .00000000000000023503
1.3901367187 -7606.8017578125 3 4 5 6 8 9 10 11 12 13 19 20 21 22 25 27 28 29 32 37 41 42 22_482  .00000000000000022916
1.3920898437 -7606.7998046875 1 4 6 8 9 10 12 15 16 17 18 19 20 22 23 27 28 31 33 39 41 45 22_483  .00000000000000021786
1.3940429687 -7606.7978515625 1 3 8 9 13 16 17 18 19 20 22 23 24 26 28 31 38 39 42 44 46 47 22_484  .00000000000000020711
1.3984375000 -7606.7934570312 1 3 4 5 6 8 9 10 11 13 14 15 18 23 24 28 30 34 41 42 48 60 22_485  .00000000000000018482
1.3989257812 -7606.7929687500 1 5 7 9 10 11 12 13 14 15 18 20 22 23 25 28 29 30 33 36 45 55 22_486  .00000000000000018250
1.4033203124 -7606.7885742188 1 2 3 5 7 8 9 10 11 12 13 14 19 20 22 23 24 30 41 48 50 56 22_487  .00000000000000016286
1.4038085937 -7606.7880859375 2 4 5 6 9 11 12 13 14 15 17 18 20 21 23 29 32 33 38 41 48 51 22_488  .00000000000000016082
1.4082031250 -7606.7836914062 1 4 9 11 12 13 15 16 17 18 20 21 22 31 33 36 37 38 41 42 43 44 22_489  .00000000000000014352
1.4150390624 -7606.7768554688 1 3 6 8 9 11 12 14 15 17 20 21 22 23 24 30 32 34 39 40 42 55 22_490  .00000000000000012022
1.4160156250 -7606.7758789062 3 4 6 7 8 9 10 11 12 13 15 17 18 20 32 33 37 39 40 43 48 55 22_491  .00000000000000011722
1.4165039062 -7606.7753906250 1 2 3 4 5 8 9 11 12 15 20 21 22 32 33 34 37 38 39 40 41 43 22_492  .00000000000000011574
1.4169921874 -7606.7749023438 2 3 6 8 9 11 14 15 17 20 21 22 24 26 31 34 35 38 41 44 46 47 22_493  .00000000000000011429
1.4184570312 -7606.7734375000 1 3 4 5 8 9 11 14 18 20 21 22 24 26 28 32 36 37 41 43 47 50 22_494  .00000000000000011003
1.4204101562 -7606.7714843750 1 2 3 5 6 7 10 15 16 17 18 20 21 24 27 28 33 35 42 43 45 47 22_495  .00000000000000010460
1.4228515624 -7606.7690429688 1 2 3 5 6 7 9 11 12 13 14 19 20 21 22 23 28 29 35 42 56 58 22_496  .00000000000000009819
1.4238281250 -7606.7680664062 1 2 3 6 7 9 10 11 14 18 20 21 23 25 34 37 38 39 43 46 47 49 22_497  .00000000000000009574
1.4257812500 -7606.7661132812 2 3 4 7 8 11 13 14 16 18 19 22 26 27 29 30 41 43 44 45 47 48 22_498  .00000000000000009102
1.4282226562 -7606.7636718750 1 2 3 5 8 9 11 14 16 19 20 22 27 29 33 36 38 39 40 42 44 46 22_499  .00000000000000008544
1.4287109374 -7606.7631835938 2 5 7 8 12 14 15 16 17 18 21 22 24 25 26 29 31 33 35 38 41 44 22_500  .00000000000000008436
1.4291992187 -7606.7626953125 1 3 4 7 8 9 10 11 12 14 19 24 25 26 30 31 34 36 43 44 45 47 22_501  .00000000000000008331
1.4301757812 -7606.7617187500 1 2 3 5 6 7 9 12 15 17 18 19 20 22 27 28 33 35 40 41 46 50 22_502  .00000000000000008122
1.4311523437 -7606.7607421875 1 3 4 5 6 7 9 10 12 14 15 16 19 23 27 28 30 32 36 37 41 59 22_503  .00000000000000007919
1.4321289062 -7606.7597656250 1 2 3 4 5 6 8 10 11 12 19 21 26 31 34 35 36 37 38 42 43 46 22_504  .00000000000000007722
1.4340820312 -7606.7578125000 2 5 6 8 12 13 14 15 16 17 18 19 20 22 23 29 31 33 37 43 44 57 22_505  .00000000000000007341
1.4345703124 -7606.7573242188 2 3 4 6 9 12 13 17 19 20 21 22 23 24 27 28 29 30 45 46 48 57 22_506  .00000000000000007248
1.4350585937 -7606.7568359375 1 2 3 4 5 6 7 11 15 17 18 20 23 25 29 31 34 36 37 43 46 50 22_507  .00000000000000007158
1.4375000000 -7606.7543945312 6 7 10 11 13 15 16 17 18 19 20 21 22 23 24 25 33 41 42 47 48 56 22_508  .00000000000000006718
1.4404296874 -7606.7514648438 1 4 6 7 10 12 13 15 16 17 18 19 21 22 23 25 27 29 35 44 45 52 22_509  .00000000000000006228
1.4418945312 -7606.7500000000 1 5 7 9 11 14 15 16 18 20 21 22 23 24 26 28 29 33 35 44 45 57 22_510  .00000000000000005996
1.4423828124 -7606.7495117188 3 5 7 8 9 10 11 12 15 16 17 18 20 21 24 26 29 30 40 43 45 60 22_511  .00000000000000005920
1.4443359374 -7606.7475585938 1 2 3 5 6 7 8 9 10 12 14 17 19 23 24 25 32 33 37 42 48 50 22_512  .00000000000000005628
1.4462890624 -7606.7456054688 1 2 3 4 5 8 11 13 17 19 20 21 26 27 28 32 34 35 36 38 39 45 22_513  .00000000000000005351
1.4477539062 -7606.7441406250 1 3 4 5 7 8 10 11 12 14 16 21 22 24 31 33 34 40 42 44 47 53 22_514  .00000000000000005152
1.4487304687 -7606.7431640625 2 3 4 5 7 8 9 10 11 12 13 16 18 19 20 24 26 31 41 45 53 56 22_515  .00000000000000005022
1.4492187500 -7606.7426757812 1 5 6 7 8 10 11 14 15 16 19 21 25 26 27 28 29 30 31 32 35 48 22_516  .00000000000000004959
1.4497070312 -7606.7421875000 1 4 8 10 11 12 14 15 16 17 19 21 26 27 32 36 37 43 45 46 47 48 22_517  .00000000000000004898
1.4501953124 -7606.7416992188 1 2 4 7 8 9 11 12 13 16 17 19 20 23 24 27 29 32 38 46 47 59 22_518  .00000000000000004836
1.4521484374 -7606.7397460938 2 3 4 5 8 11 12 14 15 17 18 21 22 24 26 30 32 35 38 42 43 57 22_519  .00000000000000004597
1.4545898437 -7606.7373046875 1 3 5 6 7 9 10 11 12 13 18 20 22 23 24 30 33 34 39 40 44 51 22_520  .00000000000000004316
1.4550781250 -7606.7368164062 2 3 4 6 7 9 13 14 15 18 19 20 22 23 29 30 34 36 41 44 46 60 22_521  .00000000000000004261
1.4560546874 -7606.7358398438 1 4 5 6 8 10 12 13 14 16 19 20 23 25 33 35 36 37 38 41 43 45 22_522  .00000000000000004154
1.4570312500 -7606.7348632812 2 6 8 9 10 12 13 14 15 16 18 19 20 22 23 24 30 41 43 45 52 53 22_523  .00000000000000004050
1.4594726562 -7606.7324218750 1 4 8 9 11 12 15 17 19 22 23 24 26 29 33 36 37 38 39 40 42 46 22_524  .00000000000000003802
1.4604492187 -7606.7314453125 1 2 3 4 7 8 9 12 14 15 17 18 20 23 28 32 34 36 37 39 40 60 22_525  .00000000000000003708
1.4619140624 -7606.7299804688 3 4 5 7 8 9 11 13 14 15 17 18 20 21 22 23 31 37 38 39 44 54 22_526  .00000000000000003569
1.4624023437 -7606.7294921875 1 2 3 4 5 6 10 12 16 18 22 23 24 28 29 32 33 34 37 41 45 48 22_527  .00000000000000003524
1.4633789062 -7606.7285156250 2 3 7 8 10 11 12 13 15 16 18 20 21 22 23 25 28 32 42 47 48 52 22_528  .00000000000000003437
1.4648437500 -7606.7270507812 1 2 4 5 6 7 9 11 17 18 20 21 22 25 27 28 37 41 43 44 48 50 22_529  .00000000000000003308
1.4677734374 -7606.7241210938 1 2 3 4 5 7 8 11 17 18 19 20 21 22 33 35 36 37 46 47 48 55 22_530  .00000000000000003067
1.4692382812 -7606.7226562500 1 3 4 5 7 11 12 13 14 16 17 20 23 27 28 29 30 34 35 39 42 45 22_531  .00000000000000002952
1.4707031250 -7606.7211914062 1 2 6 7 8 9 10 12 13 14 15 16 17 18 21 30 34 36 43 44 48 55 22_532  .00000000000000002843
1.4726562500 -7606.7192382812 1 2 3 7 8 10 11 12 13 14 15 22 23 24 32 33 34 36 37 45 47 48 22_533  .00000000000000002702
1.4741210937 -7606.7177734375 3 4 5 7 8 9 11 12 14 15 16 18 21 23 25 27 28 30 41 45 46 52 22_534  .00000000000000002601
1.4746093750 -7606.7172851562 2 4 5 7 9 10 12 13 14 16 18 19 20 21 22 23 29 36 38 48 59 60 22_535  .00000000000000002569
1.4755859374 -7606.7163085938 1 2 3 7 8 9 12 14 16 17 20 21 22 26 27 31 33 34 35 36 44 54 22_536  .00000000000000002505
1.4760742187 -7606.7158203125 2 4 5 6 7 8 10 11 12 17 19 20 21 23 24 26 29 32 43 44 45 49 22_537  .00000000000000002473
1.4785156250 -7606.7133789062 1 2 5 8 9 10 11 12 13 14 15 20 24 28 34 37 39 40 41 44 47 48 22_538  .00000000000000002321
1.4790039062 -7606.7128906250 1 4 5 8 10 11 14 15 16 19 21 22 23 24 27 37 38 39 42 44 45 59 22_539  .00000000000000002293
1.4809570312 -7606.7109375000 1 2 3 4 5 7 11 12 17 18 21 23 24 25 27 34 36 37 38 43 44 53 22_540  .00000000000000002179
1.4833984374 -7606.7084960938 1 3 4 5 7 9 11 12 15 17 18 19 20 23 29 30 33 34 37 40 41 45 22_541  .00000000000000002045
1.4843750000 -7606.7075195312 2 3 4 7 8 12 13 14 15 17 19 21 24 26 30 32 35 38 40 41 44 47 22_542  .00000000000000001995
1.4897460937 -7606.7021484375 2 4 6 8 9 11 12 14 15 16 19 23 25 29 30 32 33 36 40 41 44 45 22_543  .00000000000000001735
1.4912109374 -7606.7006835938 1 5 7 8 9 11 12 13 14 16 17 18 20 24 26 27 32 34 36 40 46 47 22_544  .00000000000000001671
1.4921875000 -7606.6997070312 7 8 9 10 11 12 13 16 17 18 19 21 23 24 26 31 32 35 39 41 44 55 22_545  .00000000000000001629
1.4941406250 -7606.6977539062 2 3 4 6 8 9 12 13 14 18 19 20 22 25 27 30 36 42 43 45 46 47 22_546  .00000000000000001548
1.4990234374 -7606.6928710938 1 3 5 6 7 8 9 12 15 16 19 20 21 24 27 28 30 31 34 36 45 52 22_547  .00000000000000001365
1.5004882812 -7606.6914062500 1 2 5 7 8 9 10 11 13 14 18 19 21 22 23 27 28 32 36 39 43 49 22_548  .00000000000000001314
1.5019531250 -7606.6899414062 2 4 6 7 8 11 12 13 14 15 17 19 21 23 25 27 29 32 41 44 47 55 22_549  .00000000000000001264
1.5048828124 -7606.6870117188 1 2 5 7 8 9 10 11 13 15 17 18 19 20 21 26 34 35 38 47 55 60 22_550  .00000000000000001172
1.5073242187 -7606.6845703125 1 2 3 6 9 11 12 13 16 18 19 21 22 23 26 27 33 34 42 43 48 49 22_551  .00000000000000001100
1.5083007812 -7606.6835937500 4 5 6 7 9 10 11 15 17 18 20 22 23 25 26 28 30 36 37 41 44 48 22_552  .00000000000000001073
1.5087890624 -7606.6831054688 3 5 6 7 8 9 11 13 14 18 21 22 23 26 28 30 34 35 36 41 43 44 22_553  .00000000000000001059
1.5097656250 -7606.6821289062 1 3 8 9 10 12 13 15 16 18 19 21 22 24 25 27 28 31 42 43 44 47 22_554  .00000000000000001033
1.5126953124 -7606.6791992188 1 2 3 4 5 6 7 8 9 10 15 19 21 23 27 29 40 42 44 46 48 52 22_555  .00000000000000000957
1.5136718750 -7606.6782226562 1 2 4 7 8 9 11 14 17 18 22 24 25 28 29 30 33 34 39 45 47 50 22_556  .00000000000000000933
1.5146484374 -7606.6772460938 1 3 4 5 7 9 10 11 12 15 16 19 25 27 30 36 37 39 40 42 44 45 22_557  .00000000000000000910
1.5151367187 -7606.6767578125 3 4 7 8 9 10 11 14 15 16 20 23 24 30 35 37 39 40 42 44 45 46 22_558  .00000000000000000898
1.5185546874 -7606.6733398438 1 2 3 4 5 7 8 10 12 15 16 17 24 28 29 30 31 32 34 39 46 58 22_559  .00000000000000000823
1.5200195312 -7606.6718750000 2 3 4 5 10 11 12 14 17 18 19 21 23 24 26 28 33 36 38 40 42 46 22_560  .00000000000000000792
1.5214843750 -7606.6704101562 1 2 4 5 6 9 10 11 12 14 16 19 20 23 27 33 35 36 41 44 46 55 22_561  .00000000000000000762
1.5219726562 -7606.6699218750 2 3 4 5 6 7 8 10 11 12 13 14 16 17 19 20 32 37 44 47 57 60 22_562  .00000000000000000753
1.5244140624 -7606.6674804688 3 6 7 8 10 11 12 13 14 17 18 19 20 23 25 26 27 28 32 34 36 60 22_563  .00000000000000000706
1.5273437500 -7606.6645507812 1 2 5 6 7 9 10 11 12 13 15 17 18 21 23 25 27 29 46 48 53 58 22_564  .00000000000000000654
1.5292968750 -7606.6625976562 1 2 4 5 7 8 9 10 11 18 19 20 21 23 24 27 29 30 36 41 54 58 22_565  .00000000000000000622
1.5312500000 -7606.6606445312 1 2 3 4 5 9 10 12 14 16 18 20 21 23 26 32 36 37 40 44 47 50 22_566  .00000000000000000591
1.5317382812 -7606.6601562500 2 6 8 10 11 12 13 15 16 17 21 23 31 32 35 36 38 40 41 44 46 48 22_567  .00000000000000000584
1.5336914062 -7606.6582031250 1 2 4 5 6 7 9 11 12 13 17 18 19 22 28 35 37 38 39 41 42 55 22_568  .00000000000000000556
1.5410156250 -7606.6508789062 1 2 4 5 6 7 9 11 16 17 19 20 23 24 26 30 32 33 38 40 43 45 22_569  .00000000000000000459
1.5424804687 -7606.6494140625 2 4 6 8 9 11 12 13 14 17 23 24 25 28 31 32 33 40 42 43 44 45 22_570  .00000000000000000442
1.5429687500 -7606.6489257812 1 2 3 5 6 8 9 15 16 18 19 21 22 23 31 33 38 42 43 46 48 59 22_571  .00000000000000000436
1.5449218750 -7606.6469726562 2 4 5 7 8 10 11 12 13 14 16 17 20 22 26 27 33 34 35 36 43 49 22_572  .00000000000000000415
1.5454101562 -7606.6464843750 2 5 6 7 8 9 11 12 13 14 16 17 20 26 27 30 32 34 35 36 40 47 22_573  .00000000000000000410
1.5463867187 -7606.6455078125 1 3 4 6 9 10 11 13 16 17 19 20 22 23 28 29 35 36 37 38 42 57 22_574  .00000000000000000399
1.5468750000 -7606.6450195312 1 3 4 6 7 9 10 11 12 13 14 19 20 23 25 35 36 40 42 46 48 53 22_575  .00000000000000000394
1.5473632812 -7606.6445312500 1 2 3 4 5 7 8 10 12 14 15 17 20 25 30 34 38 39 40 41 42 44 22_576  .00000000000000000389
1.5483398437 -7606.6435546875 1 2 3 6 7 8 9 11 14 16 17 19 21 23 26 29 30 31 34 46 47 57 22_577  .00000000000000000379
1.5488281250 -7606.6430664062 1 2 3 5 7 11 12 16 18 20 21 22 23 24 26 27 28 31 37 38 45 52 22_578  .00000000000000000375
1.5498046874 -7606.6420898438 1 2 4 5 6 8 10 11 16 17 18 20 21 22 27 29 32 34 36 37 45 50 22_579  .00000000000000000365
1.5512695312 -7606.6406250000 1 2 3 4 5 6 8 12 13 15 17 21 22 24 25 27 28 41 44 45 48 52 22_580  .00000000000000000351
1.5517578124 -7606.6401367188 2 5 6 12 15 16 17 18 19 20 21 22 23 27 29 30 35 36 38 40 41 50 22_581  .00000000000000000347
1.5522460937 -7606.6396484375 1 2 3 5 6 7 8 10 11 12 13 16 17 23 24 30 36 37 41 44 45 58 22_582  .00000000000000000343
1.5551757812 -7606.6367187500 1 3 4 6 8 10 12 13 14 16 17 19 20 22 23 26 36 38 41 42 46 52 22_583  .00000000000000000317
1.5566406250 -7606.6352539062 1 6 8 9 12 14 16 18 19 20 21 22 23 24 25 28 34 35 40 41 46 58 22_584  .00000000000000000306
1.5625000000 -7606.6293945312 1 3 6 7 8 9 11 12 13 17 18 19 21 23 26 30 31 32 33 34 39 55 22_585  .00000000000000000263
1.5629882812 -7606.6289062500 2 3 5 6 7 10 11 12 13 14 15 17 18 25 26 27 31 32 33 44 47 49 22_586  .00000000000000000260
1.5644531250 -7606.6274414062 6 7 8 10 11 12 14 15 19 22 23 24 25 31 32 33 35 36 37 40 42 46 22_587  .00000000000000000250
1.5688476562 -7606.6230468750 1 2 3 4 5 13 15 16 18 19 21 22 23 26 27 30 32 33 34 35 39 40 22_588  .00000000000000000223
1.5698242187 -7606.6220703125 1 2 3 4 5 6 8 9 12 13 14 15 20 22 23 24 27 28 29 45 51 55 22_589  .00000000000000000217
1.5703125000 -7606.6215820312 1 3 4 6 9 12 13 15 17 18 19 21 22 24 25 32 35 40 42 43 46 56 22_590  .00000000000000000215
1.5727539062 -7606.6191406250 1 2 3 7 9 11 12 13 14 18 20 22 23 25 27 29 30 33 34 47 48 54 22_591  .00000000000000000201
1.5742187500 -7606.6176757812 1 2 3 5 6 7 9 10 11 15 16 17 18 20 22 25 30 33 39 42 55 60 22_592  .00000000000000000194
1.5791015624 -7606.6127929688 1 3 4 6 10 11 12 16 18 19 21 22 26 27 29 30 34 35 37 40 43 47 22_593  .00000000000000000171
1.5830078124 -7606.6088867188 2 3 4 5 6 7 12 13 16 18 21 22 23 24 30 31 32 35 44 46 48 58 22_594  .00000000000000000154
1.5854492187 -7606.6064453125 2 3 4 5 6 8 10 11 17 18 19 20 21 22 23 26 27 30 36 48 50 59 22_595  .00000000000000000145
1.5869140624 -7606.6049804688 1 2 4 6 7 9 13 14 15 16 18 20 21 22 26 27 29 31 32 42 46 53 22_596  .00000000000000000139
1.5874023437 -7606.6044921875 1 4 5 6 8 10 12 13 14 15 18 19 21 22 23 24 29 31 33 48 57 60 22_597  .00000000000000000137
1.5903320312 -7606.6015625000 2 6 9 10 11 12 13 14 17 18 19 22 23 25 32 36 37 38 40 42 43 46 22_598  .00000000000000000127
1.5942382812 -7606.5976562500 1 4 8 10 11 12 13 14 15 16 18 19 20 23 24 26 27 28 39 41 43 58 22_599  .00000000000000000115
1.5952148437 -7606.5966796875 3 4 5 7 11 12 13 14 15 16 18 19 20 21 23 37 39 43 44 46 47 51 22_600  .00000000000000000112
1.5971679687 -7606.5947265625 1 2 5 7 8 12 13 14 15 17 18 20 23 28 31 33 36 37 38 40 43 45 22_601  .00000000000000000106
1.5996093750 -7606.5922851562 1 8 10 13 14 15 16 17 19 20 22 23 24 26 27 28 29 34 37 40 46 48 22_602  .00000000000000000100
1.6020507812 -7606.5898437500 2 3 4 5 9 11 12 15 18 20 21 23 26 32 35 36 37 38 41 43 44 48 22_603  .00000000000000000094
1.6030273437 -7606.5888671875 1 2 3 5 6 8 9 12 13 15 20 21 22 23 25 29 32 36 40 45 48 60 22_604  .00000000000000000091
1.6040039062 -7606.5878906250 2 5 6 7 9 12 13 14 16 17 18 22 24 26 28 29 33 37 39 41 45 47 22_605  .00000000000000000089
1.6044921874 -7606.5874023438 1 3 5 6 7 8 9 11 14 16 19 20 22 25 29 31 33 34 39 42 48 49 22_606  .00000000000000000088
1.6083984374 -7606.5834960938 1 2 4 5 9 11 12 13 14 16 18 19 21 22 26 32 34 35 36 44 47 58 22_607  .00000000000000000079
1.6093750000 -7606.5825195312 3 6 7 8 9 10 12 13 16 18 19 20 21 24 26 29 31 34 39 45 47 58 22_608  .00000000000000000077
1.6113281250 -7606.5805664062 1 7 8 10 11 12 13 14 16 18 20 21 22 25 26 31 39 40 43 44 45 47 22_609  .00000000000000000073
1.6157226562 -7606.5761718750 1 2 3 4 7 8 12 13 14 21 23 24 25 27 28 34 35 40 41 44 45 48 22_610  .00000000000000000065
1.6176757812 -7606.5742187500 1 4 5 6 8 10 11 16 17 18 19 20 21 22 25 27 30 33 36 40 44 53 22_611  .00000000000000000062
1.6191406250 -7606.5727539062 4 5 6 8 10 11 12 14 15 16 17 21 25 26 27 30 33 34 36 38 39 41 22_612  .00000000000000000060
1.6215820312 -7606.5703125000 2 5 6 8 9 10 12 14 15 18 21 24 26 30 31 33 34 35 36 41 44 46 22_613  .00000000000000000056
1.6220703124 -7606.5698242188 1 2 3 4 5 9 10 12 16 18 19 22 23 25 26 30 32 34 36 40 47 60 22_614  .00000000000000000055
1.6230468750 -7606.5688476562 2 3 6 7 8 9 14 15 17 18 20 21 22 26 31 32 37 40 43 46 47 57 22_615  .00000000000000000054
1.6235351562 -7606.5683593750 1 3 6 7 11 15 16 17 18 20 21 22 23 27 28 29 30 34 37 41 44 50 22_616  .00000000000000000053
1.6274414062 -7606.5644531250 1 2 3 9 10 11 13 15 16 18 20 22 24 26 29 30 36 37 41 47 48 54 22_617  .00000000000000000048
1.6293945312 -7606.5625000000 1 2 3 6 11 12 13 16 17 18 19 20 21 23 26 27 29 31 33 36 46 51 22_618  .00000000000000000045
1.6303710937 -7606.5615234375 1 3 4 5 8 9 10 11 12 13 14 16 23 26 30 34 43 44 45 47 48 52 22_619  .00000000000000000044
1.6328125000 -7606.5590820312 1 2 4 5 6 7 9 12 13 15 18 19 20 22 29 34 35 43 44 45 48 54 22_620  .00000000000000000041
1.6333007812 -7606.5585937500 2 7 8 10 11 12 13 15 16 18 19 20 22 24 28 29 32 37 41 45 47 60 22_621  .00000000000000000041
1.6376953124 -7606.5541992188 2 3 6 7 9 12 13 15 17 18 19 20 22 26 28 34 37 39 40 46 47 52 22_622  .00000000000000000036
1.6396484374 -7606.5522460938 1 2 3 4 5 8 11 12 14 15 18 19 21 22 23 27 28 37 45 48 49 55 22_623  .00000000000000000034
1.6420898437 -7606.5498046875 1 2 4 6 9 11 12 13 16 17 22 23 31 32 34 37 41 42 43 44 45 48 22_624  .00000000000000000032
1.6435546874 -7606.5483398438 2 5 6 10 12 13 16 19 20 21 22 24 30 31 32 33 34 35 36 39 47 49 22_625  .00000000000000000031
1.6528320312 -7606.5390625000 1 2 3 4 5 15 16 17 18 19 21 22 23 24 28 32 33 34 41 44 46 50 22_626  .00000000000000000024
1.6572265624 -7606.5346679688 1 2 3 6 7 8 9 11 13 15 16 18 23 25 26 28 32 36 42 45 46 59 22_627  .00000000000000000021
1.6577148437 -7606.5341796875 3 4 5 7 9 11 13 14 15 16 18 20 24 25 26 28 29 32 40 41 47 57 22_628  .00000000000000000021
1.6679687500 -7606.5239257812 2 3 4 6 8 9 10 11 12 13 14 17 19 20 22 23 31 37 39 45 53 57 22_629  .00000000000000000016
1.6713867187 -7606.5205078125 1 2 3 4 5 6 7 8 9 12 16 17 19 21 23 30 35 38 43 45 49 52 22_630  .00000000000000000014
1.6728515624 -7606.5190429688 1 3 4 6 8 11 14 18 19 20 21 22 24 25 26 29 33 37 39 44 47 52 22_631  .00000000000000000014
1.6738281250 -7606.5180664062 1 3 7 8 12 13 14 16 17 18 19 22 24 27 28 29 33 34 41 43 46 48 22_632  .00000000000000000013
1.6757812500 -7606.5161132812 1 2 5 8 9 10 12 13 14 15 16 17 19 21 22 24 27 28 39 47 52 56 22_633  .00000000000000000013
1.6777343750 -7606.5141601562 1 2 3 4 6 7 13 17 18 19 21 23 24 28 30 34 35 37 38 40 47 59 22_634  .00000000000000000012
1.6787109374 -7606.5131835938 2 4 5 6 8 10 11 13 14 16 17 21 26 27 28 30 31 35 36 41 44 47 22_635  .00000000000000000012
1.6791992187 -7606.5126953125 1 2 3 5 8 9 12 19 20 21 22 23 24 27 33 34 36 37 40 45 48 60 22_636  .00000000000000000011
1.6806640624 -7606.5112304688 1 2 3 5 7 9 11 12 13 14 15 18 19 20 24 28 31 35 36 38 46 60 22_637  .00000000000000000011
1.6831054687 -7606.5087890625 3 4 5 8 10 11 14 16 18 19 21 22 24 25 27 29 30 32 33 41 44 49 22_638  .00000000000000000010
1.6845703124 -7606.5073242188 2 3 5 7 14 15 18 19 21 22 23 26 27 30 31 33 34 35 40 42 45 47 22_639  .00000000000000000010
1.6850585937 -7606.5068359375 1 3 7 8 9 10 14 15 16 17 18 19 25 28 31 33 34 35 38 39 44 49 22_640  .00000000000000000010
1.6865234374 -7606.5053710938 1 2 5 7 8 9 16 17 18 19 21 23 24 25 26 28 29 32 38 39 40 58 22_641  .00000000000000000009
1.6909179687 -7606.5009765625 4 5 7 8 11 12 13 14 18 19 22 24 26 27 32 33 35 36 39 41 42 44 22_642  .00000000000000000008
1.6933593750 -7606.4985351562 1 2 3 8 10 11 12 14 15 18 21 22 24 25 26 29 30 32 33 34 40 41 22_643  .00000000000000000007
1.6938476562 -7606.4980468750 2 3 4 5 6 8 10 11 12 15 17 18 19 21 23 27 28 30 32 33 45 52 22_644  .00000000000000000007
1.6962890624 -7606.4956054688 1 2 3 4 5 7 8 10 11 13 17 18 19 20 21 24 33 37 40 42 52 60 22_645  .00000000000000000007
1.6967773437 -7606.4951171875 3 4 5 12 13 14 19 20 22 23 24 26 28 29 30 31 38 41 43 44 45 46 22_646  .00000000000000000007
1.6992187500 -7606.4926757812 2 3 4 6 7 9 10 16 18 19 20 21 25 27 28 32 36 37 42 45 46 53 22_647  .00000000000000000006
1.7006835937 -7606.4912109375 1 3 6 7 8 11 12 13 15 16 18 19 20 22 25 27 31 34 35 36 44 53 22_648  .00000000000000000006
1.7045898437 -7606.4873046875 1 2 4 5 6 7 8 9 12 13 16 17 18 21 22 23 37 38 39 43 57 59 22_649  .00000000000000000005
1.7055664062 -7606.4863281250 1 3 4 8 9 10 11 15 16 19 20 24 25 26 29 32 35 38 42 44 45 48 22_650  .00000000000000000005
1.7099609374 -7606.4819335938 1 3 6 7 9 10 12 15 16 17 18 23 24 25 30 31 34 35 41 42 43 58 22_651  .00000000000000000004
1.7133789062 -7606.4785156250 1 3 5 6 10 11 12 15 18 19 20 22 23 27 28 33 34 39 43 47 48 57 22_652  .00000000000000000004
1.7148437500 -7606.4770507812 1 3 5 6 9 10 11 12 14 15 19 21 24 29 32 33 34 35 37 38 47 56 22_653  .00000000000000000004
1.7163085937 -7606.4755859375 2 3 6 7 8 10 11 13 16 17 20 21 23 25 26 27 32 35 36 39 40 56 22_654  .00000000000000000003
1.7172851562 -7606.4746093750 2 4 5 10 13 14 15 16 17 18 20 22 24 25 28 32 35 36 42 45 47 51 22_655  .00000000000000000003
1.7177734374 -7606.4741210938 1 2 3 7 8 9 11 13 15 16 17 18 21 22 23 28 33 36 37 39 51 58 22_656  .00000000000000000003
1.7182617187 -7606.4736328125 2 4 5 6 8 11 12 13 14 15 19 20 21 22 25 29 31 32 35 43 48 57 22_657  .00000000000000000003
1.7207031250 -7606.4711914062 1 2 3 5 6 7 9 10 11 13 15 17 20 29 30 33 35 40 46 47 48 56 22_658  .00000000000000000003
1.7260742187 -7606.4658203125 3 5 6 7 8 9 10 11 12 13 16 20 22 25 28 30 33 34 35 47 48 50 22_659  .00000000000000000002
1.7285156250 -7606.4633789062 1 3 4 5 8 10 11 12 13 14 18 21 22 23 27 29 36 40 44 46 48 51 22_660  .00000000000000000002
1.7290039062 -7606.4628906250 1 4 8 9 11 12 13 15 17 18 19 21 22 24 33 34 38 43 44 45 46 56 22_661  .00000000000000000002
1.7294921874 -7606.4624023438 1 3 7 8 9 13 15 16 17 20 21 22 23 24 28 30 31 34 35 48 53 54 22_662  .00000000000000000002
1.7304687500 -7606.4614257812 1 2 5 10 14 15 16 19 20 21 23 25 26 27 29 30 33 34 35 41 42 44 22_663  .00000000000000000002
1.7329101562 -7606.4589843750 1 2 4 7 8 10 14 15 19 20 21 24 25 28 29 32 33 34 40 44 47 55 22_664  .00000000000000000002
1.7387695312 -7606.4531250000 2 3 4 5 6 9 12 13 14 15 18 20 21 22 27 28 33 34 35 39 45 52 22_665  .00000000000000000001
1.7402343750 -7606.4516601562 1 3 4 5 9 10 14 15 17 20 21 22 24 25 28 29 30 31 35 40 43 58 22_666  .00000000000000000001
1.7426757812 -7606.4492187500 3 4 7 8 10 11 12 14 16 18 19 23 25 26 28 29 33 39 44 46 48 55 22_667  .00000000000000000001
1.7436523437 -7606.4482421875 1 2 3 6 8 9 11 12 13 15 21 22 24 28 29 31 34 36 39 41 47 50 22_668  .00000000000000000001
1.7475585937 -7606.4443359375 1 2 3 5 6 9 12 13 15 18 20 21 22 23 26 28 37 42 43 44 48 51 22_669  .00000000000000000001
1.7514648437 -7606.4404296875 1 3 5 6 8 9 12 14 17 20 21 25 26 30 31 34 35 39 40 41 43 46 22_670  0
1.7534179687 -7606.4384765625 2 3 4 6 9 10 11 12 13 18 20 22 24 28 29 33 38 39 40 44 45 57 22_671  0
1.7539062500 -7606.4379882812 2 4 7 8 9 10 11 12 17 18 19 24 25 26 28 29 37 39 45 46 48 56 22_672  0
1.7631835937 -7606.4287109375 2 3 4 5 8 10 11 13 14 16 20 21 24 27 28 31 32 35 41 44 48 58 22_673  0
1.7641601562 -7606.4277343750 2 3 4 5 7 8 9 10 13 14 15 17 21 24 27 30 31 43 46 47 48 50 22_674  0
1.7670898437 -7606.4248046875 2 4 7 9 11 12 17 18 19 21 22 23 24 26 27 29 30 32 37 43 47 56 22_675  0
1.7705078124 -7606.4213867188 2 4 5 6 7 10 13 14 15 18 22 24 28 30 31 35 39 40 42 44 46 47 22_676  0
1.7822265624 -7606.4096679688 1 2 5 7 9 10 11 15 17 23 24 25 30 31 33 34 36 38 40 42 45 48 22_677  0
1.7832031250 -7606.4086914062 4 5 8 9 10 11 12 13 15 18 19 21 22 23 29 32 35 36 37 38 43 51 22_678  0
1.7836914062 -7606.4082031250 1 2 3 4 5 6 12 13 16 17 26 27 28 29 30 31 32 35 36 45 46 47 22_679  0
1.7856445312 -7606.4062500000 1 2 3 4 5 7 9 12 15 16 18 20 21 24 25 31 33 35 38 48 49 53 22_680  0
1.7885742187 -7606.4033203125 1 3 8 9 10 12 13 14 15 17 18 22 23 28 29 31 33 36 41 43 45 48 22_681  0
1.7890625000 -7606.4028320312 1 5 6 8 10 11 12 16 17 18 19 20 22 24 25 33 38 39 41 44 48 52 22_682  0
1.7910156250 -7606.4008789062 1 4 5 7 10 12 13 16 17 21 22 23 26 27 31 32 34 36 38 40 43 48 22_683  0
1.7915039062 -7606.4003906250 2 3 4 5 7 8 9 16 17 20 21 23 25 26 28 33 36 38 40 41 44 45 22_684  0
1.7919921874 -7606.3999023438 2 4 5 8 9 10 12 14 15 17 18 19 22 23 24 27 33 40 44 45 49 59 22_685  0
1.7924804687 -7606.3994140625 1 2 4 7 9 12 13 16 17 21 23 25 28 31 34 35 36 38 39 40 42 45 22_686  0
1.7963867187 -7606.3955078125 2 4 6 7 8 11 12 13 14 17 18 19 23 28 32 33 36 37 40 41 44 51 22_687  0
1.8002929687 -7606.3916015625 1 2 4 7 8 9 10 12 13 14 19 20 24 28 29 31 32 36 37 41 43 50 22_688  0
1.8007812500 -7606.3911132812 3 4 5 6 9 10 13 15 16 18 22 23 24 25 29 31 32 34 41 42 45 49 22_689  0
1.8012695312 -7606.3906250000 1 3 4 5 8 9 10 11 15 17 19 20 21 25 26 29 36 38 40 42 48 54 22_690  0
1.8041992187 -7606.3876953125 1 3 4 6 8 14 16 17 19 20 21 23 25 26 31 32 33 34 36 39 44 52 22_691  0
1.8076171874 -7606.3842773438 6 8 10 13 14 15 16 17 18 20 21 23 25 28 29 30 31 39 40 44 45 60 22_692  0
1.8100585937 -7606.3818359375 2 3 4 5 6 7 8 10 12 13 15 18 20 23 25 29 30 33 37 45 47 49 22_693  0
1.8110351562 -7606.3808593750 1 5 6 7 10 11 12 13 15 16 17 20 29 33 34 35 36 40 42 45 46 57 22_694  0
1.8115234374 -7606.3803710938 1 2 4 7 11 12 13 15 17 18 19 21 22 26 31 32 34 37 40 41 43 49 22_695  0
1.8159179687 -7606.3759765625 2 3 5 7 9 10 11 12 14 15 21 22 23 27 30 35 38 40 41 42 48 56 22_696  0
1.8164062500 -7606.3754882812 1 3 4 5 7 8 13 14 16 17 18 19 22 24 25 28 30 31 33 38 42 56 22_697  0
1.8173828124 -7606.3745117188 2 4 5 6 7 8 10 12 16 17 20 21 25 27 31 32 35 41 42 43 45 49 22_698  0
1.8183593750 -7606.3735351562 1 3 4 6 7 8 9 10 13 15 19 21 25 26 27 32 38 41 42 43 46 47 22_699  0
1.8193359374 -7606.3725585938 2 3 6 8 10 11 13 14 17 18 19 20 21 22 25 27 35 39 42 44 50 60 22_700  0
1.8242187500 -7606.3676757812 1 3 4 6 9 10 11 13 15 16 19 20 25 28 29 30 33 37 38 39 45 47 22_701  0
1.8295898437 -7606.3623046875 1 2 4 5 7 8 10 15 18 19 23 24 25 26 33 36 38 40 42 44 45 59 22_702  0
1.8359375000 -7606.3559570312 1 2 3 4 5 6 7 16 17 18 20 23 27 28 33 34 37 40 41 44 46 52 22_703  0
1.8393554687 -7606.3525390625 3 6 7 8 10 11 14 15 18 19 21 22 23 26 28 32 37 40 41 42 43 60 22_704  0
1.8447265624 -7606.3471679688 2 3 4 5 6 7 11 14 16 17 19 21 23 30 31 32 35 38 39 45 46 52 22_705  0
1.8471679687 -7606.3447265625 1 2 4 5 7 13 15 16 17 19 24 26 27 28 29 30 37 39 42 43 44 45 22_706  0
1.8481445312 -7606.3437500000 2 3 4 5 7 8 9 10 11 14 16 17 18 25 29 30 31 35 36 44 56 60 22_707  0
1.8496093750 -7606.3422851562 1 2 6 7 8 9 13 14 16 18 19 20 22 23 29 31 35 36 41 42 49 57 22_708  0
1.8520507812 -7606.3398437500 3 5 6 8 11 12 15 17 20 21 22 24 25 26 27 30 32 33 34 39 41 46 22_709  0
1.8525390624 -7606.3393554688 1 2 3 5 9 11 12 14 17 18 20 23 24 28 29 30 39 43 45 46 47 58 22_710  0
1.8544921874 -7606.3374023438 2 3 4 5 6 7 8 11 12 14 15 17 18 23 25 30 31 38 41 43 50 51 22_711  0
1.8554687500 -7606.3364257812 2 3 4 8 11 12 13 14 18 21 22 23 24 25 30 31 33 35 37 42 45 52 22_712  0
1.8564453124 -7606.3354492188 1 2 3 5 6 10 11 12 13 19 21 24 26 27 29 34 35 38 39 41 44 53 22_713  0
1.8588867187 -7606.3330078125 2 3 4 5 6 7 8 9 12 14 19 22 24 28 31 32 34 40 42 43 45 55 22_714  0
1.8603515624 -7606.3315429688 1 2 5 6 10 12 15 17 19 21 23 24 26 27 28 32 37 42 43 45 47 52 22_715  0
1.8647460937 -7606.3271484375 1 5 7 9 10 11 12 16 19 20 23 24 25 29 32 35 36 37 40 43 45 59 22_716  0
1.8652343750 -7606.3266601562 2 3 4 6 7 9 11 12 13 14 17 18 21 22 26 31 32 36 45 47 51 52 22_717  0
1.8662109374 -7606.3256835938 1 2 3 5 6 7 10 11 15 18 19 20 22 24 27 30 37 39 42 44 57 60 22_718  0
1.8686523437 -7606.3232421875 1 2 3 4 5 6 7 11 13 16 20 23 24 26 29 30 31 32 38 42 43 51 22_719  0
1.8720703124 -7606.3198242188 1 2 3 6 7 9 11 15 16 17 19 20 21 22 24 25 29 32 45 48 51 58 22_720  0
1.8750000000 -7606.3168945312 2 5 7 8 14 15 16 19 20 21 22 23 24 25 31 33 39 40 44 45 47 53 22_721  0
1.8808593750 -7606.3110351562 7 8 9 12 14 15 16 17 18 20 21 27 31 32 34 35 37 38 40 41 43 54 22_722  0
1.8842773437 -7606.3076171875 2 3 4 5 7 8 10 11 14 15 18 21 22 24 25 28 39 40 41 44 51 56 22_723  0
1.8867187500 -7606.3051757812 2 3 5 7 9 12 13 16 19 21 22 23 25 26 29 30 35 36 44 45 47 56 22_724  0
1.8876953124 -7606.3041992188 1 2 3 4 5 13 14 18 19 21 23 24 26 27 30 31 32 33 35 46 47 54 22_725  0
1.8896484374 -7606.3022460938 1 2 3 5 6 10 11 12 16 19 20 23 26 28 31 34 35 36 37 38 41 58 22_726  0
1.8901367187 -7606.3017578125 1 2 3 4 7 8 13 14 15 17 25 27 29 30 31 34 36 42 43 45 46 48 22_727  0
1.8950195312 -7606.2968750000 3 4 5 10 11 12 13 16 17 18 20 23 24 26 30 33 35 41 42 45 46 48 22_728  0
1.8964843750 -7606.2954101562 2 4 5 6 10 12 16 17 22 24 25 27 29 30 31 32 38 39 42 43 45 47 22_729  0
1.8999023437 -7606.2919921875 1 2 4 5 6 8 10 11 14 17 18 19 23 24 26 27 30 35 37 41 50 53 22_730  0
1.9003906250 -7606.2915039062 1 5 6 9 10 16 17 18 19 21 22 23 27 30 35 36 38 41 43 44 46 53 22_731  0
1.9042968750 -7606.2875976562 1 2 5 7 8 10 13 15 16 17 18 21 22 23 24 31 37 40 45 48 49 55 22_732  0
1.9052734374 -7606.2866210938 6 7 8 9 10 11 12 14 15 18 19 20 21 22 23 24 27 28 36 38 53 58 22_733  0
1.9106445312 -7606.2812500000 1 2 5 6 12 14 16 19 20 21 22 23 25 27 28 33 35 37 43 45 46 54 22_734  0
1.9125976562 -7606.2792968750 1 2 3 4 6 8 9 11 13 14 20 22 23 24 30 31 42 44 45 46 49 56 22_735  0
1.9135742187 -7606.2783203125 1 2 3 8 9 10 13 14 16 17 18 19 21 22 27 34 43 44 47 48 54 60 22_736  0
1.9194335937 -7606.2724609375 7 8 10 11 12 14 15 16 17 19 20 23 26 27 29 32 33 35 37 38 39 56 22_737  0
1.9208984374 -7606.2709960938 1 2 4 6 8 9 11 15 16 17 18 19 20 22 29 30 35 36 42 45 51 59 22_738  0
1.9252929687 -7606.2666015625 3 4 8 9 11 12 14 19 20 24 25 26 29 30 33 35 36 37 39 41 42 46 22_739  0
1.9257812500 -7606.2661132812 2 4 6 7 8 10 13 15 17 18 21 22 24 36 38 39 40 43 44 45 47 56 22_740  0
1.9277343750 -7606.2641601562 1 2 4 5 7 8 9 13 14 17 19 20 22 23 29 30 32 33 40 45 52 53 22_741  0
1.9301757812 -7606.2617187500 4 5 7 8 10 11 13 14 16 17 18 20 21 22 28 35 39 40 42 48 50 59 22_742  0
1.9306640624 -7606.2612304688 4 6 7 11 12 13 19 20 21 22 23 28 32 33 36 37 39 43 44 46 47 48 22_743  0
1.9321289062 -7606.2597656250 1 2 4 6 8 9 11 13 14 17 21 23 26 31 34 35 39 41 42 43 45 46 22_744  0
1.9335937500 -7606.2583007812 1 4 5 6 8 10 11 14 15 17 18 21 22 23 26 30 36 44 46 47 50 60 22_745  0
1.9462890624 -7606.2456054688 1 2 4 5 6 7 9 10 12 18 20 21 23 25 27 31 34 35 40 41 51 59 22_746  0
1.9624023437 -7606.2294921875 1 5 10 11 12 13 14 15 19 20 21 22 23 27 33 35 36 39 43 45 48 57 22_747  0
1.9648437500 -7606.2270507812 1 2 4 6 11 14 15 17 18 19 20 21 26 27 33 34 36 38 40 41 43 48 22_748  0
1.9716796874 -7606.2202148438 3 5 7 11 12 13 14 15 17 23 24 25 31 32 33 34 35 40 41 42 45 48 22_749  0
1.9760742187 -7606.2158203125 3 4 5 11 12 15 17 18 20 21 23 24 32 36 40 42 43 44 45 46 47 48 22_750  0
1.9819335937 -7606.2099609375 1 4 5 6 7 10 11 12 13 16 19 20 22 30 32 36 40 41 44 45 48 60 22_751  0
1.9833984374 -7606.2084960938 1 2 8 12 14 15 16 17 18 19 21 24 25 28 30 32 35 36 41 46 48 55 22_752  0
1.9853515624 -7606.2065429688 2 3 4 5 6 9 11 12 13 19 20 21 22 25 27 31 32 35 38 39 49 53 22_753  0
1.9863281250 -7606.2055664062 1 2 3 6 10 11 13 14 15 16 17 18 20 21 22 25 34 37 39 49 56 59 22_754  0
1.9873046874 -7606.2045898438 1 3 4 5 6 7 9 10 11 18 19 20 21 22 25 30 32 34 48 49 59 60 22_755  0
1.9907226562 -7606.2011718750 1 2 4 5 7 9 11 12 13 15 16 19 23 26 27 29 32 33 34 42 47 50 22_756  0
1.9960937500 -7606.1958007812 1 3 4 7 9 11 12 14 17 18 20 21 22 24 32 33 34 38 40 41 51 52 22_757  0
1.9995117187 -7606.1923828125 3 4 6 8 9 11 12 15 17 19 22 24 26 27 32 33 39 40 42 43 46 56 22_758  0
2.0014648437 -7606.1904296875 2 4 9 11 12 13 14 15 16 17 19 20 22 23 24 25 28 31 35 39 45 51 22_759  0
2.0019531250 -7606.1899414062 1 2 4 5 6 9 14 17 20 21 22 23 24 27 29 30 33 39 41 43 45 49 22_760  0
2.0092773437 -7606.1826171875 1 2 4 5 7 11 12 13 16 17 18 21 23 25 30 31 35 36 45 46 49 51 22_761  0
2.0122070312 -7606.1796875000 1 4 8 10 16 17 18 20 21 23 24 25 27 28 31 34 36 39 44 45 46 59 22_762  0
2.0131835937 -7606.1787109375 2 6 9 10 11 12 13 15 18 19 20 22 27 30 31 33 34 36 39 43 46 54 22_763  0
2.0141601562 -7606.1777343750 3 4 6 7 9 13 14 18 19 20 23 28 33 34 37 40 42 43 45 46 47 51 22_764  0
2.0249023437 -7606.1669921875 2 4 5 6 7 11 17 18 20 24 26 28 29 30 32 33 34 40 41 42 45 47 22_765  0
2.0297851562 -7606.1621093750 4 5 7 9 11 13 16 17 18 19 20 21 24 26 29 31 36 37 42 47 49 52 22_766  0
2.0302734374 -7606.1616210938 1 3 4 7 8 9 12 14 17 19 20 24 26 30 34 35 37 38 40 42 45 58 22_767  0
2.0317382812 -7606.1601562500 5 6 7 9 10 11 19 20 22 23 25 28 30 32 33 36 38 39 41 44 45 47 22_768  0
2.0415039062 -7606.1503906250 2 4 6 7 9 10 11 13 16 17 20 21 23 28 34 37 38 39 46 47 48 52 22_769  0
2.0473632812 -7606.1445312500 3 5 6 10 12 14 16 17 18 20 22 23 27 28 31 32 36 37 44 47 48 56 22_770  0
2.0527343750 -7606.1391601562 3 4 5 6 8 9 12 13 17 19 20 23 28 29 30 39 41 44 45 46 48 51 22_771  0
2.0546875000 -7606.1372070312 1 2 3 4 5 6 10 16 20 22 23 25 27 30 31 32 33 39 40 42 46 53 22_772  0
2.0556640624 -7606.1362304688 1 3 4 13 14 15 17 18 19 20 21 22 23 26 27 30 35 36 37 44 45 52 22_773  0
2.0595703124 -7606.1323242188 1 5 9 10 12 13 14 17 18 19 22 23 24 27 28 33 34 35 39 41 46 50 22_774  0
2.0629882812 -7606.1289062500 1 2 4 5 9 10 12 13 17 19 23 24 26 31 32 34 35 40 42 45 48 57 22_775  0
2.0644531250 -7606.1274414062 1 2 3 5 7 9 11 14 18 20 22 24 25 27 29 30 32 33 36 41 52 56 22_776  0
2.0673828124 -7606.1245117188 1 3 7 8 9 12 13 14 16 19 20 22 23 31 34 36 41 42 46 48 49 51 22_777  0
2.0693359374 -7606.1225585938 1 4 7 8 9 13 19 20 21 22 23 26 28 29 32 33 34 38 43 44 46 48 22_778  0
2.0703125000 -7606.1215820312 1 3 4 5 6 9 10 11 13 15 18 19 22 24 26 35 37 41 42 47 56 57 22_779  0
2.0776367187 -7606.1142578125 1 2 4 6 10 11 12 13 14 15 17 18 23 25 27 36 41 45 46 48 52 58 22_780  0
2.0834960937 -7606.1083984375 1 4 5 11 12 14 17 18 19 20 22 23 24 26 31 33 41 45 46 48 51 58 22_781  0
2.0849609374 -7606.1069335938 2 3 4 7 8 9 10 13 14 15 19 20 21 25 26 27 29 39 44 46 47 59 22_782  0
2.0864257812 -7606.1054687500 5 6 8 9 11 12 13 17 18 21 22 23 26 27 28 31 33 34 35 42 44 56 22_783  0
2.0878906250 -7606.1040039062 2 3 4 6 10 11 16 17 18 19 22 24 26 27 33 35 41 42 44 46 47 49 22_784  0
2.0913085937 -7606.1005859375 3 4 5 6 8 10 11 19 20 23 24 26 29 32 33 34 38 40 41 43 47 51 22_785  0
2.0917968750 -7606.1000976562 4 5 9 11 14 15 17 18 20 22 24 26 28 31 33 34 35 36 38 39 40 60 22_786  0
2.0922851562 -7606.0996093750 1 2 4 5 9 13 15 16 17 19 20 22 29 30 31 35 38 39 41 42 46 47 22_787  0
2.0942382812 -7606.0976562500 2 3 6 7 8 9 14 15 16 20 21 22 24 25 26 27 30 31 37 41 48 55 22_788  0
2.0957031250 -7606.0961914062 2 4 8 10 12 13 15 16 20 21 23 25 26 30 31 32 36 43 45 46 47 54 22_789  0
2.0986328124 -7606.0932617188 1 2 3 4 5 7 10 12 15 16 18 20 23 26 28 29 30 35 42 44 47 55 22_790  0
2.1000976562 -7606.0917968750 1 2 4 7 9 12 13 18 19 20 21 23 26 28 30 32 35 39 40 43 45 46 22_791  0
2.1074218750 -7606.0844726562 1 2 3 5 7 9 10 15 18 19 22 26 27 28 29 32 34 37 38 40 45 50 22_792  0
2.1103515624 -7606.0815429688 2 6 8 10 11 13 15 18 19 21 22 23 24 26 30 32 35 36 40 47 49 52 22_793  0
2.1201171874 -7606.0717773438 1 2 3 5 7 10 11 12 19 20 21 22 24 27 31 35 42 44 46 47 52 54 22_794  0
2.1269531250 -7606.0649414062 2 3 4 5 6 7 8 9 10 16 20 23 27 30 31 33 34 36 40 42 53 57 22_795  0
2.1328125000 -7606.0590820312 1 2 3 4 5 8 11 12 19 20 22 23 24 29 31 35 37 41 42 46 49 60 22_796  0
2.1352539062 -7606.0566406250 3 4 6 9 10 11 12 15 16 17 19 23 24 28 31 33 34 36 39 42 44 52 22_797  0
2.1376953124 -7606.0541992188 1 2 6 7 9 10 13 15 17 19 20 22 23 24 26 30 37 42 46 48 50 56 22_798  0
2.1416015624 -7606.0502929688 5 7 9 10 13 15 16 17 19 21 22 23 26 30 31 33 35 36 37 42 45 57 22_799  0
2.1435546874 -7606.0483398438 2 3 6 7 9 10 11 12 15 18 22 24 26 29 30 33 35 41 43 46 48 49 22_800  0
2.1459960937 -7606.0458984375 2 3 4 5 6 7 8 10 14 17 18 19 24 27 30 33 38 41 44 45 47 49 22_801  0
2.1542968750 -7606.0375976562 1 2 3 4 5 9 12 16 19 20 21 23 25 27 29 32 33 35 36 41 42 53 22_802  0
2.1591796874 -7606.0327148438 4 6 9 11 17 18 19 20 21 22 25 26 27 31 32 34 36 37 38 44 45 60 22_803  0
2.1601562500 -7606.0317382812 2 5 7 8 10 13 14 15 16 17 20 21 23 24 29 35 40 42 46 48 53 58 22_804  0
2.1655273437 -7606.0263671875 4 7 9 10 12 13 15 16 18 20 24 28 29 34 35 37 39 42 44 45 47 48 22_805  0
2.1665039062 -7606.0253906250 1 2 3 5 6 7 8 10 13 14 15 18 22 27 29 31 33 35 43 45 46 58 22_806  0
2.1699218750 -7606.0219726562 1 2 4 5 6 8 10 11 12 14 18 22 23 25 30 36 37 38 40 45 52 58 22_807  0
2.1743164062 -7606.0175781250 1 2 3 9 11 16 17 19 20 22 23 24 29 30 34 36 37 39 41 42 52 53 22_808  0
2.1748046874 -7606.0170898438 1 2 4 5 12 13 14 15 17 19 21 23 24 26 27 28 33 37 44 47 59 60 22_809  0
2.1816406250 -7606.0102539062 1 4 5 10 11 12 14 15 18 20 22 24 26 28 32 35 37 40 41 47 52 55 22_810  0
2.1855468750 -7606.0063476562 1 4 6 7 10 11 12 14 15 21 22 24 27 30 34 35 37 42 46 47 48 54 22_811  0
2.1870117187 -7606.0048828125 4 6 9 11 13 14 15 17 19 20 21 22 23 28 29 31 34 35 37 39 40 58 22_812  0
2.1889648437 -7606.0029296875 1 2 3 6 7 8 10 13 16 18 19 22 23 28 30 35 37 45 47 48 54 58 22_813  0
2.2045898437 -7605.9873046875 5 7 8 10 11 12 15 17 18 21 22 23 24 25 38 42 43 44 47 48 54 59 22_814  0
2.2114257812 -7605.9804687500 3 4 5 7 8 10 11 12 16 17 18 19 24 32 33 37 38 39 41 45 49 59 22_815  0
2.2187500000 -7605.9731445312 1 2 3 4 5 7 9 15 17 18 22 24 25 26 27 33 38 43 44 45 52 53 22_816  0
2.2255859374 -7605.9663085938 1 2 3 4 7 11 14 17 20 21 23 24 25 27 30 33 35 40 43 46 58 59 22_817  0
2.2265625000 -7605.9653320312 6 12 13 14 15 17 18 19 20 21 23 24 27 28 30 33 34 36 40 45 50 56 22_818  0
2.2343750000 -7605.9575195312 1 3 5 6 8 9 12 16 17 18 19 24 25 26 27 28 29 31 41 45 49 51 22_819  0
2.2407226562 -7605.9511718750 2 4 6 8 13 14 17 18 19 20 21 22 23 29 35 36 39 40 41 43 50 52 22_820  0
2.2495117187 -7605.9423828125 3 4 6 11 12 13 15 16 17 20 21 22 23 24 26 28 41 42 46 53 55 57 22_821  0
2.2763671874 -7605.9155273438 1 2 3 4 5 7 9 11 13 18 20 23 28 33 36 38 39 43 45 47 53 60 22_822  0
2.2783203124 -7605.9135742188 2 6 9 10 12 15 17 22 23 24 25 26 29 31 32 34 36 39 44 45 46 50 22_823  0
2.3012695312 -7605.8906250000 3 6 8 11 13 14 15 16 20 21 23 27 28 30 32 35 41 42 44 45 47 49 22_824  0
2.3227539062 -7605.8691406250 2 4 5 7 15 16 17 18 19 20 21 24 27 29 30 36 37 40 43 46 49 53 22_825  0
2.3232421874 -7605.8686523438 3 6 7 8 11 13 16 17 18 19 20 21 24 27 28 29 30 34 40 43 54 60 22_826  0
2.3413085937 -7605.8505859375 1 2 3 4 6 7 9 12 14 15 18 20 22 23 27 34 39 43 45 47 56 60 22_827  0
2.3432617187 -7605.8486328125 1 2 3 6 8 9 11 13 15 16 17 25 26 27 31 32 36 41 42 44 50 58 22_828  0
2.3442382812 -7605.8476562500 2 3 5 6 10 11 12 17 19 22 23 24 29 30 31 36 39 42 44 47 49 51 22_829  0
2.3447265624 -7605.8471679688 4 7 11 12 13 15 16 18 21 24 27 28 30 34 35 36 37 44 45 46 48 49 22_830  0
2.3564453124 -7605.8354492188 2 4 5 6 8 9 10 12 13 18 19 22 23 32 36 37 38 42 45 48 53 55 22_831  0
2.3666992187 -7605.8251953125 6 8 9 11 15 16 18 19 20 22 24 25 26 27 32 33 34 36 37 42 47 49 22_832  0
2.3759765624 -7605.8159179688 1 2 4 10 11 15 18 19 20 22 23 24 25 26 30 36 38 40 42 45 53 59 22_833  0
2.3808593750 -7605.8110351562 1 2 5 7 10 11 12 15 19 21 22 23 26 31 35 38 40 42 44 48 49 59 22_834  0
2.3881835937 -7605.8037109375 2 5 7 8 10 12 15 16 20 21 23 27 28 29 30 31 34 36 42 43 57 59 22_835  0
2.3911132812 -7605.8007812500 2 3 5 8 9 10 12 17 23 24 25 26 27 28 29 30 31 33 39 41 42 45 22_836  0
2.3994140624 -7605.7924804688 2 3 4 5 8 10 11 14 17 22 23 24 25 35 36 39 40 42 43 47 48 52 22_837  0
2.4047851562 -7605.7871093750 2 7 10 13 14 16 17 18 19 21 23 24 25 30 35 37 38 39 41 44 52 56 22_838  0
2.4233398437 -7605.7685546875 4 6 7 9 11 13 14 16 18 20 21 22 23 30 35 38 43 44 45 47 50 53 22_839  0
2.4296875000 -7605.7622070312 2 3 5 6 7 8 9 13 18 19 21 22 25 28 29 33 35 44 47 48 51 53 22_840  0
2.4746093750 -7605.7172851562 1 5 6 7 10 11 15 17 20 22 23 27 28 29 30 31 35 40 42 48 54 55 22_841  0
2.5083007812 -7605.6835937500 2 5 8 11 12 13 14 15 16 19 20 21 24 30 35 36 37 41 45 50 51 58 22_842  0
2.5371093750 -7605.6547851562 1 2 3 5 14 16 17 20 21 22 23 28 32 34 38 40 41 46 47 48 54 55 22_843  0
2.5385742187 -7605.6533203125 1 2 3 11 13 16 17 18 20 22 23 24 27 30 34 36 37 38 39 49 56 57 22_844  0
2.5439453124 -7605.6479492188 6 7 9 10 14 15 17 18 20 21 22 25 26 28 32 33 34 38 39 40 50 60 22_845  0
2.5458984374 -7605.6459960938 1 2 5 7 8 9 11 15 18 19 22 23 24 25 32 38 41 45 46 50 51 55 22_846  0
2.5463867187 -7605.6455078125 1 3 5 7 10 14 18 19 22 23 24 25 29 30 31 32 33 34 36 43 49 51 22_847  0
2.5488281250 -7605.6430664062 4 7 9 10 13 16 17 18 21 22 24 30 36 39 40 42 43 45 46 48 51 53 22_848  0
2.5834960937 -7605.6083984375 4 5 7 8 10 13 19 20 23 24 25 28 30 32 34 35 36 42 43 45 47 57 22_849  0
2.6127929687 -7605.5791015625 1 2 4 8 12 13 15 17 20 21 24 25 26 27 28 33 36 37 40 49 55 56 22_850  0
2.6435546874 -7605.5483398438 5 6 8 12 13 15 16 17 19 20 23 24 27 28 30 31 32 38 40 42 50 57 22_851  0
2.6625976562 -7605.5292968750 2 4 6 9 10 11 13 14 19 20 21 22 25 29 31 32 39 47 48 52 57 58 22_852  0
2.6723632812 -7605.5195312500 3 4 8 10 11 12 13 17 20 21 23 26 27 31 32 33 37 40 42 45 48 58 22_853  0
2.7138671874 -7605.4780273438 1 3 5 6 7 8 10 14 15 17 19 23 28 29 35 36 38 41 42 47 50 60 22_854  0
2.7397460937 -7605.4521484375 2 3 4 5 6 9 17 19 22 25 29 31 32 33 36 40 42 43 44 45 49 51 22_855  0
2.7695312500 -7605.4223632812 1 5 6 10 11 12 14 16 17 18 22 23 24 32 33 36 37 42 45 50 55 58 22_856  0
2.9599609374 -7605.2319335938 4 5 6 8 10 14 15 17 18 21 22 23 24 25 29 30 36 42 47 49 50 56 22_857  0
2.9921875000 -7605.1997070312 2 4 6 7 8 12 13 14 15 16 19 20 23 29 31 35 40 41 47 51 53 56 22_858  0
3.0439453124 -7605.1479492188 1 4 5 7 11 14 15 17 18 30 31 32 33 35 36 39 40 41 46 47 50 58 22_859  0
3.0468750000 -7605.1450195312 1 2 7 8 11 12 13 18 21 24 25 26 28 29 30 34 39 40 47 52 53 55 22_860  0
3.1337890624 -7605.0581054688 4 5 6 8 10 13 14 16 19 21 22 23 27 28 32 34 36 46 47 50 51 59 22_861  0
3.3173828124 -7604.8745117188 2 3 7 8 11 15 16 17 18 22 25 26 30 39 41 44 46 48 50 51 52 56 22_862  0
