0 -7716.2548828125 2 6 13 20 21 5_1.cif .23949588323955650558
.0205078125 -7716.2343750000 3 19 20 22 24 5_2.cif .14079767918271719942
.0214843750 -7716.2333984375 5 19 20 23 24 5_3.cif .13728075538842000872
.0234375000 -7716.2314453125 19 20 21 23 24 5_4.cif .13050825660510817073
.0244140625 -7716.2304687500 19 20 22 23 24 5_5.cif .12724834780781111428
.0468750000 -7716.2080078125 4 19 20 22 24 5_6.cif .07111773618700595412
.0522460937 -7716.2026367188 3 5 19 20 24 5_7.cif .06188078668745141891
.0585937500 -7716.1962890625 19 20 21 22 23 5_8.cif .05249862048774792002
.1264648437 -7716.1284179688 16 17 18 22 23 5_9.cif .00904966054229142970
.1342773437 -7716.1206054688 3 4 5 19 24 5_10.cif .00739172158958277358
.1435546875 -7716.1113281250 7 13 15 16 21 5_11.cif .00581273010001633703
.1469726563 -7716.1079101562 3 6 19 20 22 5_12.cif .00532022171408714292
.1645507813 -7716.0903320312 8 9 10 14 16 5_13.cif .00337430770080753015
.1723632813 -7716.0825195312 7 12 13 15 16 5_14.cif .00275611918981869096
.1865234375 -7716.0683593750 11 13 15 18 21 5_15.cif .00190986809278748892
.2089843750 -7716.0458984375 16 17 22 23 24 5_16.cif .00106740478375392490
.2338867187 -7716.0209960938 11 13 15 20 21 5_17.cif .00056000296566322208
.2539062500 -7716.0009765625 9 10 12 13 16 5_18.cif .00033341158646514648
.2602539063 -7715.9946289062 8 9 10 11 18 5_19.cif .00028286079219482802
.2607421875 -7715.9941406250 16 18 22 23 24 5_20.cif .00027930572388448991
.2617187500 -7715.9931640625 3 4 13 19 20 5_21.cif .00027232906807656279
.2895507813 -7715.9653320312 4 11 12 17 22 5_22.cif .00013243344386867021
.2983398437 -7715.9565429688 3 5 6 16 23 5_23.cif .00010546907807687877
.3071289063 -7715.9477539062 5 6 10 16 23 5_24.cif .00008399484335535647
.3168945313 -7715.9379882812 6 19 20 21 23 5_25.cif .00006522202286152531
.3193359375 -7715.9355468750 12 15 16 17 25 5_26.cif .00006122512420641764
.3203125000 -7715.9345703125 9 10 13 14 16 5_27.cif .00005969580854311812
.3300781250 -7715.9248046875 12 15 16 17 37 5_28.cif .00004635381452006952
.3442382813 -7715.9106445312 14 15 16 17 22 5_29.cif .00003212113301506976
.3544921875 -7715.9003906250 7 12 16 17 37 5_30.cif .00002462859165879120
.3608398437 -7715.8940429688 3 6 19 22 35 5_31.cif .00002089448371951534
.3710937500 -7715.8837890625 4 5 19 21 24 5_32.cif .00001602065860736630
.3745117187 -7715.8803710938 1 4 5 19 24 5_33.cif .00001466323991499748
.3754882813 -7715.8793945312 9 11 17 18 25 5_34.cif .00001429697320611353
.3793945313 -7715.8754882812 1 3 4 19 24 5_35.cif .00001292113783189265
.3813476563 -7715.8735351562 1 2 4 21 22 5_36.cif .00001228369677179721
.3969726563 -7715.8579101562 4 11 21 22 24 5_37.cif .00000819512742747261
.3979492187 -7715.8569335938 1 3 6 19 23 5_38.cif .00000799042493592508
.4111328125 -7715.8437500000 6 13 19 20 21 5_39.cif .00000567885904494833
.4145507813 -7715.8403320312 9 11 12 17 25 5_40.cif .00000519769345596992
.4174804687 -7715.8374023438 2 3 6 22 32 5_41.cif .00000481784868188924
.4189453125 -7715.8359375000 1 2 3 6 22 5_42.cif .00000463846625081401
.4272460937 -7715.8276367188 8 10 11 14 30 5_43.cif .00000374106104995207
.4355468750 -7715.8193359375 1 6 10 16 23 5_44.cif .00000301727704513530
.4443359375 -7715.8105468750 2 4 22 24 44 5_45.cif .00000240293854884737
.4541015625 -7715.8007812500 7 12 15 16 25 5_46.cif .00000186588255548867
.4589843750 -7715.7958984375 8 10 11 18 39 5_47.cif .00000164420181895712
.4648437500 -7715.7900390625 1 2 4 6 21 5_48.cif .00000141266800213840
.4692382813 -7715.7856445312 3 6 20 22 31 5_49.cif .00000126067704647424
.4775390625 -7715.7773437500 3 4 20 24 25 5_50.cif .00000101677354972793
.4887695313 -7715.7661132812 11 14 17 18 25 5_51.cif .00000076012869094561
.4912109375 -7715.7636718750 7 12 15 21 28 5_52.cif .00000071354691980061
.5019531250 -7715.7529296875 4 19 21 24 34 5_53.cif .00000054022955446022
.5039062500 -7715.7509765625 8 10 11 18 38 5_54.cif .00000051357830250623
.5097656250 -7715.7451171875 4 19 22 24 29 5_55.cif .00000044125704410380
.5234375000 -7715.7314453125 1 6 21 23 34 5_56.cif .00000030966344939326
.5244140625 -7715.7304687500 5 19 21 24 44 5_57.cif .00000030192850120579
.5253906250 -7715.7294921875 6 16 22 23 42 5_58.cif .00000029438676091411
.5263671875 -7715.7285156250 19 20 23 24 29 5_59.cif .00000028703340246250
.5322265625 -7715.7226562500 8 12 16 17 38 5_60.cif .00000024661382716440
.5375976563 -7715.7172851562 2 4 5 21 36 5_61.cif .00000021458300575371
.5419921875 -7715.7128906250 3 4 20 31 34 5_62.cif .00000019149571605528
.5449218750 -7715.7099609375 9 19 20 22 24 5_63.cif .00000017750130680271
.5454101563 -7715.7094726562 2 3 6 22 35 5_64.cif .00000017527042356725
.5458984375 -7715.7089843750 8 11 17 18 39 5_65.cif .00000017306757910892
.5463867187 -7715.7084960938 1 4 19 21 22 5_66.cif .00000017089242057506
.5473632813 -7715.7075195312 2 20 21 24 25 5_67.cif .00000016662377293511
.5541992187 -7715.7006835938 8 10 11 14 27 5_68.cif .00000013958415221848
.5566406250 -7715.6982421875 1 3 4 11 24 5_69.cif .00000013103023579675
.5585937500 -7715.6962890625 5 16 23 24 45 5_70.cif .00000012456609513844
.5654296875 -7715.6894531250 6 12 17 22 31 5_71.cif .00000010435157261022
.5742187500 -7715.6806640625 5 10 16 23 48 5_72.cif .00000008310486995624
.5756835937 -7715.6791992188 4 17 19 22 36 5_73.cif .00000008001063566357
.5961914063 -7715.6586914062 8 10 11 18 36 5_74.cif .00000004703760093828
.5966796875 -7715.6582031250 4 11 17 22 38 5_75.cif .00000004644642008500
.5991210937 -7715.6557617188 1 4 21 24 34 5_76.cif .00000004360011716725
.6035156250 -7715.6513671875 6 17 19 22 32 5_77.cif .00000003890911866987
.6049804687 -7715.6499023438 3 5 24 44 47 5_78.cif .00000003746041982287
.6059570313 -7715.6489257812 19 20 21 24 39 5_79.cif .00000003652471224654
.6152343750 -7715.6396484375 6 8 10 12 16 5_80.cif .00000002872244202474
.6157226563 -7715.6391601562 11 17 18 24 46 5_81.cif .00000002836145079854
.6181640625 -7715.6367187500 3 9 19 20 37 5_82.cif .00000002662342061211
.6274414063 -7715.6274414062 1 4 8 11 24 5_83.cif .00000002093622662622
.6318359375 -7715.6230468750 4 6 19 22 32 5_84.cif .00000001868366833245
.6435546875 -7715.6113281250 5 6 19 23 33 5_85.cif .00000001379215461140
.6459960937 -7715.6088867188 4 19 20 21 34 5_86.cif .00000001294695169069
.6464843750 -7715.6083984375 7 9 12 28 29 5_87.cif .00000001278423098740
.6518554687 -7715.6030273438 12 14 16 17 47 5_88.cif .00000001112378308295
.6528320313 -7715.6020507812 11 13 15 20 29 5_89.cif .00000001084592693085
.6542968750 -7715.6005859375 15 17 18 19 22 5_90.cif .00000001044210175113
.6552734375 -7715.5996093750 9 12 13 17 31 5_91.cif .00000001018127304767
.6577148437 -7715.5971679688 5 9 19 20 24 5_92.cif .00000000955735010315
.6660156250 -7715.5888671875 8 9 10 14 44 5_93.cif .00000000770828721946
.6718750000 -7715.5830078125 4 19 21 22 48 5_94.cif .00000000662281879309
.6738281250 -7715.5810546875 8 9 10 14 43 5_95.cif .00000000629609395761
.6772460937 -7715.5776367188 1 4 6 11 21 5_96.cif .00000000576263051916
.6791992187 -7715.5756835938 11 13 15 18 45 5_97.cif .00000000547834152272
.6801757813 -7715.5747070312 5 19 20 24 41 5_98.cif .00000000534150040634
.6855468750 -7715.5693359375 9 12 16 17 46 5_99.cif .00000000464773297011
.6909179687 -7715.5639648438 3 4 6 11 32 5_100.cif .00000000404407378417
.6977539063 -7715.5571289062 8 11 14 21 30 5_101.cif .00000000338780353970
.7026367187 -7715.5522460938 12 14 17 19 23 5_102.cif .00000000298530726936
.7045898437 -7715.5502929688 4 11 18 24 33 5_103.cif .00000000283803251266
.7070312500 -7715.5478515625 1 2 3 7 23 5_104.cif .00000000266411382254
.7084960937 -7715.5463867188 1 2 4 8 24 5_105.cif .00000000256492117169
.7119140625 -7715.5429687500 5 20 21 24 28 5_106.cif .00000000234759726974
.7216796875 -7715.5332031250 1 2 4 17 36 5_107.cif .00000000182291003448
.7241210937 -7715.5307617188 1 5 23 24 41 5_108.cif .00000000171119950565
.7255859375 -7715.5292968750 4 17 19 22 30 5_109.cif .00000000164748660230
.7368164063 -7715.5180664062 8 12 16 23 48 5_110.cif .00000000123164281240
.7382812500 -7715.5166015625 8 16 17 18 38 5_111.cif .00000000118578519384
.7456054687 -7715.5092773438 8 9 14 28 29 5_112.cif .00000000098087181114
.7490234375 -7715.5058593750 3 6 11 22 32 5_113.cif .00000000089776325730
.7529296875 -7715.5019531250 1 2 8 15 17 5_114.cif .00000000081136913532
.7568359375 -7715.4980468750 2 5 21 36 47 5_115.cif .00000000073328894717
.7626953125 -7715.4921875000 7 11 17 37 42 5_116.cif .00000000063002839435
.7636718750 -7715.4912109375 2 4 5 12 48 5_117.cif .00000000061429118999
.7666015625 -7715.4882812500 3 6 9 12 16 5_118.cif .00000000056939910315
.7670898437 -7715.4877929688 11 18 21 22 47 5_119.cif .00000000056224274652
.7685546875 -7715.4863281250 5 16 23 36 45 5_120.cif .00000000054130882406
.7709960937 -7715.4838867188 2 3 7 13 44 5_121.cif .00000000050813664669
.7719726563 -7715.4829101562 6 8 9 10 12 5_122.cif .00000000049544412182
.7783203125 -7715.4765625000 10 11 14 27 30 5_123.cif .00000000042032647586
.7832031250 -7715.4716796875 8 14 15 31 32 5_124.cif .00000000037038856177
.7890625000 -7715.4658203125 5 6 12 23 45 5_125.cif .00000000031823104897
.7978515625 -7715.4570312500 6 19 22 23 35 5_126.cif .00000000025343700415
.7983398437 -7715.4565429688 13 15 17 20 21 5_127.cif .00000000025025174169
.7988281250 -7715.4560546875 19 22 24 27 44 5_128.cif .00000000024710651181
.8061523437 -7715.4487304688 11 17 18 26 47 5_129.cif .00000000020440448493
.8168945313 -7715.4379882812 5 20 21 24 43 5_130.cif .00000000015475554651
.8203125000 -7715.4345703125 3 4 11 13 32 5_131.cif .00000000014164322218
.8222656250 -7715.4326171875 4 6 12 19 21 5_132.cif .00000000013465550896
.8232421875 -7715.4316406250 4 7 11 12 37 5_133.cif .00000000013129200775
.8334960937 -7715.4213867188 8 9 10 16 44 5_134.cif .00000000010066697353
.8339843750 -7715.4208984375 12 15 17 26 28 5_135.cif .00000000009940176446
.8476562500 -7715.4072265625 2 4 7 13 33 5_136.cif .00000000006975773796
.8496093750 -7715.4052734375 1 4 11 17 46 5_137.cif .00000000006631636562
.8520507813 -7715.4028320312 9 19 20 24 37 5_138.cif .00000000006225240391
.8535156250 -7715.4013671875 1 3 6 9 25 5_139.cif .00000000005993456715
.8554687500 -7715.3994140625 5 16 23 30 48 5_140.cif .00000000005697780324
.8574218750 -7715.3974609375 4 11 24 32 34 5_141.cif .00000000005416690595
.8632812500 -7715.3916015625 6 8 10 12 23 5_142.cif .00000000004653921065
.8647460937 -7715.3901367188 7 9 13 29 42 5_143.cif .00000000004480642145
.8710937500 -7715.3837890625 6 10 20 23 25 5_144.cif .00000000003801301568
.8759765625 -7715.3789062500 4 11 22 32 33 5_145.cif .00000000003349678646
.8789062500 -7715.3759765625 14 17 22 23 40 5_146.cif .00000000003104885839
.8857421875 -7715.3691406250 9 19 20 24 29 5_147.cif .00000000002601026545
.8867187500 -7715.3681640625 12 14 15 25 33 5_148.cif .00000000002536056638
.8984375000 -7715.3564453125 3 11 13 20 39 5_149.cif .00000000001872099453
.9101562500 -7715.3447265625 6 10 22 23 40 5_150.cif .00000000001381970855
.9116210937 -7715.3432617188 3 5 24 27 43 5_151.cif .00000000001330516089
.9121093750 -7715.3427734375 19 20 24 34 41 5_152.cif .00000000001313793812
.9145507813 -7715.3403320312 1 4 8 17 24 5_153.cif .00000000001233282648
.9306640625 -7715.3242187500 8 9 14 28 45 5_154.cif .00000000000812449410
.9360351563 -7715.3188476562 5 16 18 35 48 5_155.cif .00000000000706926446
.9414062500 -7715.3134765625 11 13 15 18 25 5_156.cif .00000000000615109070
.9526367187 -7715.3022460938 1 2 21 22 39 5_157.cif .00000000000459848758
.9707031250 -7715.2841796875 6 9 12 19 25 5_158.cif .00000000000287989763
.9726562500 -7715.2822265625 3 6 22 27 30 5_159.cif .00000000000273782307
.9814453125 -7715.2734375000 14 15 17 25 43 5_160.cif .00000000000218038333
.9921875000 -7715.2626953125 9 13 19 24 30 5_161.cif .00000000000165077794
.9946289063 -7715.2602539062 8 14 21 39 43 5_162.cif .00000000000154961591
1.0087890625 -7715.2460937500 2 17 20 21 24 5_163.cif .00000000000107381495
1.0141601563 -7715.2407226562 8 10 24 27 32 5_164.cif .00000000000093434517
1.0263671875 -7715.2285156250 10 15 16 42 46 5_165.cif .00000000000068105846
1.0336914063 -7715.2211914062 6 16 22 42 47 5_166.cif .00000000000056336599
1.0341796875 -7715.2207031250 2 12 22 23 38 5_167.cif .00000000000055628546
1.0468750000 -7715.2080078125 8 11 18 23 41 5_168.cif .00000000000040038872
1.0507812500 -7715.2041015625 2 3 6 42 46 5_169.cif .00000000000036185826
1.0742187500 -7715.1806640625 6 12 23 43 45 5_170.cif .00000000000019718706
1.0786132813 -7715.1762695312 3 19 22 36 42 5_171.cif .00000000000017597143
1.0966796875 -7715.1582031250 8 20 21 27 28 5_172.cif .00000000000011020573
1.1005859375 -7715.1542968750 14 15 16 45 46 5_173.cif .00000000000009960034
1.1015625000 -7715.1533203125 9 16 20 29 36 5_174.cif .00000000000009711247
1.1127929687 -7715.1420898438 1 4 6 11 20 5_175.cif .00000000000007260021
1.1352539063 -7715.1196289062 7 15 18 41 46 5_176.cif .00000000000004057548
1.1406250000 -7715.1142578125 4 8 12 16 26 5_177.cif .00000000000003530543
1.1479492187 -7715.1069335938 5 16 32 35 41 5_178.cif .00000000000002920436
1.1508789063 -7715.1040039062 3 9 13 20 50 5_179.cif .00000000000002707012
1.1538085937 -7715.1010742188 6 10 20 25 28 5_180.cif .00000000000002509185
1.1562500000 -7715.0986328125 2 8 17 18 47 5_181.cif .00000000000002355419
1.1630859375 -7715.0917968750 1 2 3 26 35 5_182.cif .00000000000001973182
1.1660156250 -7715.0888671875 12 19 23 38 41 5_183.cif .00000000000001828983
1.1689453125 -7715.0859375000 3 14 18 23 46 5_184.cif .00000000000001695322
1.1762695313 -7715.0786132812 8 12 21 38 40 5_185.cif .00000000000001402356
1.1782226563 -7715.0766601562 5 16 20 27 41 5_186.cif .00000000000001333173
1.1855468750 -7715.0693359375 10 18 19 26 34 5_187.cif .00000000000001102790
1.1889648437 -7715.0659179688 2 4 13 29 48 5_188.cif .00000000000001009352
1.1914062500 -7715.0634765625 6 12 27 28 46 5_189.cif .00000000000000947497
1.2075195313 -7715.0473632812 12 16 21 37 39 5_190.cif .00000000000000624182
1.2177734375 -7715.0371093750 10 11 24 27 46 5_191.cif .00000000000000478586
1.2246093750 -7715.0302734375 2 20 21 32 34 5_192.cif .00000000000000400921
1.2285156250 -7715.0263671875 7 15 28 41 46 5_193.cif .00000000000000362340
1.2343750000 -7715.0205078125 2 7 10 39 44 5_194.cif .00000000000000311315
1.2441406250 -7715.0107421875 6 15 20 25 28 5_195.cif .00000000000000241736
1.2490234375 -7715.0058593750 1 4 22 24 32 5_196.cif .00000000000000213016
1.2587890625 -7714.9960937500 3 5 24 35 55 5_197.cif .00000000000000165407
1.2788085937 -7714.9760742188 11 13 24 30 35 5_198.cif .00000000000000098479
1.2910156250 -7714.9638671875 6 12 28 35 46 5_199.cif .00000000000000071783
1.2993164063 -7714.9555664062 12 16 33 38 39 5_200.cif .00000000000000057895
1.3222656250 -7714.9326171875 6 16 20 41 47 5_201.cif .00000000000000031950
1.3320312500 -7714.9228515625 5 16 21 23 41 5_202.cif .00000000000000024809
1.3442382813 -7714.9106445312 7 19 21 32 37 5_203.cif .00000000000000018083
1.3510742187 -7714.9038085938 7 19 20 35 41 5_204.cif .00000000000000015149
1.3671875000 -7714.8876953125 6 29 30 43 46 5_205.cif .00000000000000009979
1.3959960937 -7714.8588867188 6 12 34 39 41 5_206.cif .00000000000000004731
1.4550781250 -7714.7998046875 7 13 15 19 22 5_207.cif .00000000000000001024
1.4755859375 -7714.7792968750 2 15 18 22 44 5_208.cif .00000000000000000602
1.5512695313 -7714.7036132812 1 6 15 22 46 5_209.cif .00000000000000000084
1.5585937500 -7714.6962890625 10 11 14 24 39 5_210.cif .00000000000000000069
1.6245117187 -7714.6303710938 1 11 26 46 47 5_211.cif .00000000000000000012
1.6479492187 -7714.6069335938 8 21 32 38 47 5_212.cif .00000000000000000006
1.6748046875 -7714.5800781250 14 17 22 36 47 5_213.cif .00000000000000000003
1.6782226563 -7714.5766601562 7 10 12 21 43 5_214.cif .00000000000000000003
1.7226562500 -7714.5322265625 5 17 28 36 42 5_215.cif 0
1.7343750000 -7714.5205078125 13 15 24 28 57 5_216.cif 0
1.8291015625 -7714.4257812500 2 7 34 39 47 5_217.cif 0
1.9121093750 -7714.3427734375 20 23 28 29 43 5_218.cif 0
1.9643554687 -7714.2905273438 12 14 22 34 41 5_219.cif 0
1.9921875000 -7714.2626953125 8 15 21 35 41 5_220.cif 0
