0 -7614.4028320312 1 2 3 6 7 9 10 11 12 14 15 16 17 18 20 21 22 23 26 28 34 21_1.cif 
.0278320312 -7614.3750000000 1 2 3 4 5 6 7 10 11 12 13 14 16 17 18 19 21 22 23 47 48 21_2.cif 
.0375976562 -7614.3652343750 1 2 3 5 6 7 8 9 10 12 13 14 15 16 18 20 23 24 28 41 43 21_3.cif 
.0629882812 -7614.3398437500 3 4 6 7 9 10 11 12 13 14 15 16 17 18 20 21 23 25 26 34 43 21_4.cif 
.0932617187 -7614.3095703125 1 2 3 4 5 6 7 9 10 11 12 16 19 20 21 22 24 25 32 35 41 21_5.cif 
.1030273437 -7614.2998046875 4 6 7 8 10 11 12 13 14 15 16 17 18 19 21 22 24 33 34 39 42 21_6.cif 
.1347656250 -7614.2680664062 1 3 5 6 7 8 9 10 11 12 14 16 17 18 20 21 23 27 34 39 46 21_7.cif 
.2348632812 -7614.1679687500 1 2 3 4 5 6 7 9 10 11 12 16 19 20 22 24 25 29 32 35 41 21_8.cif 
.2363281250 -7614.1665039062 1 2 4 6 7 8 9 10 11 12 14 15 16 18 20 22 24 29 31 37 45 21_9.cif 
.2622070312 -7614.1406250000 1 2 5 6 7 8 11 12 13 15 16 17 18 19 21 22 23 26 29 35 46 21_10.cif 
.2670898437 -7614.1357421875 1 2 3 4 6 7 8 9 12 13 15 16 17 19 20 22 24 28 41 45 48 21_11.cif 
.2949218750 -7614.1079101562 1 3 4 5 7 8 10 11 12 13 16 18 19 20 21 22 23 24 30 38 48 21_12.cif 
.2978515624 -7614.1049804688 1 2 3 4 6 7 8 9 10 11 12 13 14 18 19 22 23 29 34 43 45 21_13.cif 
.2983398437 -7614.1044921875 1 2 3 4 5 7 8 10 11 12 13 15 16 18 20 21 22 24 25 31 34 21_14.cif 
.3012695312 -7614.1015625000 1 2 4 5 6 7 10 11 12 13 14 16 17 18 19 20 21 23 26 47 48 21_15.cif 
.3017578124 -7614.1010742188 1 2 3 4 6 7 8 9 11 12 13 14 16 18 19 20 21 22 31 37 47 21_16.cif 
.3149414062 -7614.0878906250 1 3 4 5 6 8 9 11 12 14 16 18 19 20 21 22 24 28 31 35 36 21_17.cif 
.3232421874 -7614.0795898438 3 4 7 8 9 10 11 12 13 14 15 16 17 19 21 22 30 34 36 42 47 21_18.cif 
.3271484374 -7614.0756835938 5 7 9 10 11 12 13 14 15 16 17 18 20 21 22 23 24 34 37 41 45 21_19.cif 
.3320312500 -7614.0708007812 1 2 3 4 7 9 10 11 12 13 16 17 18 19 21 22 24 32 34 40 47 21_20.cif 
.3432617187 -7614.0595703125 1 3 4 6 7 8 9 10 11 12 14 15 18 20 22 23 24 31 34 37 39 21_21.cif 
.3447265624 -7614.0581054688 1 2 3 4 5 6 7 9 10 11 13 14 17 18 19 20 21 41 42 43 46 21_22.cif 
.3598632812 -7614.0429687500 1 2 3 5 6 7 9 10 13 15 16 18 19 20 23 24 25 33 43 44 46 21_23.cif 
.3613281250 -7614.0415039062 2 3 4 5 6 7 10 11 12 13 15 17 18 20 23 24 25 30 31 38 45 21_24.cif 
.3642578124 -7614.0385742188 1 2 3 4 5 6 7 8 9 10 11 14 17 18 20 23 26 34 36 40 47 21_25.cif 
.3662109374 -7614.0366210938 3 4 7 8 9 10 11 12 13 14 15 16 18 20 21 22 28 31 36 38 45 21_26.cif 
.3735351562 -7614.0292968750 1 2 4 6 7 8 9 11 12 14 17 19 20 21 22 23 25 28 34 36 41 21_27.cif 
.3808593750 -7614.0219726562 1 4 5 9 10 11 14 15 16 18 19 20 21 22 23 24 34 35 36 41 48 21_28.cif 
.3842773437 -7614.0185546875 1 2 3 5 6 8 9 11 12 13 14 15 16 17 18 21 22 23 24 34 54 21_29.cif 
.3867187500 -7614.0161132812 1 3 4 5 6 7 8 10 11 14 15 16 17 20 21 22 30 32 35 38 46 21_30.cif 
.3886718750 -7614.0141601562 3 4 5 6 7 9 10 11 12 13 14 18 19 20 23 25 31 33 34 36 43 21_31.cif 
.3950195312 -7614.0078125000 1 2 4 7 9 12 13 14 15 16 17 18 20 21 23 25 26 33 34 40 43 21_32.cif 
.3955078124 -7614.0073242188 1 2 3 4 5 7 8 9 10 11 12 14 18 19 22 23 29 34 36 37 43 21_33.cif 
.3964843750 -7614.0063476562 1 2 3 4 6 7 11 13 14 15 18 20 21 22 23 24 25 33 37 38 40 21_34.cif 
.3999023437 -7614.0029296875 1 2 4 5 6 7 8 9 10 11 12 14 16 21 22 23 27 28 30 31 33 21_35.cif 
.4008789062 -7614.0019531250 1 3 5 6 7 8 9 10 11 12 13 15 16 17 18 19 23 41 42 46 47 21_36.cif 
.4033203124 -7613.9995117188 1 2 3 6 7 8 11 12 15 16 17 18 19 21 22 23 25 35 36 38 40 21_37.cif 
.4047851562 -7613.9980468750 1 3 4 5 7 9 11 12 14 17 19 20 21 22 23 24 33 34 37 40 45 21_38.cif 
.4082031250 -7613.9946289062 1 2 4 5 7 8 9 10 11 15 18 19 20 21 22 24 33 34 35 37 38 21_39.cif 
.4096679687 -7613.9931640625 1 2 4 5 6 7 8 10 11 13 15 17 18 19 20 21 25 34 39 42 48 21_40.cif 
.4145507812 -7613.9882812500 2 5 8 9 10 11 12 13 15 16 17 20 21 22 23 24 26 36 39 41 44 21_41.cif 
.4223632812 -7613.9804687500 1 2 3 4 5 6 9 10 11 14 17 19 20 22 24 25 31 39 44 46 47 21_42.cif 
.4252929687 -7613.9775390625 1 2 3 4 7 8 10 11 12 13 15 17 18 22 23 24 27 30 38 41 43 21_43.cif 
.4287109374 -7613.9741210938 2 3 4 5 6 7 8 11 12 13 14 16 17 19 20 21 23 26 27 29 39 21_44.cif 
.4443359374 -7613.9584960938 3 4 5 7 11 12 13 15 16 17 18 19 20 21 23 24 28 32 34 38 41 21_45.cif 
.4472656250 -7613.9555664062 1 2 3 4 5 6 7 8 9 10 11 12 20 23 25 29 36 38 40 42 46 21_46.cif 
.4506835937 -7613.9521484375 3 4 5 7 8 9 10 11 12 13 15 16 18 20 21 22 30 34 36 38 40 21_47.cif 
.4521484374 -7613.9506835938 1 2 4 5 6 8 9 10 12 16 18 19 21 22 23 24 29 31 37 44 48 21_48.cif 
.4536132812 -7613.9492187500 2 3 4 7 9 10 11 12 13 14 15 17 18 20 21 22 23 24 40 43 55 21_49.cif 
.4560546874 -7613.9467773438 1 2 3 5 6 7 9 11 12 13 15 17 20 21 24 27 29 34 36 46 47 21_50.cif 
.4570312500 -7613.9458007812 1 2 5 8 9 10 11 12 13 16 17 18 20 22 23 24 26 29 30 38 47 21_51.cif 
.4624023437 -7613.9404296875 1 2 4 6 7 8 10 11 12 13 15 16 20 21 23 24 31 32 33 41 42 21_52.cif 
.4672851562 -7613.9355468750 1 2 4 5 6 7 8 10 11 15 17 18 20 22 23 24 26 31 34 38 39 21_53.cif 
.4775390624 -7613.9252929688 1 5 7 8 9 10 11 12 13 14 19 20 21 22 23 24 27 29 30 33 40 21_54.cif 
.4814453124 -7613.9213867188 1 2 3 5 6 7 8 10 13 16 18 19 21 22 23 24 27 30 42 46 47 21_55.cif 
.4824218750 -7613.9204101562 1 2 3 4 5 6 7 8 9 11 12 13 14 16 20 21 30 35 36 41 45 21_56.cif 
.4873046874 -7613.9155273438 4 5 7 8 9 10 11 12 14 15 17 18 19 22 23 26 28 30 32 41 43 21_57.cif 
.4887695312 -7613.9140625000 1 3 5 6 7 8 9 12 15 16 17 18 19 22 23 24 28 40 44 45 48 21_58.cif 
.5000000000 -7613.9028320312 1 2 7 9 10 12 13 15 16 17 18 20 21 23 25 26 28 33 34 40 46 21_59.cif 
.5043945312 -7613.8984375000 1 2 5 7 8 9 11 14 17 18 19 20 21 22 24 26 27 31 32 35 41 21_60.cif 
.5053710937 -7613.8974609375 1 2 3 6 7 8 9 10 11 14 15 16 17 18 19 22 35 38 44 45 47 21_61.cif 
.5078125000 -7613.8950195312 3 4 5 6 7 8 9 11 13 16 17 18 20 21 22 23 26 33 42 43 44 21_62.cif 
.5122070312 -7613.8906250000 2 5 7 8 9 10 11 12 13 14 15 16 17 20 21 23 30 31 32 37 43 21_63.cif 
.5136718750 -7613.8891601562 1 3 4 5 7 8 9 10 11 12 14 15 18 20 21 25 27 33 34 36 43 21_64.cif 
.5141601562 -7613.8886718750 2 3 5 6 7 8 11 12 15 16 18 19 20 21 22 23 29 30 33 36 45 21_65.cif 
.5156250000 -7613.8872070312 1 2 4 7 8 10 11 14 15 17 18 20 21 23 24 25 27 28 34 39 41 21_66.cif 
.5214843750 -7613.8813476562 1 3 4 5 6 9 10 12 14 15 16 18 20 21 22 24 26 36 37 41 43 21_67.cif 
.5224609374 -7613.8803710938 1 2 5 8 9 10 11 15 16 17 18 20 22 23 24 26 33 35 36 42 44 21_68.cif 
.5229492187 -7613.8798828125 1 6 8 9 10 11 12 14 15 16 17 18 19 21 22 26 27 34 36 45 48 21_69.cif 
.5244140624 -7613.8784179688 1 2 3 4 5 7 9 10 11 12 13 14 15 18 21 23 28 40 42 43 46 21_70.cif 
.5268554687 -7613.8759765625 1 2 3 5 6 7 9 12 16 17 18 20 21 22 23 24 27 30 39 40 41 21_71.cif 
.5297851562 -7613.8730468750 1 2 4 7 9 10 11 13 15 17 18 19 20 21 22 24 25 27 44 48 49 21_72.cif 
.5371093750 -7613.8657226562 1 2 5 6 12 14 15 16 17 18 20 21 22 23 24 26 28 34 39 40 41 21_73.cif 
.5400390624 -7613.8627929688 1 2 3 4 5 6 7 8 10 15 16 21 22 23 24 27 30 42 44 46 47 21_74.cif 
.5405273437 -7613.8623046875 1 2 3 4 7 8 10 11 12 13 14 17 19 21 22 30 34 36 39 47 48 21_75.cif 
.5410156250 -7613.8618164062 1 2 3 4 7 9 10 11 13 17 18 20 21 22 24 26 37 40 42 45 47 21_76.cif 
.5419921874 -7613.8608398438 3 4 5 6 7 11 12 13 14 15 16 17 18 19 20 21 32 33 34 38 42 21_77.cif 
.5424804687 -7613.8603515625 1 3 4 6 7 9 10 11 12 14 15 16 17 20 21 22 23 24 26 30 42 21_78.cif 
.5439453124 -7613.8588867188 1 2 3 4 5 6 7 8 10 11 12 13 15 16 18 22 34 38 40 41 45 21_79.cif 
.5454101562 -7613.8574218750 1 2 3 4 6 7 9 10 13 16 17 20 22 23 29 30 31 34 36 39 42 21_80.cif 
.5468750000 -7613.8559570312 1 2 5 8 9 10 11 15 16 17 18 20 22 23 24 26 33 36 39 42 44 21_81.cif 
.5502929687 -7613.8525390625 2 3 5 6 7 8 9 11 13 15 16 17 20 21 22 24 30 33 35 37 43 21_82.cif 
.5507812500 -7613.8520507812 1 2 3 5 6 8 9 10 16 18 19 20 21 22 23 24 30 36 42 43 44 21_83.cif 
.5522460937 -7613.8505859375 1 2 3 5 6 7 9 10 11 12 16 19 20 21 22 26 32 35 37 38 41 21_84.cif 
.5532226562 -7613.8496093750 1 4 5 6 7 8 9 10 13 15 16 17 18 20 21 23 24 34 39 43 44 21_85.cif 
.5571289062 -7613.8457031250 3 4 7 9 10 11 14 17 18 19 20 21 22 23 24 27 30 31 32 37 43 21_86.cif 
.5576171874 -7613.8452148438 1 2 3 4 5 6 7 8 10 11 18 20 22 23 25 27 28 30 43 45 48 21_87.cif 
.5693359374 -7613.8334960938 1 2 3 4 5 7 9 10 11 12 13 16 17 19 21 24 32 34 35 40 47 21_88.cif 
.5747070312 -7613.8281250000 1 5 7 8 9 11 12 13 15 18 19 20 21 22 23 24 27 29 31 33 42 21_89.cif 
.5751953124 -7613.8276367188 2 3 4 7 9 10 11 12 13 16 18 21 22 23 24 29 30 32 34 38 46 21_90.cif 
.5766601562 -7613.8261718750 3 4 5 7 9 11 12 14 15 16 17 19 20 21 22 24 34 37 41 43 47 21_91.cif 
.5771484374 -7613.8256835938 2 5 6 7 8 9 10 11 12 15 19 20 21 22 23 28 32 38 41 42 45 21_92.cif 
.5800781250 -7613.8227539062 1 2 3 4 6 7 11 17 18 19 20 21 22 23 24 25 34 38 39 42 49 21_93.cif 
.5805664062 -7613.8222656250 1 3 4 5 6 8 11 12 14 15 16 19 20 22 23 24 37 41 44 46 48 21_94.cif 
.5839843750 -7613.8188476562 2 3 4 6 7 8 9 10 15 16 19 20 21 22 23 24 30 38 40 41 42 21_95.cif 
.5844726562 -7613.8183593750 1 3 6 7 8 9 10 12 14 16 17 18 22 23 24 27 31 34 35 39 40 21_96.cif 
.5878906250 -7613.8149414062 1 3 4 6 9 10 11 12 14 15 16 17 20 22 23 24 26 34 42 46 47 21_97.cif 
.5893554687 -7613.8134765625 1 2 3 6 9 10 12 13 14 15 16 17 18 22 23 25 28 34 36 45 48 21_98.cif 
.5957031250 -7613.8071289062 2 3 4 5 6 7 8 12 15 16 17 18 19 20 21 23 30 36 45 47 48 21_99.cif 
.5966796874 -7613.8061523438 1 3 5 6 8 9 10 11 12 13 15 16 18 19 23 31 36 37 41 42 44 21_100.cif 
.5981445312 -7613.8046875000 1 2 3 6 7 9 11 12 13 15 16 17 18 21 22 23 25 33 39 48 49 21_101.cif 
.6015625000 -7613.8012695312 1 5 6 8 9 10 12 14 15 16 19 20 21 22 23 26 30 40 45 47 48 21_102.cif 
.6020507812 -7613.8007812500 1 2 4 5 8 9 12 14 16 17 18 19 22 23 24 25 29 37 41 44 48 21_103.cif 
.6054687500 -7613.7973632812 1 2 6 7 8 9 10 11 12 13 14 18 19 20 21 24 25 33 35 40 46 21_104.cif 
.6083984374 -7613.7944335938 1 2 3 6 10 11 13 15 18 19 20 21 22 23 24 25 26 29 30 43 47 21_105.cif 
.6098632812 -7613.7929687500 1 2 3 5 6 7 9 10 11 12 13 15 17 19 22 23 24 35 40 41 48 21_106.cif 
.6108398437 -7613.7919921875 1 2 4 7 8 11 12 13 14 15 16 21 22 23 24 28 29 30 31 33 42 21_107.cif 
.6127929687 -7613.7900390625 1 2 7 8 9 14 15 16 17 19 20 21 22 23 24 25 26 35 42 44 45 21_108.cif 
.6132812500 -7613.7895507812 1 2 4 7 13 14 15 16 17 19 20 21 22 24 25 27 28 29 32 42 44 21_109.cif 
.6147460937 -7613.7880859375 2 5 8 9 10 11 12 15 16 17 20 21 22 23 24 26 36 39 41 44 48 21_110.cif 
.6240234374 -7613.7788085938 1 2 3 4 6 7 10 11 12 13 14 15 17 18 19 22 24 31 32 38 42 21_111.cif 
.6250000000 -7613.7778320312 2 3 4 7 11 13 14 15 16 17 18 19 20 21 23 24 25 30 39 47 48 21_112.cif 
.6289062500 -7613.7739257812 1 4 5 6 10 12 14 15 16 17 18 19 21 23 24 28 30 31 34 39 47 21_113.cif 
.6298828124 -7613.7729492188 1 2 3 6 7 9 13 15 16 17 20 21 22 23 24 27 33 35 37 40 46 21_114.cif 
.6318359374 -7613.7709960938 1 2 3 7 8 9 10 12 15 17 18 19 20 22 23 24 25 26 28 46 59 21_115.cif 
.6347656250 -7613.7680664062 1 2 5 6 7 8 9 10 12 13 14 15 16 20 24 25 27 30 31 41 45 21_116.cif 
.6357421874 -7613.7670898438 1 2 3 5 7 9 10 11 12 14 15 19 22 23 24 27 32 34 40 44 45 21_117.cif 
.6367187500 -7613.7661132812 1 5 6 7 8 9 11 12 14 15 16 17 20 21 22 24 31 32 37 46 47 21_118.cif 
.6484375000 -7613.7543945312 1 2 3 7 8 9 10 11 12 13 15 16 20 21 22 23 31 40 42 45 48 21_119.cif 
.6513671874 -7613.7514648438 1 2 4 5 7 9 11 12 15 16 18 19 20 22 23 26 29 30 33 38 47 21_120.cif 
.6542968750 -7613.7485351562 1 4 5 6 8 10 11 12 14 16 18 20 22 23 24 26 27 34 39 43 45 21_121.cif 
.6582031250 -7613.7446289062 1 2 3 4 5 6 7 9 10 12 13 16 18 20 26 34 41 42 43 45 46 21_122.cif 
.6596679687 -7613.7431640625 1 2 4 6 7 8 10 11 13 14 15 16 18 20 22 24 29 34 37 40 41 21_123.cif 
.6635742187 -7613.7392578125 2 4 5 6 8 10 11 12 14 16 18 19 21 22 23 24 32 34 44 45 48 21_124.cif 
.6660156250 -7613.7368164062 1 2 3 4 6 7 9 10 11 13 14 18 19 20 22 29 40 42 43 45 47 21_125.cif 
.6674804687 -7613.7353515625 3 6 7 8 11 12 13 14 15 16 17 19 20 21 24 32 35 37 43 46 47 21_126.cif 
.6699218750 -7613.7329101562 2 4 7 8 9 10 11 12 13 15 18 19 21 23 24 30 31 34 37 41 48 21_127.cif 
.6708984374 -7613.7319335938 1 3 4 5 6 8 10 11 12 15 16 17 18 19 20 23 39 40 46 47 48 21_128.cif 
.6772460937 -7613.7255859375 1 4 5 6 7 10 11 13 15 17 18 20 22 23 24 25 28 32 33 44 47 21_129.cif 
.6777343750 -7613.7250976562 1 2 4 5 6 8 11 12 15 17 20 22 23 24 29 31 35 37 38 41 43 21_130.cif 
.6826171874 -7613.7202148438 1 3 5 6 7 9 10 15 16 17 18 19 21 22 23 28 31 32 36 37 38 21_131.cif 
.6850585937 -7613.7177734375 2 3 4 6 7 8 10 11 14 17 19 20 21 22 23 25 32 36 37 42 44 21_132.cif 
.6865234374 -7613.7163085938 1 2 3 4 5 8 9 12 13 14 16 18 19 20 22 29 33 36 38 39 44 21_133.cif 
.6879882812 -7613.7148437500 1 2 4 5 7 9 10 11 14 15 18 19 20 21 22 23 41 42 44 46 47 21_134.cif 
.6884765624 -7613.7143554688 2 3 4 5 6 8 10 14 16 19 20 21 22 23 24 29 32 39 45 46 47 21_135.cif 
.6894531250 -7613.7133789062 1 2 3 4 5 7 10 13 14 15 18 20 21 22 23 24 28 34 43 46 60 21_136.cif 
.6899414062 -7613.7128906250 2 3 4 6 7 8 9 11 12 13 18 20 21 23 24 29 32 34 36 38 46 21_137.cif 
.6904296874 -7613.7124023438 3 6 7 8 9 10 11 12 13 15 17 18 19 20 23 24 29 33 42 44 46 21_138.cif 
.6928710937 -7613.7099609375 1 7 8 9 11 12 15 16 17 18 20 21 22 23 25 28 31 32 33 36 45 21_139.cif 
.6953125000 -7613.7075195312 1 2 4 6 8 9 10 11 14 15 17 18 20 22 24 25 27 29 35 36 45 21_140.cif 
.6962890624 -7613.7065429688 1 4 5 6 7 9 10 11 12 14 19 22 23 24 29 33 34 39 40 42 43 21_141.cif 
.6967773437 -7613.7060546875 1 3 4 5 6 7 9 10 12 14 15 16 17 22 23 28 30 31 32 36 47 21_142.cif 
.6972656250 -7613.7055664062 2 3 4 6 7 8 10 11 12 13 15 16 17 19 23 26 27 32 41 42 46 21_143.cif 
.6977539062 -7613.7050781250 1 3 4 5 6 7 8 9 10 13 15 16 19 20 22 23 27 30 32 44 45 21_144.cif 
.6982421874 -7613.7045898438 1 2 4 5 6 7 8 9 10 17 18 19 20 21 22 23 30 33 36 44 46 21_145.cif 
.6987304687 -7613.7041015625 2 3 5 6 8 9 11 12 13 14 15 16 17 18 22 27 36 38 40 44 45 21_146.cif 
.6992187500 -7613.7036132812 1 2 3 4 5 6 7 8 11 12 13 14 16 17 20 21 23 27 39 48 54 21_147.cif 
.7001953124 -7613.7026367188 1 2 4 5 6 8 11 15 17 19 20 21 23 24 26 27 28 32 33 34 38 21_148.cif 
.7026367187 -7613.7001953125 2 6 7 10 11 12 13 15 17 19 20 21 23 24 25 26 27 31 33 37 42 21_149.cif 
.7031250000 -7613.6997070312 1 2 4 6 7 8 9 10 12 14 15 16 21 22 23 30 31 33 36 40 43 21_150.cif 
.7050781250 -7613.6977539062 2 6 7 9 11 12 14 15 17 18 20 21 22 23 24 31 34 41 42 43 44 21_151.cif 
.7055664062 -7613.6972656250 2 3 4 5 7 8 11 13 15 17 18 19 21 23 24 28 30 31 32 42 44 21_152.cif 
.7065429687 -7613.6962890625 1 2 4 6 8 9 11 12 13 16 17 20 22 23 24 29 31 37 42 44 45 21_153.cif 
.7089843750 -7613.6938476562 1 3 4 6 7 8 9 10 11 14 18 19 22 24 25 29 30 32 37 39 42 21_154.cif 
.7094726562 -7613.6933593750 1 2 3 4 5 6 7 9 10 11 16 18 19 20 25 32 34 44 45 46 48 21_155.cif 
.7119140624 -7613.6909179688 1 3 5 6 11 12 14 15 16 18 19 21 22 23 24 29 31 32 33 37 43 21_156.cif 
.7124023437 -7613.6904296875 1 2 3 6 7 8 11 12 13 16 19 21 22 23 24 38 39 42 44 46 47 21_157.cif 
.7138671874 -7613.6889648438 2 4 6 8 9 10 11 12 14 15 16 17 19 21 24 25 33 34 37 44 47 21_158.cif 
.7143554687 -7613.6884765625 1 2 4 6 7 9 10 11 12 14 16 19 20 21 23 25 28 29 34 37 40 21_159.cif 
.7187500000 -7613.6840820312 1 2 3 4 5 6 7 11 12 13 16 17 19 22 23 27 32 39 42 46 47 21_160.cif 
.7192382812 -7613.6835937500 1 3 7 8 9 11 12 13 14 15 16 18 20 21 22 27 36 38 40 42 46 21_161.cif 
.7221679687 -7613.6806640625 2 5 6 7 8 9 11 12 14 15 17 18 20 22 23 27 28 33 36 41 47 21_162.cif 
.7260742187 -7613.6767578125 5 6 8 9 11 12 14 15 16 18 20 21 22 23 26 33 38 41 43 45 46 21_163.cif 
.7265625000 -7613.6762695312 1 3 7 9 10 11 12 13 15 16 17 18 19 20 21 22 24 30 43 46 60 21_164.cif 
.7280273437 -7613.6748046875 1 2 3 4 6 7 8 9 10 11 14 18 19 20 22 26 31 33 34 44 46 21_165.cif 
.7285156250 -7613.6743164062 1 4 6 9 10 11 12 14 17 19 20 22 23 24 29 34 37 39 40 42 43 21_166.cif 
.7324218750 -7613.6704101562 1 4 5 8 10 11 12 14 16 18 19 20 21 22 23 24 25 26 29 47 57 21_167.cif 
.7333984374 -7613.6694335938 1 2 4 5 6 11 12 14 15 17 18 19 20 23 24 29 35 37 43 46 48 21_168.cif 
.7338867187 -7613.6689453125 1 2 7 8 10 11 12 15 16 17 18 19 20 21 22 24 25 26 31 46 48 21_169.cif 
.7358398437 -7613.6669921875 1 2 3 4 5 6 8 10 14 15 18 21 22 24 25 28 29 31 35 36 44 21_170.cif 
.7363281250 -7613.6665039062 1 2 3 4 9 11 12 14 16 17 18 20 22 23 25 26 29 35 38 41 46 21_171.cif 
.7382812500 -7613.6645507812 3 5 6 8 9 10 12 13 14 17 18 19 21 22 23 26 30 31 35 40 48 21_172.cif 
.7402343750 -7613.6625976562 1 2 3 4 5 6 7 8 10 11 14 15 20 21 25 26 27 33 37 40 44 21_173.cif 
.7421875000 -7613.6606445312 1 2 3 5 7 8 9 12 13 14 15 16 18 21 22 26 34 35 38 40 47 21_174.cif 
.7436523437 -7613.6591796875 3 5 7 8 9 11 12 13 14 15 16 17 18 21 23 25 28 35 36 38 42 21_175.cif 
.7456054687 -7613.6572265625 1 2 3 4 6 7 11 13 15 16 17 18 20 22 29 32 36 37 38 46 48 21_176.cif 
.7460937500 -7613.6567382812 1 3 7 8 9 11 12 14 15 16 17 21 22 23 25 28 30 32 41 42 48 21_177.cif 
.7465820312 -7613.6562500000 2 5 6 10 11 12 13 14 15 17 20 21 22 24 25 30 35 40 43 44 47 21_178.cif 
.7500000000 -7613.6528320312 1 2 4 6 8 9 10 12 14 17 18 19 20 23 24 25 26 28 31 37 48 21_179.cif 
.7509765624 -7613.6518554688 1 5 6 7 8 9 10 12 14 16 17 18 22 23 26 27 28 30 41 43 48 21_180.cif 
.7543945312 -7613.6484375000 1 2 3 4 5 6 12 16 17 18 19 20 21 22 23 25 26 35 38 44 49 21_181.cif 
.7553710937 -7613.6474609375 1 4 6 7 8 9 10 11 12 13 17 20 22 24 27 29 33 40 41 42 43 21_182.cif 
.7558593750 -7613.6469726562 2 4 5 6 9 11 13 16 17 18 19 20 23 24 25 29 30 33 34 38 42 21_183.cif 
.7568359374 -7613.6459960938 1 2 3 4 7 8 9 10 15 18 19 20 23 24 25 28 30 32 35 36 46 21_184.cif 
.7573242187 -7613.6455078125 1 2 4 5 8 9 11 12 14 15 18 20 21 22 24 26 29 33 37 40 51 21_185.cif 
.7592773437 -7613.6435546875 1 5 6 8 10 11 13 14 15 16 18 19 20 21 27 29 33 35 36 41 44 21_186.cif 
.7631835937 -7613.6396484375 1 2 4 5 6 8 9 11 12 16 17 18 19 20 21 25 37 38 39 45 47 21_187.cif 
.7636718750 -7613.6391601562 1 4 7 8 9 11 12 13 16 17 19 20 21 24 27 29 31 33 36 42 46 21_188.cif 
.7646484374 -7613.6381835938 1 2 3 4 5 7 9 13 15 16 19 21 22 23 24 31 32 33 39 41 42 21_189.cif 
.7666015624 -7613.6362304688 1 2 3 4 5 6 9 10 12 14 18 19 20 22 25 33 36 38 39 41 43 21_190.cif 
.7675781250 -7613.6352539062 4 8 9 10 11 13 15 16 17 18 19 21 22 24 26 30 32 33 36 41 43 21_191.cif 
.7680664062 -7613.6347656250 1 2 3 4 6 8 11 13 14 15 18 20 21 22 23 30 31 35 36 39 46 21_192.cif 
.7685546874 -7613.6342773438 1 5 7 9 11 12 13 14 15 16 17 18 20 21 22 23 27 28 33 35 54 21_193.cif 
.7695312500 -7613.6333007812 2 4 5 7 8 9 10 11 12 14 15 17 19 21 23 27 32 34 36 37 45 21_194.cif 
.7724609374 -7613.6303710938 1 2 3 5 6 7 8 9 10 11 12 13 17 23 25 29 31 35 38 39 44 21_195.cif 
.7729492187 -7613.6298828125 1 2 3 5 6 7 9 10 13 14 15 16 17 19 24 27 28 30 33 35 44 21_196.cif 
.7739257812 -7613.6289062500 1 2 5 10 12 14 15 16 17 18 19 20 21 22 26 28 35 36 39 45 46 21_197.cif 
.7753906250 -7613.6274414062 2 3 6 7 8 9 11 13 15 17 18 20 22 23 26 27 33 36 37 43 44 21_198.cif 
.7763671874 -7613.6264648438 1 2 3 6 9 11 13 15 16 17 18 20 21 23 25 26 28 34 36 38 41 21_199.cif 
.7792968750 -7613.6235351562 1 2 3 4 7 10 11 14 15 17 20 21 22 23 24 29 30 32 37 40 48 21_200.cif 
.7802734374 -7613.6225585938 2 5 6 9 10 11 12 13 15 16 19 21 22 23 24 26 31 33 36 39 44 21_201.cif 
.7856445312 -7613.6171875000 1 2 3 4 6 7 8 9 11 12 13 18 19 20 21 34 38 40 43 45 48 21_202.cif 
.7861328124 -7613.6166992188 1 2 4 7 8 9 14 15 16 17 19 20 21 22 23 25 26 32 37 42 44 21_203.cif 
.7880859374 -7613.6147460938 1 2 3 4 7 8 9 11 12 13 14 17 22 23 24 31 32 39 41 43 47 21_204.cif 
.7885742187 -7613.6142578125 1 5 7 8 9 10 11 12 13 16 21 22 23 24 27 28 30 32 34 36 41 21_205.cif 
.7890625000 -7613.6137695312 2 4 7 9 10 11 13 15 17 18 19 20 21 22 24 25 27 30 36 48 55 21_206.cif 
.7905273437 -7613.6123046875 1 2 3 4 5 6 9 16 18 19 22 23 24 28 29 32 38 41 42 45 46 21_207.cif 
.7919921874 -7613.6108398438 1 2 3 5 7 8 9 10 12 13 14 17 18 19 20 22 24 30 40 47 59 21_208.cif 
.7934570312 -7613.6093750000 1 2 3 5 6 9 15 16 17 19 20 21 22 24 27 30 33 34 35 37 39 21_209.cif 
.7968750000 -7613.6059570312 2 3 6 8 10 12 13 15 16 17 19 21 22 23 24 31 36 39 44 45 46 21_210.cif 
.7983398437 -7613.6044921875 1 2 3 4 6 8 9 10 12 16 17 21 23 24 25 26 31 34 35 40 44 21_211.cif 
.7993164062 -7613.6035156250 3 6 8 9 10 11 12 14 15 16 18 19 21 22 26 27 33 36 43 44 46 21_212.cif 
.7998046874 -7613.6030273438 2 3 4 5 6 7 11 13 17 18 20 22 23 24 27 30 33 34 38 41 46 21_213.cif 
.8007812500 -7613.6020507812 1 3 4 5 6 7 8 9 14 16 18 19 22 23 26 32 33 34 40 44 45 21_214.cif 
.8012695312 -7613.6015625000 1 4 7 8 10 11 14 16 17 20 21 22 23 24 25 27 28 31 34 36 39 21_215.cif 
.8017578124 -7613.6010742188 1 5 6 9 10 12 14 15 16 18 20 22 23 24 27 28 29 34 40 41 42 21_216.cif 
.8056640624 -7613.5971679688 1 2 4 5 8 10 11 12 14 18 19 20 21 24 29 31 32 35 36 46 47 21_217.cif 
.8061523437 -7613.5966796875 1 2 3 4 5 6 9 10 12 14 16 18 19 20 25 29 36 39 41 43 48 21_218.cif 
.8081054687 -7613.5947265625 1 2 4 6 7 9 17 18 19 20 21 22 23 24 28 34 37 39 40 42 43 21_219.cif 
.8085937500 -7613.5942382812 1 2 4 5 6 8 9 10 11 12 17 19 21 23 24 25 31 34 37 45 48 21_220.cif 
.8105468750 -7613.5922851562 1 2 5 7 8 9 10 11 12 13 14 16 18 20 21 25 28 30 33 36 41 21_221.cif 
.8115234374 -7613.5913085938 1 3 5 7 8 9 14 15 17 18 19 20 22 24 26 27 28 32 35 40 47 21_222.cif 
.8120117187 -7613.5908203125 1 2 3 4 6 7 9 10 11 13 18 19 20 21 22 23 35 37 41 48 53 21_223.cif 
.8134765624 -7613.5893554688 1 2 3 5 6 9 14 15 17 18 20 21 22 23 24 31 33 35 37 40 60 21_224.cif 
.8183593750 -7613.5844726562 2 3 5 8 10 11 12 13 14 15 16 17 18 20 21 25 27 28 34 44 48 21_225.cif 
.8256835937 -7613.5771484375 1 3 5 6 7 8 9 13 14 16 19 20 21 24 27 28 32 35 42 45 46 21_226.cif 
.8281250000 -7613.5747070312 2 4 5 6 7 8 9 10 11 12 13 14 17 18 19 22 28 30 45 48 56 21_227.cif 
.8300781250 -7613.5727539062 1 3 4 5 7 8 10 11 14 15 18 19 20 23 24 28 30 37 39 41 60 21_228.cif 
.8310546874 -7613.5717773438 2 3 4 7 8 9 11 12 13 14 16 17 18 19 22 23 24 34 39 40 57 21_229.cif 
.8315429687 -7613.5712890625 4 5 6 8 10 12 14 15 16 17 19 20 23 24 28 29 33 36 37 41 42 21_230.cif 
.8349609374 -7613.5678710938 2 5 6 8 9 10 12 13 15 16 17 18 19 22 23 25 28 30 31 36 48 21_231.cif 
.8369140624 -7613.5659179688 1 2 4 6 9 10 12 13 15 16 18 20 21 22 24 25 29 31 34 38 60 21_232.cif 
.8393554687 -7613.5634765625 1 3 5 6 7 8 11 12 14 15 16 17 18 20 23 25 28 29 36 38 44 21_233.cif 
.8408203124 -7613.5620117188 6 7 9 11 12 13 14 15 16 17 18 20 21 23 25 26 29 33 36 42 43 21_234.cif 
.8413085937 -7613.5615234375 1 2 3 5 6 7 9 11 12 13 15 17 22 23 24 27 32 33 35 41 45 21_235.cif 
.8427734374 -7613.5600585938 3 4 7 8 9 11 12 13 14 15 16 20 22 24 27 28 30 31 38 41 45 21_236.cif 
.8452148437 -7613.5576171875 1 2 4 5 6 7 9 10 11 13 17 18 19 21 24 27 31 33 38 39 46 21_237.cif 
.8461914062 -7613.5566406250 1 3 4 7 8 9 10 11 13 14 19 20 23 24 25 26 30 32 37 41 42 21_238.cif 
.8486328124 -7613.5541992188 2 3 4 5 7 8 9 11 12 14 15 16 17 19 21 22 24 28 39 42 54 21_239.cif 
.8491210937 -7613.5537109375 1 3 5 7 8 9 11 14 15 17 18 19 21 24 26 27 29 30 31 36 47 21_240.cif 
.8510742187 -7613.5517578125 1 2 6 9 10 12 13 16 17 18 20 21 22 24 28 34 36 39 40 41 47 21_241.cif 
.8525390624 -7613.5502929688 2 4 6 8 9 12 14 16 17 18 19 21 23 24 25 29 30 31 32 37 40 21_242.cif 
.8530273437 -7613.5498046875 1 3 4 6 8 9 11 12 13 17 18 19 20 21 25 32 38 39 40 46 48 21_243.cif 
.8540039062 -7613.5488281250 1 5 8 9 11 15 16 17 19 20 21 22 23 24 25 26 29 30 38 40 48 21_244.cif 
.8569335937 -7613.5458984375 1 4 6 7 8 10 11 15 16 17 19 20 22 23 25 29 32 38 39 41 43 21_245.cif 
.8574218750 -7613.5454101562 1 2 3 4 6 10 13 15 16 18 20 22 23 24 25 26 29 33 40 41 44 21_246.cif 
.8593750000 -7613.5434570312 1 2 4 5 6 10 11 12 15 16 17 20 21 22 23 29 32 33 34 38 58 21_247.cif 
.8608398437 -7613.5419921875 2 3 6 7 8 11 12 14 17 19 20 21 23 24 25 27 35 37 40 41 42 21_248.cif 
.8623046874 -7613.5405273438 2 8 10 12 13 14 15 16 17 18 19 20 22 24 27 32 33 34 39 40 45 21_249.cif 
.8652343750 -7613.5375976562 1 2 3 4 7 8 10 12 13 15 16 19 22 23 26 28 29 30 41 42 46 21_250.cif 
.8662109374 -7613.5366210938 3 5 8 9 10 11 12 14 16 17 18 19 20 24 32 33 35 36 42 45 47 21_251.cif 
.8671875000 -7613.5356445312 1 2 3 5 6 7 11 15 16 18 20 21 22 24 26 32 38 41 45 46 47 21_252.cif 
.8676757812 -7613.5351562500 4 5 6 8 9 10 12 13 14 16 18 19 21 24 26 30 32 39 41 43 45 21_253.cif 
.8681640624 -7613.5346679688 1 3 5 7 8 9 10 12 13 16 18 20 22 23 28 31 33 34 35 39 41 21_254.cif 
.8691406250 -7613.5336914062 1 2 3 4 5 7 10 11 12 14 15 16 20 22 23 25 28 32 33 37 60 21_255.cif 
.8696289062 -7613.5332031250 3 4 5 6 12 13 15 16 17 19 20 22 23 24 26 27 36 37 40 45 46 21_256.cif 
.8706054687 -7613.5322265625 2 4 6 8 9 11 12 13 15 16 18 20 21 24 25 29 31 33 35 37 41 21_257.cif 
.8720703124 -7613.5307617188 1 3 6 7 8 9 10 11 15 17 18 20 21 23 24 31 33 37 42 43 47 21_258.cif 
.8735351562 -7613.5292968750 1 2 6 7 8 9 10 11 12 13 15 17 19 20 21 25 27 30 37 40 52 21_259.cif 
.8754882812 -7613.5273437500 1 2 7 9 10 11 13 14 15 16 17 18 19 20 23 27 32 34 36 42 44 21_260.cif 
.8769531250 -7613.5258789062 1 2 5 6 7 9 12 13 16 17 19 20 21 22 26 29 34 36 38 39 42 21_261.cif 
.8784179687 -7613.5244140625 1 3 4 5 7 10 11 12 15 16 19 20 22 24 25 27 30 36 41 42 43 21_262.cif 
.8793945312 -7613.5234375000 1 5 7 8 9 10 11 12 15 16 17 18 19 25 28 29 31 33 35 36 42 21_263.cif 
.8798828124 -7613.5229492188 2 3 4 5 8 9 10 11 12 13 14 15 18 22 28 30 31 32 38 45 46 21_264.cif 
.8857421874 -7613.5170898438 1 2 5 7 8 9 10 12 15 18 21 22 23 28 31 33 38 39 40 41 48 21_265.cif 
.8920898437 -7613.5107421875 1 2 3 4 5 7 8 10 11 13 14 15 16 20 21 23 30 31 36 38 60 21_266.cif 
.8925781250 -7613.5102539062 3 6 7 8 9 11 12 15 19 20 21 22 23 24 29 30 31 34 42 43 44 21_267.cif 
.8930664062 -7613.5097656250 1 2 3 4 5 7 8 10 11 12 14 19 20 21 25 31 35 37 41 47 48 21_268.cif 
.8959960937 -7613.5068359375 1 3 4 7 8 9 10 12 14 15 17 21 22 24 26 31 36 37 40 42 47 21_269.cif 
.8964843750 -7613.5063476562 2 3 5 6 8 12 13 15 16 17 19 20 21 23 24 26 27 30 41 46 54 21_270.cif 
.8969726562 -7613.5058593750 1 3 6 7 10 12 13 15 16 18 19 20 21 23 25 27 32 33 40 41 46 21_271.cif 
.8989257812 -7613.5039062500 1 3 8 9 11 13 14 15 16 17 19 20 21 24 26 30 31 34 35 42 43 21_272.cif 
.8994140624 -7613.5034179688 2 3 4 6 7 8 9 12 13 15 18 20 22 23 27 28 29 33 36 38 41 21_273.cif 
.9003906250 -7613.5024414062 1 2 3 4 7 8 9 10 11 14 16 17 21 22 23 24 26 30 38 41 45 21_274.cif 
.9038085937 -7613.4990234375 1 2 3 4 5 6 8 9 12 14 16 17 20 22 23 27 35 36 39 42 44 21_275.cif 
.9057617187 -7613.4970703125 1 2 3 4 5 6 7 9 10 11 16 18 20 21 22 37 38 39 45 48 55 21_276.cif 
.9067382812 -7613.4960937500 2 5 6 8 10 11 12 13 14 17 18 20 21 23 24 25 30 31 43 47 48 21_277.cif 
.9091796874 -7613.4936523438 2 3 5 7 8 9 10 13 14 16 17 20 23 24 25 26 31 39 42 44 47 21_278.cif 
.9111328124 -7613.4916992188 1 2 3 4 8 9 10 15 18 19 22 23 24 28 29 32 36 37 41 44 46 21_279.cif 
.9169921874 -7613.4858398438 1 2 5 8 9 10 14 15 16 17 18 21 24 27 31 34 36 40 42 44 46 21_280.cif 
.9174804687 -7613.4853515625 1 2 3 8 9 10 11 13 14 16 18 19 21 24 27 29 34 37 39 42 47 21_281.cif 
.9199218750 -7613.4829101562 1 3 4 5 7 10 12 14 15 16 19 20 21 22 23 24 33 34 39 47 58 21_282.cif 
.9208984374 -7613.4819335938 2 4 5 6 10 13 15 18 20 21 23 24 25 31 32 34 36 39 40 41 46 21_283.cif 
.9218750000 -7613.4809570312 1 2 4 8 9 10 11 12 14 15 16 18 19 22 25 29 40 45 46 47 48 21_284.cif 
.9223632812 -7613.4804687500 1 2 3 4 5 7 10 14 15 16 18 19 20 21 27 31 33 35 37 38 42 21_285.cif 
.9248046874 -7613.4780273438 1 2 3 4 6 7 9 14 15 16 20 21 22 23 25 28 31 36 37 41 43 21_286.cif 
.9257812500 -7613.4770507812 5 11 12 13 14 15 16 17 18 19 21 22 23 24 27 29 30 32 42 44 47 21_287.cif 
.9267578124 -7613.4760742188 1 3 4 6 7 8 9 10 12 13 14 15 17 18 19 23 24 38 40 46 53 21_288.cif 
.9282226562 -7613.4746093750 2 4 5 8 9 10 12 13 15 16 17 18 20 21 25 26 30 32 36 46 48 21_289.cif 
.9301757812 -7613.4726562500 1 2 3 4 6 8 10 16 17 19 20 22 23 24 26 30 33 39 40 43 44 21_290.cif 
.9321289062 -7613.4707031250 1 3 7 8 10 11 12 13 17 19 20 21 23 24 25 34 35 36 39 44 46 21_291.cif 
.9331054687 -7613.4697265625 2 4 8 9 10 11 14 15 17 18 22 23 24 25 28 29 30 31 32 46 48 21_292.cif 
.9365234374 -7613.4663085938 3 4 5 6 9 10 11 12 13 15 17 18 20 21 22 23 28 32 35 42 48 21_293.cif 
.9370117187 -7613.4658203125 1 2 3 4 5 6 7 9 10 15 16 17 20 21 23 26 30 32 33 45 46 21_294.cif 
.9384765624 -7613.4643554688 1 2 3 4 5 6 9 11 12 14 16 18 20 21 24 29 30 33 35 40 45 21_295.cif 
.9414062500 -7613.4614257812 1 2 3 6 8 9 10 11 13 14 18 19 20 23 27 30 36 41 44 46 47 21_296.cif 
.9418945312 -7613.4609375000 1 2 3 5 6 7 8 10 12 14 16 18 19 20 21 22 31 35 38 39 54 21_297.cif 
.9433593750 -7613.4594726562 1 2 3 4 6 8 10 12 13 14 15 17 19 21 22 26 27 39 44 45 47 21_298.cif 
.9462890624 -7613.4565429688 1 2 3 5 8 9 12 13 15 18 20 21 23 24 28 33 36 37 39 41 43 21_299.cif 
.9467773437 -7613.4560546875 1 2 3 4 9 10 13 14 18 19 20 22 24 25 30 31 32 36 38 41 46 21_300.cif 
.9482421874 -7613.4545898438 2 3 6 9 10 13 15 16 18 19 20 21 22 24 26 30 32 35 39 40 47 21_301.cif 
.9487304687 -7613.4541015625 8 9 10 11 12 13 14 15 17 20 21 23 24 27 31 32 34 36 41 42 46 21_302.cif 
.9501953124 -7613.4526367188 3 4 5 6 7 8 9 10 11 12 16 20 22 24 30 35 37 38 39 44 45 21_303.cif 
.9521484374 -7613.4506835938 1 2 6 7 8 9 13 15 16 17 18 20 24 27 28 33 37 41 43 44 46 21_304.cif 
.9531250000 -7613.4497070312 2 3 4 6 7 11 12 14 15 17 18 19 21 22 25 26 27 33 38 42 44 21_305.cif 
.9536132812 -7613.4492187500 2 4 7 9 11 12 13 15 16 17 18 20 21 31 36 39 41 42 45 46 48 21_306.cif 
.9541015624 -7613.4487304688 3 4 7 9 10 11 12 13 17 18 19 22 23 24 30 32 37 39 41 43 44 21_307.cif 
.9545898437 -7613.4482421875 1 2 3 4 6 7 8 9 10 11 14 15 19 22 27 29 30 31 38 46 48 21_308.cif 
.9550781250 -7613.4477539062 2 3 5 6 9 12 13 14 15 16 18 19 20 22 23 24 25 35 42 45 56 21_309.cif 
.9560546874 -7613.4467773438 1 2 4 5 8 9 12 14 15 16 18 21 22 23 24 28 32 41 43 45 58 21_310.cif 
.9565429687 -7613.4462890625 1 4 6 7 8 11 12 16 17 18 20 21 22 23 25 28 29 34 35 38 49 21_311.cif 
.9570312500 -7613.4458007812 1 2 3 5 6 7 9 12 13 16 19 20 21 24 25 27 31 32 41 44 48 21_312.cif 
.9580078124 -7613.4448242188 1 3 4 5 6 10 12 14 16 17 18 19 20 23 25 26 27 34 39 46 57 21_313.cif 
.9589843750 -7613.4438476562 3 4 5 6 7 8 10 11 12 14 18 19 21 23 27 32 37 39 43 47 48 21_314.cif 
.9599609374 -7613.4428710938 1 2 4 5 6 9 10 11 12 15 17 18 20 22 25 26 29 32 36 48 49 21_315.cif 
.9614257812 -7613.4414062500 2 3 4 6 9 10 11 12 13 18 19 20 21 22 24 28 29 31 33 43 46 21_316.cif 
.9628906250 -7613.4399414062 3 4 7 8 10 11 12 13 14 15 17 18 20 26 29 30 34 40 41 43 47 21_317.cif 
.9643554687 -7613.4384765625 1 2 3 4 5 7 9 11 12 15 17 18 20 21 23 25 26 29 39 44 45 21_318.cif 
.9648437500 -7613.4379882812 1 3 7 8 9 10 12 13 14 16 17 20 22 24 27 31 34 42 46 47 48 21_319.cif 
.9663085937 -7613.4365234375 2 3 4 6 7 9 12 13 14 15 16 17 18 22 31 37 38 39 41 42 44 21_320.cif 
.9667968750 -7613.4360351562 1 3 5 6 7 8 9 10 11 13 15 16 19 20 21 27 32 36 38 41 55 21_321.cif 
.9677734374 -7613.4350585938 1 2 7 8 9 10 12 15 17 18 19 22 23 26 28 29 33 34 37 46 48 21_322.cif 
.9687500000 -7613.4340820312 2 3 7 8 10 11 12 14 16 17 18 20 21 23 27 28 34 36 37 38 42 21_323.cif 
.9702148437 -7613.4326171875 1 2 3 4 5 6 11 13 14 16 18 19 20 23 24 29 33 40 42 43 45 21_324.cif 
.9707031250 -7613.4321289062 1 2 3 5 6 7 8 9 10 16 18 23 30 31 33 34 35 38 39 43 44 21_325.cif 
.9711914062 -7613.4316406250 1 2 3 4 5 7 9 11 12 13 14 15 17 22 24 28 32 36 37 39 50 21_326.cif 
.9721679687 -7613.4306640625 1 2 3 4 5 6 10 11 17 18 19 20 21 22 23 24 28 29 37 43 57 21_327.cif 
.9760742187 -7613.4267578125 1 2 4 5 6 7 8 10 11 12 13 14 21 23 24 28 30 31 33 42 58 21_328.cif 
.9770507812 -7613.4257812500 1 2 3 7 12 14 15 16 17 18 22 23 24 29 33 34 35 37 40 42 44 21_329.cif 
.9775390624 -7613.4252929688 1 2 3 4 5 7 9 11 12 13 14 15 16 19 20 22 28 29 47 48 58 21_330.cif 
.9785156250 -7613.4243164062 1 4 5 6 7 10 11 12 13 15 17 18 20 21 23 24 36 39 40 45 55 21_331.cif 
.9790039062 -7613.4238281250 1 3 4 5 6 9 10 11 13 15 16 17 18 20 24 25 28 35 40 44 55 21_332.cif 
.9799804687 -7613.4228515625 1 2 3 4 6 9 10 13 14 17 19 20 21 23 24 25 27 33 37 40 45 21_333.cif 
.9804687500 -7613.4223632812 2 3 4 6 11 12 13 14 18 19 20 21 24 27 30 31 32 34 35 39 46 21_334.cif 
.9809570312 -7613.4218750000 1 3 5 6 7 9 12 14 15 16 17 19 20 21 23 28 30 35 40 46 59 21_335.cif 
.9814453124 -7613.4213867188 1 2 3 4 7 8 9 11 12 13 14 17 20 24 27 32 37 40 44 47 48 21_336.cif 
.9819335937 -7613.4208984375 2 3 5 7 8 9 10 11 13 14 15 17 19 22 24 27 29 30 32 36 56 21_337.cif 
.9848632812 -7613.4179687500 4 8 9 10 11 12 13 14 15 16 19 20 21 24 26 30 33 35 41 42 44 21_338.cif 
.9858398437 -7613.4169921875 1 2 3 4 7 8 9 10 17 20 21 22 24 25 28 36 39 40 42 47 48 21_339.cif 
.9877929687 -7613.4150390625 1 2 3 4 6 7 8 10 12 17 18 20 22 23 24 28 35 43 46 47 55 21_340.cif 
.9882812500 -7613.4145507812 1 3 4 5 6 7 8 10 12 13 15 19 20 22 23 29 31 34 36 46 47 21_341.cif 
.9887695312 -7613.4140625000 1 2 3 4 5 6 7 9 10 11 14 18 19 22 24 25 29 31 46 47 51 21_342.cif 
.9897460937 -7613.4130859375 1 2 3 4 11 12 14 15 19 20 21 22 24 27 32 34 35 37 38 41 47 21_343.cif 
.9907226562 -7613.4121093750 3 7 8 10 13 15 17 18 19 20 22 23 24 25 26 28 30 33 34 39 40 21_344.cif 
.9916992187 -7613.4111328125 1 5 7 9 10 11 14 15 17 19 20 22 24 28 29 32 33 34 42 44 46 21_345.cif 
.9931640624 -7613.4096679688 1 2 3 4 5 6 9 10 12 14 16 20 22 23 24 28 29 39 47 48 54 21_346.cif 
.9946289062 -7613.4082031250 3 5 6 9 10 11 13 15 18 19 20 23 24 27 28 30 33 36 38 45 46 21_347.cif 
.9951171874 -7613.4077148438 1 3 4 5 6 7 8 9 17 19 20 21 22 23 24 27 34 39 42 43 47 21_348.cif 
.9970703124 -7613.4057617188 1 2 3 5 7 8 10 11 12 14 22 23 24 26 27 30 33 37 41 43 44 21_349.cif 
.9990234374 -7613.4038085938 1 2 3 4 7 11 13 14 15 16 20 21 22 24 25 26 32 34 36 40 44 21_350.cif 
1.0004882812 -7613.4023437500 1 3 5 7 8 9 11 14 15 18 19 20 21 24 26 27 28 32 35 39 47 21_351.cif 
1.0009765624 -7613.4018554688 1 4 6 9 10 12 13 15 16 17 19 22 24 25 26 28 31 42 44 45 48 21_352.cif 
1.0019531250 -7613.4008789062 1 2 4 6 7 10 11 12 14 19 20 21 23 25 26 28 29 34 37 40 47 21_353.cif 
1.0024414062 -7613.4003906250 1 3 5 7 8 9 10 12 14 15 18 19 20 28 29 31 38 43 45 46 47 21_354.cif 
1.0029296874 -7613.3999023438 2 3 4 5 6 8 10 11 12 14 15 17 19 20 22 24 27 33 45 48 60 21_355.cif 
1.0039062500 -7613.3989257812 1 2 3 5 8 9 10 14 16 18 23 24 27 28 32 35 36 37 39 42 45 21_356.cif 
1.0043945312 -7613.3984375000 1 2 3 5 6 9 10 11 12 14 15 22 23 24 31 33 35 37 39 43 46 21_357.cif 
1.0068359374 -7613.3959960938 1 4 5 6 7 10 13 15 16 17 18 19 22 23 25 27 29 33 36 39 42 21_358.cif 
1.0073242187 -7613.3955078125 1 2 3 5 6 8 9 12 14 15 20 21 22 23 24 28 29 35 44 47 55 21_359.cif 
1.0078125000 -7613.3950195312 1 3 5 6 7 9 11 13 16 17 19 20 21 23 26 29 30 32 33 37 43 21_360.cif 
1.0097656250 -7613.3930664062 7 8 9 11 12 13 14 15 17 19 20 21 22 23 29 30 33 37 38 46 47 21_361.cif 
1.0112304687 -7613.3916015625 1 2 3 4 5 7 8 9 11 14 15 20 21 22 24 33 37 39 41 44 59 21_362.cif 
1.0117187500 -7613.3911132812 1 3 6 8 9 10 11 12 14 19 21 22 28 30 32 33 34 35 38 40 47 21_363.cif 
1.0122070312 -7613.3906250000 1 2 3 4 6 10 11 12 13 14 15 16 17 18 21 24 25 39 40 42 53 21_364.cif 
1.0136718750 -7613.3891601562 1 3 4 6 8 9 11 14 17 18 20 22 23 25 28 30 43 44 45 47 48 21_365.cif 
1.0166015624 -7613.3862304688 1 4 5 6 9 10 12 13 14 15 16 17 18 19 24 27 34 36 44 47 48 21_366.cif 
1.0185546874 -7613.3842773438 3 4 5 6 11 13 14 15 17 18 19 21 24 30 33 39 43 44 46 47 48 21_367.cif 
1.0190429687 -7613.3837890625 1 2 3 4 7 9 11 12 13 14 15 18 20 21 24 27 32 34 37 40 50 21_368.cif 
1.0195312500 -7613.3833007812 1 3 4 7 8 10 11 12 13 16 17 18 20 21 24 25 34 35 38 40 53 21_369.cif 
1.0214843750 -7613.3813476562 1 2 3 4 6 8 10 11 12 14 20 21 23 29 32 34 35 36 37 38 41 21_370.cif 
1.0224609374 -7613.3803710938 1 3 4 7 9 10 11 12 17 19 20 22 23 28 29 34 35 37 38 39 48 21_371.cif 
1.0258789062 -7613.3769531250 1 3 7 8 9 12 16 17 18 19 21 23 24 25 26 28 36 37 39 41 43 21_372.cif 
1.0273437500 -7613.3754882812 1 2 3 7 8 10 11 12 17 19 20 22 23 24 27 36 38 39 41 44 45 21_373.cif 
1.0278320312 -7613.3750000000 1 2 3 4 5 6 8 9 10 11 13 14 16 19 20 37 42 45 47 48 60 21_374.cif 
1.0283203124 -7613.3745117188 1 2 3 4 5 6 8 11 12 14 15 18 21 23 26 27 30 32 39 43 48 21_375.cif 
1.0297851562 -7613.3730468750 1 2 4 5 6 7 9 10 11 17 19 20 21 25 26 29 31 33 35 37 42 21_376.cif 
1.0307617187 -7613.3720703125 1 3 5 6 8 10 12 14 16 17 19 20 23 24 25 31 34 38 40 42 46 21_377.cif 
1.0341796874 -7613.3686523438 2 4 5 7 10 13 14 18 19 20 21 23 24 25 27 32 33 42 43 45 47 21_378.cif 
1.0346679687 -7613.3681640625 1 2 3 4 6 7 9 10 11 12 13 16 20 21 25 29 31 34 42 44 58 21_379.cif 
1.0366210937 -7613.3662109375 2 5 6 7 9 10 12 16 18 19 21 22 23 27 28 32 34 37 41 42 45 21_380.cif 
1.0375976562 -7613.3652343750 1 2 5 8 9 10 11 12 14 15 16 18 19 20 22 23 29 30 40 48 59 21_381.cif 
1.0380859374 -7613.3647460938 1 2 3 4 5 6 7 8 9 15 16 18 21 22 23 30 36 43 44 48 50 21_382.cif 
1.0385742187 -7613.3642578125 6 7 8 9 10 11 12 14 15 18 19 21 22 27 32 33 35 36 43 44 46 21_383.cif 
1.0390625000 -7613.3637695312 3 6 9 10 13 14 15 16 17 18 19 20 23 24 25 26 27 31 42 44 47 21_384.cif 
1.0410156250 -7613.3618164062 3 4 5 7 9 10 11 12 15 16 17 18 19 20 21 28 36 42 43 44 48 21_385.cif 
1.0419921874 -7613.3608398438 1 6 7 8 11 12 13 14 15 16 17 20 21 22 23 25 28 32 37 44 60 21_386.cif 
1.0463867187 -7613.3564453125 1 3 5 6 8 10 11 14 15 22 23 24 28 29 31 32 35 36 37 40 42 21_387.cif 
1.0493164062 -7613.3535156250 1 3 5 6 8 9 10 14 16 20 22 23 24 30 34 35 37 38 39 40 41 21_388.cif 
1.0498046874 -7613.3530273438 1 3 6 10 11 12 13 15 16 17 19 20 21 23 32 33 35 37 38 42 46 21_389.cif 
1.0517578124 -7613.3510742188 1 2 6 7 8 12 13 15 18 19 21 22 23 24 25 31 33 37 39 42 46 21_390.cif 
1.0532226562 -7613.3496093750 1 3 4 5 6 7 10 12 15 16 17 19 20 22 23 25 39 40 41 46 55 21_391.cif 
1.0581054687 -7613.3447265625 1 2 3 4 7 9 10 11 12 15 17 18 20 25 30 34 35 36 38 43 44 21_392.cif 
1.0585937500 -7613.3442382812 3 4 6 7 8 9 11 12 14 15 17 20 21 23 24 31 33 37 40 44 53 21_393.cif 
1.0615234374 -7613.3413085938 1 2 4 5 8 9 11 12 16 18 20 21 23 26 29 30 31 33 36 46 47 21_394.cif 
1.0629882812 -7613.3398437500 1 2 3 4 7 8 11 14 15 20 21 23 24 25 27 28 40 41 42 46 47 21_395.cif 
1.0634765624 -7613.3393554688 1 4 5 6 7 9 10 11 14 18 19 20 22 27 28 33 38 41 44 46 47 21_396.cif 
1.0644531250 -7613.3383789062 1 7 8 9 12 14 15 17 18 19 22 23 24 27 28 29 31 33 43 44 47 21_397.cif 
1.0673828124 -7613.3354492188 2 4 5 6 10 11 12 13 14 16 21 22 23 25 29 30 38 39 44 46 47 21_398.cif 
1.0693359374 -7613.3334960938 1 2 4 8 10 11 13 14 15 17 18 22 24 25 27 31 36 37 40 42 45 21_399.cif 
1.0703125000 -7613.3325195312 1 3 5 7 8 9 13 14 15 16 18 19 20 23 28 29 31 33 38 40 43 21_400.cif 
1.0708007812 -7613.3320312500 1 2 4 6 7 8 9 10 14 16 17 18 21 22 24 28 32 34 40 42 53 21_401.cif 
1.0712890624 -7613.3315429688 1 2 3 4 5 7 9 10 11 15 16 18 20 25 32 34 35 44 46 47 48 21_402.cif 
1.0717773437 -7613.3310546875 1 2 3 5 6 7 8 9 11 13 15 16 18 20 21 23 29 38 40 59 60 21_403.cif 
1.0732421874 -7613.3295898438 3 8 9 10 12 13 14 16 17 18 19 21 24 28 31 34 36 37 40 42 44 21_404.cif 
1.0737304687 -7613.3291015625 3 4 5 6 10 11 13 14 15 19 20 21 22 25 27 28 30 38 41 44 45 21_405.cif 
1.0742187500 -7613.3286132812 1 2 3 5 6 8 9 12 15 18 20 21 22 23 24 28 29 30 31 44 60 21_406.cif 
1.0751953124 -7613.3276367188 1 2 4 6 9 10 11 12 13 14 18 19 20 26 27 29 32 33 34 43 47 21_407.cif 
1.0781250000 -7613.3247070312 3 4 8 9 10 11 14 16 17 20 22 24 27 30 32 34 36 42 43 45 46 21_408.cif 
1.0805664062 -7613.3222656250 1 2 4 5 7 10 11 12 13 16 22 23 24 26 27 30 32 36 39 42 45 21_409.cif 
1.0815429687 -7613.3212890625 3 4 5 6 7 8 9 10 11 12 14 16 18 19 27 31 34 40 42 45 49 21_410.cif 
1.0849609374 -7613.3178710938 2 4 5 6 8 11 12 14 18 19 21 23 24 27 34 36 37 41 43 44 45 21_411.cif 
1.0854492187 -7613.3173828125 1 2 3 4 5 9 11 12 14 16 17 18 19 22 24 26 28 30 33 41 58 21_412.cif 
1.0878906250 -7613.3149414062 1 2 3 4 5 6 8 11 12 16 20 21 23 24 25 28 32 35 39 41 55 21_413.cif 
1.0883789062 -7613.3144531250 1 2 7 9 10 12 13 14 15 16 17 19 20 23 25 33 34 36 38 46 54 21_414.cif 
1.0893554687 -7613.3134765625 1 4 6 8 9 10 11 12 13 16 17 18 19 22 24 26 34 39 40 42 59 21_415.cif 
1.0942382812 -7613.3085937500 1 3 4 7 9 10 11 13 14 15 16 20 21 25 26 29 32 40 42 46 48 21_416.cif 
1.0976562500 -7613.3051757812 1 2 5 6 7 9 12 15 17 20 21 22 26 28 29 32 35 37 41 43 47 21_417.cif 
1.0986328124 -7613.3041992188 3 4 5 6 7 9 12 13 15 16 18 20 21 22 24 27 34 43 45 48 50 21_418.cif 
1.1000976562 -7613.3027343750 1 4 6 7 8 10 11 12 14 17 19 22 26 27 30 39 40 41 43 44 46 21_419.cif 
1.1044921874 -7613.2983398438 1 4 6 7 10 11 12 13 14 16 17 18 20 21 22 23 34 38 39 49 55 21_420.cif 
1.1049804687 -7613.2978515625 2 3 4 6 8 9 10 12 13 16 17 18 21 22 24 30 36 39 41 45 47 21_421.cif 
1.1064453124 -7613.2963867188 1 2 3 4 5 6 11 12 13 15 19 21 22 24 33 34 36 39 40 41 58 21_422.cif 
1.1074218750 -7613.2954101562 3 4 5 8 10 11 12 15 18 19 20 21 22 24 29 35 39 41 42 43 48 21_423.cif 
1.1093750000 -7613.2934570312 1 5 6 8 9 10 11 12 14 16 18 20 22 23 25 28 29 33 36 37 58 21_424.cif 
1.1108398437 -7613.2919921875 1 2 3 4 6 9 10 11 12 13 17 18 23 24 29 36 37 40 44 46 55 21_425.cif 
1.1113281250 -7613.2915039062 1 7 8 9 10 11 12 14 15 18 19 20 22 23 24 25 27 37 39 45 56 21_426.cif 
1.1132812500 -7613.2895507812 4 5 6 7 8 10 11 14 15 17 19 20 21 22 27 34 38 40 44 46 47 21_427.cif 
1.1147460937 -7613.2880859375 1 3 7 8 10 14 15 16 17 18 19 21 25 27 28 29 30 31 36 42 46 21_428.cif 
1.1152343750 -7613.2875976562 1 4 6 7 10 12 14 15 16 20 21 22 23 24 25 29 32 33 40 43 56 21_429.cif 
1.1162109374 -7613.2866210938 1 3 4 6 10 11 13 16 17 18 19 22 23 24 28 32 34 36 39 46 55 21_430.cif 
1.1210937500 -7613.2817382812 5 7 8 9 11 12 13 14 15 16 19 20 22 24 26 27 28 31 42 44 45 21_431.cif 
1.1240234374 -7613.2788085938 2 5 8 10 11 12 14 15 16 17 20 21 22 23 29 32 36 41 44 45 46 21_432.cif 
1.1254882812 -7613.2773437500 1 2 4 5 6 7 9 11 12 13 18 19 21 23 30 33 36 39 40 47 48 21_433.cif 
1.1269531250 -7613.2758789062 1 2 3 4 6 7 8 11 13 15 17 18 22 23 24 26 34 37 41 42 60 21_434.cif 
1.1289062500 -7613.2739257812 1 2 3 6 8 9 12 13 15 16 20 22 23 24 26 27 28 31 36 42 44 21_435.cif 
1.1308593750 -7613.2719726562 1 2 5 6 7 11 13 15 16 17 18 20 21 22 25 29 30 32 38 48 49 21_436.cif 
1.1318359374 -7613.2709960938 1 3 6 8 12 14 15 16 17 19 20 22 24 27 28 30 35 39 41 47 48 21_437.cif 
1.1328125000 -7613.2700195312 1 3 4 7 8 9 12 13 14 15 16 18 21 22 23 24 26 30 43 44 52 21_438.cif 
1.1337890624 -7613.2690429688 7 8 9 11 12 14 16 17 18 20 22 23 27 28 29 30 33 36 37 44 48 21_439.cif 
1.1396484374 -7613.2631835938 2 6 7 8 9 11 12 13 14 15 17 19 20 22 26 27 28 30 32 39 44 21_440.cif 
1.1406250000 -7613.2622070312 3 6 8 10 11 12 13 14 16 17 19 21 22 23 27 29 32 33 37 42 43 21_441.cif 
1.1469726562 -7613.2558593750 1 2 3 4 6 7 8 9 10 16 18 21 23 28 31 36 42 43 44 46 48 21_442.cif 
1.1474609374 -7613.2553710938 1 4 7 8 9 10 11 13 16 17 18 19 20 22 24 26 39 40 42 43 52 21_443.cif 
1.1479492187 -7613.2548828125 2 3 4 6 8 10 12 13 14 15 16 17 20 21 24 27 31 34 44 48 55 21_444.cif 
1.1508789062 -7613.2519531250 1 2 5 6 8 9 12 13 14 15 16 17 18 19 22 26 27 33 40 48 60 21_445.cif 
1.1518554687 -7613.2509765625 1 2 3 4 6 9 10 11 14 15 17 19 20 21 24 26 30 38 42 46 48 21_446.cif 
1.1523437500 -7613.2504882812 3 4 5 6 8 12 13 14 15 17 19 20 22 23 27 28 29 34 36 38 42 21_447.cif 
1.1538085937 -7613.2490234375 1 2 6 9 10 11 12 13 14 15 18 19 20 29 34 36 37 39 44 46 48 21_448.cif 
1.1547851562 -7613.2480468750 1 5 8 10 11 12 15 16 17 19 20 22 24 25 28 30 32 33 35 36 48 21_449.cif 
1.1591796874 -7613.2436523438 1 2 4 5 7 8 9 10 16 17 18 19 23 27 31 32 36 37 41 42 43 21_450.cif 
1.1611328124 -7613.2416992188 1 2 4 5 7 8 9 10 14 15 16 17 21 22 23 25 30 31 33 40 50 21_451.cif 
1.1640625000 -7613.2387695312 1 2 3 4 5 6 7 8 10 16 18 19 23 29 33 37 38 40 42 43 46 21_452.cif 
1.1645507812 -7613.2382812500 1 2 4 5 7 8 9 10 12 13 16 22 23 24 37 38 40 42 43 45 46 21_453.cif 
1.1660156250 -7613.2368164062 1 3 7 8 9 10 14 16 18 19 20 23 24 31 35 37 41 42 45 46 51 21_454.cif 
1.1674804687 -7613.2353515625 1 3 5 8 9 13 14 15 18 19 20 21 22 23 29 31 37 38 40 43 48 21_455.cif 
1.1689453124 -7613.2338867188 1 2 3 4 7 9 10 12 15 17 19 20 21 25 30 31 33 37 39 46 48 21_456.cif 
1.1699218750 -7613.2329101562 1 5 6 7 9 10 11 12 13 15 19 22 23 27 33 34 38 39 40 42 46 21_457.cif 
1.1718750000 -7613.2309570312 3 4 5 6 7 10 11 12 16 17 18 19 20 21 22 23 26 34 47 52 58 21_458.cif 
1.1752929687 -7613.2275390625 1 3 4 5 7 9 10 13 14 15 18 20 22 24 31 34 40 42 43 47 54 21_459.cif 
1.1757812500 -7613.2270507812 1 2 3 6 9 15 16 17 20 21 22 23 24 25 29 30 32 33 37 41 48 21_460.cif 
1.1787109374 -7613.2241210938 1 4 8 9 10 11 12 13 14 18 19 22 23 24 26 29 31 35 46 47 48 21_461.cif 
1.1796875000 -7613.2231445312 1 2 3 5 7 10 13 14 15 16 18 19 20 26 27 30 34 41 42 43 48 21_462.cif 
1.1801757812 -7613.2226562500 2 3 5 6 9 10 11 13 16 17 19 20 23 27 30 32 33 34 42 45 47 21_463.cif 
1.1811523437 -7613.2216796875 1 2 5 6 10 11 14 15 17 19 20 22 23 24 29 32 33 42 43 47 52 21_464.cif 
1.1816406250 -7613.2211914062 1 2 3 4 7 8 9 11 13 16 20 22 23 25 29 30 33 36 42 48 56 21_465.cif 
1.1821289062 -7613.2207031250 2 3 4 5 6 8 10 11 12 15 16 19 21 22 33 35 36 38 42 48 55 21_466.cif 
1.1826171874 -7613.2202148438 2 4 5 9 10 12 14 16 17 18 19 20 24 25 26 30 32 33 35 41 47 21_467.cif 
1.1855468750 -7613.2172851562 3 4 5 7 9 12 14 15 16 18 19 20 21 22 23 24 27 35 40 46 58 21_468.cif 
1.1860351562 -7613.2167968750 2 3 6 7 8 9 10 11 13 14 15 16 18 21 32 37 41 42 43 46 51 21_469.cif 
1.1879882812 -7613.2148437500 1 3 4 5 6 8 9 10 11 12 13 14 17 20 25 26 35 40 41 44 54 21_470.cif 
1.1904296874 -7613.2124023438 1 2 3 5 6 8 9 11 12 13 15 17 23 24 26 28 29 39 44 46 59 21_471.cif 
1.1914062500 -7613.2114257812 1 2 5 6 7 8 9 10 11 15 17 21 25 27 30 38 40 41 43 44 45 21_472.cif 
1.1918945312 -7613.2109375000 3 4 5 7 10 11 12 13 18 19 20 22 23 24 25 27 31 32 33 46 59 21_473.cif 
1.1923828124 -7613.2104492188 1 3 4 6 9 13 14 15 16 17 19 21 22 23 24 26 32 34 40 47 56 21_474.cif 
1.1933593750 -7613.2094726562 1 2 3 5 6 8 9 10 11 14 16 20 21 23 30 33 35 37 39 40 54 21_475.cif 
1.1977539062 -7613.2050781250 1 4 5 8 11 12 14 15 16 17 18 22 23 24 31 39 43 44 45 46 47 21_476.cif 
1.1982421874 -7613.2045898438 1 3 7 8 9 10 11 12 14 16 17 18 20 22 28 33 38 39 40 43 54 21_477.cif 
1.2006835937 -7613.2021484375 1 2 4 6 11 13 14 15 16 17 19 22 23 33 34 35 36 37 38 42 45 21_478.cif 
1.2036132812 -7613.1992187500 1 3 5 6 8 10 11 12 13 14 17 20 22 24 25 35 36 39 40 41 43 21_479.cif 
1.2045898437 -7613.1982421875 1 3 5 6 9 10 14 15 16 17 19 20 21 24 25 26 35 41 44 45 46 21_480.cif 
1.2089843750 -7613.1938476562 4 6 7 10 11 12 13 15 16 17 19 20 22 23 25 27 30 32 40 42 49 21_481.cif 
1.2094726562 -7613.1933593750 3 4 5 6 7 8 9 11 12 13 15 16 20 21 26 28 29 30 37 48 50 21_482.cif 
1.2114257812 -7613.1914062500 1 2 3 4 7 9 10 13 14 16 18 19 27 28 32 34 35 38 41 45 46 21_483.cif 
1.2119140624 -7613.1909179688 2 3 5 7 10 11 14 17 18 19 22 23 25 26 27 30 32 39 40 44 47 21_484.cif 
1.2143554687 -7613.1884765625 1 2 6 8 10 12 13 15 16 17 19 22 23 29 34 35 36 37 38 39 43 21_485.cif 
1.2148437500 -7613.1879882812 1 3 4 5 7 8 11 12 18 19 20 21 22 26 28 30 34 35 36 43 46 21_486.cif 
1.2153320312 -7613.1875000000 1 2 4 8 11 12 14 15 18 19 20 21 22 26 27 29 32 33 41 42 48 21_487.cif 
1.2163085937 -7613.1865234375 1 2 3 6 8 10 11 13 17 18 19 20 23 27 32 34 36 38 44 45 47 21_488.cif 
1.2172851562 -7613.1855468750 1 3 4 5 8 9 10 12 15 16 17 18 19 24 31 33 35 36 44 48 50 21_489.cif 
1.2197265624 -7613.1831054688 1 2 3 4 6 8 9 10 11 15 20 22 24 29 31 32 37 38 42 43 49 21_490.cif 
1.2207031250 -7613.1821289062 2 4 6 7 8 10 12 14 17 18 19 21 23 24 26 32 36 37 39 42 46 21_491.cif 
1.2236328124 -7613.1791992188 1 7 8 9 10 13 15 17 18 19 21 22 23 28 30 31 38 40 43 45 48 21_492.cif 
1.2241210937 -7613.1787109375 1 3 5 6 8 9 10 11 14 15 16 18 22 25 29 35 36 38 39 43 48 21_493.cif 
1.2250976562 -7613.1777343750 1 3 4 5 6 9 11 14 15 17 18 20 21 24 28 38 40 42 45 46 52 21_494.cif 
1.2260742187 -7613.1767578125 1 2 3 4 5 6 7 9 12 13 15 16 17 20 32 35 38 40 42 46 50 21_495.cif 
1.2290039062 -7613.1738281250 2 3 4 5 8 9 12 16 19 20 22 23 24 29 30 32 33 36 39 45 54 21_496.cif 
1.2294921874 -7613.1733398438 1 4 5 6 7 9 10 13 15 19 20 21 28 29 31 34 37 39 41 42 48 21_497.cif 
1.2304687500 -7613.1723632812 2 3 5 6 8 9 11 13 14 15 17 18 20 29 30 31 37 41 43 46 47 21_498.cif 
1.2324218750 -7613.1704101562 2 4 6 7 10 11 13 15 16 17 18 19 20 21 24 26 29 31 33 39 45 21_499.cif 
1.2338867187 -7613.1689453125 3 4 5 10 14 16 18 19 20 21 23 24 27 29 31 32 33 36 37 41 42 21_500.cif 
1.2358398437 -7613.1669921875 1 2 3 6 7 9 12 13 15 16 20 22 23 28 29 30 32 33 37 48 55 21_501.cif 
1.2363281250 -7613.1665039062 1 2 4 5 8 9 10 12 16 18 20 22 24 26 32 33 36 41 43 44 48 21_502.cif 
1.2373046874 -7613.1655273438 1 3 6 7 10 12 13 16 19 20 21 22 24 25 27 31 36 40 42 44 46 21_503.cif 
1.2431640624 -7613.1596679688 1 2 3 5 6 7 8 9 10 14 18 20 24 25 32 33 37 39 41 46 47 21_504.cif 
1.2436523437 -7613.1591796875 2 3 4 5 6 7 11 14 15 18 22 23 25 29 30 32 38 40 41 46 47 21_505.cif 
1.2456054687 -7613.1572265625 1 3 6 8 10 11 12 14 15 16 17 18 19 21 23 25 36 38 41 44 55 21_506.cif 
1.2460937500 -7613.1567382812 1 2 3 4 5 8 9 10 14 15 16 17 26 30 31 33 36 37 42 44 48 21_507.cif 
1.2490234374 -7613.1538085938 1 3 7 8 9 10 12 14 16 19 22 25 26 27 30 31 32 33 35 39 44 21_508.cif 
1.2514648437 -7613.1513671875 3 6 8 10 11 12 13 14 15 16 19 24 32 35 38 39 41 42 43 44 46 21_509.cif 
1.2529296874 -7613.1499023438 1 2 3 5 6 10 11 12 13 16 18 20 23 25 29 30 33 38 45 46 47 21_510.cif 
1.2558593750 -7613.1469726562 2 3 4 6 7 8 9 10 11 16 17 18 19 21 22 24 27 33 38 47 53 21_511.cif 
1.2583007812 -7613.1445312500 1 3 6 7 9 10 11 14 15 16 18 22 25 30 31 33 37 40 43 46 47 21_512.cif 
1.2592773437 -7613.1435546875 4 8 9 10 11 12 13 14 16 17 18 19 21 26 30 33 34 37 38 47 60 21_513.cif 
1.2607421874 -7613.1420898438 1 2 4 6 7 9 11 15 17 18 20 22 24 27 29 30 43 45 46 48 58 21_514.cif 
1.2636718750 -7613.1391601562 1 2 3 5 6 7 9 11 13 15 17 19 22 23 26 31 40 41 42 45 48 21_515.cif 
1.2641601562 -7613.1386718750 1 4 5 7 13 14 15 16 17 18 19 21 22 26 28 29 33 38 39 44 45 21_516.cif 
1.2685546874 -7613.1342773438 4 9 10 11 12 13 14 15 16 18 19 20 21 22 27 28 31 33 38 46 50 21_517.cif 
1.2700195312 -7613.1328125000 1 2 3 6 7 9 10 11 15 17 18 20 22 25 27 28 34 35 39 40 50 21_518.cif 
1.2714843750 -7613.1313476562 2 3 4 5 6 7 14 15 17 20 21 23 24 25 27 31 34 36 37 45 46 21_519.cif 
1.2744140624 -7613.1284179688 1 2 3 4 8 9 11 13 14 17 18 19 20 21 24 34 38 39 48 54 58 21_520.cif 
1.2749023437 -7613.1279296875 1 2 3 6 7 8 11 12 13 15 21 25 27 28 33 39 40 42 44 46 48 21_521.cif 
1.2768554687 -7613.1259765625 3 4 8 10 11 13 14 15 16 17 19 20 21 22 24 32 38 39 43 48 57 21_522.cif 
1.2773437500 -7613.1254882812 1 2 5 9 10 11 13 16 18 21 22 23 24 26 33 38 40 44 46 47 48 21_523.cif 
1.2783203124 -7613.1245117188 1 2 4 5 6 7 9 12 15 17 18 22 23 24 29 31 38 41 42 45 56 21_524.cif 
1.2788085937 -7613.1240234375 1 2 4 5 7 12 13 14 15 16 17 23 24 28 30 32 33 38 41 42 46 21_525.cif 
1.2797851562 -7613.1230468750 1 2 5 7 8 9 10 11 14 17 18 21 22 27 28 31 32 34 35 39 56 21_526.cif 
1.2807617187 -7613.1220703125 1 2 3 5 6 10 13 15 16 18 19 20 24 26 30 32 33 37 39 43 48 21_527.cif 
1.2817382812 -7613.1210937500 1 4 5 8 10 11 12 14 15 16 17 18 25 26 27 36 44 45 46 47 54 21_528.cif 
1.2822265624 -7613.1206054688 2 3 4 5 6 8 9 11 13 15 18 19 22 23 24 34 35 37 38 44 45 21_529.cif 
1.2856445312 -7613.1171875000 1 6 7 12 15 16 17 18 19 20 21 22 23 24 25 26 32 33 40 43 57 21_530.cif 
1.2866210937 -7613.1162109375 1 2 4 11 12 13 14 15 17 21 22 23 24 25 26 33 37 40 44 48 55 21_531.cif 
1.2905273437 -7613.1123046875 1 3 5 6 9 10 12 15 16 18 20 21 23 24 29 34 37 43 44 46 52 21_532.cif 
1.2919921874 -7613.1108398438 1 2 4 6 8 9 13 14 15 17 18 20 22 24 32 34 35 39 43 45 48 21_533.cif 
1.2934570312 -7613.1093750000 1 2 3 7 8 9 10 11 12 14 16 18 19 21 22 24 37 45 47 50 60 21_534.cif 
1.2954101562 -7613.1074218750 1 2 4 5 7 8 12 13 16 18 22 23 26 29 30 31 33 35 38 43 44 21_535.cif 
1.2988281250 -7613.1040039062 2 3 4 5 6 7 8 10 12 13 14 16 18 21 25 27 31 36 42 43 53 21_536.cif 
1.2993164062 -7613.1035156250 1 3 5 6 10 11 14 15 16 20 22 23 25 26 32 35 39 40 44 46 47 21_537.cif 
1.3002929687 -7613.1025390625 1 3 8 9 11 14 15 16 18 19 20 21 22 26 34 35 38 45 47 48 59 21_538.cif 
1.3017578124 -7613.1010742188 2 3 6 7 8 10 11 14 16 17 18 21 25 26 27 29 32 34 39 42 44 21_539.cif 
1.3032226562 -7613.0996093750 1 4 5 7 12 13 14 15 17 20 21 22 23 24 27 31 38 39 42 43 44 21_540.cif 
1.3061523437 -7613.0966796875 1 2 3 4 5 9 10 12 17 18 19 22 24 27 32 33 34 37 44 46 48 21_541.cif 
1.3071289062 -7613.0957031250 1 4 5 6 7 8 10 14 15 17 22 23 27 28 29 32 34 35 40 41 44 21_542.cif 
1.3085937500 -7613.0942382812 2 5 6 7 8 11 12 15 17 19 20 23 33 34 35 36 40 41 42 46 47 21_543.cif 
1.3115234374 -7613.0913085938 2 3 5 6 8 9 10 13 15 16 19 20 24 26 28 31 37 39 41 44 47 21_544.cif 
1.3125000000 -7613.0903320312 1 2 4 6 7 8 9 10 11 15 18 22 23 24 27 29 30 35 43 46 56 21_545.cif 
1.3159179687 -7613.0869140625 1 2 5 7 8 9 10 11 12 14 16 17 18 24 27 28 32 33 42 43 50 21_546.cif 
1.3168945312 -7613.0859375000 1 2 3 4 7 9 12 13 17 18 19 21 22 23 29 30 32 37 40 46 49 21_547.cif 
1.3173828124 -7613.0854492188 3 4 5 6 8 11 13 15 16 18 19 21 22 23 24 30 34 44 45 47 51 21_548.cif 
1.3178710937 -7613.0849609375 2 4 5 7 9 10 11 13 14 19 20 24 26 27 29 31 33 35 37 41 42 21_549.cif 
1.3183593750 -7613.0844726562 1 2 7 8 9 11 13 14 15 16 17 18 21 24 33 35 36 38 41 46 54 21_550.cif 
1.3193359374 -7613.0834960938 2 4 5 8 10 11 13 14 16 17 18 19 20 23 24 26 27 31 38 42 60 21_551.cif 
1.3198242187 -7613.0830078125 1 2 5 6 7 8 9 11 13 14 16 20 21 23 33 35 37 42 44 45 49 21_552.cif 
1.3208007812 -7613.0820312500 3 4 6 8 10 14 15 19 20 21 22 23 24 26 27 28 29 32 39 41 42 21_553.cif 
1.3222656250 -7613.0805664062 2 5 7 9 10 11 12 13 15 16 18 21 22 27 33 36 38 42 43 48 56 21_554.cif 
1.3227539062 -7613.0800781250 1 2 3 4 5 6 11 14 15 16 17 21 22 24 29 30 38 40 44 45 59 21_555.cif 
1.3237304687 -7613.0791015625 2 3 4 6 8 9 10 11 12 13 15 18 24 27 29 32 33 36 38 39 41 21_556.cif 
1.3247070312 -7613.0781250000 1 3 4 5 7 9 10 11 13 14 16 18 20 21 24 27 28 35 43 50 53 21_557.cif 
1.3261718750 -7613.0766601562 1 3 4 6 9 10 11 12 14 17 19 20 22 23 27 28 40 42 43 46 51 21_558.cif 
1.3271484374 -7613.0756835938 1 5 7 9 12 13 16 19 21 22 23 24 27 28 31 33 38 39 41 42 44 21_559.cif 
1.3276367187 -7613.0751953125 1 2 3 4 7 9 10 11 13 14 15 18 19 22 24 31 33 35 38 48 53 21_560.cif 
1.3286132812 -7613.0742187500 2 4 6 7 8 9 10 11 12 13 15 21 22 23 25 28 32 39 42 48 59 21_561.cif 
1.3300781250 -7613.0727539062 1 2 3 6 8 9 10 11 13 14 16 17 19 20 27 39 42 45 47 48 59 21_562.cif 
1.3349609374 -7613.0678710938 1 4 5 6 7 8 12 14 17 19 22 23 24 30 34 40 42 43 44 45 46 21_563.cif 
1.3374023437 -7613.0654296875 1 2 3 4 6 7 8 11 14 20 21 22 24 29 30 32 35 38 40 41 54 21_564.cif 
1.3413085937 -7613.0615234375 1 2 3 4 8 10 11 13 14 15 18 19 23 24 25 26 32 35 40 41 55 21_565.cif 
1.3417968750 -7613.0610351562 2 3 5 6 7 8 10 17 18 19 20 22 23 28 29 31 36 37 38 42 44 21_566.cif 
1.3432617187 -7613.0595703125 2 4 6 7 8 10 11 15 16 18 22 23 24 31 33 35 36 38 39 42 44 21_567.cif 
1.3437500000 -7613.0590820312 1 4 6 8 11 13 14 16 17 18 19 20 22 23 25 26 34 35 36 45 58 21_568.cif 
1.3457031250 -7613.0571289062 2 5 6 7 9 12 20 21 22 23 24 26 27 28 31 32 33 37 41 43 46 21_569.cif 
1.3461914062 -7613.0566406250 1 2 3 5 6 7 8 13 15 17 18 19 20 23 40 41 42 44 46 48 52 21_570.cif 
1.3496093750 -7613.0532226562 1 3 7 8 11 13 14 16 17 18 20 21 23 27 28 30 36 38 40 42 47 21_571.cif 
1.3535156250 -7613.0493164062 1 2 5 6 8 9 10 11 12 13 15 22 23 28 31 33 37 39 40 41 42 21_572.cif 
1.3544921874 -7613.0483398438 1 2 3 5 6 9 16 19 20 21 22 23 24 25 28 31 36 44 45 47 58 21_573.cif 
1.3554687500 -7613.0473632812 1 2 4 7 9 11 12 15 17 18 20 21 23 25 26 29 37 42 46 48 50 21_574.cif 
1.3579101562 -7613.0449218750 1 2 4 7 11 13 15 16 17 18 19 20 22 23 24 25 29 35 44 53 60 21_575.cif 
1.3588867187 -7613.0439453125 5 6 7 8 10 11 12 13 15 17 18 20 22 23 24 27 32 34 38 45 54 21_576.cif 
1.3593750000 -7613.0434570312 3 4 7 8 10 12 13 14 15 16 17 19 22 23 25 36 39 40 41 46 47 21_577.cif 
1.3598632812 -7613.0429687500 3 4 7 8 10 11 13 14 18 19 20 22 24 27 30 32 33 37 43 45 53 21_578.cif 
1.3608398437 -7613.0419921875 1 2 4 5 6 7 9 10 11 15 17 20 22 28 34 37 39 40 42 47 49 21_579.cif 
1.3613281250 -7613.0415039062 1 4 5 7 10 11 13 15 16 17 20 21 22 25 27 30 36 38 43 44 59 21_580.cif 
1.3623046874 -7613.0405273438 6 8 11 12 15 16 17 20 21 22 23 25 27 28 33 36 37 41 42 43 44 21_581.cif 
1.3662109374 -7613.0366210938 1 3 4 5 6 11 12 14 16 18 19 24 25 29 33 37 40 42 43 45 47 21_582.cif 
1.3706054687 -7613.0322265625 1 2 3 4 7 8 9 11 12 13 14 15 23 24 26 27 28 32 36 37 47 21_583.cif 
1.3720703124 -7613.0307617188 2 5 7 10 11 13 15 18 20 21 23 24 25 27 33 35 43 44 45 46 47 21_584.cif 
1.3725585937 -7613.0302734375 2 3 4 5 6 9 11 12 15 17 20 22 24 32 35 37 42 43 45 46 59 21_585.cif 
1.3759765624 -7613.0268554688 1 2 3 4 9 10 11 13 17 20 24 25 26 28 36 37 39 41 43 46 48 21_586.cif 
1.3764648437 -7613.0263671875 1 2 3 4 6 13 16 17 19 22 23 27 29 30 32 35 36 37 41 46 48 21_587.cif 
1.3769531250 -7613.0258789062 3 4 5 8 9 10 11 12 13 14 17 18 20 28 33 36 39 40 42 46 59 21_588.cif 
1.3774414062 -7613.0253906250 4 5 10 11 12 15 16 17 18 20 21 24 25 27 28 30 33 34 35 37 42 21_589.cif 
1.3779296874 -7613.0249023438 1 2 4 6 10 12 13 15 19 20 22 23 24 26 28 37 40 41 44 45 55 21_590.cif 
1.3798828124 -7613.0229492188 2 3 7 8 11 12 14 15 17 18 20 21 23 25 33 34 35 39 43 46 51 21_591.cif 
1.3808593750 -7613.0219726562 1 2 4 5 6 11 18 20 22 23 24 25 29 30 31 33 37 39 45 47 48 21_592.cif 
1.3818359374 -7613.0209960938 1 2 11 13 14 15 16 20 21 22 23 24 25 29 32 38 41 42 43 44 46 21_593.cif 
1.3823242187 -7613.0205078125 1 2 4 7 9 14 16 17 18 20 21 22 24 29 34 35 36 40 44 45 59 21_594.cif 
1.3833007812 -7613.0195312500 1 2 3 5 6 9 10 17 18 20 22 23 24 28 30 37 38 40 41 43 51 21_595.cif 
1.3847656250 -7613.0180664062 1 2 3 5 6 10 11 12 14 15 18 19 20 22 25 28 29 31 32 43 48 21_596.cif 
1.3857421874 -7613.0170898438 1 3 4 6 8 11 14 15 18 19 20 22 23 25 26 33 37 40 41 43 52 21_597.cif 
1.3891601562 -7613.0136718750 2 3 5 6 7 8 9 10 11 12 14 22 23 24 26 31 40 42 43 44 60 21_598.cif 
1.3896484374 -7613.0131835938 1 2 5 8 9 14 15 16 18 20 23 24 26 28 29 34 35 40 43 44 46 21_599.cif 
1.3911132812 -7613.0117187500 1 3 4 7 8 11 12 14 17 19 20 23 26 29 30 33 35 37 40 41 43 21_600.cif 
1.3920898437 -7613.0107421875 1 3 6 8 11 15 16 17 18 20 21 22 23 27 28 34 36 39 44 45 54 21_601.cif 
1.3935546874 -7613.0092773438 1 2 5 7 9 10 12 13 14 16 17 19 20 24 27 33 34 37 43 46 55 21_602.cif 
1.3955078124 -7613.0073242188 1 3 4 5 6 7 8 10 12 13 17 18 19 20 24 35 42 43 44 47 54 21_603.cif 
1.3974609374 -7613.0053710938 2 6 9 10 11 12 13 14 15 18 20 21 29 32 34 36 39 40 41 44 48 21_604.cif 
1.3979492187 -7613.0048828125 1 2 3 6 15 16 17 18 19 20 22 24 25 26 28 30 31 34 35 39 40 21_605.cif 
1.4018554687 -7613.0009765625 1 2 3 5 7 9 11 13 15 16 17 20 21 27 28 30 32 35 39 46 49 21_606.cif 
1.4033203124 -7612.9995117188 3 4 6 7 11 12 13 15 17 18 21 22 23 25 28 33 34 37 42 48 57 21_607.cif 
1.4042968750 -7612.9985351562 1 4 6 7 9 13 14 15 16 19 21 22 24 25 30 32 34 37 39 40 47 21_608.cif 
1.4057617187 -7612.9970703125 1 3 4 5 6 9 10 11 12 13 18 22 23 26 31 33 36 38 44 45 56 21_609.cif 
1.4072265624 -7612.9956054688 1 4 5 7 8 9 10 12 13 19 20 21 22 24 26 27 33 40 42 47 57 21_610.cif 
1.4082031250 -7612.9946289062 2 3 5 8 9 11 12 13 17 18 19 22 24 25 34 36 38 39 40 47 48 21_611.cif 
1.4091796874 -7612.9936523438 1 3 4 8 9 10 12 13 14 15 16 18 20 23 31 33 35 36 37 38 57 21_612.cif 
1.4096679687 -7612.9931640625 1 2 3 4 5 6 7 8 12 14 20 22 27 28 29 31 32 38 40 44 46 21_613.cif 
1.4111328124 -7612.9916992188 3 4 5 8 10 11 12 18 19 20 21 24 26 27 34 35 36 37 43 46 60 21_614.cif 
1.4130859374 -7612.9897460938 1 2 3 4 5 7 11 12 13 15 21 22 25 27 31 35 37 38 42 43 45 21_615.cif 
1.4135742187 -7612.9892578125 3 9 10 11 12 13 14 15 16 20 21 23 24 25 30 36 40 43 44 46 51 21_616.cif 
1.4155273437 -7612.9873046875 1 2 3 4 5 9 10 11 12 14 16 17 18 22 23 36 44 45 47 58 60 21_617.cif 
1.4165039062 -7612.9863281250 1 2 5 7 9 10 11 14 15 16 21 24 25 29 31 32 38 39 44 45 47 21_618.cif 
1.4174804687 -7612.9853515625 1 2 5 6 7 11 13 14 15 17 20 21 26 28 29 30 32 34 35 38 42 21_619.cif 
1.4179687500 -7612.9848632812 1 2 8 9 10 14 15 18 19 22 23 24 31 32 34 35 37 40 41 42 47 21_620.cif 
1.4189453124 -7612.9838867188 1 2 6 7 9 10 11 12 13 17 18 20 23 26 27 29 32 40 41 46 56 21_621.cif 
1.4213867187 -7612.9814453125 1 2 3 6 8 9 12 14 15 16 17 18 24 27 28 31 32 33 34 35 58 21_622.cif 
1.4233398437 -7612.9794921875 1 3 4 5 7 10 11 16 17 20 21 23 25 26 33 36 37 40 43 44 47 21_623.cif 
1.4238281250 -7612.9790039062 1 2 3 5 7 9 11 12 13 14 16 17 20 23 29 30 34 38 43 44 56 21_624.cif 
1.4306640624 -7612.9721679688 5 6 8 10 11 12 14 16 17 19 20 21 23 24 25 29 31 36 42 45 50 21_625.cif 
1.4331054687 -7612.9697265625 1 5 6 9 10 11 14 15 16 20 21 22 23 27 28 34 37 41 42 48 52 21_626.cif 
1.4335937500 -7612.9692382812 3 4 6 8 9 12 13 14 15 17 18 19 21 23 25 29 30 37 39 42 48 21_627.cif 
1.4375000000 -7612.9653320312 1 2 4 5 7 9 10 12 13 14 15 17 20 23 25 31 33 45 46 47 60 21_628.cif 
1.4384765624 -7612.9643554688 2 3 4 7 8 9 10 11 14 17 18 20 23 26 30 31 36 37 39 43 51 21_629.cif 
1.4404296874 -7612.9624023438 2 4 5 7 10 11 13 14 15 18 20 21 25 26 27 28 32 34 41 48 59 21_630.cif 
1.4443359374 -7612.9584960938 4 8 10 11 12 13 14 15 16 18 20 21 23 27 31 36 37 39 41 45 56 21_631.cif 
1.4472656250 -7612.9555664062 2 6 7 8 9 15 16 17 19 20 21 22 23 24 25 29 30 42 46 51 52 21_632.cif 
1.4497070312 -7612.9531250000 1 5 7 8 11 12 13 14 16 17 18 19 21 23 27 29 30 31 37 47 59 21_633.cif 
1.4521484374 -7612.9506835938 1 2 3 6 7 15 16 19 20 21 22 23 27 32 35 37 38 42 44 46 51 21_634.cif 
1.4531250000 -7612.9497070312 3 5 6 7 9 10 11 12 13 15 17 18 23 25 27 32 33 34 40 42 55 21_635.cif 
1.4555664062 -7612.9472656250 1 2 3 4 5 6 8 9 11 13 15 18 21 22 26 29 30 31 44 49 58 21_636.cif 
1.4560546874 -7612.9467773438 1 2 3 4 6 7 8 9 10 12 16 23 24 25 27 33 35 38 42 44 49 21_637.cif 
1.4580078124 -7612.9448242188 2 3 7 9 12 14 15 16 17 18 19 22 25 29 34 35 41 42 43 45 47 21_638.cif 
1.4589843750 -7612.9438476562 4 5 7 8 9 10 12 16 20 21 22 24 25 30 31 33 35 37 40 42 48 21_639.cif 
1.4609375000 -7612.9418945312 3 6 7 9 12 15 16 17 18 19 20 22 23 28 30 33 34 36 47 48 56 21_640.cif 
1.4614257812 -7612.9414062500 2 4 6 9 10 11 12 13 15 16 17 21 24 30 31 33 34 36 42 47 60 21_641.cif 
1.4643554687 -7612.9384765625 4 5 7 8 10 11 12 13 16 17 21 24 26 27 30 39 43 44 45 47 50 21_642.cif 
1.4697265624 -7612.9331054688 1 2 3 4 5 7 9 10 11 13 19 23 25 32 36 39 40 42 45 46 52 21_643.cif 
1.4721679687 -7612.9306640625 1 2 3 4 8 9 16 17 18 20 22 23 25 26 29 33 36 40 43 46 56 21_644.cif 
1.4804687500 -7612.9223632812 1 7 11 13 14 16 17 18 19 20 21 22 24 25 31 36 37 42 43 44 47 21_645.cif 
1.4814453124 -7612.9213867188 1 5 6 7 8 9 10 11 12 13 14 15 16 19 23 24 27 32 38 54 55 21_646.cif 
1.4868164062 -7612.9160156250 1 4 5 6 9 11 13 14 16 18 19 21 25 30 34 38 40 41 42 45 48 21_647.cif 
1.4877929687 -7612.9150390625 1 2 4 5 6 12 14 17 19 20 21 23 26 29 35 37 40 41 43 44 60 21_648.cif 
1.4907226562 -7612.9121093750 3 4 5 7 8 9 12 13 14 16 20 21 28 29 31 33 34 37 40 43 48 21_649.cif 
1.4912109374 -7612.9116210938 1 2 3 10 11 12 15 16 17 21 23 24 25 27 31 32 34 35 42 44 46 21_650.cif 
1.4921875000 -7612.9106445312 1 3 5 8 10 13 14 15 17 19 21 22 23 27 29 30 32 38 40 42 48 21_651.cif 
1.4926757812 -7612.9101562500 1 2 8 9 10 11 12 13 14 17 18 20 22 30 31 32 35 36 41 42 43 21_652.cif 
1.4936523437 -7612.9091796875 1 4 10 11 12 14 15 16 17 18 21 22 24 25 28 35 36 38 44 45 50 21_653.cif 
1.4946289062 -7612.9082031250 1 3 5 7 9 10 11 12 13 16 17 20 22 25 28 29 31 35 38 44 50 21_654.cif 
1.4951171874 -7612.9077148438 1 4 7 8 9 10 12 13 14 15 18 20 22 24 26 28 29 30 32 42 47 21_655.cif 
1.4960937500 -7612.9067382812 3 4 6 7 8 9 10 11 14 15 17 18 22 24 30 42 43 45 46 53 56 21_656.cif 
1.4965820312 -7612.9062500000 1 4 6 9 11 12 13 18 19 20 21 22 24 27 29 31 33 40 43 46 49 21_657.cif 
1.4990234374 -7612.9038085938 3 4 5 9 10 11 12 13 14 18 19 22 26 27 31 33 38 44 45 46 56 21_658.cif 
1.5053710937 -7612.8974609375 2 3 5 6 7 8 9 12 14 15 17 20 21 22 28 30 35 40 47 50 55 21_659.cif 
1.5092773437 -7612.8935546875 1 2 5 6 13 16 17 18 19 20 21 22 23 26 28 30 31 33 39 45 59 21_660.cif 
1.5102539062 -7612.8925781250 1 4 5 7 9 14 15 16 18 19 22 23 24 28 29 32 34 38 45 47 59 21_661.cif 
1.5117187500 -7612.8911132812 1 2 3 8 10 13 14 15 16 18 19 20 23 24 26 32 33 38 39 43 56 21_662.cif 
1.5131835937 -7612.8896484375 1 4 5 6 7 8 12 17 19 20 21 22 23 29 32 38 39 40 41 44 52 21_663.cif 
1.5170898437 -7612.8857421875 1 2 3 4 5 8 9 10 20 21 23 24 27 28 31 32 33 38 42 46 51 21_664.cif 
1.5195312500 -7612.8833007812 2 3 5 6 9 13 15 17 18 19 20 22 24 28 29 36 39 43 46 48 59 21_665.cif 
1.5224609374 -7612.8803710938 1 2 5 7 8 11 13 14 15 16 17 19 23 25 27 29 32 33 36 48 52 21_666.cif 
1.5273437500 -7612.8754882812 1 8 9 11 12 13 14 15 18 19 21 23 25 26 27 29 34 37 39 43 48 21_667.cif 
1.5278320312 -7612.8750000000 4 5 6 7 8 10 12 13 14 15 16 21 22 24 27 28 29 34 37 42 52 21_668.cif 
1.5283203124 -7612.8745117188 2 4 5 7 13 14 16 17 19 20 21 22 23 30 33 35 39 41 42 46 55 21_669.cif 
1.5312500000 -7612.8715820312 5 8 10 11 12 16 17 18 19 20 23 26 30 33 35 36 39 41 43 46 47 21_670.cif 
1.5341796874 -7612.8686523438 1 5 6 8 9 11 14 15 16 18 21 24 25 27 30 34 35 42 43 44 47 21_671.cif 
1.5366210937 -7612.8662109375 1 3 6 8 10 12 13 14 16 20 21 22 24 29 35 38 39 40 41 44 47 21_672.cif 
1.5415039062 -7612.8613281250 2 5 8 9 10 11 12 13 16 17 18 20 21 23 30 35 37 41 44 48 60 21_673.cif 
1.5424804687 -7612.8603515625 1 2 5 8 9 10 11 14 15 16 17 21 22 23 24 39 41 44 48 56 59 21_674.cif 
1.5429687500 -7612.8598632812 1 2 3 6 7 9 10 16 18 19 20 21 23 25 29 34 35 38 43 45 52 21_675.cif 
1.5434570312 -7612.8593750000 1 2 4 6 7 10 11 12 18 19 20 21 22 23 25 28 29 41 47 49 60 21_676.cif 
1.5458984374 -7612.8569335938 1 2 3 6 8 9 10 11 12 13 15 16 22 25 27 32 37 43 46 48 60 21_677.cif 
1.5483398437 -7612.8544921875 1 2 3 4 8 10 12 14 15 20 24 25 28 29 30 31 33 34 43 44 47 21_678.cif 
1.5488281250 -7612.8540039062 1 2 3 7 10 11 12 13 14 17 20 22 23 25 27 31 42 43 45 48 49 21_679.cif 
1.5502929687 -7612.8525390625 1 5 7 10 11 15 17 18 19 20 22 24 27 29 32 34 35 37 40 46 49 21_680.cif 
1.5551757812 -7612.8476562500 2 6 8 9 11 12 13 14 15 16 17 18 22 27 37 38 39 40 41 45 51 21_681.cif 
1.5620117187 -7612.8408203125 1 2 4 5 6 7 10 11 13 17 18 19 22 24 25 27 33 37 45 49 60 21_682.cif 
1.5629882812 -7612.8398437500 3 7 9 10 11 12 14 15 19 20 22 24 26 27 28 30 33 34 40 41 57 21_683.cif 
1.5649414062 -7612.8378906250 4 5 10 13 14 15 17 18 19 21 28 31 32 34 35 36 40 42 44 45 46 21_684.cif 
1.5668945312 -7612.8359375000 3 5 7 9 10 11 15 16 18 20 21 22 23 24 28 30 34 35 40 51 53 21_685.cif 
1.5673828124 -7612.8354492188 4 7 8 9 11 12 13 15 18 21 23 24 26 29 30 31 33 34 40 47 57 21_686.cif 
1.5693359374 -7612.8334960938 1 2 5 6 9 10 12 14 15 16 23 27 28 30 31 34 37 39 44 46 48 21_687.cif 
1.5712890624 -7612.8315429688 1 2 4 7 9 10 11 15 17 18 21 23 25 29 34 36 38 40 41 46 54 21_688.cif 
1.5732421874 -7612.8295898438 1 2 3 4 8 9 10 14 16 18 19 20 23 26 28 30 37 39 41 43 55 21_689.cif 
1.5742187500 -7612.8286132812 1 3 4 8 9 10 11 13 17 18 20 22 29 31 32 39 41 43 46 47 48 21_690.cif 
1.5751953124 -7612.8276367188 2 3 4 6 9 10 11 12 14 17 19 21 22 24 27 30 35 37 46 54 57 21_691.cif 
1.5766601562 -7612.8261718750 2 3 7 8 13 14 15 16 17 20 22 23 27 31 33 35 40 42 44 45 49 21_692.cif 
1.5810546874 -7612.8217773438 2 3 4 5 7 9 13 16 17 19 20 21 24 26 27 32 33 39 40 48 55 21_693.cif 
1.5815429687 -7612.8212890625 3 5 6 7 8 10 14 15 17 19 21 30 32 35 36 38 39 40 44 46 47 21_694.cif 
1.5820312500 -7612.8208007812 3 10 11 14 15 16 17 18 20 22 23 30 33 34 38 39 40 43 44 46 47 21_695.cif 
1.5825195312 -7612.8203125000 1 2 5 6 7 8 11 12 13 17 19 20 21 27 34 35 37 42 43 45 57 21_696.cif 
1.5830078124 -7612.8198242188 3 4 7 9 10 12 13 19 20 21 22 23 24 27 28 29 31 39 46 48 51 21_697.cif 
1.5888671874 -7612.8139648438 1 2 3 5 7 8 11 12 13 19 20 24 26 27 28 30 33 34 39 41 51 21_698.cif 
1.5898437500 -7612.8129882812 2 4 5 6 7 12 13 14 15 16 19 20 23 24 29 31 36 37 39 45 50 21_699.cif 
1.5903320312 -7612.8125000000 2 3 4 5 7 12 14 15 18 19 21 22 29 33 34 35 36 38 40 44 55 21_700.cif 
1.5913085937 -7612.8115234375 1 2 6 9 10 11 14 15 17 18 21 22 24 25 28 33 35 42 44 45 55 21_701.cif 
1.5937500000 -7612.8090820312 2 5 7 8 9 12 15 17 18 19 21 23 24 26 29 30 36 39 46 48 55 21_702.cif 
1.5952148437 -7612.8076171875 1 2 3 4 7 11 12 13 14 21 22 23 24 26 28 30 33 37 42 48 49 21_703.cif 
1.5976562500 -7612.8051757812 1 2 4 7 8 9 13 14 15 18 21 22 27 28 31 33 34 38 42 45 49 21_704.cif 
1.6005859374 -7612.8022460938 1 3 4 6 7 9 10 11 13 14 18 23 26 28 34 39 40 41 43 44 54 21_705.cif 
1.6020507812 -7612.8007812500 1 2 7 8 11 12 17 20 23 24 27 29 33 35 36 37 38 41 42 46 47 21_706.cif 
1.6044921874 -7612.7983398438 2 3 6 9 10 14 16 17 19 20 22 23 25 26 29 31 41 42 46 47 48 21_707.cif 
1.6064453124 -7612.7963867188 3 6 7 8 9 11 12 13 16 18 19 20 21 24 27 32 35 36 37 56 60 21_708.cif 
1.6137695312 -7612.7890625000 1 2 5 7 10 11 13 16 17 19 20 21 24 26 32 33 35 39 40 42 60 21_709.cif 
1.6157226562 -7612.7871093750 1 4 7 10 13 14 16 17 18 19 20 22 23 28 30 34 35 41 42 44 52 21_710.cif 
1.6162109374 -7612.7866210938 2 4 5 7 8 9 12 15 17 20 21 24 28 29 32 36 38 40 41 45 51 21_711.cif 
1.6186523437 -7612.7841796875 1 5 6 7 8 9 10 17 18 20 23 25 27 29 31 33 36 38 41 43 46 21_712.cif 
1.6245117187 -7612.7783203125 1 2 7 10 11 14 15 17 18 19 20 22 23 24 25 37 41 44 46 52 55 21_713.cif 
1.6289062500 -7612.7739257812 1 4 5 7 10 12 16 17 18 19 22 27 28 30 33 34 38 39 41 44 47 21_714.cif 
1.6298828124 -7612.7729492188 1 2 3 4 7 9 11 12 13 14 18 24 26 30 31 37 40 41 46 47 51 21_715.cif 
1.6308593750 -7612.7719726562 1 3 4 7 9 11 12 13 19 20 25 28 32 34 36 38 41 44 45 46 47 21_716.cif 
1.6313476562 -7612.7714843750 1 3 4 5 7 8 10 11 12 14 19 20 21 23 26 30 35 44 46 49 56 21_717.cif 
1.6328125000 -7612.7700195312 2 9 10 11 12 15 16 18 20 21 23 24 25 26 29 32 37 40 45 46 50 21_718.cif 
1.6406250000 -7612.7622070312 1 4 5 7 8 10 12 15 16 18 21 25 29 31 33 35 38 39 42 43 47 21_719.cif 
1.6455078124 -7612.7573242188 5 6 7 8 11 13 15 16 17 18 19 22 23 32 35 37 38 41 42 44 55 21_720.cif 
1.6459960937 -7612.7568359375 1 4 5 6 9 10 11 14 15 19 21 22 24 28 30 34 38 41 42 59 60 21_721.cif 
1.6484375000 -7612.7543945312 1 3 4 8 9 10 11 13 14 15 16 19 22 33 35 36 38 41 46 48 49 21_722.cif 
1.6567382812 -7612.7460937500 2 3 5 7 9 12 14 15 17 18 19 21 23 24 31 35 41 46 47 48 50 21_723.cif 
1.6606445312 -7612.7421875000 2 4 6 7 8 9 13 14 18 19 22 29 30 32 36 39 40 41 42 46 47 21_724.cif 
1.6621093750 -7612.7407226562 3 4 5 7 9 10 11 12 13 17 18 19 23 24 25 29 37 41 47 48 53 21_725.cif 
1.6635742187 -7612.7392578125 2 4 7 8 9 11 12 13 15 17 21 23 25 33 34 36 38 39 42 43 59 21_726.cif 
1.6640625000 -7612.7387695312 1 2 3 6 7 9 11 12 14 18 22 25 27 30 33 38 39 43 45 46 56 21_727.cif 
1.6650390624 -7612.7377929688 2 4 6 7 8 9 10 12 16 17 19 20 22 28 30 31 32 43 45 46 58 21_728.cif 
1.6689453124 -7612.7338867188 2 4 5 6 11 13 14 15 16 17 18 19 20 21 23 24 29 45 52 56 58 21_729.cif 
1.6694335937 -7612.7333984375 1 4 7 10 11 12 14 17 19 21 23 24 27 34 35 37 40 42 46 47 50 21_730.cif 
1.6713867187 -7612.7314453125 1 2 4 8 9 10 15 17 18 19 23 24 25 26 29 32 34 35 38 46 57 21_731.cif 
1.6723632812 -7612.7304687500 1 5 8 9 11 12 14 15 16 17 19 21 25 27 31 35 37 42 44 48 57 21_732.cif 
1.6743164062 -7612.7285156250 2 3 4 6 8 9 11 12 13 20 22 24 32 33 37 39 41 46 47 48 49 21_733.cif 
1.6748046874 -7612.7280273438 3 5 6 13 14 15 16 17 18 19 20 21 22 25 28 37 38 42 45 47 54 21_734.cif 
1.6777343750 -7612.7250976562 1 3 4 6 8 9 12 13 15 16 20 22 24 25 29 36 39 41 44 46 53 21_735.cif 
1.6791992187 -7612.7236328125 2 5 8 9 10 12 14 15 16 21 23 26 27 30 32 33 36 41 43 45 56 21_736.cif 
1.6826171874 -7612.7202148438 4 5 6 7 8 11 12 15 20 21 24 29 30 31 32 33 34 40 43 46 60 21_737.cif 
1.6831054687 -7612.7197265625 1 2 3 7 8 11 12 15 19 20 21 22 28 29 30 37 39 41 42 45 47 21_738.cif 
1.6845703124 -7612.7182617188 1 3 4 5 10 11 14 15 16 18 19 21 24 30 33 34 35 37 38 54 57 21_739.cif 
1.6865234374 -7612.7163085938 1 5 6 7 8 9 10 11 14 19 23 24 30 32 34 37 38 39 41 47 57 21_740.cif 
1.6899414062 -7612.7128906250 5 6 7 8 11 16 17 18 20 21 22 23 27 31 32 34 36 41 44 45 58 21_741.cif 
1.6997070312 -7612.7031250000 1 3 4 8 12 13 14 15 17 19 20 21 25 27 28 29 30 34 40 46 60 21_742.cif 
1.7045898437 -7612.6982421875 1 2 5 7 8 9 10 12 15 20 21 22 28 31 33 35 40 42 44 46 57 21_743.cif 
1.7109375000 -7612.6918945312 1 5 7 8 9 14 15 17 18 21 22 23 29 32 38 40 42 43 44 46 52 21_744.cif 
1.7158203124 -7612.6870117188 2 5 7 9 10 11 12 13 14 15 19 22 24 27 30 31 32 39 42 43 58 21_745.cif 
1.7187500000 -7612.6840820312 1 4 5 6 9 10 11 14 17 19 22 24 27 28 30 31 33 35 38 39 52 21_746.cif 
1.7211914062 -7612.6816406250 1 2 5 6 7 9 12 13 15 17 18 20 24 28 32 33 34 38 41 44 58 21_747.cif 
1.7280273437 -7612.6748046875 2 3 4 6 7 8 9 12 14 17 18 22 23 25 32 37 38 39 41 45 55 21_748.cif 
1.7329101562 -7612.6699218750 1 2 3 5 6 7 8 9 11 18 23 30 31 34 35 38 42 43 44 45 55 21_749.cif 
1.7368164062 -7612.6660156250 2 3 4 5 6 7 9 11 13 16 24 27 29 31 32 33 38 39 42 43 47 21_750.cif 
1.7397460937 -7612.6630859375 1 2 4 5 6 7 8 13 16 18 21 24 31 32 33 36 39 41 44 45 50 21_751.cif 
1.7412109374 -7612.6616210938 1 2 4 5 8 18 19 20 22 23 24 27 29 32 35 38 40 41 44 45 55 21_752.cif 
1.7421875000 -7612.6606445312 1 3 5 6 8 9 10 12 14 15 18 20 23 25 29 34 40 43 46 54 60 21_753.cif 
1.7431640624 -7612.6596679688 1 2 3 7 8 9 14 15 16 22 25 31 32 35 36 40 41 44 46 47 48 21_754.cif 
1.7436523437 -7612.6591796875 1 2 3 6 11 13 15 16 17 18 20 21 26 27 28 32 36 43 45 46 58 21_755.cif 
1.7485351562 -7612.6542968750 1 2 4 7 8 9 10 20 21 23 24 29 31 36 38 40 42 44 46 47 49 21_756.cif 
1.7495117187 -7612.6533203125 8 9 10 12 13 14 15 17 19 22 23 24 29 30 42 43 45 46 47 48 55 21_757.cif 
1.7563476562 -7612.6464843750 1 2 4 5 6 9 12 13 18 19 21 24 31 32 34 37 39 41 45 46 60 21_758.cif 
1.7568359374 -7612.6459960938 1 2 5 6 9 10 13 14 15 16 18 26 27 28 29 30 31 32 43 45 49 21_759.cif 
1.7592773437 -7612.6435546875 2 3 4 10 13 16 18 19 20 21 22 23 24 26 32 34 39 43 47 55 57 21_760.cif 
1.7700195312 -7612.6328125000 1 2 3 7 8 9 10 11 14 18 21 23 25 26 29 32 35 41 42 47 55 21_761.cif 
1.7812500000 -7612.6215820312 2 4 6 9 10 12 13 14 15 17 18 20 21 24 26 39 40 44 46 52 60 21_762.cif 
1.7817382812 -7612.6210937500 1 2 6 7 9 10 11 13 15 19 20 21 24 26 29 30 32 42 44 47 59 21_763.cif 
1.7934570312 -7612.6093750000 4 5 6 8 9 10 14 15 16 18 22 23 24 29 30 38 43 44 45 59 60 21_764.cif 
1.7949218750 -7612.6079101562 3 7 8 9 11 14 16 17 18 19 20 21 22 25 29 35 42 44 48 52 54 21_765.cif 
1.8012695312 -7612.6015625000 1 4 5 6 8 9 10 11 13 15 16 17 19 27 32 33 37 44 45 47 52 21_766.cif 
1.8017578124 -7612.6010742188 2 5 6 9 12 14 15 20 22 24 26 28 31 32 34 39 41 43 44 45 47 21_767.cif 
1.8120117187 -7612.5908203125 3 4 5 6 9 11 14 18 19 20 21 25 27 32 34 35 36 38 40 48 59 21_768.cif 
1.8125000000 -7612.5903320312 1 2 4 5 6 7 9 10 13 17 18 22 25 28 29 35 36 38 44 48 57 21_769.cif 
1.8203125000 -7612.5825195312 2 5 6 8 10 11 12 15 20 21 22 23 31 34 35 36 41 42 48 49 52 21_770.cif 
1.8217773437 -7612.5810546875 1 2 3 6 10 13 19 22 23 24 25 27 30 33 35 37 38 43 44 46 47 21_771.cif 
1.8227539062 -7612.5800781250 2 3 4 7 8 10 11 16 18 19 21 22 24 25 30 32 33 39 48 53 54 21_772.cif 
1.8232421874 -7612.5795898438 1 3 4 6 7 8 10 16 20 22 24 25 27 31 34 39 41 44 45 48 52 21_773.cif 
1.8281250000 -7612.5747070312 2 4 5 8 9 11 14 15 20 21 22 26 29 30 34 38 39 40 44 45 60 21_774.cif 
1.8320312500 -7612.5708007812 2 6 7 10 11 12 13 16 17 18 19 25 27 29 30 33 39 40 46 47 53 21_775.cif 
1.8325195312 -7612.5703125000 1 2 5 12 15 17 18 20 21 22 23 28 29 31 35 36 38 42 45 48 49 21_776.cif 
1.8413085937 -7612.5615234375 1 3 6 10 11 12 13 14 17 18 20 23 24 27 29 30 31 33 40 42 47 21_777.cif 
1.8442382812 -7612.5585937500 4 5 6 7 8 9 10 11 12 13 14 17 18 19 28 29 34 44 53 58 59 21_778.cif 
1.8471679687 -7612.5556640625 1 2 5 6 9 11 15 17 18 21 23 24 28 29 31 37 38 42 47 48 55 21_779.cif 
1.8510742187 -7612.5517578125 1 5 7 10 12 13 15 16 18 20 21 24 26 29 30 33 37 43 47 48 57 21_780.cif 
1.8535156250 -7612.5493164062 4 7 8 9 10 12 14 15 16 17 18 24 26 29 33 37 39 40 45 47 60 21_781.cif 
1.8559570312 -7612.5468750000 1 2 5 6 8 9 11 12 13 16 23 29 30 33 36 37 38 39 42 47 53 21_782.cif 
1.8613281250 -7612.5415039062 1 4 7 9 10 12 13 17 19 22 24 29 30 31 32 36 37 43 45 48 59 21_783.cif 
1.8623046874 -7612.5405273438 1 3 5 9 11 14 15 17 18 19 20 21 23 30 31 35 39 41 43 46 54 21_784.cif 
1.8632812500 -7612.5395507812 2 3 4 7 10 12 14 16 19 21 22 29 31 32 34 35 37 39 42 48 59 21_785.cif 
1.8647460937 -7612.5380859375 2 4 6 9 10 12 15 16 17 18 20 21 22 24 26 31 36 38 43 54 56 21_786.cif 
1.8686523437 -7612.5341796875 2 8 9 11 12 14 15 17 20 21 24 25 27 29 34 35 38 41 46 48 58 21_787.cif 
1.8730468750 -7612.5297851562 2 6 7 8 9 10 12 15 17 18 19 21 23 24 26 27 31 37 45 55 59 21_788.cif 
1.8803710937 -7612.5224609375 2 3 4 5 6 9 11 15 17 19 20 21 22 35 38 39 40 41 46 47 50 21_789.cif 
1.8833007812 -7612.5195312500 2 6 8 9 10 17 19 20 21 22 23 24 27 28 33 35 37 38 41 44 49 21_790.cif 
1.8891601562 -7612.5136718750 2 4 6 12 13 14 16 17 18 20 21 22 32 33 34 39 41 43 47 57 60 21_791.cif 
1.8930664062 -7612.5097656250 2 5 6 7 8 9 11 12 14 18 20 23 26 27 31 32 33 38 41 42 58 21_792.cif 
1.8955078124 -7612.5073242188 2 3 4 5 6 7 9 12 19 21 22 23 24 27 30 34 41 42 48 51 57 21_793.cif 
1.8984375000 -7612.5043945312 1 2 3 4 8 9 10 12 18 19 20 23 24 28 32 35 36 45 46 49 58 21_794.cif 
1.8999023437 -7612.5029296875 3 4 6 10 15 16 17 18 20 21 22 23 30 31 34 38 39 46 48 50 56 21_795.cif 
1.9013671874 -7612.5014648438 1 2 4 5 9 11 12 13 14 17 18 20 21 25 27 30 36 46 47 54 56 21_796.cif 
1.9082031250 -7612.4946289062 1 3 6 7 9 10 12 16 17 20 22 27 31 33 34 35 36 41 42 44 54 21_797.cif 
1.9111328124 -7612.4916992188 3 5 7 9 10 13 14 15 18 19 20 21 24 25 26 29 31 38 40 48 58 21_798.cif 
1.9135742187 -7612.4892578125 1 3 4 5 8 9 10 11 12 14 16 19 27 37 38 39 40 42 44 56 59 21_799.cif 
1.9140625000 -7612.4887695312 1 2 3 4 6 8 9 15 17 18 22 24 27 28 30 33 36 43 44 50 53 21_800.cif 
1.9223632812 -7612.4804687500 1 2 5 6 9 13 14 15 17 18 19 24 26 27 30 31 34 37 39 41 57 21_801.cif 
1.9355468750 -7612.4672851562 2 6 8 9 11 12 14 17 19 20 22 28 29 33 34 37 38 41 45 46 48 21_802.cif 
1.9428710937 -7612.4599609375 2 6 7 8 13 17 21 22 23 24 25 27 29 30 32 34 41 42 43 47 49 21_803.cif 
1.9467773437 -7612.4560546875 1 2 6 7 9 10 12 13 17 19 22 24 30 32 34 35 39 43 45 49 53 21_804.cif 
1.9594726562 -7612.4433593750 4 8 10 11 13 14 16 18 19 20 22 23 26 29 36 38 39 45 46 51 60 21_805.cif 
1.9638671874 -7612.4389648438 1 2 3 5 6 8 10 12 13 14 15 17 19 26 30 33 41 42 43 48 55 21_806.cif 
1.9658203124 -7612.4370117188 2 3 5 6 10 13 15 17 18 21 22 26 28 30 32 34 35 39 46 47 58 21_807.cif 
1.9682617187 -7612.4345703125 5 10 14 15 16 18 20 21 22 23 27 30 31 32 33 35 38 40 43 45 50 21_808.cif 
1.9721679687 -7612.4306640625 2 4 5 6 7 9 11 13 15 17 19 20 23 27 33 38 39 41 45 46 51 21_809.cif 
1.9736328124 -7612.4291992188 2 3 5 6 7 10 12 14 16 19 21 22 23 27 29 30 33 46 48 51 57 21_810.cif 
1.9770507812 -7612.4257812500 1 3 4 5 6 10 12 14 15 19 22 24 25 31 32 39 44 46 47 56 58 21_811.cif 
2.0019531250 -7612.4008789062 1 2 3 5 6 7 9 10 18 20 23 24 26 28 30 31 35 41 45 53 54 21_812.cif 
2.0063476562 -7612.3964843750 1 2 3 7 8 9 10 11 17 19 20 21 22 23 31 34 36 39 49 55 58 21_813.cif 
2.0131835937 -7612.3896484375 4 6 8 10 11 14 16 18 20 22 24 27 28 30 32 33 37 40 41 44 49 21_814.cif 
2.0141601562 -7612.3886718750 2 4 5 10 12 16 18 19 20 21 24 28 29 30 33 34 38 39 43 48 49 21_815.cif 
2.0156250000 -7612.3872070312 4 6 7 9 10 12 13 16 18 19 20 22 23 29 34 42 44 46 48 50 57 21_816.cif 
2.0190429687 -7612.3837890625 2 3 5 6 7 8 9 10 12 13 18 20 21 29 38 40 41 43 44 53 54 21_817.cif 
2.0288085937 -7612.3740234375 2 4 7 10 11 13 16 18 20 21 23 24 27 32 37 39 44 45 48 53 58 21_818.cif 
2.0371093750 -7612.3657226562 3 4 6 8 9 11 13 14 15 17 21 22 24 26 32 37 39 40 41 56 60 21_819.cif 
2.0380859374 -7612.3647460938 2 3 5 6 7 8 10 12 14 15 18 19 22 24 31 35 41 44 52 53 60 21_820.cif 
2.0581054687 -7612.3447265625 2 6 7 10 12 15 18 19 21 22 23 27 29 36 38 41 42 43 44 47 56 21_821.cif 
2.0678710937 -7612.3349609375 1 4 7 10 11 12 13 14 15 20 21 26 27 30 34 37 38 40 44 45 56 21_822.cif 
2.0888671874 -7612.3139648438 1 3 4 7 11 13 14 16 20 22 25 27 30 31 35 36 39 42 44 45 53 21_823.cif 
2.0971679687 -7612.3056640625 1 2 6 8 11 12 15 17 22 23 24 26 28 29 32 38 40 46 47 53 57 21_824.cif 
2.1030273437 -7612.2998046875 1 2 3 5 6 14 15 16 20 23 27 30 33 35 37 41 42 43 44 45 58 21_825.cif 
2.1079101562 -7612.2949218750 1 2 3 8 9 14 15 22 24 25 28 30 31 32 33 36 37 39 42 45 59 21_826.cif 
2.1162109374 -7612.2866210938 2 3 4 5 7 9 17 20 21 22 30 33 34 36 37 40 41 43 44 47 59 21_827.cif 
2.1201171874 -7612.2827148438 1 3 6 7 10 11 18 19 21 23 24 25 26 27 33 36 37 42 44 47 50 21_828.cif 
2.1240234374 -7612.2788085938 1 2 3 4 5 7 9 10 11 12 15 16 19 22 34 42 44 47 55 56 59 21_829.cif 
2.1279296874 -7612.2749023438 3 6 7 8 9 11 12 13 14 15 20 21 22 35 36 38 40 44 47 50 59 21_830.cif 
2.1308593750 -7612.2719726562 2 3 7 9 14 16 17 20 21 22 23 25 32 36 39 40 42 46 47 59 60 21_831.cif 
2.1367187500 -7612.2661132812 1 3 5 7 10 12 13 16 19 20 21 22 23 24 25 27 32 41 52 53 60 21_832.cif 
2.1430664062 -7612.2597656250 5 6 7 9 10 12 13 14 15 18 20 21 24 28 34 39 46 47 48 52 57 21_833.cif 
2.1435546874 -7612.2592773438 2 4 6 8 9 12 13 15 22 23 24 29 32 33 34 37 40 43 44 46 52 21_834.cif 
2.1445312500 -7612.2583007812 1 3 4 7 8 9 10 12 19 22 24 25 28 31 32 42 46 47 48 52 55 21_835.cif 
2.1538085937 -7612.2490234375 1 2 3 5 9 10 11 12 13 17 19 20 24 25 27 29 33 34 41 58 60 21_836.cif 
2.1567382812 -7612.2460937500 2 3 8 9 10 13 15 16 18 19 23 24 25 28 36 43 44 45 46 51 53 21_837.cif 
2.1582031250 -7612.2446289062 1 2 3 6 7 8 9 11 13 17 21 23 24 27 29 31 32 46 57 58 59 21_838.cif 
2.1914062500 -7612.2114257812 4 5 6 8 11 13 14 20 21 22 23 24 33 34 36 37 38 41 42 44 48 21_839.cif 
2.1972656250 -7612.2055664062 1 2 4 5 6 8 9 15 17 19 21 26 31 35 36 40 41 46 47 48 49 21_840.cif 
2.2050781250 -7612.1977539062 1 7 9 10 13 14 17 18 19 20 24 25 26 28 30 33 38 44 46 47 54 21_841.cif 
2.2158203124 -7612.1870117188 4 6 9 10 12 13 16 18 19 20 22 25 26 30 39 41 43 45 47 49 55 21_842.cif 
2.2167968750 -7612.1860351562 1 5 7 9 14 15 16 17 21 22 26 27 30 35 37 40 43 45 46 47 49 21_843.cif 
2.2319335937 -7612.1708984375 3 9 12 13 14 18 19 21 22 24 25 27 28 30 32 38 40 41 44 45 60 21_844.cif 
2.2436523437 -7612.1591796875 4 6 7 9 11 12 13 15 16 17 20 21 24 26 30 31 35 44 47 59 60 21_845.cif 
2.2534179687 -7612.1494140625 1 3 4 7 10 13 18 19 20 21 22 24 26 31 32 36 40 41 44 52 55 21_846.cif 
2.2587890624 -7612.1440429688 1 4 5 6 7 9 10 12 16 17 18 20 24 28 35 37 45 48 51 56 59 21_847.cif 
2.2622070312 -7612.1406250000 1 2 3 7 8 9 15 18 19 20 21 22 26 27 29 32 34 43 50 56 59 21_848.cif 
2.2636718750 -7612.1391601562 2 3 5 7 8 11 12 14 15 18 23 30 31 34 38 40 41 43 45 53 56 21_849.cif 
2.2875976562 -7612.1152343750 1 2 3 4 5 12 14 18 19 20 24 25 29 32 36 37 43 46 47 55 58 21_850.cif 
2.2890625000 -7612.1137695312 1 2 3 5 8 9 10 14 16 20 21 25 27 29 32 34 36 41 42 49 53 21_851.cif 
2.3071289062 -7612.0957031250 1 3 7 9 10 11 12 19 21 23 24 25 26 29 32 36 37 41 46 49 60 21_852.cif 
2.3149414062 -7612.0878906250 1 2 3 4 7 8 11 12 17 24 25 27 31 35 36 37 46 47 48 55 57 21_853.cif 
2.3710937500 -7612.0317382812 2 3 5 6 7 8 10 12 15 17 18 20 28 29 31 33 34 39 45 53 55 21_854.cif 
2.4135742187 -7611.9892578125 7 8 9 11 13 14 15 18 20 21 22 23 27 30 31 37 38 39 42 59 60 21_855.cif 
2.4697265624 -7611.9331054688 2 3 4 5 6 7 13 14 15 18 21 25 29 30 33 40 43 48 49 56 60 21_856.cif 
2.5195312500 -7611.8833007812 1 2 4 5 9 10 15 18 21 23 26 28 29 30 32 37 41 42 46 47 52 21_857.cif 
2.5268554687 -7611.8759765625 1 2 3 4 5 13 15 18 20 24 29 32 33 34 35 39 40 43 44 49 52 21_858.cif 
2.5502929687 -7611.8525390625 1 2 6 7 8 9 11 14 18 21 24 25 27 29 32 34 42 43 56 59 60 21_859.cif 
2.6875000000 -7611.7153320312 2 7 9 10 11 17 21 22 23 24 29 30 31 32 36 43 44 45 46 54 57 21_860.cif 
