0 -7646.1918945312 1 2 4 7 11 13 14 15 16 17 18 20 21 22 24 35 16_1  .73837910109924036218
.0703125000 -7646.1215820312 1 2 3 4 6 7 8 11 15 17 18 21 22 24 27 44 16_2  .11948109738245924471
.0957031250 -7646.0961914062 1 2 3 4 5 7 11 13 15 17 18 20 22 24 26 41 16_3  .06189669585469419269
.0996093750 -7646.0922851562 2 3 4 5 7 9 11 13 15 17 18 20 22 24 26 41 16_4  .05594021384437159544
.1918945312 -7646.0000000000 2 3 4 6 7 8 9 11 12 13 17 20 22 32 33 39 16_5  .00512345137866831956
.1987304687 -7645.9931640625 2 3 4 5 6 7 9 10 11 12 19 20 22 23 33 42 16_6  .00429202029622787225
.2070312500 -7645.9848632812 1 2 4 7 11 13 15 16 17 18 20 21 22 35 38 46 16_7  .00346164207002960329
.2138671874 -7645.9780273438 1 2 3 6 7 8 11 15 17 18 19 21 22 24 27 44 16_8  .00289988856402305774
.2309570312 -7645.9609375000 1 2 3 4 5 6 7 9 16 17 19 20 22 24 45 46 16_9  .00186264108626132724
.2363281250 -7645.9555664062 4 7 8 10 11 15 17 18 19 20 21 22 23 24 31 32 16_10  .00162071659779179225
.2524414062 -7645.9394531250 1 2 3 4 5 7 9 11 18 20 21 23 24 25 32 41 16_11  .00106767920968266789
.2553710937 -7645.9365234375 1 3 8 9 12 13 14 16 17 18 19 21 22 23 24 44 16_12  .00098965375763316347
.2709960937 -7645.9208984375 1 2 3 4 7 8 11 14 16 17 18 21 22 23 24 48 16_13  .00066025226799002605
.2822265624 -7645.9096679688 4 6 7 8 10 11 12 14 15 16 17 21 22 25 32 44 16_14  .00049359731436309400
.2895507812 -7645.9023437500 3 5 6 8 9 11 14 15 16 18 19 20 22 23 30 33 16_15  .00040829965914156910
.3129882812 -7645.8789062500 1 2 4 7 11 13 15 16 17 18 20 21 22 30 36 47 16_16  .00022249433253817618
.3149414062 -7645.8769531250 1 3 5 7 8 9 10 11 12 14 18 19 23 33 34 36 16_17  .00021151797542136734
.3173828124 -7645.8745117188 1 2 3 4 7 8 9 10 11 14 18 19 20 25 29 32 16_18  .00019855585197898827
.3237304687 -7645.8681640625 2 4 5 6 8 11 12 13 15 16 17 20 21 23 24 27 16_19  .00016845145119624318
.3515625000 -7645.8403320312 1 2 3 5 6 7 12 15 16 20 22 23 27 29 33 46 16_20  .00008191782817808436
.3525390624 -7645.8393554688 2 3 4 7 8 9 11 13 14 17 18 19 21 24 32 45 16_21  .00007987163869797919
.3657226562 -7645.8261718750 1 3 6 7 10 13 15 18 19 20 21 22 23 24 28 39 16_22  .00005676541379114423
.3789062500 -7645.8129882812 1 2 3 5 6 8 9 12 15 16 22 23 24 29 40 41 16_23  .00004034363455424328
.3813476562 -7645.8105468750 1 2 3 4 7 8 9 10 16 17 18 22 23 25 28 48 16_24  .00003787131904458232
.3842773437 -7645.8076171875 1 3 4 5 6 9 10 11 19 20 21 22 23 26 31 38 16_25  .00003510370236593331
.3867187500 -7645.8051757812 1 3 4 7 10 11 12 13 14 18 19 20 22 24 27 39 16_26  .00003295249729459236
.3891601562 -7645.8027343750 2 3 7 8 9 10 17 18 19 20 22 23 24 26 30 31 16_27  .00003093312122588581
.3969726562 -7645.7949218750 1 2 3 4 7 8 9 10 11 12 17 20 22 29 32 38 16_28  .00002526603278985159
.4091796874 -7645.7827148438 1 3 5 7 8 9 10 11 12 14 18 21 23 24 34 37 16_29  .00001841679719810365
.4165039062 -7645.7753906250 1 4 6 8 11 12 15 16 17 18 19 20 21 22 24 42 16_30  .00001523422393042777
.4208984374 -7645.7709960938 2 3 8 9 10 12 14 15 16 20 21 22 23 24 30 40 16_31  .00001359515218764400
.4248046874 -7645.7670898438 3 4 5 6 11 12 14 15 17 19 20 21 22 32 39 48 16_32  .00001228685489785970
.4335937500 -7645.7583007812 1 2 4 6 7 8 11 12 15 16 17 20 25 27 33 37 16_33  .00000978516614816191
.4418945312 -7645.7500000000 4 6 7 8 10 11 12 14 15 16 17 21 25 31 32 39 16_34  .00000789202765844720
.4428710937 -7645.7490234375 1 3 7 8 9 10 11 12 13 14 18 23 24 34 40 41 16_35  .00000769489614308162
.4438476562 -7645.7480468750 1 2 4 6 11 13 15 17 20 21 22 24 26 34 37 39 16_36  .00000750268868982432
.4477539062 -7645.7441406250 1 2 4 5 6 7 9 11 12 13 14 17 18 19 25 34 16_37  .00000678068520332318
.4482421874 -7645.7436523438 4 8 9 10 11 12 13 15 16 17 18 22 24 29 31 38 16_38  .00000669546378079351
.4487304687 -7645.7431640625 1 4 7 8 9 10 11 13 14 17 18 24 30 34 41 43 16_39  .00000661131342623402
.4492187500 -7645.7426757812 4 7 8 10 11 15 17 18 19 21 22 23 24 31 32 36 16_40  .00000652822069552320
.4511718750 -7645.7407226562 1 2 3 5 7 8 9 12 13 16 17 20 22 24 35 45 16_41  .00000620616268679119
.4555664062 -7645.7363281250 2 4 7 11 13 15 17 18 20 21 22 23 32 34 36 44 16_42  .00000553843284787758
.4560546874 -7645.7358398438 1 2 4 5 6 7 10 11 12 13 15 20 27 36 41 42 16_43  .00000546882437738703
.4633789062 -7645.7285156250 1 2 4 6 7 11 12 13 14 15 17 18 22 27 32 34 16_44  .00000452376677144899
.4643554687 -7645.7275390625 1 4 5 6 9 16 17 18 20 21 22 23 24 25 28 33 16_45  .00000441076957511230
.4648437500 -7645.7270507812 3 7 8 9 10 11 12 13 14 15 17 19 22 23 30 41 16_46  .00000435533385986123
.4672851562 -7645.7246093750 2 3 4 6 7 8 9 10 13 17 18 19 20 25 28 36 16_47  .00000408843278437660
.4682617187 -7645.7236328125 1 5 6 7 9 10 11 12 16 20 21 23 25 27 31 34 16_48  .00000398630960575446
.4746093750 -7645.7172851562 1 3 4 5 6 7 8 9 10 11 12 23 28 34 35 40 16_49  .00000338191814199424
.4775390624 -7645.7143554688 1 2 3 5 7 8 9 10 11 15 16 18 20 22 27 49 16_50  .00000313476929732167
.4785156250 -7645.7133789062 2 7 8 10 13 14 15 16 17 20 21 23 24 29 30 32 16_51  .00000305646725491519
.4804687500 -7645.7114257812 1 4 5 6 7 10 11 12 15 16 19 22 23 32 39 41 16_52  .00000290568194850733
.4877929687 -7645.7041015625 1 4 5 9 10 11 14 16 17 18 19 21 24 38 42 46 16_53  .00000240355633570107
.4946289062 -7645.6972656250 2 4 5 7 8 9 10 12 15 16 18 20 21 26 33 39 16_54  .00000201350843669711
.5000000000 -7645.6918945312 2 4 11 12 13 15 16 17 20 21 22 23 24 28 29 36 16_55  .00000175198891897038
.5009765624 -7645.6909179688 2 7 8 9 10 11 12 16 17 18 19 20 22 27 34 35 16_56  .00000170822675663052
.5014648437 -7645.6904296875 1 2 3 4 6 7 8 9 10 11 15 21 22 27 32 37 16_57  .00000168675731225076
.5097656250 -7645.6821289062 2 4 6 7 9 10 12 13 14 16 17 22 23 30 43 44 16_58  .00000136041995867283
.5112304687 -7645.6806640625 1 3 4 5 6 14 16 17 18 19 21 22 24 27 33 47 16_59  .00000130976759508949
.5151367187 -7645.6767578125 1 2 3 7 8 9 15 17 18 19 20 22 23 30 31 34 16_60  .00000118372521091815
.5156250000 -7645.6762695312 2 7 8 13 14 15 16 17 20 21 23 24 27 30 32 41 16_61  .00000116884784028917
.5224609374 -7645.6694335938 2 4 5 6 12 15 16 18 19 20 21 22 29 36 37 38 16_62  .00000097916781012216
.5278320312 -7645.6640625000 1 3 4 8 9 13 16 18 19 20 21 22 24 36 38 39 16_63  .00000085199104303756
.5288085937 -7645.6630859375 1 2 5 6 7 8 9 12 15 16 23 29 32 33 36 40 16_64  .00000083070953052131
.5356445312 -7645.6562500000 1 2 3 4 7 8 9 10 11 16 21 22 26 30 36 47 16_65  .00000069590241065079
.5395507812 -7645.6523437500 1 3 4 7 8 9 12 13 16 19 20 21 22 24 38 39 16_66  .00000062893388942774
.5424804687 -7645.6494140625 2 4 5 8 10 11 12 14 17 20 21 22 23 24 37 44 16_67  .00000058297172159042
.5439453124 -7645.6479492188 1 3 6 7 9 11 12 13 14 17 19 21 22 25 39 43 16_68  .00000056126600093221
.5458984374 -7645.6459960938 7 8 9 12 15 16 17 18 20 21 23 24 34 41 43 46 16_69  .00000053357695378447
.5488281250 -7645.6430664062 1 2 3 4 5 6 7 10 11 18 21 22 25 27 41 44 16_70  .00000049458342088386
.5537109374 -7645.6381835938 1 2 7 8 9 10 11 12 17 18 19 20 22 27 35 39 16_71  .00000043582323011574
.5541992187 -7645.6376953125 1 2 3 4 7 8 9 11 19 20 21 24 25 29 32 41 16_72  .00000043034568882208
.5551757812 -7645.6367187500 1 3 4 7 9 10 11 18 20 21 22 23 24 33 34 38 16_73  .00000041959627163299
.5561523437 -7645.6357421875 2 6 7 8 9 10 11 14 17 18 19 22 23 25 27 30 16_74  .00000040911535944558
.5571289062 -7645.6347656250 1 2 5 7 8 9 10 12 15 16 17 24 29 44 45 48 16_75  .00000039889624539059
.5585937500 -7645.6333007812 2 3 4 5 8 9 12 16 19 20 22 23 24 35 38 45 16_76  .00000038404418527630
.5590820312 -7645.6328125000 1 3 4 7 8 9 12 14 16 17 18 23 31 33 36 37 16_77  .00000037921741765591
.5625000000 -7645.6293945312 1 3 8 9 11 15 17 18 20 21 22 24 26 28 29 34 16_78  .00000034708660217466
.5673828124 -7645.6245117188 1 2 8 9 13 14 15 16 17 18 19 21 22 23 37 42 16_79  .00000030585013104428
.5678710937 -7645.6240234375 1 4 7 11 13 15 16 17 18 20 21 22 24 35 42 47 16_80  .00000030200612593693
.5683593750 -7645.6235351562 1 2 3 4 5 6 8 10 11 16 18 22 24 29 30 48 16_81  .00000029821043329953
.5688476562 -7645.6230468750 1 3 5 6 12 15 16 17 18 19 21 22 23 36 39 43 16_82  .00000029446244669096
.5693359374 -7645.6225585938 7 8 9 10 11 12 14 15 16 18 22 27 29 30 31 37 16_83  .00000029076156575694
.5712890624 -7645.6206054688 3 4 6 7 9 10 11 13 14 16 18 19 23 25 30 41 16_84  .00000027641736765902
.5722656250 -7645.6196289062 1 4 5 7 9 10 12 15 17 18 19 22 24 28 29 45 16_85  .00000026951285814286
.5737304687 -7645.6181640625 1 2 7 8 10 12 15 16 17 18 19 22 23 25 30 41 16_86  .00000025947811615455
.5751953124 -7645.6166992188 1 2 3 4 5 9 16 18 19 20 21 22 26 36 38 43 16_87  .00000024981699658806
.5771484374 -7645.6147460938 1 4 5 6 8 9 14 16 17 19 20 23 24 29 30 32 16_88  .00000023749272505665
.5776367187 -7645.6142578125 1 2 4 5 7 9 13 16 17 19 20 22 23 32 38 41 16_89  .00000023450785385532
.5839843750 -7645.6079101562 3 4 6 9 10 11 12 13 16 17 20 23 24 31 37 42 16_90  .00000019895252597755
.5844726562 -7645.6074218750 5 6 10 11 12 13 15 16 19 20 21 22 23 24 30 56 16_91  .00000019645203867115
.5869140624 -7645.6049804688 2 5 7 8 9 10 12 14 15 18 19 23 24 28 44 46 16_92  .00000018441317733706
.5874023437 -7645.6044921875 1 3 4 5 6 7 10 11 12 13 18 20 27 33 39 46 16_93  .00000018209542388990
.5942382812 -7645.5976562500 1 2 4 7 9 10 11 12 17 18 20 22 32 34 38 47 16_94  .00000015254507116817
.5986328124 -7645.5932617188 2 6 7 8 9 10 12 13 15 18 19 21 23 25 38 41 16_95  .00000013613253077265
.5996093750 -7645.5922851562 1 3 4 5 6 7 8 9 12 14 15 18 19 29 31 41 16_96  .00000013273213534113
.6010742187 -7645.5908203125 1 3 4 5 8 9 10 14 15 18 24 28 31 32 37 43 16_97  .00000012779013464816
.6015625000 -7645.5903320312 1 3 4 7 8 9 11 13 17 18 19 21 22 27 30 35 16_98  .00000012618403453442
.6074218750 -7645.5844726562 1 2 3 7 8 9 10 11 16 20 21 22 25 26 36 47 16_99  .00000010841500472282
.6093750000 -7645.5825195312 1 2 4 5 7 9 10 11 12 13 14 18 20 28 40 47 16_100  .00000010306654575273
.6108398437 -7645.5810546875 1 3 5 9 11 14 15 18 19 20 21 22 23 28 33 46 16_101  .00000009922908062627
.6132812500 -7645.5786132812 1 2 4 5 6 12 16 17 21 22 23 30 33 34 36 39 16_102  .00000009314818069035
.6147460937 -7645.5771484375 1 2 3 4 5 6 7 9 10 13 16 21 22 37 43 44 16_103  .00000008968000493669
.6162109374 -7645.5756835938 1 4 5 6 7 8 9 10 11 19 20 23 29 32 38 40 16_104  .00000008634095938149
.6166992187 -7645.5751953125 2 6 7 9 10 12 13 15 18 19 21 22 23 38 40 41 16_105  .00000008525580343370
.6181640624 -7645.5737304688 1 7 8 9 10 14 15 16 17 18 19 23 25 30 39 42 16_106  .00000008208148367634
.6196289062 -7645.5722656250 1 3 4 7 9 10 11 13 15 18 20 21 25 26 46 47 16_107  .00000007902535280543
.6206054687 -7645.5712890625 2 7 10 12 13 15 16 17 20 21 22 23 32 34 35 46 16_108  .00000007705141299869
.6225585937 -7645.5693359375 1 2 3 4 5 6 9 12 16 17 22 31 33 34 36 39 16_109  .00000007325022033109
.6235351562 -7645.5683593750 1 2 4 6 10 11 12 14 17 20 21 22 35 37 39 44 16_110  .00000007142053503858
.6245117187 -7645.5673828125 2 3 5 6 7 8 9 15 16 19 20 22 24 32 44 45 16_111  .00000006963655265665
.6254882812 -7645.5664062500 2 5 12 14 15 17 19 20 21 22 23 33 35 36 37 40 16_112  .00000006789713159224
.6289062500 -7645.5629882812 1 2 3 8 9 11 12 14 16 17 20 22 23 24 35 54 16_113  .00000006214425710566
.6293945312 -7645.5625000000 2 3 4 5 6 11 12 13 17 18 19 21 29 35 36 44 16_114  .00000006136321185230
.6303710937 -7645.5615234375 1 2 5 6 7 11 12 15 16 18 22 23 24 29 34 38 16_115  .00000005983044695795
.6372070312 -7645.5546875000 2 4 5 6 7 9 10 12 13 17 20 22 28 30 40 46 16_116  .00000005012119247292
.6416015624 -7645.5502929688 4 5 7 10 12 13 14 15 16 17 20 21 24 25 27 36 16_117  .00000004472858234245
.6420898437 -7645.5498046875 1 2 4 5 8 9 15 16 17 18 19 20 24 33 34 45 16_118  .00000004416642172352
.6430664062 -7645.5488281250 1 3 6 8 9 11 12 14 15 19 22 23 29 41 42 43 16_119  .00000004306320794634
.6435546874 -7645.5483398438 1 2 3 4 7 9 13 16 17 18 21 22 24 26 40 48 16_120  .00000004252197830217
.6464843750 -7645.5454101562 1 3 4 6 7 12 13 15 16 17 20 21 22 25 43 56 16_121  .00000003941449371506
.6479492187 -7645.5439453125 2 6 7 8 9 10 11 12 15 17 22 29 30 34 47 48 16_122  .00000003794697829573
.6523437500 -7645.5395507812 4 5 6 7 9 10 11 15 16 18 19 20 21 22 40 47 16_123  .00000003386420903430
.6542968750 -7645.5375976562 2 3 6 8 9 11 12 17 18 20 21 22 23 28 36 41 16_124  .00000003219357928118
.6567382812 -7645.5351562500 1 3 4 5 7 10 12 13 15 17 18 19 24 28 32 34 16_125  .00000003022071079157
.6601562500 -7645.5317382812 5 6 9 10 11 12 14 15 17 21 22 23 30 40 42 43 16_126  .00000002766013198652
.6611328124 -7645.5307617188 3 4 5 7 8 11 12 14 15 16 17 21 35 43 44 46 16_127  .00000002696922168839
.6621093750 -7645.5297851562 1 2 3 4 5 6 9 10 11 14 18 19 33 36 37 45 16_128  .00000002629556919915
.6630859374 -7645.5288085938 1 3 8 9 11 12 14 16 17 18 22 24 26 37 43 44 16_129  .00000002563874371603
.6635742187 -7645.5283203125 1 2 7 11 12 15 16 17 21 22 23 24 27 28 34 46 16_130  .00000002531650922343
.6640625000 -7645.5278320312 1 3 8 9 10 11 14 16 17 18 22 26 27 30 37 44 16_131  .00000002499832465891
.6655273437 -7645.5263671875 3 4 5 6 10 11 12 13 20 21 23 24 34 40 43 48 16_132  .00000002406756484351
.6660156250 -7645.5258789062 1 2 3 7 8 9 10 11 13 20 21 24 27 29 35 46 16_133  .00000002376507734133
.6669921874 -7645.5249023438 1 4 5 8 10 11 12 13 17 19 20 22 23 26 29 36 16_134  .00000002317145990382
.6674804687 -7645.5244140625 1 2 4 5 10 11 12 14 15 21 22 24 32 33 36 38 16_135  .00000002288023488485
.6679687500 -7645.5239257812 1 2 3 5 7 10 13 18 19 20 21 22 23 31 36 42 16_136  .00000002259267005873
.6718750000 -7645.5200195312 7 8 9 10 11 12 13 17 18 19 21 22 27 30 33 43 16_137  .00000002041851793458
.6743164062 -7645.5175781250 3 4 6 7 11 12 13 15 18 20 22 26 37 41 43 45 16_138  .00000001916724201133
.6816406250 -7645.5102539062 2 7 8 10 11 12 13 14 15 17 18 21 25 34 42 48 16_139  .00000001585498573875
.6821289062 -7645.5097656250 2 3 6 8 9 12 13 17 19 20 22 23 27 36 38 41 16_140  .00000001565571613718
.6826171874 -7645.5092773438 1 3 4 5 9 10 13 14 16 17 19 24 28 30 34 40 16_141  .00000001545895100800
.6845703124 -7645.5073242188 1 2 3 4 5 6 10 11 12 20 21 26 35 39 40 48 16_142  .00000001469631150622
.6865234374 -7645.5053710938 1 2 3 4 5 7 11 15 18 21 22 23 34 38 39 45 16_143  .00000001397129545053
.6879882812 -7645.5039062500 1 3 4 5 10 14 15 16 19 21 22 24 25 28 30 37 16_144  .00000001345110374077
.6889648437 -7645.5029296875 3 5 9 14 16 18 19 20 22 23 24 25 30 31 41 43 16_145  .00000001311511448952
.6914062500 -7645.5004882812 1 3 4 6 12 13 15 16 17 20 21 22 25 43 47 48 16_146  .00000001231140152196
.6918945312 -7645.5000000000 2 4 5 6 10 11 12 15 18 20 24 32 34 36 37 41 16_147  .00000001215666861229
.6933593750 -7645.4985351562 1 3 5 8 9 10 11 14 15 21 24 28 32 34 39 44 16_148  .00000001170404070439
.6938476562 -7645.4980468750 3 9 11 13 14 15 16 18 20 21 22 23 33 34 42 43 16_149  .00000001155694126410
.6962890624 -7645.4956054688 2 3 5 6 7 8 9 11 15 17 19 20 25 30 32 33 16_150  .00000001084871540773
.6972656250 -7645.4946289062 1 5 8 11 14 15 17 18 20 21 24 33 35 36 37 40 16_151  .00000001057773005176
.6997070312 -7645.4921875000 1 3 6 12 14 15 16 18 19 20 21 22 23 27 29 47 16_152  .00000000992951165615
.7011718750 -7645.4907226562 3 6 9 12 13 14 15 16 17 19 21 24 25 37 39 44 16_153  .00000000955980723870
.7021484374 -7645.4897460938 1 2 4 5 6 7 10 11 14 16 18 19 23 24 29 32 16_154  .00000000932101700905
.7060546874 -7645.4858398438 2 3 4 5 6 8 10 13 18 19 20 21 23 29 38 44 16_155  .00000000842403100090
.7065429687 -7645.4853515625 1 2 5 8 14 15 16 17 22 23 24 28 32 36 41 44 16_156  .00000000831815555765
.7080078124 -7645.4838867188 1 2 4 6 7 11 13 15 16 18 19 20 21 23 35 41 16_157  .00000000800844660567
.7119140624 -7645.4799804688 3 4 7 9 11 14 15 16 17 18 22 24 30 34 35 44 16_158  .00000000723777270331
.7128906250 -7645.4790039062 2 3 5 9 10 13 14 18 19 20 23 24 35 36 44 45 16_159  .00000000705698351872
.7133789062 -7645.4785156250 4 7 8 9 10 13 14 17 18 20 24 28 31 32 41 43 16_160  .00000000696828950681
.7148437500 -7645.4770507812 1 3 5 6 8 9 10 14 16 19 20 27 32 33 38 47 16_161  .00000000670883994857
.7182617187 -7645.4736328125 2 3 6 7 9 11 12 13 17 22 23 24 25 28 42 47 16_162  .00000000614040484403
.7192382812 -7645.4726562500 4 7 9 11 12 13 17 18 21 22 23 26 29 31 34 38 16_163  .00000000598702635066
.7197265624 -7645.4721679688 1 2 6 9 12 13 16 17 20 22 23 29 31 32 33 36 16_164  .00000000591177983986
.7211914062 -7645.4707031250 1 2 5 7 8 9 10 11 15 17 20 23 24 26 30 52 16_165  .00000000569166719008
.7221679687 -7645.4697265625 1 4 5 8 9 10 12 14 15 16 17 24 26 30 33 46 16_166  .00000000554949751877
.7226562500 -7645.4692382812 1 3 4 6 7 8 9 10 11 12 22 34 37 40 43 45 16_167  .00000000547974997041
.7231445312 -7645.4687500000 9 10 12 13 14 16 18 19 20 21 23 24 32 37 40 45 16_168  .00000000541087904165
.7241210937 -7645.4677734375 1 2 3 4 5 6 8 12 13 14 16 18 21 35 40 44 16_169  .00000000527572305499
.7285156250 -7645.4633789062 1 2 3 6 7 8 9 12 13 15 16 19 21 24 33 38 16_170  .00000000470810052250
.7294921874 -7645.4624023438 1 4 5 8 9 11 14 16 17 18 19 24 30 36 45 48 16_171  .00000000459049894571
.7299804687 -7645.4619140625 1 2 6 7 12 14 15 20 21 22 23 28 29 33 34 42 16_172  .00000000453280434433
.7309570312 -7645.4609375000 4 9 10 11 13 14 17 18 20 21 24 27 28 34 35 46 16_173  .00000000441958140241
.7338867187 -7645.4580078125 1 2 4 5 12 14 16 17 21 22 23 24 32 33 36 38 16_174  .00000000409660064783
.7343750000 -7645.4575195312 1 3 4 5 6 7 11 12 13 18 21 22 23 27 36 38 16_175  .00000000404511349050
.7348632812 -7645.4570312500 1 2 5 7 8 9 10 11 18 19 20 27 36 38 41 48 16_176  .00000000399427344770
.7368164062 -7645.4550781250 1 2 3 4 5 7 10 11 13 17 19 20 24 37 45 46 16_177  .00000000379722316204
.7382812500 -7645.4536132812 1 3 6 8 9 12 14 16 19 20 23 24 27 34 40 45 16_178  .00000000365584156891
.7397460937 -7645.4521484375 2 3 6 11 13 15 18 20 21 22 24 34 35 36 37 42 16_179  .00000000351972403022
.7402343750 -7645.4516601562 1 2 4 6 11 12 15 16 18 19 20 21 23 25 29 33 16_180  .00000000347548721037
.7407226562 -7645.4511718750 1 2 3 4 5 6 10 17 19 20 23 26 27 32 37 40 16_181  .00000000343180637942
.7456054687 -7645.4462890625 1 3 4 5 7 8 9 10 14 16 20 24 26 29 40 43 16_182  .00000000302408223646
.7465820312 -7645.4453125000 1 7 10 11 15 16 18 20 21 22 24 34 35 38 43 46 16_183  .00000000294854500576
.7475585937 -7645.4443359375 1 3 5 6 7 9 15 18 19 21 22 24 27 28 29 32 16_184  .00000000287489458660
.7495117187 -7645.4423828125 2 4 8 9 10 11 18 19 20 22 24 26 29 30 36 39 16_185  .00000000273306684071
.7500000000 -7645.4418945312 2 4 5 8 9 11 14 15 18 20 21 24 28 40 45 46 16_186  .00000000269871693588
.7514648437 -7645.4404296875 1 2 3 5 7 8 9 11 16 20 23 27 29 30 46 47 16_187  .00000000259823591119
.7519531250 -7645.4399414062 3 4 5 8 9 10 11 12 17 19 22 24 33 38 39 42 16_188  .00000000256558059704
.7534179687 -7645.4384765625 1 2 3 4 6 7 9 13 19 20 25 27 30 33 34 41 16_189  .00000000247005662272
.7539062500 -7645.4379882812 1 3 4 6 7 11 13 19 21 22 24 30 32 39 44 46 16_190  .00000000243901229966
.7553710937 -7645.4365234375 1 4 5 10 13 15 16 17 18 19 20 21 22 38 39 42 16_191  .00000000234820082855
.7558593750 -7645.4360351562 1 3 6 7 10 11 13 16 18 19 20 25 35 36 37 39 16_192  .00000000231868802125
.7573242187 -7645.4345703125 1 2 4 5 6 7 10 11 18 21 22 25 27 31 36 44 16_193  .00000000223235657049
.7583007812 -7645.4335937500 1 2 4 5 6 7 8 9 12 17 19 21 27 31 42 48 16_194  .00000000217659550975
.7587890624 -7645.4331054688 4 6 8 9 12 13 14 16 17 19 21 23 40 42 44 46 16_195  .00000000214923948892
.7612304687 -7645.4306640625 1 3 4 5 6 7 9 10 11 14 22 23 26 31 39 42 16_196  .00000000201753102012
.7617187500 -7645.4301757812 2 3 7 8 9 10 14 16 17 18 21 22 25 35 39 42 16_197  .00000000199217415819
.7641601562 -7645.4277343750 1 2 3 4 5 6 7 10 12 13 14 18 22 23 43 56 16_198  .00000000187009088225
.7646484374 -7645.4272460938 1 2 4 5 6 9 11 12 14 17 18 19 25 28 34 36 16_199  .00000000184658709165
.7651367187 -7645.4267578125 1 2 3 4 5 6 9 17 18 20 21 22 27 32 33 38 16_200  .00000000182337869808
.7656250000 -7645.4262695312 1 3 5 6 7 8 10 13 14 16 19 21 31 35 42 44 16_201  .00000000180046199373
.7666015624 -7645.4252929688 2 3 4 5 6 7 15 16 17 19 20 25 30 32 45 46 16_202  .00000000175548904373
.7675781250 -7645.4243164062 1 3 8 9 11 13 15 17 18 20 21 24 28 29 34 40 16_203  .00000000171163944444
.7685546874 -7645.4233398438 1 6 7 8 9 10 15 16 17 18 20 28 30 33 43 46 16_204  .00000000166888515392
.7695312500 -7645.4223632812 2 3 4 5 6 7 13 16 18 19 20 23 34 37 38 45 16_205  .00000000162719879563
.7709960937 -7645.4208984375 1 4 5 9 10 11 12 16 18 20 23 25 28 34 36 41 16_206  .00000000156661348556
.7719726562 -7645.4199218750 1 2 3 4 5 6 10 11 18 20 21 23 32 34 37 44 16_207  .00000000152748173086
.7734375000 -7645.4184570312 1 2 4 6 10 12 16 17 18 20 21 22 27 35 37 40 16_208  .00000000147060917126
.7788085937 -7645.4130859375 1 2 3 4 7 8 9 14 15 17 18 20 25 27 29 44 16_209  .00000000127960277290
.7792968750 -7645.4125976562 3 4 8 13 14 15 17 18 19 21 24 25 31 32 37 44 16_210  .00000000126352038779
.7802734374 -7645.4116210938 6 13 14 15 16 17 18 20 21 23 24 29 32 33 34 40 16_211  .00000000123195946652
.7817382812 -7645.4101562500 1 6 7 8 10 12 15 16 17 19 20 23 24 29 36 41 16_212  .00000000118609005494
.7822265624 -7645.4096679688 2 4 5 7 9 10 11 12 13 19 20 22 23 33 43 44 16_213  .00000000117118296537
.7866210937 -7645.4052734375 4 5 6 7 8 11 12 14 15 21 23 31 41 43 44 46 16_214  .00000000104517372760
.7885742187 -7645.4033203125 1 2 3 6 8 9 11 12 13 16 22 35 36 41 44 45 16_215  .00000000099361196442
.7900390624 -7645.4018554688 1 5 6 9 10 12 13 15 16 19 21 22 23 32 39 43 16_216  .00000000095661692171
.7905273437 -7645.4013671875 1 2 4 6 8 10 15 17 20 23 24 25 26 29 31 37 16_217  .00000000094459390795
.7944335937 -7645.3974609375 2 3 5 6 7 8 9 10 11 12 14 17 22 29 34 35 16_218  .00000000085369314916
.7954101562 -7645.3964843750 1 4 6 7 11 12 13 15 18 19 20 21 22 31 34 44 16_219  .00000000083236912047
.7968750000 -7645.3950195312 2 4 5 7 8 9 10 14 16 17 18 19 24 31 34 39 16_220  .00000000080137761239
.7988281250 -7645.3930664062 2 3 7 8 9 11 15 18 19 20 22 24 28 34 36 45 16_221  .00000000076184309140
.7998046874 -7645.3920898438 1 5 6 7 9 10 12 13 16 19 21 23 28 30 39 47 16_222  .00000000074281334716
.8007812500 -7645.3911132812 1 2 4 5 8 10 17 18 19 21 22 26 35 36 38 40 16_223  .00000000072425893479
.8032226562 -7645.3886718750 2 3 4 5 7 8 9 14 16 18 20 21 27 33 35 46 16_224  .00000000067987531350
.8037109374 -7645.3881835938 1 2 3 6 7 9 10 11 13 15 24 25 27 32 42 47 16_225  .00000000067133046301
.8041992187 -7645.3876953125 2 7 11 13 15 16 17 18 19 22 23 24 25 30 38 45 16_226  .00000000066289300470
.8046875000 -7645.3872070312 1 4 5 8 9 10 11 12 15 16 17 26 37 41 45 48 16_227  .00000000065456159059
.8071289062 -7645.3847656250 1 2 3 4 5 6 8 11 14 16 17 20 24 30 47 54 16_228  .00000000061444912204
.8090820312 -7645.3828125000 2 3 4 5 6 8 10 17 18 20 23 24 28 32 34 45 16_229  .00000000058413638141
.8105468750 -7645.3813476562 1 2 3 4 5 6 7 10 12 16 20 22 27 47 48 49 16_230  .00000000056238729565
.8110351562 -7645.3808593750 1 2 6 8 9 10 12 14 15 17 23 29 33 36 37 40 16_231  .00000000055531906523
.8120117187 -7645.3798828125 4 6 7 9 10 11 12 15 16 20 21 22 40 41 42 43 16_232  .00000000054144799261
.8134765624 -7645.3784179688 1 7 8 9 10 11 13 15 19 20 21 24 25 38 40 44 16_233  .00000000052128832029
.8144531250 -7645.3774414062 1 3 5 6 8 10 16 20 21 23 26 27 28 32 34 39 16_234  .00000000050826728547
.8149414062 -7645.3769531250 1 3 5 8 16 18 19 22 23 24 30 31 32 35 38 41 16_235  .00000000050187924948
.8173828124 -7645.3745117188 3 5 7 13 15 18 20 21 23 24 28 30 34 40 41 43 16_236  .00000000047112337272
.8178710937 -7645.3740234375 2 3 4 7 9 10 13 16 18 20 24 27 34 37 39 44 16_237  .00000000046520216993
.8193359374 -7645.3725585938 1 5 6 7 9 11 13 14 15 18 19 21 22 27 40 42 16_238  .00000000044788134976
.8217773437 -7645.3701171875 1 2 4 7 10 11 12 13 15 21 23 24 28 37 38 45 16_239  .00000000042043454028
.8237304687 -7645.3681640625 4 7 8 9 12 13 14 16 18 21 23 28 29 30 40 45 16_240  .00000000039969315956
.8242187500 -7645.3676757812 3 4 5 6 15 16 18 19 20 23 24 29 30 33 34 41 16_241  .00000000039466971053
.8256835937 -7645.3662109375 1 2 4 5 7 9 10 12 13 21 22 25 29 31 32 36 16_242  .00000000037997501750
.8266601562 -7645.3652343750 1 2 3 4 7 9 10 16 17 20 22 24 34 36 46 60 16_243  .00000000037048378733
.8281250000 -7645.3637695312 1 6 8 9 10 11 14 17 18 19 20 24 28 33 37 46 16_244  .00000000035668960515
.8295898437 -7645.3623046875 1 3 4 6 7 8 9 10 12 14 15 22 32 39 40 41 16_245  .00000000034340902113
.8300781250 -7645.3618164062 1 2 3 4 6 8 9 11 12 14 18 21 24 27 30 36 16_246  .00000000033909296598
.8320312500 -7645.3598632812 1 6 7 8 10 11 14 15 20 21 22 24 27 29 40 46 16_247  .00000000032236442531
.8325195312 -7645.3593750000 1 2 7 8 10 12 13 15 18 19 22 23 25 26 28 41 16_248  .00000000031831286503
.8354492187 -7645.3564453125 1 6 8 9 10 11 13 15 16 17 18 25 28 36 46 48 16_249  .00000000029505072321
.8359375000 -7645.3559570312 1 3 6 7 8 9 12 16 17 19 21 25 26 30 35 37 16_250  .00000000029134244791
.8374023437 -7645.3544921875 3 5 8 9 10 11 12 15 17 19 22 24 32 35 36 45 16_251  .00000000028049492726
.8378906250 -7645.3540039062 1 2 3 5 6 7 9 11 20 21 22 26 32 33 40 42 16_252  .00000000027696959304
.8388671874 -7645.3530273438 1 4 8 9 10 11 14 15 16 18 19 37 38 41 42 46 16_253  .00000000027005129112
.8432617187 -7645.3486328125 1 3 4 11 15 16 17 18 20 21 23 24 26 28 34 47 16_254  .00000000024099608937
.8442382812 -7645.3476562500 3 6 8 9 11 12 14 15 18 19 22 24 30 31 34 35 16_255  .00000000023497635320
.8466796874 -7645.3452148438 1 2 3 4 7 9 10 11 14 18 22 23 27 29 34 39 16_256  .00000000022057666689
.8481445312 -7645.3437500000 1 2 3 4 6 8 13 16 18 20 21 24 33 34 37 39 16_257  .00000000021236396006
.8500976562 -7645.3417968750 4 7 8 9 10 12 17 18 19 23 24 26 29 30 31 34 16_258  .00000000020188736662
.8520507812 -7645.3398437500 1 3 6 14 16 18 19 20 21 23 24 27 34 37 46 48 16_259  .00000000019192761705
.8525390624 -7645.3393554688 2 4 5 9 10 11 12 13 18 19 22 30 33 36 44 48 16_260  .00000000018951542063
.8540039062 -7645.3378906250 3 8 9 11 13 14 15 16 20 21 22 24 27 42 45 47 16_261  .00000000018245921378
.8544921874 -7645.3374023438 3 4 6 7 11 16 17 18 19 21 22 24 32 36 37 44 16_262  .00000000018016601873
.8559570312 -7645.3359375000 1 5 6 7 9 11 16 17 18 20 22 23 33 35 39 44 16_263  .00000000017345791713
.8642578124 -7645.3276367188 3 4 8 10 11 12 14 15 17 19 21 22 30 34 42 48 16_264  .00000000013989897145
.8662109374 -7645.3256835938 1 2 3 4 5 6 8 14 19 20 23 24 36 37 43 46 16_265  .00000000013299730769
.8686523437 -7645.3232421875 2 3 4 7 9 10 12 13 15 17 20 22 23 36 38 45 16_266  .00000000012484704252
.8730468750 -7645.3188476562 2 4 5 8 9 10 11 12 14 16 23 30 33 38 39 48 16_267  .00000000011141457199
.8735351562 -7645.3183593750 1 4 5 6 7 8 11 12 14 17 21 32 39 40 41 42 16_268  .00000000011001428455
.8740234374 -7645.3178710938 1 4 7 8 11 14 15 16 17 21 24 25 26 32 37 44 16_269  .00000000010863159629
.8754882812 -7645.3164062500 3 7 8 10 11 12 13 14 15 19 21 23 25 39 43 44 16_270  .00000000010458692799
.8793945312 -7645.3125000000 1 6 8 10 11 14 15 16 17 19 22 24 28 30 32 38 16_271  .00000000009452225254
.8798828124 -7645.3120117188 1 2 3 4 5 6 7 8 9 11 13 20 30 33 42 58 16_272  .00000000009333427218
.8803710937 -7645.3115234375 7 8 9 10 12 15 16 18 19 22 24 29 32 33 37 45 16_273  .00000000009216122244
.8828125000 -7645.3090820312 2 4 6 10 11 12 14 15 17 19 20 22 31 32 36 39 16_274  .00000000008651345096
.8837890624 -7645.3081054688 1 2 8 9 12 14 16 18 19 22 24 25 27 29 32 45 16_275  .00000000008435246943
.8842773437 -7645.3076171875 2 5 7 8 9 10 11 12 14 15 22 30 33 34 36 42 16_276  .00000000008329230535
.8876953124 -7645.3041992188 3 5 8 9 12 14 16 17 18 19 22 27 34 35 45 48 16_277  .00000000007623500920
.8881835937 -7645.3037109375 2 4 7 8 9 11 13 17 20 21 24 32 37 38 45 46 16_278  .00000000007527686751
.8891601562 -7645.3027343750 1 7 9 11 14 15 16 17 19 21 22 24 30 38 39 46 16_279  .00000000007339655947
.8916015624 -7645.3002929688 1 3 4 5 6 7 10 15 16 19 21 23 28 30 35 36 16_280  .00000000006889871355
.8925781250 -7645.2993164062 1 4 5 6 7 10 11 16 18 20 21 26 27 29 42 47 16_281  .00000000006717772247
.8940429687 -7645.2978515625 1 3 6 7 11 12 13 17 19 20 22 24 25 42 43 47 16_282  .00000000006467650187
.8959960937 -7645.2958984375 1 2 4 6 7 9 13 17 18 20 28 29 34 45 47 48 16_283  .00000000006148580316
.8964843750 -7645.2954101562 1 6 7 9 10 12 13 16 17 19 21 22 25 26 33 34 16_284  .00000000006071303336
.8979492187 -7645.2939453125 1 3 4 5 6 7 12 15 16 20 22 27 29 33 34 46 16_285  .00000000005845251181
.9018554687 -7645.2900390625 3 5 12 14 15 16 17 18 19 20 22 26 27 29 30 31 16_286  .00000000005282747270
.9033203124 -7645.2885742188 1 5 6 7 8 9 10 15 17 18 19 24 28 41 46 47 16_287  .00000000005086055334
.9038085937 -7645.2880859375 1 2 3 4 11 13 16 18 20 23 24 25 36 38 39 45 16_288  .00000000005022132449
.9062500000 -7645.2856445312 1 3 5 6 7 11 13 17 19 20 23 24 28 30 33 37 16_289  .00000000004714368992
.9067382812 -7645.2851562500 1 2 3 4 7 8 9 17 22 23 26 31 32 38 40 44 16_290  .00000000004655117571
.9086914062 -7645.2832031250 1 3 4 7 8 9 10 11 19 20 22 35 37 42 46 48 16_291  .00000000004425465731
.9096679687 -7645.2822265625 1 5 6 9 13 15 17 18 19 20 21 23 32 34 40 43 16_292  .00000000004314923954
.9101562500 -7645.2817382812 2 6 10 13 15 17 18 20 21 22 24 32 33 37 43 47 16_293  .00000000004260692852
.9106445312 -7645.2812500000 2 4 5 7 9 10 12 15 16 18 21 26 27 32 34 45 16_294  .00000000004207143351
.9121093750 -7645.2797851562 1 2 3 4 5 9 17 19 20 22 23 26 29 31 38 43 16_295  .00000000004050499244
.9135742187 -7645.2783203125 1 6 8 9 11 12 13 16 17 18 19 23 33 38 43 48 16_296  .00000000003899687460
.9145507812 -7645.2773437500 1 5 7 8 9 15 16 20 21 23 24 28 31 37 41 43 16_297  .00000000003802278869
.9155273437 -7645.2763671875 1 2 5 7 8 9 10 12 16 18 23 26 29 36 40 54 16_298  .00000000003707303404
.9169921874 -7645.2749023438 1 3 4 16 17 18 19 21 22 24 27 28 30 34 36 39 16_299  .00000000003569269792
.9179687500 -7645.2739257812 1 2 6 7 8 9 11 17 20 21 22 26 29 32 42 43 16_300  .00000000003480114551
.9257812500 -7645.2661132812 2 4 5 6 8 10 14 15 16 18 19 23 30 32 36 42 16_301  .00000000002842541743
.9287109374 -7645.2631835938 1 4 7 8 10 11 12 13 14 15 18 20 22 30 37 45 16_302  .00000000002634810250
.9291992187 -7645.2626953125 1 3 4 5 6 7 8 10 11 12 16 26 27 43 44 59 16_303  .00000000002601695260
.9316406250 -7645.2602539062 2 4 5 6 13 14 15 16 18 21 23 27 28 29 33 44 16_304  .00000000002442259654
.9326171874 -7645.2592773438 2 3 4 7 11 16 17 20 21 22 24 30 37 43 46 47 16_305  .00000000002381255522
.9335937500 -7645.2583007812 5 7 8 10 12 13 15 16 17 20 21 24 30 31 32 42 16_306  .00000000002321775173
.9340820312 -7645.2578125000 1 3 5 7 8 9 14 15 16 19 23 25 28 32 39 45 16_307  .00000000002292594497
.9350585937 -7645.2568359375 2 5 7 8 9 10 12 13 15 18 22 24 25 40 44 45 16_308  .00000000002235328779
.9365234374 -7645.2553710938 1 4 7 10 11 13 15 17 19 20 21 24 25 46 47 51 16_309  .00000000002152101033
.9375000000 -7645.2543945312 9 10 11 12 13 14 17 18 20 22 26 28 37 39 40 48 16_310  .00000000002098344635
.9394531250 -7645.2524414062 1 4 7 9 10 11 12 14 17 21 25 26 27 28 34 38 16_311  .00000000001994826583
.9409179687 -7645.2509765625 1 7 8 9 10 11 15 16 18 21 24 28 32 37 41 49 16_312  .00000000001920553428
.9418945312 -7645.2500000000 1 2 3 4 5 6 10 11 16 18 20 23 28 38 42 43 16_313  .00000000001872580762
.9428710937 -7645.2490234375 1 3 4 5 8 9 14 19 20 21 22 23 24 33 36 52 16_314  .00000000001825806384
.9458007812 -7645.2460937500 6 11 12 13 14 15 17 18 19 20 22 23 28 31 32 36 16_315  .00000000001692377385
.9467773437 -7645.2451171875 1 2 3 4 5 6 7 11 13 15 21 24 28 38 41 47 16_316  .00000000001650104228
.9472656250 -7645.2446289062 1 7 8 10 11 12 15 17 22 23 25 28 31 32 38 48 16_317  .00000000001629365284
.9482421874 -7645.2436523438 2 3 5 7 8 11 18 19 20 22 26 27 32 33 35 45 16_318  .00000000001588666083
.9506835937 -7645.2412109375 1 2 4 6 7 8 11 12 14 19 20 22 35 41 42 46 16_319  .00000000001491310354
.9511718750 -7645.2407226562 1 6 7 10 11 12 14 15 18 21 23 29 30 34 46 47 16_320  .00000000001472567172
.9526367187 -7645.2392578125 1 2 3 4 6 9 10 11 17 19 20 28 32 34 36 48 16_321  .00000000001417739244
.9536132812 -7645.2382812500 2 3 4 7 9 14 15 18 19 20 21 23 25 28 37 43 16_322  .00000000001382326154
.9545898437 -7645.2373046875 3 5 9 10 13 14 15 17 18 19 24 30 32 35 38 43 16_323  .00000000001347797632
.9575195312 -7645.2343750000 2 7 8 9 10 12 15 16 18 19 21 24 32 37 43 48 16_324  .00000000001249301268
.9599609374 -7645.2319335938 1 2 4 6 7 8 10 11 14 19 20 25 29 32 35 39 16_325  .00000000001172742303
.9614257812 -7645.2304687500 4 10 13 14 16 18 19 20 22 23 24 25 33 35 37 38 16_326  .00000000001129077719
.9619140624 -7645.2299804688 1 2 6 8 9 10 11 16 18 19 22 23 26 27 34 44 16_327  .00000000001114887175
.9624023437 -7645.2294921875 1 2 6 8 9 13 14 15 18 19 21 23 25 26 40 41 16_328  .00000000001100874979
.9628906250 -7645.2290039062 4 5 6 10 11 12 14 17 20 22 23 25 28 32 37 44 16_329  .00000000001087038892
.9658203124 -7645.2260742188 1 4 5 7 8 9 11 12 17 18 24 31 34 35 37 40 16_330  .00000000001007598646
.9663085937 -7645.2255859375 2 5 6 8 9 15 16 17 18 20 21 22 27 44 45 46 16_331  .00000000000994934881
.9692382812 -7645.2226562500 1 2 4 5 13 15 16 18 19 20 21 23 25 26 43 46 16_332  .00000000000922225547
.9711914062 -7645.2207031250 2 4 9 11 13 14 15 16 17 19 22 24 30 32 41 47 16_333  .00000000000876729211
.9731445312 -7645.2187500000 1 2 4 5 6 7 9 10 14 16 17 32 35 39 44 46 16_334  .00000000000833477354
.9741210937 -7645.2177734375 1 2 6 7 8 9 10 11 12 14 15 27 28 29 37 56 16_335  .00000000000812658287
.9765625000 -7645.2153320312 1 3 4 6 7 8 11 17 19 21 24 32 33 35 37 47 16_336  .00000000000762857425
.9775390624 -7645.2143554688 1 7 8 9 10 15 16 20 21 22 24 30 33 36 40 41 16_337  .00000000000743802344
.9780273437 -7645.2138671875 3 9 10 11 12 13 14 16 18 21 28 36 37 39 46 48 16_338  .00000000000734454040
.9790039062 -7645.2128906250 1 7 14 17 19 20 21 22 23 24 27 28 30 31 34 47 16_339  .00000000000716108434
.9799804687 -7645.2119140625 1 4 7 9 10 11 15 16 17 18 22 35 36 41 42 46 16_340  .00000000000698221074
.9819335937 -7645.2099609375 1 2 4 6 8 9 10 12 14 17 22 24 27 34 46 47 16_341  .00000000000663775595
.9848632812 -7645.2070312500 1 4 5 7 8 11 14 18 20 21 23 27 28 33 39 41 16_342  .00000000000615267213
.9873046874 -7645.2045898438 1 4 7 8 9 10 13 17 18 20 21 23 24 31 38 47 16_343  .00000000000577562760
.9882812500 -7645.2036132812 3 5 6 8 9 12 15 16 17 19 21 23 28 34 46 48 16_344  .00000000000563136070
.9887695312 -7645.2031250000 3 4 5 6 11 12 13 16 18 19 22 23 32 36 44 46 16_345  .00000000000556058429
.9907226562 -7645.2011718750 4 5 8 9 10 11 15 17 18 19 21 23 24 28 29 48 16_346  .00000000000528626287
.9921875000 -7645.1997070312 5 6 9 13 14 15 16 18 19 21 23 25 28 37 44 45 16_347  .00000000000508944003
.9926757812 -7645.1992187500 2 5 6 7 11 13 14 16 19 21 22 24 27 29 32 42 16_348  .00000000000502547462
.9970703124 -7645.1948242188 1 2 6 9 10 12 13 14 15 17 23 37 42 43 44 46 16_349  .00000000000448477668
.9995117187 -7645.1923828125 10 12 13 14 15 16 17 19 20 22 23 31 38 42 47 48 16_350  .00000000000420994316
1.0004882812 -7645.1914062500 1 5 6 13 15 16 18 19 20 21 23 25 29 33 41 42 16_351  .00000000000410478482
1.0009765624 -7645.1909179688 3 4 6 7 8 11 16 19 20 21 24 30 33 34 35 38 16_352  .00000000000405319481
1.0019531250 -7645.1899414062 1 4 5 6 9 10 12 13 17 19 20 30 33 34 40 47 16_353  .00000000000395195182
1.0063476562 -7645.1855468750 1 2 6 7 12 13 15 18 19 21 22 23 35 40 41 56 16_354  .00000000000352675572
1.0078125000 -7645.1840820312 1 2 3 5 8 9 16 17 18 22 23 30 32 37 38 48 16_355  .00000000000339544441
1.0083007812 -7645.1835937500 3 4 8 11 13 14 15 17 18 19 24 31 37 44 46 47 16_356  .00000000000335276958
1.0087890624 -7645.1831054688 4 5 7 12 16 17 19 20 21 22 23 28 34 38 39 47 16_357  .00000000000331063110
1.0107421874 -7645.1811523438 2 3 4 6 7 10 11 12 15 21 27 30 32 34 35 40 16_358  .00000000000314730707
1.0112304687 -7645.1806640625 2 6 8 12 15 16 17 20 23 26 27 29 36 37 45 46 16_359  .00000000000310775089
1.0117187500 -7645.1801757812 1 4 6 7 8 9 10 11 15 18 19 20 22 25 26 52 16_360  .00000000000306869186
1.0122070312 -7645.1796875000 3 5 9 11 13 19 20 21 23 24 26 30 31 32 35 46 16_361  .00000000000303012373
1.0136718750 -7645.1782226562 1 2 5 9 10 12 14 16 17 18 22 27 36 39 40 42 16_362  .00000000000291730347
1.0151367187 -7645.1767578125 2 4 5 9 10 11 12 14 17 21 23 24 26 28 35 46 16_363  .00000000000280868383
1.0161132812 -7645.1757812500 2 7 8 9 10 12 14 17 18 20 21 23 24 34 39 52 16_364  .00000000000273852695
1.0166015624 -7645.1752929688 1 5 9 10 12 14 18 19 23 24 28 36 37 39 42 45 16_365  .00000000000270410843
1.0190429687 -7645.1728515625 1 2 4 5 10 11 14 17 22 24 31 32 33 38 39 47 16_366  .00000000000253839680
1.0195312500 -7645.1723632812 1 2 3 4 12 14 17 19 21 22 24 28 32 35 38 40 16_367  .00000000000250649355
1.0200195312 -7645.1718750000 2 3 4 5 6 7 11 13 20 26 31 32 34 35 41 44 16_368  .00000000000247499129
1.0214843750 -7645.1704101562 2 8 9 10 12 14 15 17 18 23 24 28 37 41 42 45 16_369  .00000000000238284021
1.0239257812 -7645.1679687500 1 2 4 6 7 11 13 14 17 18 22 27 32 37 40 46 16_370  .00000000000223681636
1.0249023437 -7645.1669921875 1 6 9 10 13 14 16 17 18 19 22 37 39 42 43 46 16_371  .00000000000218094390
1.0253906250 -7645.1665039062 1 2 3 4 8 14 16 17 18 22 27 32 35 38 41 48 16_372  .00000000000215353322
1.0258789062 -7645.1660156250 1 3 5 7 11 13 15 16 18 22 24 28 33 35 38 42 16_373  .00000000000212646705
1.0288085937 -7645.1630859375 1 3 4 6 7 8 11 12 14 17 21 28 39 43 44 45 16_374  .00000000000197106592
1.0292968750 -7645.1625976562 1 2 6 8 10 11 14 15 16 18 20 26 34 35 38 46 16_375  .00000000000194629305
1.0297851562 -7645.1621093750 1 2 3 4 5 6 12 13 16 17 26 30 31 35 36 37 16_376  .00000000000192183153
1.0302734374 -7645.1616210938 2 3 5 8 9 14 16 18 19 23 24 26 29 41 44 52 16_377  .00000000000189767745
1.0307617187 -7645.1611328125 2 3 5 8 10 11 16 18 19 20 22 26 27 32 35 44 16_378  .00000000000187382693
1.0317382812 -7645.1601562500 2 8 9 10 12 13 15 16 21 22 24 28 36 37 39 44 16_379  .00000000000182702143
1.0327148437 -7645.1591796875 2 5 6 12 16 18 19 20 21 22 23 24 29 37 41 50 16_380  .00000000000178138506
1.0351562500 -7645.1567382812 2 3 7 11 13 17 19 21 22 30 32 35 38 39 42 47 16_381  .00000000000167221924
1.0356445312 -7645.1562500000 2 4 7 8 9 13 17 18 19 20 21 27 29 33 36 41 16_382  .00000000000165120235
1.0366210937 -7645.1552734375 1 7 8 10 11 12 14 15 19 20 22 23 35 37 42 44 16_383  .00000000000160995768
1.0371093750 -7645.1547851562 1 4 6 7 8 9 10 11 12 16 19 26 33 36 40 45 16_384  .00000000000158972331
1.0385742187 -7645.1533203125 8 9 12 14 16 17 19 22 23 24 27 30 33 36 37 46 16_385  .00000000000153053332
1.0400390624 -7645.1518554688 1 3 5 6 7 8 9 12 16 23 35 37 41 43 45 46 16_386  .00000000000147354715
1.0405273437 -7645.1513671875 2 4 5 10 11 12 15 18 21 24 25 26 35 37 45 46 16_387  .00000000000145502722
1.0410156250 -7645.1508789062 1 3 4 5 7 8 9 11 12 15 17 19 29 32 36 53 16_388  .00000000000143674005
1.0415039062 -7645.1503906250 2 4 5 7 8 10 12 15 17 19 20 26 35 37 43 48 16_389  .00000000000141868272
1.0419921874 -7645.1499023438 1 3 5 6 14 16 18 19 21 23 24 25 26 27 33 41 16_390  .00000000000140085235
1.0439453124 -7645.1479492188 5 7 10 12 13 14 17 20 21 22 23 24 26 28 30 43 16_391  .00000000000133174383
1.0444335937 -7645.1474609375 1 3 6 10 15 16 19 20 23 24 25 26 30 34 39 44 16_392  .00000000000131500612
1.0454101562 -7645.1464843750 1 4 5 6 8 10 13 14 15 16 17 24 27 28 31 34 16_393  .00000000000128215915
1.0458984374 -7645.1459960938 4 6 7 9 12 15 19 20 21 23 25 31 33 37 40 42 16_394  .00000000000126604464
1.0468750000 -7645.1450195312 1 2 4 7 11 12 14 19 20 21 22 25 29 40 41 47 16_395  .00000000000123442066
1.0483398437 -7645.1435546875 1 2 3 4 5 6 9 10 16 17 22 23 28 42 44 54 16_396  .00000000000118845961
1.0488281250 -7645.1430664062 1 3 5 6 10 13 15 17 20 24 27 28 31 32 46 48 16_397  .00000000000117352274
1.0502929687 -7645.1416015625 1 3 5 6 8 10 11 15 16 18 23 24 25 39 41 60 16_398  .00000000000112982910
1.0527343750 -7645.1391601562 2 4 8 9 12 17 19 21 23 24 25 26 29 30 31 38 16_399  .00000000000106059156
1.0532226562 -7645.1386718750 2 4 6 8 15 16 17 20 21 23 24 27 29 30 38 43 16_400  .00000000000104726176
1.0546875000 -7645.1372070312 2 4 8 9 10 12 14 16 17 21 24 26 28 30 31 35 16_401  .00000000000100826918
1.0551757812 -7645.1367187500 2 4 5 7 12 16 17 18 20 21 23 31 34 36 37 58 16_402  .00000000000099559699
1.0561523437 -7645.1357421875 4 6 7 10 13 15 17 20 21 23 25 28 31 42 43 47 16_403  .00000000000097072841
1.0566406250 -7645.1352539062 1 3 7 8 9 12 13 14 16 20 24 31 34 35 41 44 16_404  .00000000000095852804
1.0581054687 -7645.1337890625 1 5 8 9 11 12 13 16 19 20 21 23 26 31 36 42 16_405  .00000000000092283927
1.0634765624 -7645.1284179688 1 3 6 8 9 12 14 16 22 23 24 33 34 40 41 48 16_406  .00000000000080297860
1.0639648437 -7645.1279296875 3 4 5 6 9 11 13 14 16 19 20 24 29 30 35 59 16_407  .00000000000079288655
1.0644531250 -7645.1274414062 2 3 13 15 17 18 19 20 21 23 24 27 37 41 43 44 16_408  .00000000000078292134
1.0649414062 -7645.1269531250 1 3 4 5 6 9 10 13 15 16 19 21 23 24 46 55 16_409  .00000000000077308139
1.0678710937 -7645.1240234375 1 2 3 4 8 9 10 18 22 23 24 29 32 33 39 40 16_410  .00000000000071658499
1.0703125000 -7645.1215820312 1 3 4 5 7 10 17 19 22 24 31 34 38 39 42 46 16_411  .00000000000067267163
1.0708007812 -7645.1210937500 1 3 5 6 7 8 9 11 13 19 24 32 33 39 43 47 16_412  .00000000000066421733
1.0722656250 -7645.1196289062 1 2 3 6 8 9 10 15 16 17 20 24 25 41 46 50 16_413  .00000000000063948659
1.0727539062 -7645.1191406250 1 2 3 4 6 7 14 18 20 23 25 26 28 31 37 41 16_414  .00000000000063144935
1.0732421874 -7645.1186523438 1 2 5 6 11 13 15 18 21 24 27 29 32 37 38 45 16_415  .00000000000062351314
1.0756835937 -7645.1162109375 1 2 4 6 7 9 11 13 16 20 34 38 41 44 45 46 16_416  .00000000000058530336
1.0771484374 -7645.1147460938 1 2 3 7 8 9 11 15 20 34 36 37 38 40 41 45 16_417  .00000000000056351083
1.0776367187 -7645.1142578125 2 4 5 6 10 11 19 20 21 23 26 27 37 42 44 48 16_418  .00000000000055642847
1.0781250000 -7645.1137695312 2 3 4 6 7 9 10 12 18 19 25 27 37 38 39 46 16_419  .00000000000054943514
1.0786132812 -7645.1132812500 1 2 3 5 6 15 20 23 24 31 32 33 36 37 39 44 16_420  .00000000000054252969
1.0795898437 -7645.1123046875 2 3 4 5 6 10 11 14 18 22 24 30 32 37 39 57 16_421  .00000000000052897808
1.0800781250 -7645.1118164062 1 3 4 8 9 12 14 16 17 22 24 28 30 39 46 54 16_422  .00000000000052232974
1.0815429687 -7645.1103515625 1 3 4 5 6 7 9 10 11 21 22 25 35 37 40 48 16_423  .00000000000050288189
1.0820312500 -7645.1098632812 3 5 6 7 9 11 15 19 20 21 23 30 31 32 33 35 16_424  .00000000000049656154
1.0825195312 -7645.1093750000 1 5 7 10 14 15 16 17 18 19 20 26 28 30 35 40 16_425  .00000000000049032063
1.0844726562 -7645.1074218750 3 5 10 12 13 14 16 19 20 21 23 27 28 29 30 44 16_426  .00000000000046613154
1.0854492187 -7645.1064453125 4 5 7 8 9 10 12 14 18 19 27 29 33 36 44 46 16_427  .00000000000045448824
1.0864257812 -7645.1054687500 1 6 8 9 10 11 15 17 18 20 24 27 32 37 40 42 16_428  .00000000000044313578
1.0874023437 -7645.1044921875 1 2 4 10 14 15 17 18 19 21 22 24 26 40 46 54 16_429  .00000000000043206688
1.0878906250 -7645.1040039062 3 7 8 9 11 13 14 16 17 19 24 25 29 35 41 42 16_430  .00000000000042663655
1.0893554687 -7645.1025390625 1 6 10 11 15 17 18 20 22 23 25 26 29 36 37 44 16_431  .00000000000041075164
1.0922851562 -7645.0996093750 1 4 5 8 9 10 17 19 20 24 29 30 32 36 40 44 16_432  .00000000000038073412
1.0927734374 -7645.0991210938 4 5 7 15 18 20 21 23 24 25 28 31 38 41 43 46 16_433  .00000000000037594896
1.0942382812 -7645.0976562500 2 4 5 12 14 16 17 18 20 22 25 31 33 35 36 38 16_434  .00000000000036195129
1.0947265624 -7645.0971679688 2 3 5 7 8 10 11 14 16 18 20 24 25 35 46 48 16_435  .00000000000035740219
1.0952148437 -7645.0966796875 1 2 4 10 11 15 17 18 21 22 24 25 26 36 47 53 16_436  .00000000000035291027
1.0957031250 -7645.0961914062 4 5 8 9 10 11 15 18 20 21 24 25 26 28 36 49 16_437  .00000000000034847480
1.0966796874 -7645.0952148438 2 5 7 10 12 16 19 20 23 24 27 29 32 37 41 42 16_438  .00000000000033977040
1.1025390624 -7645.0893554688 2 3 4 5 7 10 13 15 16 20 23 28 29 36 43 46 16_439  .00000000000029192449
1.1030273437 -7645.0888671875 1 3 6 7 8 11 12 16 17 18 25 27 34 38 43 44 16_440  .00000000000028825550
1.1064453124 -7645.0854492188 1 2 5 7 9 10 14 18 20 23 28 33 34 36 39 44 16_441  .00000000000026383182
1.1069335937 -7645.0849609375 1 2 5 6 7 9 11 15 18 22 23 29 31 37 45 47 16_442  .00000000000026051591
1.1079101562 -7645.0839843750 1 2 3 6 15 16 20 22 23 24 25 26 35 37 41 48 16_443  .00000000000025400860
1.1083984374 -7645.0834960938 1 3 4 5 6 8 14 18 19 20 22 25 39 40 44 45 16_444  .00000000000025081615
1.1093750000 -7645.0825195312 4 6 7 8 9 11 15 16 17 18 22 27 30 33 37 40 16_445  .00000000000024455112
1.1098632812 -7645.0820312500 3 5 7 9 10 14 15 16 19 20 25 42 43 44 45 47 16_446  .00000000000024147754
1.1113281250 -7645.0805664062 1 3 4 6 8 11 13 14 15 18 21 24 25 27 43 56 16_447  .00000000000023248664
1.1162109374 -7645.0756835938 4 5 8 12 14 17 18 19 21 22 24 28 42 43 44 48 16_448  .00000000000020486549
1.1186523437 -7645.0732421875 1 2 3 5 6 11 13 15 20 21 23 24 35 43 47 49 16_449  .00000000000019231104
1.1191406250 -7645.0727539062 1 3 7 8 11 17 18 20 22 23 24 26 34 37 40 44 16_450  .00000000000018989403
1.1210937500 -7645.0708007812 1 4 7 11 14 18 19 21 23 24 25 33 34 37 41 43 16_451  .00000000000018052595
1.1225585937 -7645.0693359375 4 6 7 8 10 11 12 14 20 23 25 29 30 31 35 41 16_452  .00000000000017380445
1.1230468750 -7645.0688476562 1 2 3 4 5 6 8 9 11 16 23 24 28 33 43 46 16_453  .00000000000017162002
1.1259765624 -7645.0659179688 4 5 11 12 13 14 15 16 18 20 21 25 36 41 45 59 16_454  .00000000000015907812
1.1274414062 -7645.0644531250 5 7 9 10 14 18 19 22 23 24 27 28 33 37 40 45 16_455  .00000000000015315518
1.1289062500 -7645.0629882812 2 3 5 8 9 12 14 19 20 21 23 24 30 33 46 58 16_456  .00000000000014745277
1.1323242187 -7645.0595703125 5 6 7 8 9 10 13 17 18 19 23 30 31 35 42 48 16_457  .00000000000013495921
1.1342773437 -7645.0576171875 1 7 8 14 15 16 18 20 21 22 27 28 30 34 39 43 16_458  .00000000000012830123
1.1357421874 -7645.0561523438 1 2 3 4 5 6 9 12 14 16 18 21 40 45 47 49 16_459  .00000000000012352421
1.1381835937 -7645.0537109375 2 3 7 9 10 14 15 17 18 19 20 22 25 37 39 53 16_460  .00000000000011595447
1.1396484374 -7645.0522460938 5 6 7 9 10 12 13 19 21 22 27 28 29 31 41 42 16_461  .00000000000011163715
1.1401367187 -7645.0517578125 2 4 5 8 9 10 11 12 14 20 26 34 35 37 41 42 16_462  .00000000000011023407
1.1420898437 -7645.0498046875 1 3 5 6 8 9 11 16 17 18 19 24 27 39 47 60 16_463  .00000000000010479586
1.1435546874 -7645.0483398438 3 4 5 6 9 10 13 17 20 22 24 32 38 39 40 47 16_464  .00000000000010089401
1.1455078124 -7645.0463867188 2 3 5 7 12 15 16 17 18 19 22 25 28 29 35 36 16_465  .00000000000009591658
1.1518554687 -7645.0400390625 1 2 3 6 20 21 22 23 24 25 29 31 33 39 40 42 16_466  .00000000000008137402
1.1523437500 -7645.0395507812 2 3 4 8 9 14 17 19 20 22 27 29 38 40 42 46 16_467  .00000000000008035129
1.1542968750 -7645.0375976562 1 3 4 6 7 8 11 15 20 24 31 34 35 39 41 44 16_468  .00000000000007638730
1.1547851562 -7645.0371093750 1 2 3 4 8 9 11 12 13 14 21 24 27 36 37 57 16_469  .00000000000007542724
1.1567382812 -7645.0351562500 1 2 4 5 6 7 9 10 13 18 21 36 37 44 45 48 16_470  .00000000000007170618
1.1591796874 -7645.0327148438 2 4 6 7 13 17 19 20 21 27 30 32 36 37 41 43 16_471  .00000000000006731192
1.1596679687 -7645.0322265625 1 2 3 8 12 13 15 16 17 18 19 24 25 39 41 45 16_472  .00000000000006646593
1.1655273437 -7645.0263671875 1 2 5 10 11 14 15 16 17 22 23 29 34 35 38 47 16_473  .00000000000005710630
1.1665039062 -7645.0253906250 1 4 7 8 9 10 12 19 23 24 25 27 29 30 40 42 16_474  .00000000000005567987
1.1679687500 -7645.0239257812 2 3 4 7 8 9 11 12 14 21 24 26 34 38 39 42 16_475  .00000000000005360675
1.1704101562 -7645.0214843750 1 3 6 8 9 10 11 13 14 18 19 26 35 37 41 45 16_476  .00000000000005032165
1.1733398437 -7645.0185546875 1 2 3 8 9 11 17 19 20 24 29 39 40 42 44 46 16_477  .00000000000004664416
1.1743164062 -7645.0175781250 1 2 3 5 7 8 9 12 14 16 17 19 39 40 48 54 16_478  .00000000000004547906
1.1752929687 -7645.0166015625 1 2 3 5 6 8 14 16 17 21 23 24 32 36 37 52 16_479  .00000000000004434306
1.1772460937 -7645.0146484375 1 5 9 10 11 13 15 16 18 23 26 27 30 34 38 48 16_480  .00000000000004215548
1.1777343750 -7645.0141601562 1 2 3 6 9 10 12 15 16 24 25 30 35 37 40 45 16_481  .00000000000004162565
1.1787109374 -7645.0131835938 2 4 5 6 7 11 12 13 15 17 21 22 38 42 49 51 16_482  .00000000000004058590
1.1806640624 -7645.0112304688 2 3 5 6 12 15 16 20 21 23 24 25 27 29 33 52 16_483  .00000000000003858367
1.1835937500 -7645.0083007812 1 2 7 13 15 17 18 20 22 23 24 30 33 40 43 50 16_484  .00000000000003576400
1.1870117187 -7645.0048828125 2 3 4 5 6 7 8 9 12 13 16 21 23 31 47 49 16_485  .00000000000003273374
1.1884765624 -7645.0034179688 1 2 4 5 7 8 12 14 17 18 21 23 27 33 43 56 16_486  .00000000000003151497
1.1899414062 -7645.0019531250 3 4 5 7 9 12 13 15 16 21 24 28 30 32 36 47 16_487  .00000000000003034157
1.1914062500 -7645.0004882812 2 8 13 14 15 17 18 19 20 23 26 28 29 33 45 46 16_488  .00000000000002921187
1.1918945312 -7645.0000000000 1 3 6 8 11 14 16 19 21 22 23 27 33 34 42 53 16_489  .00000000000002884472
1.1928710937 -7644.9990234375 2 3 4 6 7 10 11 12 13 16 17 18 29 40 43 44 16_490  .00000000000002812423
1.1943359374 -7644.9975585938 1 5 7 9 10 11 13 15 16 24 30 37 39 41 46 48 16_491  .00000000000002707708
1.1977539062 -7644.9941406250 1 4 5 7 13 15 16 19 20 21 22 25 30 33 45 47 16_492  .00000000000002478286
1.2055664062 -7644.9863281250 2 5 8 9 10 11 15 16 20 21 23 24 33 36 37 57 16_493  .00000000000002024253
1.2060546874 -7644.9858398438 3 7 10 15 16 20 21 23 24 25 27 32 36 40 42 46 16_494  .00000000000001998811
1.2080078124 -7644.9838867188 1 2 4 5 7 8 9 12 13 21 22 23 25 29 39 40 16_495  .00000000000001900203
1.2119140624 -7644.9799804688 11 12 13 14 15 16 19 21 22 24 26 27 35 44 46 47 16_496  .00000000000001717342
1.2138671874 -7644.9780273438 3 4 6 7 8 10 11 18 19 20 25 29 36 37 44 46 16_497  .00000000000001632620
1.2143554687 -7644.9775390625 2 3 5 8 15 20 22 23 24 26 29 30 31 33 39 41 16_498  .00000000000001612100
1.2158203124 -7644.9760742188 1 3 5 11 12 14 19 20 23 24 29 34 35 37 41 45 16_499  .00000000000001552078
1.2187500000 -7644.9731445312 2 5 6 7 9 14 16 17 18 19 20 23 24 29 37 59 16_500  .00000000000001438652
1.2202148437 -7644.9716796875 2 3 4 6 12 15 18 19 20 21 22 24 25 44 48 58 16_501  .00000000000001385087
1.2231445312 -7644.9687500000 5 10 11 13 15 16 17 18 20 22 23 24 27 29 41 60 16_502  .00000000000001283865
1.2241210937 -7644.9677734375 2 3 4 5 7 8 14 16 18 19 22 30 37 41 44 48 16_503  .00000000000001251796
1.2250976562 -7644.9667968750 1 2 7 8 9 10 12 16 19 20 22 23 26 32 47 53 16_504  .00000000000001220528
1.2260742187 -7644.9658203125 2 4 7 12 14 15 16 19 20 21 23 30 37 38 41 45 16_505  .00000000000001190041
1.2265625000 -7644.9653320312 2 4 6 11 14 15 16 18 20 21 22 26 29 37 44 60 16_506  .00000000000001175084
1.2309570312 -7644.9609375000 2 3 5 10 16 18 21 22 23 24 29 32 36 39 42 44 16_507  .00000000000001048655
1.2319335937 -7644.9599609375 1 4 6 7 8 10 11 12 13 16 17 25 31 45 46 50 16_508  .00000000000001022461
1.2333984374 -7644.9584960938 1 2 5 8 9 12 13 15 16 23 32 33 36 40 45 47 16_509  .00000000000000984392
1.2353515624 -7644.9565429688 1 4 12 14 16 17 21 22 23 24 26 27 37 43 44 48 16_510  .00000000000000935829
1.2373046874 -7644.9545898438 1 2 3 11 12 15 17 19 20 21 24 29 30 34 35 38 16_511  .00000000000000889661
1.2382812500 -7644.9536132812 1 3 5 6 7 8 10 11 15 18 20 25 26 28 44 49 16_512  .00000000000000867439
1.2387695312 -7644.9531250000 1 2 3 5 6 9 12 18 19 23 25 31 32 35 36 39 16_513  .00000000000000856537
1.2397460937 -7644.9521484375 2 3 7 10 17 18 20 21 22 23 25 27 35 36 37 39 16_514  .00000000000000835142
1.2421875000 -7644.9497070312 1 2 6 7 8 10 16 18 20 25 27 34 36 39 46 47 16_515  .00000000000000783963
1.2431640624 -7644.9487304688 1 4 5 6 7 11 17 19 20 22 24 30 31 37 40 44 16_516  .00000000000000764381
1.2436523437 -7644.9482421875 1 9 12 14 15 16 17 18 19 24 25 26 29 30 33 45 16_517  .00000000000000754774
1.2441406250 -7644.9477539062 1 2 3 7 9 10 12 17 20 21 24 29 34 37 39 43 16_518  .00000000000000745288
1.2446289062 -7644.9472656250 1 3 4 8 10 15 19 20 21 24 27 36 40 41 43 46 16_519  .00000000000000735921
1.2470703124 -7644.9448242188 1 2 6 8 9 11 15 22 24 25 29 36 40 42 45 47 16_520  .00000000000000690822
1.2475585937 -7644.9443359375 4 5 6 7 10 11 12 15 16 20 27 33 34 35 37 49 16_521  .00000000000000682140
1.2490234374 -7644.9428710938 6 10 11 12 13 15 20 24 25 27 29 34 41 43 44 46 16_522  .00000000000000656742
1.2500000000 -7644.9418945312 3 4 6 7 10 11 12 21 22 24 31 32 34 35 42 53 16_523  .00000000000000640337
1.2514648437 -7644.9404296875 1 4 7 10 14 16 17 18 19 20 22 23 32 33 40 50 16_524  .00000000000000616496
1.2519531250 -7644.9399414062 1 2 4 5 7 12 15 20 26 28 29 33 37 40 46 47 16_525  .00000000000000608747
1.2539062500 -7644.9379882812 1 2 3 5 9 13 14 16 17 18 24 39 41 45 47 48 16_526  .00000000000000578716
1.2553710937 -7644.9365234375 2 5 6 12 14 15 16 17 18 19 20 22 26 28 29 50 16_527  .00000000000000557169
1.2558593750 -7644.9360351562 1 6 7 8 10 11 15 16 20 26 28 37 41 42 45 46 16_528  .00000000000000550166
1.2573242187 -7644.9345703125 6 7 9 10 11 12 15 17 19 20 21 22 26 28 29 56 16_529  .00000000000000529682
1.2612304687 -7644.9306640625 2 3 4 9 14 15 17 18 20 24 25 27 30 31 40 45 16_530  .00000000000000478709
1.2626953124 -7644.9291992188 1 2 3 5 9 13 14 17 20 23 24 30 33 37 40 49 16_531  .00000000000000460885
1.2656250000 -7644.9262695312 4 5 6 14 15 17 19 20 21 23 24 30 31 33 38 51 16_532  .00000000000000427203
1.2661132812 -7644.9257812500 1 2 4 5 12 17 18 19 20 21 26 31 32 34 35 48 16_533  .00000000000000421835
1.2666015624 -7644.9252929688 1 2 5 8 9 10 11 14 18 19 20 33 36 37 38 54 16_534  .00000000000000416532
1.2670898437 -7644.9248046875 1 2 7 8 10 11 17 18 24 29 30 35 38 40 43 47 16_535  .00000000000000411297
1.2675781250 -7644.9243164062 2 3 4 6 7 10 17 18 20 22 24 27 31 34 38 56 16_536  .00000000000000406129
1.2680664062 -7644.9238281250 1 4 7 8 11 14 15 16 17 18 34 39 45 46 48 49 16_537  .00000000000000401024
1.2729492187 -7644.9189453125 2 4 9 10 11 12 17 22 23 24 25 34 38 44 45 46 16_538  .00000000000000353380
1.2734375000 -7644.9184570312 1 2 3 5 9 11 13 15 21 26 29 31 32 34 36 42 16_539  .00000000000000348938
1.2763671874 -7644.9155273438 1 2 6 7 9 11 13 17 22 23 24 28 30 32 42 56 16_540  .00000000000000323438
1.2788085937 -7644.9130859375 2 3 7 13 15 16 20 21 23 26 27 30 31 34 38 43 16_541  .00000000000000303617
1.2817382812 -7644.9101562500 1 3 8 9 10 13 14 17 19 23 28 32 40 42 44 47 16_542  .00000000000000281429
1.2822265624 -7644.9096679688 1 4 8 9 10 11 14 15 16 17 21 25 29 31 36 41 16_543  .00000000000000277891
1.2827148437 -7644.9091796875 4 8 9 11 12 14 16 17 19 24 32 33 39 43 44 46 16_544  .00000000000000274399
1.2851562500 -7644.9067382812 1 3 5 6 7 10 11 12 13 15 16 18 20 28 53 60 16_545  .00000000000000257583
1.2856445312 -7644.9062500000 1 2 3 4 8 11 12 13 14 17 18 19 23 32 41 56 16_546  .00000000000000254346
1.2861328124 -7644.9057617188 1 5 8 9 16 17 18 19 21 28 32 34 36 38 39 41 16_547  .00000000000000251150
1.2866210937 -7644.9052734375 2 3 5 8 9 12 15 19 22 23 30 32 36 40 45 47 16_548  .00000000000000247993
1.2875976562 -7644.9042968750 2 3 4 12 13 14 15 19 20 21 25 26 29 31 39 42 16_549  .00000000000000241798
1.2895507812 -7644.9023437500 2 3 6 8 10 14 19 21 23 24 28 35 36 37 42 46 16_550  .00000000000000229869
1.2905273437 -7644.9013671875 1 3 4 6 7 12 17 19 22 23 24 35 37 41 42 51 16_551  .00000000000000224128
1.2924804687 -7644.8994140625 5 6 7 10 11 15 19 20 22 25 29 32 33 34 39 42 16_552  .00000000000000213071
1.2949218750 -7644.8969726562 6 8 10 11 12 14 18 19 23 25 26 28 29 37 45 47 16_553  .00000000000000200013
1.2958984374 -7644.8959960938 1 2 3 5 6 7 9 18 19 20 23 28 37 43 46 52 16_554  .00000000000000195017
1.2973632812 -7644.8945312500 1 2 3 5 6 8 11 12 17 19 23 29 30 35 40 57 16_555  .00000000000000187756
1.2978515624 -7644.8940429688 3 4 7 8 9 10 11 21 24 28 30 34 35 37 42 48 16_556  .00000000000000185396
1.3012695312 -7644.8906250000 2 3 6 7 8 10 11 16 17 22 24 32 33 37 42 44 16_557  .00000000000000169688
1.3027343750 -7644.8891601562 3 6 7 8 10 11 12 14 16 17 22 27 30 43 45 51 16_558  .00000000000000163370
1.3037109374 -7644.8881835938 2 3 4 7 12 16 17 19 22 24 35 36 38 44 45 46 16_559  .00000000000000159289
1.3100585937 -7644.8818359375 7 8 9 11 15 17 18 19 21 25 27 29 30 38 40 45 16_560  .00000000000000135138
1.3154296874 -7644.8764648438 1 5 10 14 16 18 19 20 22 23 25 27 34 40 47 48 16_561  .00000000000000117586
1.3188476562 -7644.8730468750 1 2 4 6 9 10 11 17 20 22 24 30 31 39 45 51 16_562  .00000000000000107623
1.3198242187 -7644.8720703125 1 2 4 5 6 12 17 18 20 24 29 30 31 38 46 47 16_563  .00000000000000104934
1.3217773437 -7644.8701171875 2 4 5 8 9 14 17 18 19 21 24 32 37 38 42 49 16_564  .00000000000000099757
1.3227539062 -7644.8691406250 8 9 11 12 14 15 16 17 20 22 23 27 30 35 43 46 16_565  .00000000000000097266
1.3237304687 -7644.8681640625 1 2 7 8 14 16 17 19 20 22 25 29 30 35 39 43 16_566  .00000000000000094836
1.3242187500 -7644.8676757812 3 7 9 10 11 12 16 17 18 20 22 27 29 35 46 55 16_567  .00000000000000093644
1.3247070312 -7644.8671875000 1 3 8 9 10 12 14 16 17 18 20 27 28 30 32 48 16_568  .00000000000000092467
1.3256835937 -7644.8662109375 3 4 5 7 8 9 10 11 18 20 26 34 36 39 47 58 16_569  .00000000000000090158
1.3271484374 -7644.8647460938 3 5 13 14 16 17 20 21 22 23 26 27 30 31 33 37 16_570  .00000000000000086801
1.3286132812 -7644.8632812500 1 2 3 4 5 7 9 10 16 17 21 23 31 34 42 50 16_571  .00000000000000083569
1.3310546874 -7644.8608398438 1 2 3 5 8 9 10 13 14 16 18 19 22 31 44 50 16_572  .00000000000000078448
1.3325195312 -7644.8593750000 1 2 4 5 6 7 8 15 18 19 20 21 26 44 47 56 16_573  .00000000000000075527
1.3330078124 -7644.8588867188 1 4 9 10 11 13 16 17 18 20 24 25 29 46 49 50 16_574  .00000000000000074577
1.3359375000 -7644.8559570312 1 6 8 9 10 15 19 22 24 25 27 30 32 34 40 45 16_575  .00000000000000069127
1.3383789062 -7644.8535156250 4 5 6 8 10 14 15 20 21 29 31 35 36 40 43 44 16_576  .00000000000000064891
1.3388671874 -7644.8530273438 2 3 5 8 9 14 15 18 21 23 24 29 30 40 45 56 16_577  .00000000000000064075
1.3398437500 -7644.8520507812 1 3 6 10 11 14 15 16 23 25 32 37 39 45 46 47 16_578  .00000000000000062475
1.3437500000 -7644.8481445312 3 8 11 14 15 16 17 18 20 22 27 28 30 35 45 49 16_579  .00000000000000056463
1.3442382812 -7644.8476562500 1 5 7 9 11 12 17 19 20 21 25 27 36 37 39 59 16_580  .00000000000000055753
1.3457031250 -7644.8461914062 1 4 8 11 14 15 16 18 21 22 23 26 28 38 47 49 16_581  .00000000000000053677
1.3481445312 -7644.8437500000 1 2 3 5 7 14 15 20 23 24 31 33 39 45 46 48 16_582  .00000000000000050388
1.3530273437 -7644.8388671875 1 5 6 15 19 21 22 23 24 27 30 31 33 40 45 48 16_583  .00000000000000044401
1.3544921874 -7644.8374023438 1 2 5 6 8 9 14 17 19 21 30 34 35 43 45 48 16_584  .00000000000000042748
1.3554687500 -7644.8364257812 1 4 6 10 11 12 13 14 20 21 27 32 40 44 46 47 16_585  .00000000000000041680
1.3559570312 -7644.8359375000 6 8 9 10 11 12 13 16 18 19 25 30 32 41 42 45 16_586  .00000000000000041156
1.3588867187 -7644.8330078125 3 4 5 6 9 11 15 17 19 20 27 32 36 38 42 43 16_587  .00000000000000038149
1.3598632812 -7644.8320312500 1 3 4 5 6 9 10 16 18 20 22 30 33 35 38 55 16_588  .00000000000000037195
1.3618164062 -7644.8300781250 3 4 5 8 11 12 17 19 24 31 37 39 41 44 45 48 16_589  .00000000000000035360
1.3632812500 -7644.8286132812 1 3 5 8 9 15 18 19 20 21 23 26 37 41 48 55 16_590  .00000000000000034044
1.3647460937 -7644.8271484375 1 5 6 8 10 11 12 14 19 32 34 37 39 43 45 47 16_591  .00000000000000032776
1.3652343750 -7644.8266601562 1 3 4 7 10 11 12 14 17 18 22 24 28 32 45 54 16_592  .00000000000000032365
1.3657226562 -7644.8261718750 3 4 10 16 18 19 20 22 23 31 32 35 37 38 41 45 16_593  .00000000000000031958
1.3671875000 -7644.8247070312 2 4 5 6 7 10 11 13 15 19 28 29 33 44 45 47 16_594  .00000000000000030768
1.3686523437 -7644.8232421875 1 4 6 9 10 13 16 17 18 19 25 26 29 34 40 60 16_595  .00000000000000029623
1.3696289062 -7644.8222656250 2 3 4 5 11 12 16 17 18 20 21 23 25 35 39 42 16_596  .00000000000000028882
1.3710937500 -7644.8208007812 1 2 7 8 12 14 15 16 17 23 26 29 30 33 48 51 16_597  .00000000000000027807
1.3720703124 -7644.8198242188 6 7 9 11 13 14 15 17 20 21 31 33 35 42 46 49 16_598  .00000000000000027112
1.3730468750 -7644.8188476562 1 2 6 7 8 9 10 13 14 16 18 21 23 30 51 56 16_599  .00000000000000026435
1.3745117187 -7644.8173828125 1 2 7 9 10 11 15 18 19 20 22 27 32 34 38 55 16_600  .00000000000000025451
1.3784179687 -7644.8134765625 1 2 3 6 8 9 13 15 16 19 20 21 28 42 45 55 16_601  .00000000000000023001
1.3813476562 -7644.8105468750 1 3 4 7 9 11 12 13 17 19 24 32 33 36 42 50 16_602  .00000000000000021320
1.3818359374 -7644.8100585938 1 2 3 4 5 7 9 13 23 26 27 30 33 36 41 43 16_603  .00000000000000021052
1.3823242187 -7644.8095703125 1 3 4 5 6 7 11 12 13 25 27 28 29 30 37 55 16_604  .00000000000000020788
1.3833007812 -7644.8085937500 1 2 3 5 6 9 10 11 21 23 27 29 35 37 40 42 16_605  .00000000000000020269
1.3837890624 -7644.8081054688 3 4 5 6 9 10 15 20 24 27 28 30 31 38 46 48 16_606  .00000000000000020014
1.3842773437 -7644.8076171875 1 2 6 8 10 17 18 19 22 23 24 26 27 41 44 55 16_607  .00000000000000019762
1.3847656250 -7644.8071289062 4 6 8 10 12 14 16 22 27 28 29 30 31 32 33 36 16_608  .00000000000000019514
1.3852539062 -7644.8066406250 1 2 3 6 7 10 13 14 18 21 23 27 30 34 47 60 16_609  .00000000000000019269
1.3862304687 -7644.8056640625 4 5 7 9 11 12 13 14 17 24 25 30 31 39 45 49 16_610  .00000000000000018788
1.3872070312 -7644.8046875000 1 8 9 10 16 17 18 19 20 28 38 39 42 45 47 48 16_611  .00000000000000018318
1.3896484374 -7644.8022460938 4 14 15 17 18 21 22 23 25 26 28 31 33 34 39 44 16_612  .00000000000000017196
1.3906250000 -7644.8012695312 1 2 4 10 12 13 17 18 21 22 24 39 40 46 48 50 16_613  .00000000000000016766
1.3945312500 -7644.7973632812 4 5 6 10 14 18 19 23 24 29 34 38 39 42 43 45 16_614  .00000000000000015153
1.4013671874 -7644.7905273438 1 2 5 6 8 10 11 12 14 15 22 24 25 26 39 56 16_615  .00000000000000012693
1.4018554687 -7644.7900390625 4 10 11 12 13 15 17 19 21 24 26 30 36 37 43 56 16_616  .00000000000000012533
1.4042968750 -7644.7875976562 2 3 5 6 9 11 12 16 19 20 22 41 42 47 48 54 16_617  .00000000000000011766
1.4057617187 -7644.7861328125 1 4 7 9 10 11 12 13 17 19 20 22 36 44 54 60 16_618  .00000000000000011328
1.4067382812 -7644.7851562500 1 3 4 7 11 14 16 22 23 24 26 31 33 37 40 42 16_619  .00000000000000011045
1.4086914062 -7644.7832031250 1 2 5 7 11 12 15 19 22 33 35 37 40 41 44 48 16_620  .00000000000000010500
1.4116210937 -7644.7802734375 5 9 10 11 12 13 15 16 19 22 30 33 36 45 48 58 16_621  .00000000000000009732
1.4145507812 -7644.7773437500 3 4 5 7 8 12 18 19 20 21 25 29 31 33 34 35 16_622  .00000000000000009021
1.4155273437 -7644.7763671875 1 3 4 6 8 9 11 12 16 24 27 30 38 43 46 51 16_623  .00000000000000008796
1.4252929687 -7644.7666015625 3 4 6 11 17 18 21 22 23 24 25 28 37 38 43 49 16_624  .00000000000000006830
1.4262695312 -7644.7656250000 1 3 4 7 9 14 17 19 20 22 23 24 27 28 35 50 16_625  .00000000000000006659
1.4277343750 -7644.7641601562 4 5 10 16 18 20 23 24 25 33 35 36 37 38 43 45 16_626  .00000000000000006411
1.4282226562 -7644.7636718750 1 4 9 10 13 14 15 16 18 24 28 29 30 35 37 42 16_627  .00000000000000006330
1.4291992187 -7644.7626953125 1 3 6 7 9 11 12 14 15 22 28 29 35 37 44 50 16_628  .00000000000000006172
1.4301757812 -7644.7617187500 9 11 12 15 16 17 18 20 21 22 34 35 38 45 46 60 16_629  .00000000000000006018
1.4306640624 -7644.7612304688 2 4 5 7 8 10 11 15 18 19 24 30 32 36 40 52 16_630  .00000000000000005943
1.4316406250 -7644.7602539062 5 8 9 10 12 13 16 17 18 20 24 31 35 38 46 49 16_631  .00000000000000005794
1.4335937500 -7644.7583007812 1 14 15 16 17 19 20 22 23 24 27 33 35 36 42 49 16_632  .00000000000000005508
1.4394531250 -7644.7524414062 1 2 5 6 13 15 17 18 21 28 31 32 34 39 41 47 16_633  .00000000000000004733
1.4399414062 -7644.7519531250 2 3 4 7 8 12 16 18 19 21 24 27 39 41 46 54 16_634  .00000000000000004673
1.4404296874 -7644.7514648438 3 5 6 9 11 13 16 19 20 21 22 33 35 36 45 51 16_635  .00000000000000004614
1.4409179687 -7644.7509765625 4 7 8 9 10 12 14 16 17 22 24 35 42 45 46 54 16_636  .00000000000000004556
1.4423828124 -7644.7495117188 1 2 3 4 5 14 15 18 20 26 30 34 37 38 43 47 16_637  .00000000000000004386
1.4428710937 -7644.7490234375 6 9 10 13 17 19 20 24 26 27 30 31 32 34 35 43 16_638  .00000000000000004332
1.4462890624 -7644.7456054688 1 2 3 6 13 14 18 21 23 24 25 27 28 37 43 56 16_639  .00000000000000003965
1.4482421874 -7644.7436523438 2 4 6 9 12 17 18 19 20 22 28 32 36 37 39 42 16_640  .00000000000000003769
1.4501953124 -7644.7416992188 1 3 4 6 7 10 13 14 20 23 24 34 35 37 40 57 16_641  .00000000000000003583
1.4570312500 -7644.7348632812 5 6 7 9 10 11 13 15 18 21 23 25 30 41 46 51 16_642  .00000000000000003001
1.4580078124 -7644.7338867188 2 6 7 10 12 15 17 21 23 24 25 37 38 42 45 47 16_643  .00000000000000002926
1.4604492187 -7644.7314453125 1 4 8 10 11 12 19 21 23 26 27 32 34 37 41 43 16_644  .00000000000000002747
1.4619140624 -7644.7299804688 3 5 6 9 10 11 12 13 16 21 24 28 30 33 47 57 16_645  .00000000000000002644
1.4672851562 -7644.7246093750 5 6 7 12 14 15 17 19 21 22 26 28 30 31 45 48 16_646  .00000000000000002301
1.4702148437 -7644.7216796875 1 2 3 5 13 15 16 22 23 24 31 32 33 40 41 46 16_647  .00000000000000002133
1.4721679687 -7644.7197265625 2 5 8 12 13 16 18 20 21 24 33 36 38 39 45 46 16_648  .00000000000000002027
1.4790039062 -7644.7128906250 2 4 7 9 14 17 18 20 22 23 26 27 34 40 46 47 16_649  .00000000000000001699
1.4799804687 -7644.7119140625 1 8 9 14 16 17 18 21 22 23 27 36 40 42 45 53 16_650  .00000000000000001656
1.4804687500 -7644.7114257812 1 2 3 4 5 6 7 8 12 17 18 23 27 37 49 53 16_651  .00000000000000001635
1.4838867187 -7644.7080078125 5 7 9 10 11 13 14 17 18 28 30 33 35 43 44 59 16_652  .00000000000000001496
1.4853515624 -7644.7065429688 1 3 5 7 10 11 15 16 17 18 19 25 33 35 46 49 16_653  .00000000000000001441
1.4858398437 -7644.7060546875 1 3 4 10 11 12 14 15 16 18 24 26 27 32 33 41 16_654  .00000000000000001422
1.4877929687 -7644.7041015625 7 8 9 14 15 16 17 18 22 26 28 32 40 44 47 60 16_655  .00000000000000001352
1.4882812500 -7644.7036132812 1 3 4 7 8 10 21 23 28 30 31 34 38 39 41 48 16_656  .00000000000000001335
1.4892578124 -7644.7026367188 2 4 7 8 10 14 21 22 28 29 30 32 34 39 41 47 16_657  .00000000000000001302
1.4907226562 -7644.7011718750 1 5 7 9 10 16 17 18 20 21 23 24 28 32 49 58 16_658  .00000000000000001253
1.4926757812 -7644.6992187500 2 4 5 10 14 17 18 21 22 23 24 29 30 44 46 53 16_659  .00000000000000001191
1.4931640624 -7644.6987304688 3 4 9 13 19 20 22 24 25 26 27 28 30 39 40 46 16_660  .00000000000000001176
1.4951171874 -7644.6967773438 1 3 9 10 11 15 16 17 18 23 26 30 34 36 43 56 16_661  .00000000000000001118
1.4990234374 -7644.6928710938 1 8 9 11 12 14 15 16 19 21 25 30 33 35 46 51 16_662  .00000000000000001011
1.5043945312 -7644.6875000000 1 2 3 4 6 8 14 16 19 23 27 28 34 42 45 52 16_663  .00000000000000000880
1.5048828124 -7644.6870117188 1 3 4 10 17 18 19 20 22 24 28 29 30 37 45 47 16_664  .00000000000000000869
1.5053710937 -7644.6865234375 1 2 4 5 7 14 15 17 18 20 21 23 34 41 54 55 16_665  .00000000000000000857
1.5083007812 -7644.6835937500 1 3 8 9 11 13 14 19 22 25 27 28 31 32 33 41 16_666  .00000000000000000795
1.5087890624 -7644.6831054688 1 2 5 7 8 9 18 21 22 23 25 30 35 36 39 45 16_667  .00000000000000000784
1.5136718750 -7644.6782226562 1 4 8 9 11 14 15 16 18 23 24 26 28 31 33 40 16_668  .00000000000000000691
1.5146484374 -7644.6772460938 1 2 4 8 14 16 19 20 22 24 29 35 36 37 41 53 16_669  .00000000000000000674
1.5151367187 -7644.6767578125 6 7 8 10 11 12 17 18 19 21 24 29 33 35 36 40 16_670  .00000000000000000666
1.5166015624 -7644.6752929688 1 2 3 7 8 10 12 13 18 23 27 31 36 39 40 60 16_671  .00000000000000000640
1.5224609374 -7644.6694335938 1 4 5 6 8 11 12 13 17 21 24 26 36 38 41 42 16_672  .00000000000000000550
1.5234375000 -7644.6684570312 2 8 11 12 14 15 17 20 21 22 23 28 36 39 43 57 16_673  .00000000000000000536
1.5268554687 -7644.6650390625 4 6 10 11 13 15 17 18 19 22 23 38 43 45 48 58 16_674  .00000000000000000491
1.5273437500 -7644.6645507812 1 2 4 5 7 9 10 13 23 26 33 40 42 44 45 60 16_675  .00000000000000000485
1.5297851562 -7644.6621093750 5 8 9 11 14 15 19 20 21 24 25 33 37 40 42 51 16_676  .00000000000000000455
1.5322265624 -7644.6596679688 1 5 6 7 9 15 17 18 20 21 23 25 28 32 35 51 16_677  .00000000000000000427
1.5327148437 -7644.6591796875 5 8 9 10 16 18 21 23 24 28 29 31 32 38 46 59 16_678  .00000000000000000422
1.5341796874 -7644.6577148438 1 7 8 9 10 13 14 18 20 21 22 27 28 35 44 55 16_679  .00000000000000000406
1.5351562500 -7644.6567382812 5 6 7 10 11 12 13 15 18 23 32 33 36 40 44 54 16_680  .00000000000000000396
1.5380859374 -7644.6538085938 2 6 8 10 16 17 18 20 23 24 29 34 40 43 45 46 16_681  .00000000000000000367
1.5385742187 -7644.6533203125 2 5 8 9 10 11 13 15 17 20 22 24 25 28 37 38 16_682  .00000000000000000362
1.5390625000 -7644.6528320312 1 4 5 6 7 13 16 18 20 23 24 28 29 40 43 49 16_683  .00000000000000000358
1.5444335937 -7644.6474609375 4 5 11 14 17 18 19 20 22 24 32 33 37 43 46 60 16_684  .00000000000000000311
1.5478515624 -7644.6440429688 1 2 6 7 8 10 15 16 18 19 20 23 41 48 52 59 16_685  .00000000000000000285
1.5498046874 -7644.6420898438 1 3 5 6 7 12 19 20 21 23 28 29 31 36 43 48 16_686  .00000000000000000270
1.5541992187 -7644.6376953125 1 6 9 10 11 13 14 16 18 21 26 35 38 40 41 44 16_687  .00000000000000000242
1.5620117187 -7644.6298828125 3 4 5 7 11 12 18 19 20 21 29 31 33 34 35 56 16_688  .00000000000000000197
1.5649414062 -7644.6269531250 4 11 12 13 15 16 18 20 23 24 27 33 34 35 45 46 16_689  .00000000000000000183
1.5703125000 -7644.6215820312 4 5 8 11 14 15 17 19 22 23 25 27 30 36 38 45 16_690  .00000000000000000159
1.5712890624 -7644.6206054688 2 3 4 5 6 8 15 18 19 23 27 34 36 40 43 44 16_691  .00000000000000000155
1.5771484374 -7644.6147460938 3 5 10 12 13 14 18 19 24 27 30 37 42 43 45 46 16_692  .00000000000000000133
1.5795898437 -7644.6123046875 1 3 9 10 11 14 18 20 22 23 36 38 42 44 46 48 16_693  .00000000000000000124
1.5810546874 -7644.6108398438 1 3 6 7 10 11 13 15 19 20 29 33 36 40 43 46 16_694  .00000000000000000120
1.5825195312 -7644.6093750000 5 9 10 11 12 14 15 17 18 24 28 35 39 40 44 56 16_695  .00000000000000000115
1.5834960937 -7644.6083984375 1 2 3 5 6 8 10 12 18 19 23 26 28 31 40 55 16_696  .00000000000000000112
1.5844726562 -7644.6074218750 4 5 8 10 13 14 18 19 20 24 26 28 37 40 42 43 16_697  .00000000000000000110
1.5878906250 -7644.6040039062 1 3 4 5 6 9 12 13 18 19 22 23 36 43 57 59 16_698  .00000000000000000101
1.5888671874 -7644.6030273438 2 4 5 6 7 9 10 13 19 21 22 27 30 39 41 57 16_699  .00000000000000000098
1.5908203124 -7644.6010742188 1 5 7 10 12 13 14 19 20 23 28 30 34 39 45 58 16_700  .00000000000000000093
1.5913085937 -7644.6005859375 5 9 11 12 14 16 17 18 23 24 25 29 30 35 46 57 16_701  .00000000000000000092
1.5922851562 -7644.5996093750 3 4 5 6 9 10 11 13 16 23 24 36 38 41 42 59 16_702  .00000000000000000090
1.5927734374 -7644.5991210938 2 5 8 11 13 19 20 21 22 24 27 31 36 37 41 44 16_703  .00000000000000000088
1.5942382812 -7644.5976562500 2 6 9 12 14 15 17 21 24 25 30 37 39 40 44 58 16_704  .00000000000000000085
1.5961914062 -7644.5957031250 1 2 3 4 7 9 13 16 18 19 21 24 30 45 58 60 16_705  .00000000000000000081
1.5976562500 -7644.5942382812 3 4 10 11 12 14 17 20 22 28 29 30 31 35 37 44 16_706  .00000000000000000078
1.5986328124 -7644.5932617188 1 2 3 5 6 10 11 13 15 28 29 34 36 44 47 49 16_707  .00000000000000000076
1.5991210937 -7644.5927734375 2 4 5 7 10 11 17 18 24 27 31 34 39 42 44 50 16_708  .00000000000000000075
1.6025390624 -7644.5893554688 1 3 5 8 9 10 11 21 22 23 28 30 31 32 37 44 16_709  .00000000000000000068
1.6049804687 -7644.5869140625 2 3 7 8 9 12 14 25 27 28 30 37 40 45 47 48 16_710  .00000000000000000064
1.6127929687 -7644.5791015625 1 4 6 10 11 13 14 15 17 18 19 23 31 37 52 53 16_711  .00000000000000000052
1.6171875000 -7644.5747070312 1 4 6 7 15 17 19 20 22 23 24 30 33 42 44 57 16_712  .00000000000000000047
1.6176757812 -7644.5742187500 1 2 4 7 8 15 16 17 18 19 30 33 34 43 48 58 16_713  .00000000000000000046
1.6186523437 -7644.5732421875 1 2 3 5 9 10 13 15 20 22 23 29 41 44 48 50 16_714  .00000000000000000045
1.6196289062 -7644.5722656250 4 5 7 8 10 12 13 16 18 24 27 28 31 40 45 55 16_715  .00000000000000000044
1.6225585937 -7644.5693359375 3 4 5 6 7 8 15 16 17 20 25 28 29 32 36 50 16_716  .00000000000000000040
1.6250000000 -7644.5668945312 5 7 11 12 15 17 18 20 21 24 28 30 31 37 46 54 16_717  .00000000000000000038
1.6259765624 -7644.5659179688 1 3 4 9 11 15 16 20 21 24 29 30 32 34 37 50 16_718  .00000000000000000037
1.6289062500 -7644.5629882812 2 3 4 9 10 13 14 17 19 22 28 30 32 34 43 52 16_719  .00000000000000000034
1.6298828124 -7644.5620117188 2 6 7 8 10 12 15 22 31 35 36 37 40 42 44 48 16_720  .00000000000000000033
1.6308593750 -7644.5610351562 2 7 8 10 12 14 16 17 18 20 21 26 28 29 46 49 16_721  .00000000000000000033
1.6323242187 -7644.5595703125 1 7 9 13 14 16 17 18 22 24 26 27 29 42 45 55 16_722  .00000000000000000031
1.6333007812 -7644.5585937500 1 3 6 14 19 20 21 22 23 24 29 34 43 45 46 54 16_723  .00000000000000000031
1.6367187500 -7644.5551757812 3 4 6 11 13 15 16 17 18 19 32 34 37 41 48 58 16_724  .00000000000000000028
1.6425781250 -7644.5493164062 1 2 5 7 9 12 15 18 19 21 27 32 33 34 37 59 16_725  .00000000000000000024
1.6455078124 -7644.5463867188 2 6 7 12 15 20 21 23 32 34 36 40 41 45 46 58 16_726  .00000000000000000022
1.6513671874 -7644.5405273438 1 2 7 9 10 12 15 22 23 24 31 44 45 46 48 58 16_727  .00000000000000000019
1.6523437500 -7644.5395507812 2 3 4 8 16 17 20 22 26 27 30 33 34 38 45 46 16_728  .00000000000000000018
1.6596679687 -7644.5322265625 1 2 6 7 8 15 17 21 26 31 32 33 35 39 44 48 16_729  .00000000000000000015
1.6621093750 -7644.5297851562 4 7 11 12 16 17 19 21 23 24 34 37 38 44 46 49 16_730  .00000000000000000014
1.6655273437 -7644.5263671875 3 4 5 7 10 14 18 21 22 24 30 31 32 37 42 60 16_731  .00000000000000000013
1.6679687500 -7644.5239257812 4 7 12 14 17 18 20 21 22 24 31 33 41 43 46 57 16_732  .00000000000000000012
1.6708984374 -7644.5209960938 6 8 9 10 11 12 13 18 19 21 22 24 43 47 50 60 16_733  .00000000000000000011
1.6718750000 -7644.5200195312 1 3 6 8 11 16 17 22 23 24 27 32 33 35 49 51 16_734  .00000000000000000011
1.6757812500 -7644.5161132812 2 4 5 6 8 14 15 20 21 26 30 33 37 40 41 60 16_735  .00000000000000000010
1.6762695312 -7644.5156250000 1 2 7 8 9 16 18 22 23 29 32 41 44 46 47 55 16_736  .00000000000000000009
1.6831054687 -7644.5087890625 1 4 7 9 11 14 16 17 18 24 25 29 30 38 44 57 16_737  .00000000000000000008
1.6884765624 -7644.5034179688 4 6 7 8 9 10 12 20 22 23 25 30 31 39 42 44 16_738  .00000000000000000007
1.6918945312 -7644.5000000000 9 10 12 13 14 16 18 21 22 23 28 33 34 36 55 56 16_739  .00000000000000000006
1.6923828124 -7644.4995117188 3 4 5 6 7 11 14 20 21 25 30 32 34 37 40 50 16_740  .00000000000000000006
1.6938476562 -7644.4980468750 9 13 14 15 16 18 19 21 22 36 37 41 42 45 47 53 16_741  .00000000000000000005
1.6943359374 -7644.4975585938 3 4 5 9 11 13 16 17 18 22 23 33 35 36 40 54 16_742  .00000000000000000005
1.6953125000 -7644.4965820312 2 5 8 9 13 16 17 18 19 20 24 28 41 45 46 54 16_743  .00000000000000000005
1.6982421874 -7644.4936523438 3 5 6 7 12 17 20 22 24 25 28 30 35 40 41 46 16_744  .00000000000000000005
1.6992187500 -7644.4926757812 2 3 5 6 11 14 17 20 22 25 27 30 39 46 48 50 16_745  .00000000000000000005
1.7001953124 -7644.4916992188 3 4 6 14 18 21 23 24 26 30 31 32 34 35 40 47 16_746  .00000000000000000005
1.7050781250 -7644.4868164062 1 2 4 5 6 9 14 21 22 28 29 33 34 35 36 56 16_747  .00000000000000000004
1.7065429687 -7644.4853515625 2 5 7 15 16 17 19 22 23 33 35 38 39 42 45 47 16_748  .00000000000000000004
1.7094726562 -7644.4824218750 1 2 4 5 16 17 18 21 23 24 39 41 42 43 46 49 16_749  .00000000000000000003
1.7138671874 -7644.4780273438 1 2 3 7 10 11 12 19 20 24 25 32 34 39 48 60 16_750  .00000000000000000003
1.7187500000 -7644.4731445312 4 5 6 7 15 17 18 20 21 25 31 33 36 42 44 60 16_751  .00000000000000000002
1.7231445312 -7644.4687500000 2 3 8 9 14 17 19 20 23 30 31 32 33 34 37 49 16_752  .00000000000000000002
1.7255859374 -7644.4663085938 1 4 5 6 8 17 20 23 25 26 31 35 40 41 42 44 16_753  .00000000000000000002
1.7270507812 -7644.4648437500 2 4 7 8 10 16 17 18 21 24 28 32 42 43 47 56 16_754  .00000000000000000002
1.7324218750 -7644.4594726562 3 4 5 7 10 11 15 16 19 20 26 28 29 34 35 56 16_755  .00000000000000000002
1.7368164062 -7644.4550781250 1 2 3 5 7 10 13 14 15 17 20 25 26 32 38 45 16_756  .00000000000000000001
1.7402343750 -7644.4516601562 4 5 10 11 13 16 17 18 23 24 37 44 45 46 48 51 16_757  .00000000000000000001
1.7416992187 -7644.4501953125 5 6 7 9 10 15 16 17 20 27 28 30 42 45 48 55 16_758  .00000000000000000001
1.7441406250 -7644.4477539062 1 6 7 8 12 14 18 19 20 23 24 29 34 36 41 46 16_759  .00000000000000000001
1.7475585937 -7644.4443359375 2 6 7 12 15 16 20 21 22 33 36 37 43 44 47 55 16_760  .00000000000000000001
1.7519531250 -7644.4399414062 1 3 7 8 11 15 17 19 24 27 28 32 37 40 45 52 16_761  0
1.7529296874 -7644.4389648438 1 6 9 10 11 14 17 22 25 29 30 34 38 43 47 52 16_762  0
1.7534179687 -7644.4384765625 3 9 14 15 17 18 19 22 23 26 28 30 42 43 45 59 16_763  0
1.7543945312 -7644.4375000000 2 5 6 7 9 10 15 21 23 28 29 32 37 41 44 51 16_764  0
1.7563476562 -7644.4355468750 2 6 7 9 10 12 13 16 17 23 25 32 40 47 50 51 16_765  0
1.7675781250 -7644.4243164062 1 2 3 5 6 9 11 20 22 30 32 34 39 48 49 52 16_766  0
1.7705078124 -7644.4213867188 1 4 5 7 9 12 15 17 30 32 36 40 41 43 45 48 16_767  0
1.7709960937 -7644.4208984375 5 7 9 10 11 13 14 15 19 22 23 26 28 42 47 53 16_768  0
1.7749023437 -7644.4169921875 1 3 8 10 11 15 18 19 20 22 24 34 36 38 49 58 16_769  0
1.7763671874 -7644.4155273438 2 3 6 8 12 15 16 17 23 24 30 38 42 45 48 52 16_770  0
1.7836914062 -7644.4082031250 3 4 7 10 12 13 16 19 22 24 27 36 43 45 46 58 16_771  0
1.7885742187 -7644.4033203125 7 8 9 12 15 17 19 20 22 23 25 28 35 40 42 57 16_772  0
1.7890625000 -7644.4028320312 1 4 6 8 11 13 15 17 22 26 30 32 33 36 38 59 16_773  0
1.7949218750 -7644.3969726562 1 3 5 6 8 9 10 14 18 21 24 29 31 44 48 51 16_774  0
1.7954101562 -7644.3964843750 4 5 7 14 17 20 21 22 23 25 27 31 33 36 44 60 16_775  0
1.8017578124 -7644.3901367188 2 4 6 9 11 18 19 20 21 22 24 38 45 47 50 57 16_776  0
1.8237304687 -7644.3681640625 2 5 6 17 20 21 22 32 33 35 38 39 40 41 44 45 16_777  0
1.8417968750 -7644.3500976562 2 4 7 9 10 11 19 21 27 30 33 34 35 37 38 44 16_778  0
1.8588867187 -7644.3330078125 3 7 8 10 11 14 16 18 20 23 31 33 38 39 49 56 16_779  0
1.8701171874 -7644.3217773438 2 5 9 10 16 17 18 20 22 26 30 36 40 42 47 51 16_780  0
1.8769531250 -7644.3149414062 1 4 5 7 11 13 15 16 19 21 25 31 34 42 45 51 16_781  0
1.8818359374 -7644.3100585938 1 6 9 11 12 17 19 22 23 29 34 35 37 39 44 56 16_782  0
1.8823242187 -7644.3095703125 1 5 8 12 13 14 15 16 17 18 21 25 31 47 49 51 16_783  0
1.8837890624 -7644.3081054688 3 5 8 10 15 16 18 20 26 27 31 32 36 44 47 57 16_784  0
1.8852539062 -7644.3066406250 4 5 12 15 16 17 20 22 24 25 27 33 37 44 48 53 16_785  0
1.8881835937 -7644.3037109375 4 5 6 10 13 15 16 20 21 30 33 39 41 43 47 54 16_786  0
1.8916015624 -7644.3002929688 1 5 9 12 16 17 18 22 23 25 29 30 35 37 40 45 16_787  0
1.8964843750 -7644.2954101562 3 4 5 12 14 16 17 18 19 26 27 28 31 39 42 53 16_788  0
1.8989257812 -7644.2929687500 5 6 10 11 12 15 16 21 23 26 29 34 36 37 57 58 16_789  0
1.9018554687 -7644.2900390625 1 3 4 5 7 13 15 16 21 23 25 39 40 42 48 54 16_790  0
1.9091796874 -7644.2827148438 1 3 4 5 9 10 16 17 20 21 22 27 38 41 42 49 16_791  0
1.9101562500 -7644.2817382812 1 2 6 12 17 19 22 24 25 27 29 31 33 34 46 57 16_792  0
1.9111328124 -7644.2807617188 1 4 5 6 7 9 10 14 18 19 23 35 37 39 41 55 16_793  0
1.9218750000 -7644.2700195312 1 3 8 12 18 20 21 22 23 26 27 31 36 41 46 58 16_794  0
1.9272460937 -7644.2646484375 4 7 8 14 16 18 21 22 26 27 28 32 33 43 44 55 16_795  0
1.9306640624 -7644.2612304688 3 6 11 13 14 15 16 20 24 29 35 37 43 46 47 52 16_796  0
1.9311523437 -7644.2607421875 1 2 3 5 7 10 17 18 20 27 28 35 40 43 45 49 16_797  0
1.9423828124 -7644.2495117188 1 2 3 5 10 13 18 19 20 21 25 32 33 36 40 57 16_798  0
1.9438476562 -7644.2480468750 1 3 5 7 14 16 17 18 23 27 37 40 46 47 48 52 16_799  0
1.9633789062 -7644.2285156250 3 6 7 8 10 12 14 16 17 21 23 30 34 42 53 57 16_800  0
1.9658203124 -7644.2260742188 2 3 4 5 7 13 14 19 21 28 34 35 36 43 46 47 16_801  0
1.9702148437 -7644.2216796875 1 2 5 6 8 10 12 24 25 27 30 38 39 41 45 56 16_802  0
1.9785156250 -7644.2133789062 2 5 7 9 11 13 16 19 20 21 23 28 35 37 42 54 16_803  0
1.9838867187 -7644.2080078125 3 4 5 6 7 14 16 17 18 20 21 24 26 41 44 58 16_804  0
1.9926757812 -7644.1992187500 2 5 7 9 16 20 21 24 25 29 30 35 37 40 42 54 16_805  0
1.9965820312 -7644.1953125000 2 4 5 6 9 12 14 20 22 28 35 41 44 45 52 53 16_806  0
2.0024414062 -7644.1894531250 4 5 7 9 10 11 20 23 25 26 31 37 38 44 46 49 16_807  0
2.0078125000 -7644.1840820312 3 4 5 7 9 11 13 19 20 21 26 33 35 46 50 56 16_808  0
2.0239257812 -7644.1679687500 2 3 4 7 9 12 16 18 25 26 28 29 35 36 40 60 16_809  0
2.0297851562 -7644.1621093750 2 3 4 10 11 13 14 18 23 24 25 45 46 48 51 55 16_810  0
2.0356445312 -7644.1562500000 1 2 4 6 12 15 16 19 21 26 29 34 37 48 49 57 16_811  0
2.0380859374 -7644.1538085938 3 4 5 9 10 19 20 21 24 26 31 32 40 48 50 58 16_812  0
2.0468750000 -7644.1450195312 1 3 4 6 7 8 22 24 25 30 32 39 42 43 46 58 16_813  0
2.0517578124 -7644.1401367188 2 4 10 11 13 14 17 23 31 32 34 36 37 42 46 57 16_814  0
2.0571289062 -7644.1347656250 5 7 11 15 18 20 21 31 33 34 35 38 40 45 47 56 16_815  0
2.0776367187 -7644.1142578125 2 3 4 6 8 9 19 24 29 30 32 33 34 36 57 60 16_816  0
2.0820312500 -7644.1098632812 1 3 6 9 13 16 19 22 26 30 31 32 38 39 44 49 16_817  0
2.0864257812 -7644.1054687500 1 2 9 11 12 20 21 22 24 25 30 36 37 44 47 51 16_818  0
2.0874023437 -7644.1044921875 1 3 6 8 11 13 15 16 19 21 32 42 45 48 49 60 16_819  0
2.0898437500 -7644.1020507812 2 3 9 12 13 20 21 23 24 25 26 31 36 47 55 58 16_820  0
2.1010742187 -7644.0908203125 1 2 3 4 8 9 17 18 19 28 36 38 41 44 50 54 16_821  0
2.1118164062 -7644.0800781250 3 8 9 11 12 16 18 19 24 26 27 34 40 43 47 59 16_822  0
2.1186523437 -7644.0732421875 2 6 7 8 11 12 14 16 18 21 28 29 32 36 41 58 16_823  0
2.1220703124 -7644.0698242188 1 3 5 6 9 12 13 14 17 18 31 37 43 48 51 57 16_824  0
2.1250000000 -7644.0668945312 1 2 5 8 12 14 15 17 19 23 25 29 41 45 56 60 16_825  0
2.1367187500 -7644.0551757812 3 7 12 13 18 20 22 26 27 33 35 40 41 43 48 52 16_826  0
2.1606445312 -7644.0312500000 3 4 6 8 14 19 23 24 36 39 40 41 42 43 45 48 16_827  0
2.1635742187 -7644.0283203125 2 11 12 13 15 17 20 24 26 28 29 43 44 47 48 51 16_828  0
2.1650390624 -7644.0268554688 2 3 6 8 9 17 18 26 34 35 39 40 44 46 48 52 16_829  0
2.1674804687 -7644.0244140625 1 5 7 8 15 16 17 26 27 29 30 34 36 45 46 54 16_830  0
2.1728515624 -7644.0190429688 2 3 4 5 13 20 21 22 24 25 26 31 36 40 52 59 16_831  0
2.1879882812 -7644.0039062500 4 5 6 10 11 14 15 16 22 27 29 40 42 45 53 59 16_832  0
2.2036132812 -7643.9882812500 7 8 9 10 11 14 16 19 20 21 27 28 39 48 54 57 16_833  0
2.2241210937 -7643.9677734375 1 2 3 4 8 12 16 17 19 24 27 34 36 49 54 55 16_834  0
2.2270507812 -7643.9648437500 1 7 10 13 14 16 18 19 23 24 28 34 43 46 51 56 16_835  0
2.2519531250 -7643.9399414062 3 4 5 7 13 19 20 22 30 31 33 41 45 46 47 59 16_836  0
2.3320312500 -7643.8598632812 2 12 13 14 19 21 24 27 29 32 33 39 40 41 44 53 16_837  0
2.3671875000 -7643.8247070312 1 4 8 11 17 18 20 22 27 33 36 39 40 44 50 54 16_838  0
2.3847656250 -7643.8071289062 2 3 6 10 13 15 22 24 25 31 35 36 40 44 52 60 16_839  0
2.4125976562 -7643.7792968750 1 3 6 17 18 20 22 23 25 27 35 36 39 40 51 57 16_840  0
2.4423828124 -7643.7495117188 4 5 10 13 14 16 19 22 24 29 33 36 39 41 59 60 16_841  0
2.4628906250 -7643.7290039062 2 5 6 9 10 11 12 19 20 21 30 33 35 51 55 57 16_842  0
2.5356445312 -7643.6562500000 3 6 7 8 19 21 22 23 24 25 30 37 42 46 51 53 16_843  0
2.5654296874 -7643.6264648438 2 7 11 13 15 22 23 26 27 33 36 42 45 46 49 54 16_844  0
2.5683593750 -7643.6235351562 3 6 7 10 11 13 20 26 28 33 34 36 42 43 44 56 16_845  0
2.5839843750 -7643.6079101562 7 8 9 13 15 18 20 21 29 31 36 42 46 51 57 59 16_846  0
2.6235351562 -7643.5683593750 4 8 10 16 18 20 24 27 29 34 38 39 43 48 54 60 16_847  0
2.6420898437 -7643.5498046875 1 3 12 13 17 24 25 27 28 30 34 37 44 45 48 59 16_848  0
2.8535156250 -7643.3383789062 3 4 8 9 11 14 17 22 29 36 39 43 44 51 56 58 16_849  0
