0 -7582.5815429688 1 2 3 4 5 6 7 8 9 10 11 12 13 15 16 17 18 19 20 21 24 26 30 32 36 45 26_1.cif 
.0112304688 -7582.5703125000 1 2 3 4 5 6 7 8 9 12 14 15 16 17 18 19 21 22 23 24 27 29 30 37 40 44 26_2.cif 
.0122070313 -7582.5693359375 1 2 4 5 6 7 8 9 10 11 13 14 16 17 18 19 20 21 22 23 24 26 27 28 32 39 26_3.cif 
.0551757813 -7582.5263671875 1 2 3 4 5 7 8 9 10 11 12 13 15 16 17 18 19 20 21 24 25 26 32 36 41 45 26_4.cif 
.1010742188 -7582.4804687500 2 4 6 7 8 9 10 11 12 13 14 15 16 17 18 20 21 22 23 24 28 32 34 35 38 45 26_5.cif 
.1689453126 -7582.4125976562 2 6 7 8 9 10 11 12 13 14 15 16 17 18 19 20 21 22 23 24 33 37 39 40 45 46 26_6.cif 
.1757812500 -7582.4057617188 1 2 4 5 6 7 9 10 11 12 13 14 15 16 17 18 19 20 21 23 26 34 40 42 43 45 26_7.cif 
.2119140626 -7582.3696289062 1 2 3 5 6 7 8 10 11 12 14 15 16 17 18 20 21 22 23 27 29 30 34 35 44 47 26_8.cif 
.2265625000 -7582.3549804688 1 2 4 5 6 7 8 9 10 12 13 15 16 17 18 19 20 21 22 24 25 28 31 44 46 48 26_9.cif 
.2363281250 -7582.3452148438 1 2 4 6 7 8 9 10 12 13 14 15 16 17 18 19 21 22 23 24 31 33 37 38 44 46 26_10.cif 
.2373046876 -7582.3442382812 1 2 3 4 5 6 8 10 11 12 13 14 15 17 18 19 20 21 22 24 27 28 29 31 34 43 26_11.cif 
.2387695313 -7582.3427734375 2 3 4 5 6 8 9 11 12 14 15 16 18 19 20 21 22 23 24 29 31 32 33 37 41 48 26_12.cif 
.2407226563 -7582.3408203125 1 3 4 5 6 8 10 11 12 13 14 15 16 17 18 19 20 21 24 25 27 28 32 35 37 42 26_13.cif 
.2456054688 -7582.3359375000 1 2 3 5 6 7 8 9 10 11 13 14 15 16 17 18 20 22 24 27 29 34 36 39 42 43 26_14.cif 
.2539062500 -7582.3276367188 1 2 3 4 5 6 7 8 9 10 12 13 14 15 16 17 18 19 20 22 23 26 28 45 47 50 26_15.cif 
.2612304688 -7582.3203125000 1 2 3 4 5 6 7 8 9 14 15 16 18 19 20 21 22 23 24 25 33 35 40 41 42 43 26_16.cif 
.2788085938 -7582.3027343750 2 3 7 8 9 10 11 12 14 15 16 17 18 19 20 21 22 23 24 25 28 32 34 35 42 45 26_17.cif 
.2851562500 -7582.2963867188 1 3 4 5 6 7 8 9 10 11 12 14 16 17 18 19 21 22 24 25 31 32 37 40 42 44 26_18.cif 
.2939453126 -7582.2875976562 1 3 5 6 7 8 9 10 11 12 13 14 15 16 17 19 20 21 22 23 24 32 39 40 46 52 26_19.cif 
.2954101563 -7582.2861328125 1 2 3 4 5 6 7 8 9 10 11 12 14 15 18 19 20 21 23 26 33 37 38 40 41 47 26_20.cif 
.2958984376 -7582.2856445312 1 2 3 4 5 6 7 8 10 11 13 15 16 17 18 20 22 24 27 28 29 32 34 36 39 42 26_21.cif 
.2968750000 -7582.2846679688 1 3 4 5 6 8 9 10 11 12 14 16 17 18 19 21 22 23 24 27 30 31 32 41 43 44 26_22.cif 
.3032226563 -7582.2783203125 2 3 4 5 6 7 8 10 11 12 13 15 16 17 18 19 21 22 24 32 33 35 36 37 42 43 26_23.cif 
.3105468750 -7582.2709960938 1 2 3 4 5 7 8 10 11 12 14 15 16 17 19 20 21 22 23 25 26 28 30 36 42 45 26_24.cif 
.3154296876 -7582.2661132812 1 2 3 6 7 8 9 10 11 12 13 15 16 18 20 21 22 23 24 25 26 27 33 36 41 47 26_25.cif 
.3261718750 -7582.2553710938 1 2 4 5 6 7 9 10 11 12 14 15 16 18 20 21 22 23 24 26 28 33 35 36 37 40 26_26.cif 
.3271484376 -7582.2543945312 2 4 5 6 7 8 9 10 11 12 14 15 16 17 18 19 21 22 23 24 28 30 37 40 42 47 26_27.cif 
.3349609376 -7582.2465820312 2 3 4 5 6 7 8 9 10 11 12 13 14 17 18 20 21 22 23 27 31 34 36 43 44 45 26_28.cif 
.3364257813 -7582.2451171875 1 2 3 4 5 6 8 9 10 11 14 17 18 19 20 21 23 24 25 31 33 35 36 37 42 44 26_29.cif 
.3393554688 -7582.2421875000 1 2 3 4 6 8 11 12 13 14 15 16 17 18 19 20 21 22 24 31 32 34 35 37 41 47 26_30.cif 
.3457031250 -7582.2358398438 1 2 3 4 5 6 9 10 11 12 14 16 18 19 20 22 23 24 29 30 34 35 36 37 38 39 26_31.cif 
.3574218750 -7582.2241210938 2 4 5 6 7 8 9 10 11 12 13 15 17 18 19 20 21 23 24 28 33 34 37 42 43 48 26_32.cif 
.3681640626 -7582.2133789062 2 3 5 7 8 9 10 11 12 13 14 15 16 18 19 20 21 23 24 32 33 34 35 37 43 45 26_33.cif 
.3725585938 -7582.2089843750 1 3 4 5 6 8 9 10 11 14 15 16 17 18 19 21 22 23 24 25 32 35 37 38 42 45 26_34.cif 
.3842773438 -7582.1972656250 1 2 3 4 5 6 7 10 12 13 14 15 16 17 18 19 20 22 23 27 28 32 37 41 43 47 26_35.cif 
.3891601563 -7582.1923828125 1 3 4 5 6 7 8 9 10 11 12 14 15 16 17 18 19 20 21 23 25 28 30 33 48 59 26_36.cif 
.3930664063 -7582.1884765625 1 2 3 4 5 6 7 8 9 11 12 13 14 15 18 19 20 21 22 23 24 28 33 38 46 54 26_37.cif 
.3950195313 -7582.1865234375 1 2 3 5 7 8 9 10 11 13 14 15 16 18 19 20 22 23 24 26 30 35 38 42 44 45 26_38.cif 
.3994140626 -7582.1821289062 2 3 4 5 6 7 8 9 10 11 12 14 15 18 20 21 23 24 27 28 29 30 37 43 46 48 26_39.cif 
.4062500000 -7582.1752929688 1 2 3 4 6 7 8 9 11 12 13 14 15 16 17 18 19 20 24 25 27 33 35 41 46 47 26_40.cif 
.4067382813 -7582.1748046875 1 2 3 4 5 6 7 11 12 13 14 15 16 17 18 19 21 22 27 29 30 35 36 38 46 47 26_41.cif 
.4101562500 -7582.1713867188 1 3 4 7 8 9 10 11 12 13 14 15 16 18 19 20 22 23 25 28 33 36 37 38 39 41 26_42.cif 
.4174804688 -7582.1640625000 1 2 3 5 6 7 8 9 10 11 12 13 16 18 19 20 21 22 23 30 33 38 39 43 45 46 26_43.cif 
.4204101563 -7582.1611328125 1 2 5 6 7 8 9 10 11 13 14 15 16 17 18 20 23 24 25 27 30 32 34 36 43 45 26_44.cif 
.4208984376 -7582.1606445312 1 2 3 5 8 9 11 14 15 16 17 18 19 20 21 22 23 24 25 26 27 29 32 41 42 47 26_45.cif 
.4291992188 -7582.1523437500 2 4 5 6 7 9 10 13 14 16 17 18 19 20 21 22 23 24 25 28 30 32 34 35 41 42 26_46.cif 
.4306640626 -7582.1508789062 1 2 3 5 6 7 8 9 10 11 13 15 16 17 18 19 21 22 23 25 27 28 29 30 36 45 26_47.cif 
.4365234376 -7582.1450195312 1 3 4 5 6 8 10 11 12 13 14 15 17 18 19 20 21 24 26 27 28 29 31 34 43 47 26_48.cif 
.4370117188 -7582.1445312500 1 2 3 5 7 8 10 11 14 15 16 17 18 19 20 21 22 23 24 25 26 30 32 41 42 46 26_49.cif 
.4375000000 -7582.1440429688 1 2 3 5 7 8 9 11 12 13 14 15 16 18 20 21 22 23 24 26 28 37 39 42 44 45 26_50.cif 
.4389648438 -7582.1425781250 1 3 4 5 6 8 9 10 11 12 13 15 16 17 18 19 21 22 24 25 26 27 32 37 38 42 26_51.cif 
.4404296876 -7582.1411132812 1 2 4 5 6 7 9 10 11 12 13 14 15 16 17 18 22 23 25 28 29 31 35 37 44 48 26_52.cif 
.4409179688 -7582.1406250000 1 2 3 4 5 7 8 9 11 13 14 15 18 19 20 21 22 23 24 29 30 35 38 39 40 44 26_53.cif 
.4443359376 -7582.1372070312 1 2 3 4 5 6 7 9 10 11 12 14 15 16 17 18 22 23 25 26 28 29 39 44 47 48 26_54.cif 
.4448242188 -7582.1367187500 2 4 6 7 8 9 10 11 12 13 14 15 16 18 19 20 22 24 29 31 32 33 34 35 37 45 26_55.cif 
.4560546876 -7582.1254882812 1 2 3 4 5 6 8 9 10 11 12 14 15 16 17 18 20 22 25 29 30 33 39 40 47 48 26_56.cif 
.4570312500 -7582.1245117188 1 2 4 5 6 7 8 9 10 11 15 16 17 18 20 21 22 23 24 26 35 36 38 39 40 41 26_57.cif 
.4711914063 -7582.1103515625 1 2 3 5 6 8 9 10 11 12 14 16 17 18 19 22 23 24 25 28 29 33 35 36 42 47 26_58.cif 
.4755859376 -7582.1059570312 1 2 4 5 6 7 8 9 10 11 12 13 14 16 19 20 21 22 23 27 29 34 37 40 41 48 26_59.cif 
.4765625000 -7582.1049804688 1 3 4 7 8 9 10 11 12 13 15 17 18 19 20 21 22 24 25 27 30 35 37 38 40 46 26_60.cif 
.4804687500 -7582.1010742188 1 5 7 8 9 10 11 12 13 15 16 17 18 19 21 22 23 24 26 27 30 32 34 38 39 45 26_61.cif 
.4814453126 -7582.1000976562 1 2 3 5 7 8 9 10 11 14 15 16 17 18 20 21 23 24 26 29 34 35 36 37 44 45 26_62.cif 
.4873046876 -7582.0942382812 1 2 3 5 6 7 8 9 10 12 13 15 16 17 18 20 21 22 23 32 36 37 40 42 45 48 26_63.cif 
.4882812500 -7582.0932617188 1 2 3 4 5 7 8 10 11 12 13 15 16 19 20 22 23 24 27 29 30 32 35 37 41 48 26_64.cif 
.4897460938 -7582.0917968750 1 2 3 4 5 6 7 9 10 11 13 15 16 18 21 22 23 24 28 30 32 33 38 40 43 44 26_65.cif 
.4916992188 -7582.0898437500 1 3 5 7 8 9 10 11 12 14 15 17 18 19 20 22 23 24 25 26 33 35 37 39 40 48 26_66.cif 
.4980468750 -7582.0834960938 2 3 4 6 7 9 10 12 13 15 16 17 18 19 20 21 22 23 24 25 28 32 35 38 45 47 26_67.cif 
.5000000000 -7582.0815429688 1 2 3 4 5 6 7 8 10 11 12 13 15 17 19 21 22 23 28 30 32 36 41 44 46 48 26_68.cif 
.5004882813 -7582.0810546875 1 2 3 5 6 7 8 9 10 11 12 13 14 15 17 20 21 23 25 27 31 34 40 41 44 48 26_69.cif 
.5083007813 -7582.0732421875 1 2 3 6 7 8 9 12 13 15 16 17 18 19 21 22 23 24 25 28 31 34 36 41 42 47 26_70.cif 
.5156250000 -7582.0659179688 1 2 3 4 5 6 7 9 10 12 13 15 16 18 20 21 24 25 28 30 31 33 37 39 41 46 26_71.cif 
.5200195313 -7582.0615234375 1 2 3 4 5 7 8 10 11 12 13 15 17 19 20 21 22 23 24 26 33 37 38 44 46 47 26_72.cif 
.5205078126 -7582.0610351562 1 2 3 4 5 6 8 10 11 14 17 19 20 21 22 23 24 25 30 31 32 34 35 36 42 43 26_73.cif 
.5224609376 -7582.0590820312 1 2 3 4 6 7 8 12 13 14 15 16 17 19 20 21 22 23 27 28 32 33 34 39 43 45 26_74.cif 
.5244140626 -7582.0571289062 1 2 3 4 5 6 7 9 12 14 16 17 19 20 21 22 23 24 25 30 36 40 41 42 43 44 26_75.cif 
.5249023438 -7582.0566406250 1 2 3 4 5 6 8 10 11 12 14 17 19 21 22 23 24 25 31 32 34 35 36 39 42 43 26_76.cif 
.5253906250 -7582.0561523438 1 3 5 7 9 11 12 13 14 15 16 18 19 20 21 22 23 24 25 29 30 34 39 40 45 48 26_77.cif 
.5292968750 -7582.0522460938 1 2 3 5 6 7 8 9 10 11 12 13 16 17 19 20 24 25 26 27 29 30 35 37 46 47 26_78.cif 
.5297851563 -7582.0517578125 1 2 4 5 6 7 8 9 10 12 13 14 15 16 17 18 19 23 27 29 34 36 37 40 41 42 26_79.cif 
.5322265626 -7582.0493164062 1 3 4 5 6 7 8 9 10 11 12 13 15 16 17 19 20 24 25 32 33 36 37 38 39 47 26_80.cif 
.5405273438 -7582.0410156250 1 2 3 4 5 6 7 8 10 11 12 13 17 18 19 20 23 24 30 36 37 39 40 41 44 46 26_81.cif 
.5454101563 -7582.0361328125 1 2 3 4 6 7 8 9 10 14 15 16 17 18 19 22 23 24 25 30 33 36 40 41 43 44 26_82.cif 
.5478515626 -7582.0336914062 1 2 4 7 8 9 10 12 13 14 15 16 17 19 20 21 22 23 25 27 29 30 40 44 45 46 26_83.cif 
.5483398438 -7582.0332031250 1 3 4 7 8 9 10 11 13 14 15 17 19 20 21 22 23 24 25 28 32 37 41 43 44 48 26_84.cif 
.5498046876 -7582.0317382812 1 2 3 4 5 6 8 9 10 11 12 13 15 19 20 21 22 23 28 29 30 36 37 39 41 48 26_85.cif 
.5576171876 -7582.0239257812 1 2 3 4 5 6 7 8 9 10 12 13 14 16 17 20 21 22 23 25 26 36 37 40 41 47 26_86.cif 
.5629882813 -7582.0185546875 2 3 4 5 7 8 10 11 12 13 14 15 17 19 20 21 23 24 25 27 31 32 33 34 37 39 26_87.cif 
.5634765626 -7582.0180664062 1 2 3 4 5 6 7 9 11 12 13 15 17 18 20 22 24 25 26 27 28 29 35 38 41 44 26_88.cif 
.5693359376 -7582.0122070312 1 2 3 4 5 7 9 10 12 13 14 15 17 18 20 21 22 23 25 27 31 36 40 41 43 48 26_89.cif 
.5698242188 -7582.0117187500 1 2 3 4 5 6 7 8 11 14 15 16 17 19 20 21 22 24 28 31 34 35 41 42 45 47 26_90.cif 
.5722656250 -7582.0092773438 1 2 3 4 5 6 7 9 11 12 15 17 18 19 20 21 23 25 26 27 30 32 33 34 38 40 26_91.cif 
.5766601563 -7582.0048828125 2 3 4 6 7 9 10 12 13 14 15 16 17 19 20 22 24 25 27 30 32 34 37 40 44 46 26_92.cif 
.5771484376 -7582.0043945312 1 2 3 5 6 7 8 9 10 11 12 13 15 17 18 21 22 23 25 29 31 35 36 42 44 47 26_93.cif 
.5776367188 -7582.0039062500 1 2 3 4 5 6 7 8 9 10 11 12 13 16 18 19 23 24 26 27 29 31 41 42 43 45 26_94.cif 
.5795898438 -7582.0019531250 1 2 3 5 6 8 9 10 12 13 14 15 16 19 21 22 23 24 28 30 32 33 35 37 41 45 26_95.cif 
.5820312500 -7581.9995117188 1 2 3 4 5 6 7 8 10 12 16 17 18 19 20 21 22 26 27 32 34 35 38 41 43 46 26_96.cif 
.5825195313 -7581.9990234375 1 2 3 4 6 7 8 12 13 14 15 16 17 18 19 21 22 23 25 27 34 38 40 43 44 46 26_97.cif 
.5849609376 -7581.9965820312 1 4 5 6 7 8 9 10 11 12 14 15 16 17 18 22 23 28 29 31 35 37 43 44 45 46 26_98.cif 
.5854492188 -7581.9960937500 1 2 3 4 5 6 9 10 11 16 17 18 20 21 22 23 24 26 27 31 32 33 34 36 38 44 26_99.cif 
.5859375000 -7581.9956054688 2 3 4 5 7 10 11 13 14 15 17 18 19 20 21 22 24 26 27 33 34 35 36 40 44 46 26_100.cif 
.5878906250 -7581.9936523438 1 2 3 4 5 7 9 10 13 14 15 19 20 21 22 23 24 25 29 30 31 32 33 34 36 41 26_101.cif 
.5922851563 -7581.9892578125 1 2 3 4 5 6 7 8 10 12 13 14 15 16 17 18 20 22 23 24 26 30 40 45 47 50 26_102.cif 
.5991210938 -7581.9824218750 1 3 4 5 6 7 8 9 10 11 12 13 14 16 17 20 23 26 28 31 32 35 36 37 45 46 26_103.cif 
.6000976563 -7581.9814453125 2 3 5 6 9 10 11 13 14 15 17 18 19 20 21 22 23 24 29 32 35 36 37 42 44 48 26_104.cif 
.6025390626 -7581.9790039062 1 3 5 6 7 9 10 11 12 14 15 17 18 20 21 23 24 25 26 28 30 34 38 40 43 46 26_105.cif 
.6040039063 -7581.9775390625 1 2 3 4 5 6 8 9 11 12 13 16 19 20 21 22 23 24 29 32 34 35 40 41 42 43 26_106.cif 
.6059570313 -7581.9755859375 1 3 4 6 7 8 9 11 12 13 14 15 17 18 19 21 22 24 25 27 32 33 34 44 45 46 26_107.cif 
.6103515626 -7581.9711914062 1 2 3 4 5 6 7 9 10 11 12 13 14 15 19 20 22 26 29 30 31 33 34 35 37 45 26_108.cif 
.6132812500 -7581.9682617188 1 3 4 5 6 7 8 10 11 12 14 15 16 19 21 23 24 26 27 30 31 32 34 37 40 42 26_109.cif 
.6235351563 -7581.9580078125 2 3 4 6 7 8 9 10 12 13 14 16 17 19 20 21 23 24 25 28 32 34 35 40 45 48 26_110.cif 
.6240234376 -7581.9575195312 1 2 3 4 5 6 7 11 12 14 16 17 18 20 22 23 24 25 27 32 33 36 37 39 44 45 26_111.cif 
.6254882813 -7581.9560546875 3 4 5 7 8 9 10 11 12 13 14 15 16 18 19 20 21 23 26 32 33 35 37 38 42 45 26_112.cif 
.6279296876 -7581.9536132812 1 3 4 7 8 9 10 11 13 15 17 18 19 20 21 22 24 25 27 28 30 35 37 38 40 46 26_113.cif 
.6303710938 -7581.9511718750 2 4 5 6 8 9 10 11 12 13 14 15 18 19 20 21 22 24 25 28 30 32 34 36 45 48 26_114.cif 
.6313476563 -7581.9501953125 2 3 4 5 6 8 9 11 12 14 17 19 20 21 22 23 24 31 33 34 35 38 39 42 43 44 26_115.cif 
.6323242188 -7581.9492187500 2 3 4 5 6 7 8 11 12 14 16 19 20 21 22 23 24 25 26 27 28 29 30 33 37 44 26_116.cif 
.6333007813 -7581.9482421875 2 3 4 7 8 9 10 11 12 14 15 17 18 20 21 22 24 25 30 31 33 36 37 40 41 42 26_117.cif 
.6372070313 -7581.9443359375 4 5 6 7 9 10 11 12 13 14 15 16 17 18 21 22 23 24 25 27 30 32 34 38 39 45 26_118.cif 
.6376953126 -7581.9438476562 3 7 8 9 10 11 12 14 15 16 17 18 19 20 22 23 24 25 28 34 35 37 42 43 45 48 26_119.cif 
.6445312500 -7581.9370117188 1 2 3 5 6 8 9 10 11 12 14 16 17 18 19 20 21 24 25 27 29 30 31 32 33 37 26_120.cif 
.6484375000 -7581.9331054688 1 2 4 5 6 7 10 11 12 14 15 16 17 19 20 21 22 24 26 27 28 29 32 36 39 41 26_121.cif 
.6499023438 -7581.9316406250 3 4 5 7 8 9 10 11 12 14 16 17 18 19 20 21 23 26 27 28 35 36 42 43 45 46 26_122.cif 
.6508789063 -7581.9306640625 1 2 4 5 6 7 8 10 11 12 14 15 18 19 20 21 23 24 25 26 29 31 32 35 36 38 26_123.cif 
.6523437500 -7581.9291992188 1 2 4 5 6 8 9 10 12 13 14 15 16 19 21 22 23 24 29 30 32 34 35 37 42 45 26_124.cif 
.6528320313 -7581.9287109375 2 4 6 8 9 10 11 12 13 14 15 17 19 21 22 23 24 25 28 30 32 34 36 39 40 42 26_125.cif 
.6538085938 -7581.9277343750 1 3 4 5 9 10 11 12 13 14 15 16 17 18 19 20 21 22 27 30 32 35 36 37 38 47 26_126.cif 
.6542968750 -7581.9272460938 2 4 5 6 7 8 10 11 12 13 14 15 18 19 21 22 24 27 30 31 32 33 34 39 42 46 26_127.cif 
.6547851563 -7581.9267578125 1 2 3 5 7 8 10 11 13 14 15 16 18 19 20 22 23 24 28 30 38 39 42 44 45 47 26_128.cif 
.6567382813 -7581.9248046875 1 2 3 4 5 6 7 8 10 11 13 14 15 16 17 18 19 20 23 24 26 30 33 41 47 50 26_129.cif 
.6601562500 -7581.9213867188 1 2 4 5 6 7 8 10 12 15 16 18 19 20 21 22 23 25 26 29 30 35 36 37 39 43 26_130.cif 
.6621093750 -7581.9194335938 1 2 4 6 7 8 9 10 11 12 14 15 17 20 21 22 24 28 29 33 35 36 42 43 44 46 26_131.cif 
.6625976563 -7581.9189453125 1 2 3 4 5 6 8 9 10 15 17 18 19 20 22 23 24 26 30 32 34 40 43 45 46 48 26_132.cif 
.6630859376 -7581.9184570312 2 3 4 6 7 8 9 11 12 13 14 15 16 17 19 20 21 22 24 25 33 39 42 43 44 52 26_133.cif 
.6645507813 -7581.9169921875 1 2 4 5 6 8 9 11 12 13 14 15 17 18 19 21 25 26 27 28 29 32 36 41 44 46 26_134.cif 
.6650390626 -7581.9165039062 1 2 5 6 9 10 11 12 13 14 15 18 19 21 22 23 24 25 28 29 32 34 39 40 41 44 26_135.cif 
.6674804688 -7581.9140625000 1 2 3 8 9 11 12 13 14 16 17 18 19 20 21 22 23 24 27 28 33 34 35 37 40 41 26_136.cif 
.6728515626 -7581.9086914062 1 2 3 5 6 7 8 9 11 13 14 15 16 17 18 20 21 22 23 28 29 37 40 44 48 60 26_137.cif 
.6748046876 -7581.9067382812 2 3 4 7 8 9 10 11 12 13 14 15 16 17 18 19 21 23 25 28 32 33 34 40 47 48 26_138.cif 
.6791992188 -7581.9023437500 1 2 3 4 5 6 7 10 11 13 14 15 18 20 21 22 24 30 33 34 38 39 40 44 45 47 26_139.cif 
.6826171876 -7581.8989257812 1 2 5 6 8 9 10 11 13 14 16 17 18 19 20 21 23 24 26 30 32 33 34 37 41 43 26_140.cif 
.6840820313 -7581.8974609375 1 2 3 5 6 7 9 10 11 13 14 15 20 21 22 23 24 28 30 33 34 38 39 40 44 47 26_141.cif 
.6845703126 -7581.8969726562 3 6 7 8 9 10 11 12 13 14 16 18 19 20 21 22 23 24 28 35 37 40 42 43 46 47 26_142.cif 
.6850585938 -7581.8964843750 2 3 4 5 7 8 9 10 11 12 13 14 15 16 17 19 21 23 24 25 27 28 32 36 43 48 26_143.cif 
.6918945313 -7581.8896484375 1 2 4 6 7 10 11 12 13 14 16 17 19 20 21 22 23 27 28 34 37 38 39 42 46 48 26_144.cif 
.6943359376 -7581.8872070312 1 2 3 5 7 8 9 10 11 13 15 16 17 19 20 21 22 23 25 26 32 36 38 40 42 48 26_145.cif 
.6953125000 -7581.8862304688 1 2 3 6 7 8 9 11 12 13 14 15 16 17 19 20 21 22 24 25 39 41 42 43 46 52 26_146.cif 
.6992187500 -7581.8823242188 1 2 4 5 6 7 8 9 10 12 15 17 18 19 20 21 23 25 33 34 35 36 37 39 40 43 26_147.cif 
.7041015626 -7581.8774414062 1 2 3 4 7 12 13 15 16 17 18 19 20 21 22 23 24 25 31 32 33 34 35 39 43 46 26_148.cif 
.7050781250 -7581.8764648438 1 2 3 4 6 8 9 11 12 14 17 18 20 21 22 23 24 25 26 28 32 35 37 39 41 48 26_149.cif 
.7070312500 -7581.8745117188 1 2 3 4 5 6 8 9 11 12 13 14 16 17 20 22 24 29 33 39 40 42 44 46 47 48 26_150.cif 
.7080078126 -7581.8735351562 1 2 6 7 8 9 10 11 12 14 15 16 17 19 20 22 23 25 27 29 30 35 38 42 44 48 26_151.cif 
.7089843750 -7581.8725585938 1 2 5 6 7 8 10 11 12 14 15 17 18 19 21 22 23 24 25 26 29 31 38 39 40 46 26_152.cif 
.7094726563 -7581.8720703125 1 2 3 4 5 6 7 8 10 11 13 15 17 18 20 22 24 27 28 29 34 37 39 40 44 46 26_153.cif 
.7104492188 -7581.8710937500 1 2 3 5 6 7 8 9 10 11 13 15 17 19 20 22 23 24 27 28 30 31 34 37 41 43 26_154.cif 
.7119140626 -7581.8696289062 1 2 3 5 6 7 8 9 10 12 14 15 16 18 20 23 26 28 29 31 39 40 41 44 45 46 26_155.cif 
.7158203126 -7581.8657226562 3 4 5 7 8 9 10 11 13 14 16 18 19 20 22 23 24 27 32 34 35 37 40 41 42 45 26_156.cif 
.7167968750 -7581.8647460938 1 2 3 5 6 9 10 11 12 15 17 18 20 21 22 23 24 25 27 28 29 30 32 33 34 40 26_157.cif 
.7177734376 -7581.8637695312 1 2 3 4 5 7 11 12 14 16 17 18 19 20 21 22 24 25 26 32 33 35 37 39 43 48 26_158.cif 
.7197265626 -7581.8618164062 1 2 4 7 8 9 10 11 12 13 14 15 19 20 21 22 23 24 33 35 36 38 42 43 44 46 26_159.cif 
.7216796876 -7581.8598632812 1 2 3 5 6 8 10 11 12 13 14 15 17 18 19 21 22 24 25 27 32 40 41 43 44 46 26_160.cif 
.7226562500 -7581.8588867188 1 2 3 4 5 6 7 11 12 14 15 18 20 21 22 23 25 26 27 28 29 30 35 37 41 44 26_161.cif 
.7236328126 -7581.8579101562 1 2 3 4 6 7 9 11 12 13 14 15 18 19 20 21 24 25 32 34 36 40 41 43 44 46 26_162.cif 
.7246093750 -7581.8569335938 1 3 4 7 8 9 10 11 12 13 15 16 18 19 20 22 23 24 25 28 33 36 37 38 41 55 26_163.cif 
.7250976563 -7581.8564453125 1 5 6 7 8 9 10 11 12 13 15 16 18 19 20 21 22 23 28 33 34 37 38 44 45 47 26_164.cif 
.7265625000 -7581.8549804688 1 2 3 5 6 10 11 12 13 14 16 18 20 21 22 23 24 26 27 28 33 35 38 39 44 46 26_165.cif 
.7280273438 -7581.8535156250 1 2 3 5 6 8 9 10 11 12 13 14 15 21 22 23 24 25 27 28 32 33 38 40 44 47 26_166.cif 
.7290039063 -7581.8525390625 2 4 5 6 8 10 11 12 13 14 15 16 18 19 20 21 22 23 24 26 28 32 39 41 44 55 26_167.cif 
.7338867188 -7581.8476562500 1 2 3 6 7 8 9 10 11 12 13 14 15 18 21 22 23 24 25 29 30 31 35 36 47 48 26_168.cif 
.7416992188 -7581.8398437500 1 2 4 5 6 8 11 12 13 14 15 17 18 19 20 21 22 23 24 26 28 34 40 42 46 48 26_169.cif 
.7431640626 -7581.8383789062 1 2 4 5 6 7 8 10 11 12 14 15 16 18 21 22 23 25 26 28 29 31 35 36 39 47 26_170.cif 
.7436523438 -7581.8378906250 2 3 4 5 6 9 10 12 13 14 15 16 17 19 20 22 24 27 28 30 32 37 40 44 46 47 26_171.cif 
.7460937500 -7581.8354492188 1 3 5 6 7 8 9 10 11 12 14 17 18 19 20 22 23 27 28 32 33 38 40 42 43 46 26_172.cif 
.7470703126 -7581.8344726562 1 2 3 4 6 7 12 13 14 15 17 18 19 20 21 22 23 27 29 36 37 42 43 45 46 48 26_173.cif 
.7475585938 -7581.8339843750 1 2 4 5 6 9 10 11 12 14 15 16 17 18 19 22 23 26 29 30 31 32 35 37 41 48 26_174.cif 
.7490234376 -7581.8325195312 2 3 4 5 6 8 9 10 12 14 17 18 19 20 21 22 24 27 28 31 32 44 45 46 47 48 26_175.cif 
.7514648438 -7581.8300781250 1 2 3 4 5 6 9 11 12 13 15 17 18 19 20 21 22 23 24 30 33 38 45 47 48 53 26_176.cif 
.7529296876 -7581.8286132812 1 2 3 4 5 6 8 10 11 12 13 14 15 16 17 19 20 21 23 24 31 32 42 43 48 52 26_177.cif 
.7534179688 -7581.8281250000 2 3 4 6 7 8 9 10 11 12 14 15 16 17 18 21 22 23 26 27 28 29 38 41 43 44 26_178.cif 
.7539062500 -7581.8276367188 1 2 3 4 5 6 7 9 10 12 13 14 15 18 22 23 24 25 26 28 31 33 39 40 44 47 26_179.cif 
.7578125000 -7581.8237304688 1 3 6 7 9 10 11 12 13 14 15 16 18 19 21 22 23 26 27 29 30 31 36 42 44 46 26_180.cif 
.7583007813 -7581.8232421875 1 2 4 5 6 8 9 10 11 12 13 14 17 18 19 20 21 22 33 38 39 41 42 43 45 46 26_181.cif 
.7592773438 -7581.8222656250 1 2 3 5 6 8 9 11 12 14 15 17 18 19 20 22 23 29 30 31 36 37 40 41 44 46 26_182.cif 
.7602539063 -7581.8212890625 1 2 3 4 5 6 7 9 10 11 12 13 17 19 20 23 24 26 33 37 39 43 44 45 46 47 26_183.cif 
.7617187500 -7581.8198242188 1 3 4 5 6 7 8 9 11 12 14 15 16 18 19 20 21 23 24 25 27 28 32 33 35 54 26_184.cif 
.7641601563 -7581.8173828125 1 6 7 8 9 10 12 14 15 16 17 18 19 20 21 23 25 27 28 33 34 36 39 41 44 46 26_185.cif 
.7656250000 -7581.8159179688 2 3 4 5 6 8 9 10 11 12 14 15 18 19 20 22 23 25 26 27 29 33 38 39 43 46 26_186.cif 
.7666015626 -7581.8149414062 1 2 3 4 7 8 9 11 12 15 18 20 21 22 23 24 26 28 32 33 34 36 37 41 44 45 26_187.cif 
.7675781250 -7581.8139648438 1 2 3 5 6 8 9 10 11 12 14 15 16 19 20 21 24 25 27 28 30 31 33 35 37 45 26_188.cif 
.7700195313 -7581.8115234375 2 3 4 5 6 8 9 11 12 14 16 18 19 21 22 23 24 26 31 33 35 38 41 42 45 46 26_189.cif 
.7705078126 -7581.8110351562 1 2 4 5 8 9 10 13 14 15 16 17 19 20 21 22 23 24 32 34 37 38 40 42 43 45 26_190.cif 
.7714843750 -7581.8100585938 1 3 5 6 7 8 9 10 11 13 14 15 16 17 18 19 21 23 24 28 29 35 44 46 48 60 26_191.cif 
.7724609376 -7581.8090820312 1 3 4 5 6 7 8 9 10 11 12 13 16 17 19 20 21 23 24 25 36 39 40 46 48 52 26_192.cif 
.7744140626 -7581.8071289062 1 2 3 7 8 9 10 11 14 16 17 18 19 20 22 23 24 27 29 32 33 36 39 40 43 46 26_193.cif 
.7773437500 -7581.8041992188 1 2 3 4 5 6 8 11 12 13 14 15 17 19 21 23 24 30 32 34 35 40 42 43 44 47 26_194.cif 
.7783203126 -7581.8032226562 2 3 4 5 7 8 11 13 14 15 16 18 20 21 22 23 24 29 32 33 36 41 42 43 45 48 26_195.cif 
.7841796876 -7581.7973632812 2 3 7 9 10 11 12 13 14 15 16 17 18 19 20 21 22 23 25 33 35 42 44 45 47 48 26_196.cif 
.7944335938 -7581.7871093750 1 2 3 5 6 7 8 11 12 14 16 17 18 19 20 21 22 26 27 29 30 41 43 44 47 48 26_197.cif 
.7978515626 -7581.7836914062 1 2 4 5 6 7 8 10 11 13 14 16 17 18 19 21 23 25 26 28 29 30 36 37 39 44 26_198.cif 
.7983398438 -7581.7832031250 2 3 5 6 7 8 9 10 11 14 17 19 20 21 22 23 24 27 30 32 34 36 38 39 43 44 26_199.cif 
.8022460938 -7581.7792968750 1 2 3 5 6 7 8 9 10 11 14 15 18 20 22 23 27 31 32 33 37 38 41 43 44 46 26_200.cif 
.8027343750 -7581.7788085938 1 2 3 7 8 9 10 12 14 15 16 17 18 19 20 22 23 25 29 32 36 38 40 41 43 45 26_201.cif 
.8032226563 -7581.7783203125 1 3 5 8 9 10 11 12 14 15 16 17 18 19 21 22 23 24 25 27 28 36 42 46 48 50 26_202.cif 
.8046875000 -7581.7768554688 1 2 3 4 5 6 7 10 11 12 13 15 16 20 21 22 24 28 33 35 39 40 41 43 46 48 26_203.cif 
.8056640626 -7581.7758789062 1 3 4 5 6 7 8 9 10 13 14 16 17 18 19 21 22 25 27 28 30 31 39 41 43 46 26_204.cif 
.8061523438 -7581.7753906250 1 3 5 6 7 8 9 11 12 13 14 15 17 18 20 21 23 26 29 30 31 33 40 43 45 46 26_205.cif 
.8081054688 -7581.7734375000 1 2 6 8 9 10 11 12 13 15 18 19 20 21 22 23 24 26 27 30 32 33 34 37 38 43 26_206.cif 
.8090820313 -7581.7724609375 1 2 3 4 12 13 14 15 16 17 18 20 21 22 23 24 25 31 32 33 34 35 36 40 41 46 26_207.cif 
.8100585938 -7581.7714843750 1 2 4 5 6 8 9 10 11 13 14 17 18 19 20 21 22 23 24 25 27 28 34 41 42 52 26_208.cif 
.8110351563 -7581.7705078125 1 2 4 6 7 8 9 10 11 12 15 17 18 20 22 24 28 29 33 35 36 40 42 43 44 46 26_209.cif 
.8115234376 -7581.7700195312 1 3 4 5 6 7 8 11 12 14 15 16 17 19 21 22 23 25 26 27 30 31 34 35 40 47 26_210.cif 
.8134765626 -7581.7680664062 1 3 5 6 7 8 9 11 12 13 15 16 18 19 20 21 23 25 26 29 34 37 39 43 45 48 26_211.cif 
.8144531250 -7581.7670898438 1 2 3 4 5 7 8 9 10 12 13 15 17 20 21 23 24 26 28 30 34 42 43 44 45 48 26_212.cif 
.8164062500 -7581.7651367188 1 2 3 5 6 7 8 9 11 12 13 14 15 20 21 22 24 28 30 33 37 39 41 43 44 48 26_213.cif 
.8168945313 -7581.7646484375 1 3 4 6 7 9 10 12 13 14 15 16 18 19 20 21 22 23 24 30 31 34 44 46 48 53 26_214.cif 
.8183593750 -7581.7631835938 1 2 4 7 10 11 12 14 15 16 17 18 19 20 21 22 23 24 25 26 29 39 44 46 47 57 26_215.cif 
.8193359376 -7581.7622070312 1 2 3 5 6 7 10 12 14 15 17 18 19 20 21 23 24 25 26 27 30 34 38 40 41 46 26_216.cif 
.8208007813 -7581.7607421875 1 2 4 8 10 11 12 14 15 16 17 18 19 20 21 22 23 24 25 26 29 39 44 46 47 56 26_217.cif 
.8222656250 -7581.7592773438 1 2 3 4 6 7 8 9 13 14 15 16 17 18 20 22 23 24 25 28 31 32 34 41 48 54 26_218.cif 
.8242187500 -7581.7573242188 1 2 3 4 5 7 8 9 10 11 12 13 14 15 18 19 20 22 23 24 28 30 33 41 50 51 26_219.cif 
.8247070313 -7581.7568359375 1 3 4 5 6 7 9 13 15 16 17 18 19 20 21 22 23 24 28 29 32 33 36 37 46 58 26_220.cif 
.8251953126 -7581.7563476562 1 5 6 7 8 9 10 12 15 16 17 18 19 20 21 22 23 24 26 27 28 31 36 42 45 55 26_221.cif 
.8256835938 -7581.7558593750 2 5 6 7 8 9 10 11 12 13 14 15 17 18 21 22 23 24 29 30 32 33 36 39 41 45 26_222.cif 
.8261718750 -7581.7553710938 3 4 7 8 9 10 12 13 14 15 16 18 19 20 22 23 28 32 33 34 36 39 40 41 43 46 26_223.cif 
.8271484376 -7581.7543945312 1 3 4 5 6 9 11 12 13 14 16 17 18 19 20 21 22 23 26 28 29 35 41 44 48 60 26_224.cif 
.8310546876 -7581.7504882812 1 2 3 5 6 7 8 9 10 12 13 14 15 16 17 20 22 23 24 27 33 40 45 46 47 57 26_225.cif 
.8364257813 -7581.7451171875 1 2 3 4 5 7 8 9 13 14 15 16 18 20 21 22 23 24 28 30 33 34 39 41 48 59 26_226.cif 
.8383789063 -7581.7431640625 1 3 5 6 7 8 9 10 11 12 13 14 15 16 18 20 23 27 30 34 36 38 40 41 44 47 26_227.cif 
.8388671876 -7581.7426757812 1 2 3 5 6 8 9 11 12 13 14 15 18 19 20 21 24 27 28 29 30 31 36 39 44 46 26_228.cif 
.8408203126 -7581.7407226562 1 2 3 5 6 7 8 9 10 11 12 13 14 15 16 17 18 19 26 28 37 39 40 41 43 45 26_229.cif 
.8413085938 -7581.7402343750 1 2 3 4 5 6 7 9 10 12 13 18 19 20 21 22 23 25 26 29 30 36 40 43 46 49 26_230.cif 
.8417968750 -7581.7397460938 1 2 3 5 6 7 9 10 11 14 15 16 18 20 22 24 26 27 29 34 36 37 39 41 43 44 26_231.cif 
.8442382813 -7581.7373046875 1 2 3 4 5 6 8 10 11 15 16 18 19 20 23 24 25 26 28 29 30 34 35 38 42 43 26_232.cif 
.8457031250 -7581.7358398438 1 2 3 4 5 6 9 12 13 14 16 17 19 20 22 23 26 27 29 31 34 35 36 39 41 42 26_233.cif 
.8520507813 -7581.7294921875 1 2 3 5 7 9 10 12 13 15 16 17 20 21 22 23 25 26 27 28 31 35 36 37 42 43 26_234.cif 
.8569335938 -7581.7246093750 1 2 3 4 5 6 7 8 9 11 12 13 15 17 18 20 21 22 27 29 30 35 38 44 46 54 26_235.cif 
.8574218750 -7581.7241210938 1 5 6 8 9 10 11 12 13 14 15 16 17 18 19 20 23 24 26 28 29 30 36 37 39 57 26_236.cif 
.8598632813 -7581.7216796875 2 3 4 5 6 7 8 9 12 13 16 17 18 19 22 23 26 27 29 30 31 38 40 42 44 45 26_237.cif 
.8608398438 -7581.7207031250 3 4 5 7 8 9 11 12 13 14 16 17 18 19 20 21 23 25 26 28 29 32 38 40 41 48 26_238.cif 
.8613281250 -7581.7202148438 1 2 3 4 5 6 7 8 9 10 13 14 15 16 18 19 20 22 24 26 32 33 35 37 44 56 26_239.cif 
.8618164063 -7581.7197265625 2 5 6 9 10 12 13 14 16 17 18 19 20 21 23 24 25 28 31 32 34 36 39 44 45 47 26_240.cif 
.8627929688 -7581.7187500000 1 2 4 5 6 7 9 10 11 14 15 18 20 21 24 26 27 28 29 30 32 34 37 40 43 46 26_241.cif 
.8637695313 -7581.7177734375 2 4 5 6 9 10 11 12 15 16 18 19 20 21 22 24 26 29 30 32 33 34 35 38 40 44 26_242.cif 
.8647460938 -7581.7167968750 3 4 6 7 9 10 11 12 13 14 16 17 19 20 21 22 23 24 26 29 30 32 35 37 41 48 26_243.cif 
.8662109376 -7581.7153320312 2 3 4 6 7 8 9 12 13 16 18 19 20 21 22 23 24 25 29 30 31 35 37 43 45 47 26_244.cif 
.8666992188 -7581.7148437500 2 4 5 6 8 10 11 12 13 15 16 17 18 20 21 23 24 28 29 30 31 37 38 39 43 44 26_245.cif 
.8706054688 -7581.7109375000 2 3 4 5 7 8 9 10 11 12 13 15 16 18 20 21 26 27 29 30 32 35 36 37 39 43 26_246.cif 
.8725585938 -7581.7089843750 1 3 4 7 8 9 11 12 13 14 15 16 18 19 20 21 22 28 29 30 32 36 40 41 44 48 26_247.cif 
.8745117188 -7581.7070312500 1 2 3 5 6 11 12 13 15 17 18 19 20 21 22 24 27 28 34 35 36 37 44 45 47 48 26_248.cif 
.8764648438 -7581.7050781250 1 2 3 4 5 6 7 8 9 14 16 19 20 22 24 27 28 32 33 34 35 41 42 44 45 47 26_249.cif 
.8779296876 -7581.7036132812 1 2 3 4 7 8 10 11 13 14 15 17 19 21 22 23 24 26 27 30 34 36 39 40 46 47 26_250.cif 
.8793945313 -7581.7021484375 2 3 4 8 10 11 12 13 15 16 17 18 19 20 21 22 24 26 28 32 34 36 37 45 46 48 26_251.cif 
.8798828126 -7581.7016601562 1 3 4 6 7 8 9 11 12 13 14 17 18 19 21 22 25 27 30 31 33 35 36 37 41 46 26_252.cif 
.8808593750 -7581.7006835938 1 2 3 4 5 7 8 11 14 15 17 18 19 20 22 23 26 27 33 34 36 37 38 40 41 42 26_253.cif 
.8818359376 -7581.6997070312 1 2 3 4 5 6 7 9 10 15 16 18 20 22 24 29 30 31 32 33 34 36 37 41 43 46 26_254.cif 
.8842773438 -7581.6972656250 1 2 5 6 7 9 10 12 13 15 16 18 19 20 21 23 25 26 27 28 37 38 41 44 45 48 26_255.cif 
.8862304688 -7581.6953125000 1 3 4 5 7 8 9 10 11 12 14 15 17 18 19 20 22 23 25 26 35 36 39 40 41 54 26_256.cif 
.8872070313 -7581.6943359375 1 3 4 6 7 8 9 10 11 12 13 15 16 18 19 20 21 23 24 26 31 32 37 39 43 50 26_257.cif 
.8891601563 -7581.6923828125 1 2 3 4 6 8 10 11 12 14 18 19 20 21 22 24 26 27 28 30 35 36 37 39 46 48 26_258.cif 
.8896484376 -7581.6918945312 2 3 5 6 7 8 9 12 13 16 17 18 19 20 22 23 26 27 29 30 31 34 38 43 44 45 26_259.cif 
.8950195313 -7581.6865234375 1 3 4 5 7 8 9 11 12 13 14 15 16 18 19 20 22 24 27 36 39 40 41 42 45 55 26_260.cif 
.8959960938 -7581.6855468750 2 3 4 6 7 8 9 12 13 15 16 17 18 19 21 22 27 28 34 36 37 41 42 44 46 48 26_261.cif 
.8984375000 -7581.6831054688 2 3 4 5 6 7 8 9 10 11 12 13 14 16 20 21 22 24 27 34 39 41 42 45 48 49 26_262.cif 
.9003906250 -7581.6811523438 1 3 4 5 6 7 8 9 12 14 16 17 19 21 23 24 25 30 31 32 33 35 36 41 44 46 26_263.cif 
.9008789063 -7581.6806640625 1 2 3 4 6 7 8 9 10 12 14 15 16 19 21 22 23 29 32 35 38 39 40 41 43 46 26_264.cif 
.9047851563 -7581.6767578125 1 3 4 6 7 8 9 10 11 14 15 16 17 18 19 23 24 32 36 37 38 39 43 44 45 46 26_265.cif 
.9096679688 -7581.6718750000 1 2 3 4 5 7 8 10 11 12 13 14 15 18 19 20 21 22 23 24 26 30 33 36 52 55 26_266.cif 
.9106445313 -7581.6708984375 1 2 3 4 6 8 12 13 14 16 17 18 19 20 21 22 24 25 30 31 32 34 35 37 38 41 26_267.cif 
.9116210938 -7581.6699218750 1 3 4 6 7 8 9 10 11 12 14 15 16 17 18 19 20 23 33 36 40 41 42 44 45 47 26_268.cif 
.9150390626 -7581.6665039062 2 3 5 6 8 9 11 12 13 14 16 17 18 19 20 21 22 23 26 28 30 35 38 43 47 49 26_269.cif 
.9160156250 -7581.6655273438 1 2 3 4 5 6 12 14 16 17 18 20 21 22 23 24 29 31 32 34 35 36 37 41 46 48 26_270.cif 
.9174804688 -7581.6640625000 1 3 5 6 8 9 10 11 12 14 15 16 17 19 20 21 22 23 26 28 29 39 40 46 47 51 26_271.cif 
.9189453126 -7581.6625976562 1 3 5 6 7 8 9 10 12 13 14 15 16 17 18 19 21 22 23 27 32 33 36 46 48 52 26_272.cif 
.9218750000 -7581.6596679688 1 2 3 4 6 7 8 10 11 13 14 15 17 18 21 22 23 25 27 29 34 37 40 41 44 48 26_273.cif 
.9238281250 -7581.6577148438 2 3 4 5 6 7 8 12 13 14 15 16 17 20 21 22 23 24 28 32 33 34 39 44 47 56 26_274.cif 
.9243164063 -7581.6572265625 3 6 7 8 9 10 11 12 13 15 16 17 18 20 21 22 24 28 30 32 38 40 42 43 44 47 26_275.cif 
.9257812500 -7581.6557617188 1 2 5 6 8 9 11 13 14 15 16 17 18 20 21 23 24 26 28 30 33 38 39 42 45 47 26_276.cif 
.9291992188 -7581.6523437500 2 3 4 5 6 7 8 11 12 13 14 16 19 20 21 22 23 24 29 30 31 32 35 36 47 50 26_277.cif 
.9301757813 -7581.6513671875 1 3 5 6 8 9 11 12 14 15 16 17 18 19 22 23 24 25 31 34 35 37 38 40 45 48 26_278.cif 
.9311523438 -7581.6503906250 1 3 4 5 6 8 12 13 15 16 17 18 19 20 21 22 23 24 26 28 29 35 38 40 46 58 26_279.cif 
.9321289063 -7581.6494140625 1 2 3 4 6 7 8 9 13 14 15 18 20 21 22 23 29 30 33 37 40 41 42 43 44 46 26_280.cif 
.9326171876 -7581.6489257812 1 2 6 8 9 11 13 14 15 17 18 19 20 21 22 24 25 26 27 29 33 35 36 37 41 46 26_281.cif 
.9335937500 -7581.6479492188 4 6 7 9 10 11 12 13 14 15 16 17 19 20 22 25 27 29 32 33 34 37 38 39 40 45 26_282.cif 
.9340820313 -7581.6474609375 5 6 7 8 9 10 11 12 13 16 17 18 19 20 21 23 25 26 28 31 34 35 36 41 43 44 26_283.cif 
.9375000000 -7581.6440429688 1 2 3 5 7 8 9 11 12 14 16 17 18 20 21 23 25 27 28 29 37 38 39 40 41 48 26_284.cif 
.9379882813 -7581.6435546875 2 3 4 7 8 9 11 14 15 18 19 20 21 22 23 24 29 31 33 34 37 38 42 43 44 45 26_285.cif 
.9394531250 -7581.6420898438 2 3 4 5 7 10 11 12 13 14 15 18 19 20 21 23 26 28 29 30 33 34 37 43 44 47 26_286.cif 
.9399414063 -7581.6416015625 1 2 3 4 5 6 8 10 11 12 13 14 18 20 22 23 24 25 28 31 32 34 36 40 41 44 26_287.cif 
.9414062500 -7581.6401367188 1 2 3 6 8 9 13 14 15 16 17 19 20 21 22 23 24 26 29 32 34 35 36 40 42 49 26_288.cif 
.9418945313 -7581.6396484375 1 4 6 7 8 9 10 11 12 14 15 16 17 19 20 22 24 28 30 31 33 34 35 37 42 52 26_289.cif 
.9428710938 -7581.6386718750 1 2 3 4 6 7 8 9 10 11 12 15 17 18 19 22 23 28 32 35 36 39 42 46 47 48 26_290.cif 
.9433593750 -7581.6381835938 1 2 3 4 5 7 8 9 11 12 14 16 17 18 19 20 21 22 26 28 33 35 37 43 46 59 26_291.cif 
.9438476563 -7581.6376953125 1 2 3 5 8 12 14 15 16 17 18 19 20 22 23 24 25 26 27 31 35 38 44 45 46 48 26_292.cif 
.9462890626 -7581.6352539062 1 2 3 4 8 9 11 12 13 14 17 18 20 22 23 24 25 26 29 30 35 38 41 43 44 46 26_293.cif 
.9511718750 -7581.6303710938 2 3 4 5 6 7 8 9 12 13 14 15 16 18 20 21 24 25 26 28 30 32 37 39 40 46 26_294.cif 
.9536132813 -7581.6279296875 1 3 4 6 7 8 11 12 13 15 16 17 18 19 20 21 23 24 30 32 34 37 39 40 41 52 26_295.cif 
.9541015626 -7581.6274414062 1 2 3 4 6 7 8 11 12 13 15 16 17 21 22 24 26 27 30 32 34 36 37 38 44 45 26_296.cif 
.9545898438 -7581.6269531250 1 6 8 9 10 11 12 14 15 16 17 18 20 21 22 23 24 29 30 32 33 34 38 42 46 47 26_297.cif 
.9555664063 -7581.6259765625 1 4 5 6 7 9 10 11 12 13 14 15 18 21 23 24 25 28 29 30 31 33 40 41 45 47 26_298.cif 
.9560546876 -7581.6254882812 1 2 3 5 6 7 11 12 15 17 18 19 20 21 23 24 25 26 27 28 30 32 34 38 40 41 26_299.cif 
.9570312500 -7581.6245117188 1 2 4 6 7 8 9 10 12 13 14 16 17 19 20 21 22 23 26 27 28 32 39 41 43 54 26_300.cif 
.9589843750 -7581.6225585938 2 4 5 7 8 9 13 14 16 17 18 19 20 21 22 24 27 28 29 30 35 37 42 43 45 48 26_301.cif 
.9594726563 -7581.6220703125 1 2 3 4 5 6 8 9 11 13 16 18 19 20 21 22 23 24 26 30 32 36 39 40 47 52 26_302.cif 
.9672851563 -7581.6142578125 1 3 4 6 7 8 11 13 14 16 17 18 19 20 21 22 23 24 30 31 36 37 39 44 45 60 26_303.cif 
.9687500000 -7581.6127929688 1 2 3 5 8 9 12 14 15 16 17 18 19 20 21 22 24 25 27 29 30 32 35 41 44 45 26_304.cif 
.9702148438 -7581.6113281250 1 3 4 5 6 7 10 11 12 14 15 17 18 19 23 24 25 27 28 29 31 35 36 37 42 48 26_305.cif 
.9736328126 -7581.6079101562 1 2 4 5 6 10 11 14 15 16 17 18 19 20 21 23 24 25 29 32 33 35 36 37 43 53 26_306.cif 
.9746093750 -7581.6069335938 1 2 3 4 5 7 8 9 10 12 13 14 15 16 18 19 23 24 27 31 33 37 41 42 48 59 26_307.cif 
.9750976563 -7581.6064453125 3 4 6 7 8 9 10 12 14 16 18 19 20 22 23 25 28 29 30 32 33 34 39 40 46 48 26_308.cif 
.9775390626 -7581.6040039062 1 2 3 4 5 6 7 8 9 10 14 15 18 19 20 21 22 23 27 28 38 41 45 46 47 49 26_309.cif 
.9780273438 -7581.6035156250 1 2 3 5 9 10 11 13 14 15 16 17 18 19 22 24 25 26 27 30 34 37 39 41 42 48 26_310.cif 
.9814453126 -7581.6000976562 1 2 3 4 5 6 7 8 11 13 14 15 17 19 20 21 24 25 26 28 29 32 38 39 44 45 26_311.cif 
.9824218750 -7581.5991210938 1 3 5 7 8 9 11 12 13 14 15 17 19 20 21 22 23 24 28 29 30 33 34 37 43 59 26_312.cif 
.9829101563 -7581.5986328125 1 2 4 5 6 8 9 10 11 12 13 14 15 16 17 18 19 23 26 33 34 35 40 45 48 53 26_313.cif 
.9863281250 -7581.5952148438 1 2 3 6 7 11 12 13 15 17 18 19 20 21 22 24 25 27 29 32 37 39 40 43 44 45 26_314.cif 
.9868164063 -7581.5947265625 1 6 7 9 10 11 12 14 15 16 17 18 20 22 23 25 26 28 30 33 34 37 38 39 41 46 26_315.cif 
.9902343750 -7581.5913085938 1 3 4 5 7 9 10 11 12 13 14 15 16 19 20 22 23 24 25 26 33 36 37 38 46 49 26_316.cif 
.9912109376 -7581.5903320312 1 2 3 4 6 7 8 11 12 13 14 15 16 19 22 23 24 25 29 30 34 38 40 44 45 48 26_317.cif 
.9926757813 -7581.5888671875 3 4 5 6 7 8 9 11 13 14 15 16 17 18 20 21 22 25 28 29 30 32 33 38 43 58 26_318.cif 
.9970703126 -7581.5844726562 2 3 4 5 6 7 8 10 11 14 18 19 20 22 23 24 26 27 29 30 31 38 39 40 45 46 26_319.cif 
.9985351563 -7581.5830078125 2 3 6 8 10 11 12 13 14 15 16 17 19 21 22 23 26 29 30 31 36 42 44 46 47 48 26_320.cif 
.9990234376 -7581.5825195312 2 4 5 6 7 9 11 12 13 14 15 16 17 18 20 22 23 24 31 33 36 37 42 43 44 54 26_321.cif 
1.0009765626 -7581.5805664062 1 2 3 4 6 7 10 11 13 16 17 18 20 21 22 24 25 26 27 28 34 35 39 41 46 58 26_322.cif 
1.0014648438 -7581.5800781250 2 3 4 6 7 8 12 13 14 15 16 17 19 22 23 24 28 30 31 32 35 41 42 43 45 47 26_323.cif 
1.0024414063 -7581.5791015625 1 2 3 4 5 10 11 12 13 14 15 18 19 20 22 23 24 25 28 29 30 34 36 39 46 52 26_324.cif 
1.0043945313 -7581.5771484375 1 2 3 5 6 7 10 11 14 15 16 18 20 21 22 23 24 27 28 30 34 42 43 44 46 57 26_325.cif 
1.0048828126 -7581.5766601562 1 2 3 4 5 6 8 11 12 15 18 19 20 21 22 23 24 26 27 28 30 34 37 39 45 49 26_326.cif 
1.0083007813 -7581.5732421875 1 2 3 4 5 6 7 8 9 10 11 14 15 17 18 20 24 25 29 30 37 38 43 45 47 58 26_327.cif 
1.0087890626 -7581.5727539062 1 2 4 5 6 10 12 14 16 19 20 21 22 23 24 25 26 29 33 37 40 42 43 44 45 47 26_328.cif 
1.0117187500 -7581.5698242188 2 3 4 5 6 7 10 11 12 13 14 15 16 18 20 21 22 24 30 31 37 38 39 43 45 55 26_329.cif 
1.0126953126 -7581.5688476562 1 2 4 5 7 8 9 11 12 16 17 18 19 20 22 23 24 27 28 31 34 36 38 41 46 47 26_330.cif 
1.0141601563 -7581.5673828125 1 2 4 6 7 8 9 10 11 12 13 14 15 19 20 21 26 29 30 31 33 34 35 36 39 45 26_331.cif 
1.0161132813 -7581.5654296875 1 3 4 7 8 9 10 11 13 14 15 18 19 20 22 24 26 27 28 29 30 36 38 39 40 45 26_332.cif 
1.0190429688 -7581.5625000000 1 2 3 4 5 7 8 9 10 11 14 15 17 20 22 23 24 30 33 34 37 38 40 43 47 60 26_333.cif 
1.0195312500 -7581.5620117188 1 2 3 4 5 7 8 9 10 11 13 17 18 19 20 22 25 26 28 29 30 32 33 35 41 45 26_334.cif 
1.0234375000 -7581.5581054688 1 2 3 4 5 7 8 10 15 17 18 19 20 21 23 24 27 28 30 31 33 35 40 43 46 48 26_335.cif 
1.0278320313 -7581.5537109375 1 2 4 5 7 8 10 11 12 13 14 15 18 19 20 21 22 23 25 26 27 33 41 42 47 53 26_336.cif 
1.0283203126 -7581.5532226562 1 5 6 8 9 11 13 14 15 16 17 18 19 20 21 22 23 24 25 26 34 35 40 41 44 55 26_337.cif 
1.0292968750 -7581.5522460938 1 2 3 5 6 7 8 12 14 15 16 17 19 20 22 23 24 26 28 30 31 33 35 41 42 56 26_338.cif 
1.0322265626 -7581.5493164062 1 2 3 6 7 8 9 10 14 15 16 17 18 19 21 23 26 29 34 35 36 40 41 44 46 47 26_339.cif 
1.0327148438 -7581.5488281250 2 3 4 5 6 7 8 9 11 12 13 15 17 18 19 21 26 27 34 35 36 38 39 40 44 45 26_340.cif 
1.0351562500 -7581.5463867188 2 3 4 6 7 9 10 11 12 13 14 16 17 19 21 22 23 25 28 31 35 37 41 42 45 48 26_341.cif 
1.0390625000 -7581.5424804688 1 2 3 5 6 10 11 12 13 14 15 16 20 21 23 24 25 30 33 35 36 38 39 42 44 46 26_342.cif 
1.0424804688 -7581.5390625000 1 2 3 4 6 7 8 9 11 12 13 15 16 17 18 20 21 23 24 27 30 34 40 46 52 54 26_343.cif 
1.0444335938 -7581.5371093750 1 2 4 5 6 9 10 12 13 15 16 17 20 21 22 24 25 26 29 31 32 37 41 42 47 48 26_344.cif 
1.0468750000 -7581.5346679688 1 2 3 6 7 8 10 11 12 13 14 15 16 17 18 23 24 26 28 30 31 33 34 35 36 48 26_345.cif 
1.0478515626 -7581.5336914062 1 3 5 6 7 8 9 10 11 13 14 15 16 18 20 23 27 30 32 34 36 38 40 44 45 47 26_346.cif 
1.0488281250 -7581.5327148438 1 2 3 4 5 7 8 9 10 12 13 16 17 18 19 22 23 24 26 27 29 31 34 43 47 53 26_347.cif 
1.0502929688 -7581.5312500000 1 3 4 5 6 7 8 9 11 12 14 15 16 17 20 21 22 23 26 27 29 42 44 45 48 51 26_348.cif 
1.0512695313 -7581.5302734375 2 3 4 5 8 9 10 12 13 14 15 16 18 19 20 22 23 26 27 31 33 36 38 41 42 57 26_349.cif 
1.0522460938 -7581.5292968750 1 2 4 7 8 9 10 13 14 16 17 18 20 22 24 26 27 28 29 30 31 36 41 42 45 46 26_350.cif 
1.0532226563 -7581.5283203125 4 5 6 7 9 10 11 12 13 15 17 18 19 20 21 23 24 25 27 30 33 41 42 44 45 48 26_351.cif 
1.0541992188 -7581.5273437500 1 3 4 5 6 8 9 10 11 13 16 17 19 20 21 23 24 26 30 31 32 34 36 40 44 52 26_352.cif 
1.0546875000 -7581.5268554688 1 3 4 5 7 8 13 15 16 17 18 19 20 21 23 24 26 28 29 33 34 39 42 43 44 47 26_353.cif 
1.0556640626 -7581.5258789062 1 3 4 6 8 9 11 12 13 14 16 17 18 19 21 22 23 24 25 31 32 37 40 42 46 52 26_354.cif 
1.0566406250 -7581.5249023438 1 2 3 4 5 6 10 11 14 15 17 18 20 21 22 23 24 27 28 31 36 40 43 44 46 57 26_355.cif 
1.0590820313 -7581.5224609375 1 2 3 5 6 7 10 11 12 13 14 16 17 18 19 20 21 22 23 25 26 37 40 43 44 51 26_356.cif 
1.0595703126 -7581.5219726562 1 2 3 4 5 6 7 9 10 11 13 15 16 18 19 21 22 24 25 26 35 37 39 42 43 50 26_357.cif 
1.0605468750 -7581.5209960938 1 2 4 5 6 7 8 9 10 15 16 17 18 19 21 22 25 27 30 32 37 38 39 43 46 48 26_358.cif 
1.0610351563 -7581.5205078125 1 2 4 5 9 10 11 12 13 14 16 17 19 20 23 24 25 28 29 30 34 36 41 42 43 44 26_359.cif 
1.0629882813 -7581.5185546875 1 2 3 5 6 7 8 9 11 15 16 17 18 19 21 22 24 26 27 28 29 31 32 35 37 52 26_360.cif 
1.0634765626 -7581.5180664062 1 2 4 5 6 7 10 12 13 15 16 18 19 20 21 22 24 25 26 27 28 33 34 44 46 57 26_361.cif 
1.0659179688 -7581.5156250000 1 2 3 4 5 6 7 11 12 13 14 18 20 21 22 23 24 25 26 29 32 36 37 41 42 45 26_362.cif 
1.0673828126 -7581.5141601562 2 5 7 8 9 10 11 13 14 15 17 18 19 21 22 23 24 25 26 27 30 35 42 43 44 53 26_363.cif 
1.0678710938 -7581.5136718750 1 3 4 5 6 7 8 10 12 16 17 19 20 21 22 23 24 27 28 29 30 32 37 40 42 55 26_364.cif 
1.0688476563 -7581.5126953125 1 2 3 5 6 7 8 9 10 13 14 16 18 19 20 23 24 26 27 30 31 41 42 43 45 52 26_365.cif 
1.0698242188 -7581.5117187500 2 7 8 9 10 12 13 14 15 17 19 20 21 23 24 25 26 27 28 30 33 35 37 40 42 43 26_366.cif 
1.0703125000 -7581.5112304688 1 3 4 5 6 7 9 11 13 14 15 16 18 19 21 22 23 25 28 29 33 37 40 44 48 60 26_367.cif 
1.0732421876 -7581.5083007812 1 3 4 5 7 9 11 14 18 19 20 21 22 23 24 28 31 32 34 36 37 39 42 44 45 48 26_368.cif 
1.0737304688 -7581.5078125000 1 2 3 4 8 9 10 11 16 17 18 19 20 21 22 23 24 25 27 30 31 35 37 38 43 47 26_369.cif 
1.0761718750 -7581.5053710938 1 2 4 5 6 8 10 11 12 15 16 20 21 22 23 26 27 29 30 31 32 36 42 45 47 48 26_370.cif 
1.0771484376 -7581.5043945312 1 4 5 6 7 9 11 13 16 17 19 20 21 22 23 24 27 34 35 36 38 39 41 42 43 44 26_371.cif 
1.0781250000 -7581.5034179688 1 2 3 4 6 8 9 10 11 13 16 17 19 22 23 24 30 37 38 39 40 41 42 43 44 45 26_372.cif 
1.0786132813 -7581.5029296875 2 3 4 5 6 7 9 11 13 14 15 17 18 19 20 25 27 30 31 36 41 42 43 45 46 48 26_373.cif 
1.0810546876 -7581.5004882812 2 4 5 7 8 11 12 14 15 16 17 18 21 23 24 25 28 29 30 32 33 34 35 39 40 42 26_374.cif 
1.0825195313 -7581.4990234375 1 2 3 5 6 7 8 10 11 12 15 16 19 20 22 23 24 28 29 30 34 35 44 46 48 53 26_375.cif 
1.0830078126 -7581.4985351562 3 4 5 6 7 8 10 11 12 14 17 18 19 20 22 24 25 27 30 32 34 37 43 45 47 48 26_376.cif 
1.0839843750 -7581.4975585938 1 2 3 4 5 6 7 8 9 12 14 15 17 18 20 24 25 27 32 35 36 40 41 42 45 46 26_377.cif 
1.0864257813 -7581.4951171875 2 3 4 5 6 7 8 10 11 12 13 14 15 17 18 19 20 21 24 27 28 35 41 42 54 59 26_378.cif 
1.0869140626 -7581.4946289062 1 3 4 6 7 8 10 11 13 15 16 18 19 20 21 22 23 24 30 31 32 34 35 41 52 57 26_379.cif 
1.0874023438 -7581.4941406250 1 3 4 5 6 8 10 11 12 18 19 20 22 23 26 27 28 30 31 32 33 34 35 36 41 48 26_380.cif 
1.0878906250 -7581.4936523438 1 2 3 4 6 8 9 11 13 14 16 18 19 22 23 24 29 31 32 33 36 38 42 43 44 46 26_381.cif 
1.0893554688 -7581.4921875000 2 3 4 5 7 9 11 12 13 14 15 17 18 19 20 22 23 25 29 36 37 40 43 45 48 50 26_382.cif 
1.0898437500 -7581.4916992188 3 4 5 6 7 9 10 11 12 13 14 15 20 21 22 25 27 30 31 37 40 42 43 45 47 48 26_383.cif 
1.0913085938 -7581.4902343750 1 3 5 6 7 8 9 11 12 13 14 15 16 17 19 20 23 24 31 33 37 39 45 46 48 59 26_384.cif 
1.0917968750 -7581.4897460938 1 2 3 4 5 6 7 8 9 10 12 13 14 17 20 22 24 26 27 28 32 33 35 40 47 53 26_385.cif 
1.0922851563 -7581.4892578125 1 2 5 6 7 8 9 10 12 13 14 15 16 20 24 25 27 29 32 33 34 40 41 42 45 46 26_386.cif 
1.0927734376 -7581.4887695312 1 2 3 4 7 8 10 12 13 14 15 16 17 21 22 23 25 26 27 29 31 36 37 42 47 48 26_387.cif 
1.0947265626 -7581.4868164062 1 2 3 4 5 6 7 8 11 12 14 16 19 21 22 26 28 29 30 35 40 41 42 44 47 48 26_388.cif 
1.0961914063 -7581.4853515625 1 2 3 4 7 8 9 10 13 16 18 20 21 23 24 25 26 29 33 34 36 38 40 43 44 47 26_389.cif 
1.0991210938 -7581.4824218750 1 4 6 7 8 9 10 11 13 14 15 16 17 18 19 21 22 23 24 26 33 35 39 41 44 52 26_390.cif 
1.1000976563 -7581.4814453125 1 2 3 6 7 8 9 11 12 13 14 15 17 18 19 23 24 25 28 30 33 34 35 37 38 51 26_391.cif 
1.1020507813 -7581.4794921875 1 2 3 4 5 7 8 9 10 11 13 15 16 17 18 20 21 26 30 32 34 37 41 44 48 55 26_392.cif 
1.1030273438 -7581.4785156250 4 6 7 9 10 11 12 13 14 16 17 19 20 22 25 27 29 32 33 34 37 38 39 40 44 45 26_393.cif 
1.1035156250 -7581.4780273438 2 3 4 5 6 10 12 14 16 18 20 21 22 23 24 25 28 32 33 34 37 38 39 43 46 47 26_394.cif 
1.1044921876 -7581.4770507812 2 3 4 5 7 8 9 11 12 13 15 17 18 20 21 22 27 28 29 30 32 33 36 40 43 54 26_395.cif 
1.1069335938 -7581.4746093750 1 2 4 5 8 9 10 13 14 15 16 17 19 20 21 22 23 24 25 27 33 38 40 42 45 54 26_396.cif 
1.1074218750 -7581.4741210938 4 7 8 9 10 11 12 14 15 16 18 19 20 21 22 23 24 29 31 32 34 36 40 43 45 53 26_397.cif 
1.1083984376 -7581.4731445312 1 4 5 7 9 10 11 13 14 15 16 17 18 19 20 21 22 30 34 35 36 39 42 43 46 52 26_398.cif 
1.1098632813 -7581.4716796875 1 2 4 5 6 7 9 11 13 15 19 20 21 22 23 25 26 28 29 31 32 34 36 39 41 46 26_399.cif 
1.1103515626 -7581.4711914062 1 2 4 5 6 9 10 11 14 15 18 19 20 21 23 24 30 31 32 33 35 37 38 40 42 44 26_400.cif 
1.1118164063 -7581.4697265625 1 2 3 4 5 6 12 13 14 15 16 17 18 19 22 24 28 29 30 32 36 37 39 40 42 46 26_401.cif 
1.1127929688 -7581.4687500000 3 4 6 7 8 9 10 12 13 14 17 18 19 21 22 23 26 31 32 36 39 42 43 45 46 47 26_402.cif 
1.1142578126 -7581.4672851562 1 2 3 4 7 9 10 11 14 15 16 18 19 20 22 23 25 27 28 35 36 40 42 44 45 46 26_403.cif 
1.1147460938 -7581.4667968750 2 3 4 6 7 8 9 10 12 13 15 16 20 21 22 23 24 25 28 29 33 34 39 42 48 58 26_404.cif 
1.1181640626 -7581.4633789062 1 2 4 5 6 7 8 9 10 11 14 17 19 20 21 22 23 24 26 33 34 44 46 47 48 49 26_405.cif 
1.1186523438 -7581.4628906250 1 2 3 4 7 9 10 11 12 13 16 18 19 20 21 22 26 32 34 37 40 41 43 44 47 48 26_406.cif 
1.1191406250 -7581.4624023438 1 2 3 4 6 7 8 9 10 12 14 16 17 19 20 22 24 25 28 29 34 40 45 47 48 54 26_407.cif 
1.1196289063 -7581.4619140625 1 2 3 4 6 8 9 10 11 12 16 17 18 21 22 23 24 26 27 29 31 34 38 39 42 58 26_408.cif 
1.1206054688 -7581.4609375000 1 2 4 5 6 9 10 11 13 14 15 16 18 21 22 24 29 31 33 34 40 43 44 45 46 47 26_409.cif 
1.1220703126 -7581.4594726562 2 3 5 6 8 12 14 15 16 17 18 20 21 23 24 25 26 28 29 31 32 36 37 45 46 47 26_410.cif 
1.1235351563 -7581.4580078125 1 2 3 6 7 10 11 13 15 16 17 18 20 22 23 24 26 27 30 32 34 36 37 43 47 52 26_411.cif 
1.1240234376 -7581.4575195312 1 2 4 5 6 7 8 9 10 11 12 17 19 20 22 23 24 25 29 30 35 40 44 46 47 54 26_412.cif 
1.1269531250 -7581.4545898438 2 3 5 7 8 10 11 12 14 15 16 18 19 20 24 25 26 27 28 29 30 33 35 41 45 47 26_413.cif 
1.1279296876 -7581.4536132812 2 5 6 7 8 11 13 14 15 16 18 19 20 21 22 23 25 27 29 30 31 32 34 36 39 46 26_414.cif 
1.1303710938 -7581.4511718750 1 2 4 5 6 7 8 9 10 13 15 16 19 20 22 23 27 28 30 31 32 33 37 38 43 45 26_415.cif 
1.1318359376 -7581.4497070312 1 2 3 4 7 8 9 13 14 15 16 17 18 19 20 22 23 30 33 35 36 37 43 46 48 60 26_416.cif 
1.1323242188 -7581.4492187500 1 3 4 5 7 9 10 11 12 13 15 16 18 20 21 22 23 24 25 28 29 33 36 39 53 60 26_417.cif 
1.1333007813 -7581.4482421875 3 5 6 7 9 10 11 12 13 15 16 18 20 21 22 25 28 29 30 31 33 36 42 44 46 47 26_418.cif 
1.1347656250 -7581.4467773438 1 2 3 4 5 7 8 9 11 13 14 15 16 17 19 21 23 25 26 29 33 36 40 41 42 48 26_419.cif 
1.1376953126 -7581.4438476562 1 4 5 6 7 8 10 11 14 15 16 18 19 20 21 25 28 33 34 36 39 40 42 45 47 48 26_420.cif 
1.1416015626 -7581.4399414062 1 2 3 5 7 8 9 10 11 14 16 17 18 19 20 22 26 27 28 34 36 40 44 45 47 57 26_421.cif 
1.1440429688 -7581.4375000000 2 3 6 10 12 13 14 15 16 18 19 20 21 22 23 25 27 28 30 34 35 36 40 44 46 47 26_422.cif 
1.1445312500 -7581.4370117188 1 3 4 6 7 11 12 13 15 17 18 19 21 22 23 24 25 27 28 30 33 37 40 42 46 57 26_423.cif 
1.1455078126 -7581.4360351562 1 2 3 5 7 11 14 15 16 17 18 21 22 23 24 26 28 33 34 35 36 37 39 44 47 48 26_424.cif 
1.1464843750 -7581.4350585938 1 2 3 4 5 6 7 9 11 16 19 20 21 22 23 24 26 27 30 32 38 40 41 43 44 48 26_425.cif 
1.1484375000 -7581.4331054688 4 5 6 7 8 9 11 12 13 17 18 19 21 22 23 26 29 30 31 36 38 41 42 43 44 45 26_426.cif 
1.1499023438 -7581.4316406250 1 2 3 4 5 7 8 9 10 11 14 15 20 22 23 24 29 30 33 34 37 38 40 43 47 60 26_427.cif 
1.1533203126 -7581.4282226562 1 3 4 5 8 9 10 11 12 14 16 19 20 22 24 26 27 29 36 38 39 40 41 43 46 48 26_428.cif 
1.1542968750 -7581.4272460938 1 2 3 4 6 8 9 10 11 12 13 14 15 18 22 23 24 25 26 28 31 33 34 46 47 53 26_429.cif 
1.1557617188 -7581.4257812500 1 2 3 4 5 7 9 12 13 14 16 17 18 19 20 23 24 25 26 27 31 32 35 39 43 44 26_430.cif 
1.1562500000 -7581.4252929688 1 2 3 5 7 8 9 11 12 14 15 17 19 20 23 28 30 32 33 34 35 38 40 42 45 48 26_431.cif 
1.1645507813 -7581.4169921875 1 2 3 4 5 6 7 8 11 13 18 20 22 23 24 25 29 30 31 33 35 36 38 39 43 48 26_432.cif 
1.1660156250 -7581.4155273438 3 4 5 6 7 8 11 13 16 17 18 19 20 23 24 26 27 29 32 33 34 36 37 42 43 45 26_433.cif 
1.1669921876 -7581.4145507812 1 2 4 5 7 11 12 15 17 18 19 20 22 23 26 27 29 31 33 34 35 36 38 40 41 42 26_434.cif 
1.1679687500 -7581.4135742188 2 3 4 5 6 10 11 12 14 15 16 21 22 23 24 25 26 27 28 29 32 33 35 36 37 39 26_435.cif 
1.1689453126 -7581.4125976562 1 2 4 5 7 10 11 15 17 18 19 20 21 22 23 24 25 29 30 32 34 38 41 42 43 60 26_436.cif 
1.1718750000 -7581.4096679688 2 3 5 6 8 9 10 11 12 13 14 16 17 19 23 24 25 26 27 30 32 42 44 46 47 60 26_437.cif 
1.1738281250 -7581.4077148438 1 3 6 7 8 10 11 12 13 15 16 20 21 22 24 27 28 33 34 35 37 38 39 43 46 48 26_438.cif 
1.1757812500 -7581.4057617188 1 3 4 5 6 7 8 9 10 15 16 18 20 22 24 26 29 32 33 35 38 40 42 43 45 46 26_439.cif 
1.1772460938 -7581.4042968750 1 2 4 6 8 10 11 12 15 16 17 19 20 22 23 24 25 26 27 29 37 42 44 45 47 52 26_440.cif 
1.1782226563 -7581.4033203125 2 3 5 8 9 10 11 12 15 17 18 19 20 22 24 25 26 27 29 31 32 35 36 41 43 47 26_441.cif 
1.1801757813 -7581.4013671875 1 2 4 6 7 9 10 11 12 13 14 17 18 20 22 23 24 28 31 32 33 34 38 44 46 60 26_442.cif 
1.1811523438 -7581.4003906250 1 2 3 4 5 7 8 14 15 16 17 18 19 20 21 24 25 27 29 30 34 35 41 43 44 58 26_443.cif 
1.1826171876 -7581.3989257812 1 2 3 5 6 8 9 10 12 15 16 18 19 20 21 22 27 28 30 32 35 36 38 41 47 59 26_444.cif 
1.1870117188 -7581.3945312500 1 2 3 5 6 7 8 9 11 13 14 15 17 19 20 21 22 30 35 37 39 40 42 43 44 54 26_445.cif 
1.1904296876 -7581.3911132812 2 3 4 6 7 8 9 11 12 13 14 16 17 18 21 24 25 29 30 32 34 42 45 46 47 49 26_446.cif 
1.1967773438 -7581.3847656250 3 4 5 7 8 11 12 14 16 17 19 20 21 22 23 26 27 29 30 31 32 35 38 40 43 44 26_447.cif 
1.1977539063 -7581.3837890625 1 2 3 4 5 6 7 8 9 10 11 12 13 16 17 19 21 22 26 28 34 37 40 42 46 49 26_448.cif 
1.1997070313 -7581.3818359375 1 3 7 8 9 10 12 13 16 17 18 19 20 21 23 24 26 29 31 35 36 37 39 40 41 45 26_449.cif 
1.2006835938 -7581.3808593750 1 3 5 7 8 9 10 11 13 14 16 18 20 21 23 26 28 29 30 32 34 37 41 43 44 48 26_450.cif 
1.2045898438 -7581.3769531250 1 2 4 5 6 8 9 10 11 12 14 17 18 20 21 23 27 28 29 30 31 34 36 37 43 51 26_451.cif 
1.2070312500 -7581.3745117188 1 2 3 4 6 7 9 10 11 14 15 16 19 20 21 22 23 25 26 29 32 34 43 44 48 52 26_452.cif 
1.2080078126 -7581.3735351562 1 3 4 5 6 7 9 11 12 13 14 15 16 17 20 22 26 27 28 37 40 42 45 46 47 50 26_453.cif 
1.2084960938 -7581.3730468750 1 2 6 7 8 9 10 11 13 14 15 16 17 19 20 21 23 26 30 31 32 33 34 45 46 50 26_454.cif 
1.2094726563 -7581.3720703125 2 4 5 6 7 8 9 10 12 13 15 18 20 21 23 24 25 26 28 30 32 34 38 39 41 44 26_455.cif 
1.2109375000 -7581.3706054688 1 2 3 4 5 6 9 10 11 12 13 14 15 18 19 21 22 27 34 35 36 39 45 46 48 57 26_456.cif 
1.2124023438 -7581.3691406250 1 2 4 5 6 8 9 10 12 13 15 16 17 19 20 22 24 30 31 33 34 39 41 42 44 57 26_457.cif 
1.2153320313 -7581.3662109375 1 3 7 8 9 11 12 13 14 15 17 20 21 22 23 24 34 35 36 37 38 39 40 43 46 48 26_458.cif 
1.2158203126 -7581.3657226562 2 3 4 6 7 9 10 13 16 18 19 20 21 22 24 26 27 29 31 33 34 35 36 37 39 47 26_459.cif 
1.2163085938 -7581.3652343750 1 2 3 7 9 10 11 12 13 15 16 20 21 22 23 26 28 30 33 36 38 40 41 42 46 47 26_460.cif 
1.2172851563 -7581.3642578125 1 2 3 4 5 6 7 10 11 12 13 17 19 20 23 24 26 33 37 39 40 44 45 46 47 53 26_461.cif 
1.2182617188 -7581.3632812500 1 2 3 4 6 7 9 10 12 13 15 16 18 20 21 25 27 28 29 31 36 37 38 42 46 52 26_462.cif 
1.2202148438 -7581.3613281250 2 4 5 6 8 9 10 11 12 13 15 17 18 19 20 22 23 24 29 31 32 34 38 41 54 56 26_463.cif 
1.2236328126 -7581.3579101562 3 4 5 6 7 8 9 10 11 13 14 15 16 18 19 20 21 22 28 29 32 33 40 42 51 60 26_464.cif 
1.2250976563 -7581.3564453125 1 2 3 4 5 7 9 11 12 13 17 18 19 20 21 24 27 31 35 36 41 42 44 46 47 51 26_465.cif 
1.2260742188 -7581.3554687500 1 2 3 4 6 7 8 9 11 12 13 14 16 18 20 23 26 27 29 32 33 34 37 43 47 60 26_466.cif 
1.2270507813 -7581.3544921875 2 3 6 8 10 11 13 14 15 16 18 19 20 22 24 27 29 30 32 33 38 42 45 46 47 48 26_467.cif 
1.2309570313 -7581.3505859375 3 4 5 6 7 8 10 11 13 15 17 18 20 23 24 28 30 31 32 35 40 42 45 46 47 48 26_468.cif 
1.2319335938 -7581.3496093750 2 3 4 6 7 8 10 11 12 15 16 17 18 19 20 21 22 26 27 28 29 33 34 45 46 56 26_469.cif 
1.2324218750 -7581.3491210938 1 2 3 6 7 10 11 13 14 15 17 18 20 22 23 26 31 32 33 35 36 37 39 40 42 43 26_470.cif 
1.2329101563 -7581.3486328125 1 2 3 4 5 7 8 9 10 11 12 13 14 15 17 18 19 24 28 30 38 39 41 45 52 60 26_471.cif 
1.2333984376 -7581.3481445312 1 3 5 6 8 10 11 12 13 14 15 16 19 20 21 23 31 32 33 34 37 38 41 44 45 47 26_472.cif 
1.2343750000 -7581.3471679688 1 4 5 6 7 8 9 12 13 14 16 17 18 19 20 21 24 27 31 33 36 37 41 43 44 53 26_473.cif 
1.2377929688 -7581.3437500000 1 4 8 9 10 12 13 14 15 16 17 18 20 21 23 24 25 28 35 36 37 40 43 44 46 51 26_474.cif 
1.2382812500 -7581.3432617188 1 2 3 4 5 6 8 9 11 12 13 16 17 19 20 22 23 24 31 32 34 37 42 46 48 55 26_475.cif 
1.2392578126 -7581.3422851562 1 2 5 6 7 9 14 15 16 17 19 21 22 23 24 27 28 29 32 36 37 42 43 44 45 48 26_476.cif 
1.2397460938 -7581.3417968750 1 2 3 5 6 8 9 11 14 15 16 17 19 21 22 23 24 25 26 27 29 33 42 43 47 58 26_477.cif 
1.2441406250 -7581.3374023438 4 5 6 8 9 10 11 13 15 17 18 20 21 22 23 24 26 30 31 32 37 38 43 46 47 48 26_478.cif 
1.2465820313 -7581.3349609375 5 6 8 9 11 12 13 14 15 16 18 19 20 21 22 23 24 27 29 34 35 36 37 44 45 51 26_479.cif 
1.2485351563 -7581.3330078125 3 4 6 7 8 10 12 13 15 16 17 18 20 22 24 27 30 34 35 37 38 39 40 42 43 45 26_480.cif 
1.2519531250 -7581.3295898438 1 2 3 4 5 6 9 10 12 14 15 17 18 21 22 23 24 26 27 29 31 32 34 36 39 49 26_481.cif 
1.2524414063 -7581.3291015625 2 3 4 5 6 7 9 10 12 13 14 16 17 19 20 21 22 24 28 32 40 42 45 47 52 56 26_482.cif 
1.2534179688 -7581.3281250000 1 2 5 7 8 9 10 11 12 15 16 18 20 21 22 23 25 30 33 34 38 39 45 47 48 51 26_483.cif 
1.2539062500 -7581.3276367188 1 2 4 5 6 8 10 11 12 15 18 20 21 22 23 24 25 28 29 31 33 43 45 47 48 55 26_484.cif 
1.2558593750 -7581.3256835938 1 3 4 5 7 8 10 11 12 13 14 16 17 18 19 21 22 23 26 27 28 30 33 40 49 54 26_485.cif 
1.2568359376 -7581.3247070312 1 2 3 4 5 6 8 9 12 13 14 15 17 19 20 21 23 26 28 31 38 39 44 45 46 59 26_486.cif 
1.2578125000 -7581.3237304688 1 2 4 5 6 11 12 16 17 19 20 21 22 23 24 26 29 32 33 34 36 39 45 46 47 51 26_487.cif 
1.2583007813 -7581.3232421875 3 4 6 8 9 10 11 12 14 15 17 18 19 20 21 22 25 32 34 35 39 41 42 46 47 48 26_488.cif 
1.2602539063 -7581.3212890625 2 4 5 6 9 10 11 13 14 15 17 19 20 21 22 23 24 29 35 40 42 43 44 46 48 59 26_489.cif 
1.2607421876 -7581.3208007812 1 3 4 5 6 7 8 10 11 13 14 16 18 19 20 22 23 24 26 27 28 29 34 42 50 60 26_490.cif 
1.2612304688 -7581.3203125000 1 2 3 7 9 12 13 14 17 18 19 20 22 23 24 25 27 28 29 30 32 33 35 38 47 48 26_491.cif 
1.2656250000 -7581.3159179688 2 3 4 6 7 8 9 11 12 14 15 17 18 19 21 22 23 24 26 31 35 38 39 40 42 58 26_492.cif 
1.2661132813 -7581.3154296875 1 2 4 6 7 8 9 11 12 13 15 16 17 18 19 20 22 23 24 25 27 30 35 41 50 51 26_493.cif 
1.2666015626 -7581.3149414062 3 4 5 6 7 8 9 11 12 14 15 17 18 19 20 21 23 24 30 34 35 36 41 44 47 57 26_494.cif 
1.2695312500 -7581.3120117188 4 5 6 8 9 12 13 14 16 17 18 19 20 21 22 23 26 28 30 33 34 35 40 41 43 53 26_495.cif 
1.2709960938 -7581.3105468750 1 2 3 7 8 9 10 12 13 14 18 19 20 22 23 24 25 29 31 36 39 40 41 42 46 53 26_496.cif 
1.2724609376 -7581.3090820312 1 2 3 4 5 7 9 12 13 15 16 17 18 20 22 23 24 26 27 31 34 35 40 42 46 51 26_497.cif 
1.2744140626 -7581.3071289062 1 3 7 9 10 13 14 15 16 17 18 20 22 23 24 27 30 31 34 37 39 40 42 43 47 48 26_498.cif 
1.2758789063 -7581.3056640625 1 2 3 5 7 9 11 12 13 15 16 17 18 19 20 22 23 24 26 31 33 36 42 47 53 60 26_499.cif 
1.2768554688 -7581.3046875000 1 2 3 4 5 6 7 9 13 16 17 19 22 23 24 27 30 31 36 37 40 41 42 45 46 48 26_500.cif 
1.2802734376 -7581.3012695312 1 2 3 5 7 8 9 12 13 14 15 16 18 20 21 23 24 26 27 31 35 42 43 44 45 51 26_501.cif 
1.2812500000 -7581.3002929688 3 4 5 6 7 8 10 11 14 15 16 19 20 21 22 24 28 31 32 35 41 44 45 46 47 51 26_502.cif 
1.2846679688 -7581.2968750000 3 5 6 7 8 10 11 15 16 18 19 20 21 22 23 24 27 29 35 37 38 42 43 46 47 57 26_503.cif 
1.2866210938 -7581.2949218750 1 7 8 9 10 11 12 14 15 16 18 20 21 22 23 24 26 29 30 35 37 40 43 44 47 58 26_504.cif 
1.2875976563 -7581.2939453125 1 2 3 6 7 11 12 13 14 15 16 17 20 21 22 23 26 30 34 37 39 43 44 46 47 55 26_505.cif 
1.2919921876 -7581.2895507812 1 2 4 5 6 7 9 10 11 13 14 16 17 20 22 23 24 27 32 33 35 37 43 45 47 50 26_506.cif 
1.2924804688 -7581.2890625000 2 3 5 6 7 9 10 11 12 13 14 15 16 17 18 22 24 26 27 30 31 34 37 46 48 57 26_507.cif 
1.2929687500 -7581.2885742188 1 5 6 8 9 10 12 13 14 16 17 18 19 20 23 24 25 26 27 28 29 34 35 39 40 52 26_508.cif 
1.2949218750 -7581.2866210938 1 2 4 5 6 9 11 12 13 14 18 20 21 23 24 26 27 28 29 35 36 40 41 45 46 47 26_509.cif 
1.2954101563 -7581.2861328125 1 2 6 7 8 9 11 13 15 16 17 18 19 20 21 22 24 26 27 28 29 32 33 36 49 50 26_510.cif 
1.2973632813 -7581.2841796875 2 4 5 6 9 10 12 15 16 17 18 19 20 21 22 24 25 26 28 29 30 31 35 36 43 52 26_511.cif 
1.2978515626 -7581.2836914062 1 2 3 4 5 7 8 9 10 16 19 21 22 24 26 27 31 32 34 35 36 37 40 42 45 46 26_512.cif 
1.2983398438 -7581.2832031250 1 4 5 7 8 11 12 14 15 16 18 19 20 21 22 23 25 26 29 31 33 40 41 44 46 54 26_513.cif 
1.2988281250 -7581.2827148438 1 2 4 5 7 8 9 10 11 12 14 17 18 21 22 26 31 32 35 36 40 41 42 44 46 55 26_514.cif 
1.3027343750 -7581.2788085938 2 3 4 6 7 9 11 13 16 17 18 19 20 22 23 24 25 26 27 30 34 35 36 38 45 54 26_515.cif 
1.3046875000 -7581.2768554688 1 3 5 6 7 9 10 13 14 15 16 20 21 22 23 24 26 27 30 31 34 36 37 41 42 48 26_516.cif 
1.3051757813 -7581.2763671875 1 2 3 4 5 6 7 8 9 10 11 12 15 20 22 23 26 29 30 31 33 34 39 48 49 55 26_517.cif 
1.3056640626 -7581.2758789062 1 2 3 4 6 9 10 12 13 14 16 17 18 19 21 22 23 25 28 33 36 37 39 48 49 56 26_518.cif 
1.3061523438 -7581.2753906250 1 4 5 8 10 11 12 13 14 15 16 17 18 20 21 23 25 28 32 35 36 38 43 45 48 58 26_519.cif 
1.3066406250 -7581.2749023438 2 3 4 8 9 10 11 12 13 15 17 18 20 21 22 23 24 25 29 30 31 35 36 45 48 58 26_520.cif 
1.3071289063 -7581.2744140625 3 6 8 9 12 13 14 15 16 17 18 19 20 22 23 25 26 29 30 33 36 38 42 43 44 45 26_521.cif 
1.3100585938 -7581.2714843750 1 3 4 5 7 8 11 13 14 15 16 17 18 20 21 22 23 24 26 31 32 35 42 43 56 57 26_522.cif 
1.3129882813 -7581.2685546875 2 3 4 7 8 9 11 12 13 14 15 16 17 20 21 24 28 30 31 33 34 37 44 45 48 52 26_523.cif 
1.3212890626 -7581.2602539062 1 5 7 8 10 11 12 13 14 16 17 18 19 21 22 24 27 32 35 36 39 44 45 46 48 49 26_524.cif 
1.3271484376 -7581.2543945312 2 4 6 9 10 11 12 13 14 15 16 18 19 20 22 23 28 29 32 33 34 38 41 44 46 59 26_525.cif 
1.3295898438 -7581.2519531250 1 2 4 5 7 8 9 11 15 16 17 18 21 22 23 24 29 30 31 33 41 42 43 44 45 59 26_526.cif 
1.3310546876 -7581.2504882812 1 2 4 6 8 10 11 13 15 17 18 20 21 24 25 29 32 34 35 36 38 39 40 43 45 47 26_527.cif 
1.3339843750 -7581.2475585938 1 5 7 9 10 11 12 13 15 17 18 19 20 21 22 24 26 28 33 34 35 38 42 43 48 55 26_528.cif 
1.3344726563 -7581.2470703125 1 3 4 7 8 9 10 11 12 14 16 17 18 19 25 27 30 33 36 38 39 40 44 45 47 48 26_529.cif 
1.3359375000 -7581.2456054688 1 3 4 5 7 8 9 10 11 12 14 16 18 19 20 21 26 27 31 35 38 39 42 43 48 55 26_530.cif 
1.3374023438 -7581.2441406250 2 4 5 6 8 9 10 13 14 15 18 20 21 22 24 26 28 32 34 35 39 40 43 44 45 46 26_531.cif 
1.3378906250 -7581.2436523438 1 2 4 5 6 9 10 15 16 17 18 19 20 21 22 24 25 28 29 33 37 39 43 44 46 54 26_532.cif 
1.3393554688 -7581.2421875000 3 8 9 10 11 12 13 15 16 17 18 19 20 21 22 26 29 30 31 33 36 38 39 41 43 48 26_533.cif 
1.3417968750 -7581.2397460938 1 2 3 4 5 7 8 11 14 15 16 17 18 19 21 22 25 27 32 33 36 37 40 41 42 58 26_534.cif 
1.3442382813 -7581.2373046875 2 3 4 6 8 10 11 12 13 14 17 19 22 23 27 28 30 31 32 33 34 35 36 40 44 45 26_535.cif 
1.3447265626 -7581.2368164062 1 2 6 7 8 9 10 11 12 13 14 15 16 17 21 22 24 30 33 37 39 40 42 46 49 51 26_536.cif 
1.3481445313 -7581.2333984375 1 2 3 4 5 6 9 10 11 12 13 17 18 19 21 30 31 32 34 35 36 38 39 45 46 52 26_537.cif 
1.3496093750 -7581.2319335938 1 2 3 5 7 8 10 14 16 17 18 19 23 24 25 26 27 32 35 36 38 41 42 43 46 47 26_538.cif 
1.3505859376 -7581.2309570312 1 3 4 5 6 7 9 12 13 14 16 17 18 19 20 21 22 27 29 30 31 35 42 44 47 54 26_539.cif 
1.3559570313 -7581.2255859375 1 2 4 5 6 7 8 9 10 11 13 14 16 18 19 20 22 24 29 30 32 33 36 43 57 58 26_540.cif 
1.3564453126 -7581.2250976562 1 2 3 5 6 7 8 13 14 15 16 18 20 21 24 28 29 31 32 33 37 38 39 41 44 47 26_541.cif 
1.3579101563 -7581.2236328125 1 3 5 8 9 14 15 16 19 20 21 22 23 24 25 27 28 30 31 33 34 39 40 42 44 48 26_542.cif 
1.3593750000 -7581.2221679688 1 2 3 4 5 7 8 9 13 14 15 17 18 21 22 23 24 26 33 35 37 42 43 44 45 51 26_543.cif 
1.3598632813 -7581.2216796875 2 3 4 5 6 7 8 9 10 11 14 15 18 20 23 25 26 27 30 31 35 40 41 42 46 47 26_544.cif 
1.3613281250 -7581.2202148438 1 2 3 5 6 8 11 13 15 18 21 22 23 24 29 30 31 32 33 36 37 38 40 42 44 47 26_545.cif 
1.3642578126 -7581.2172851562 2 3 4 11 12 13 14 15 16 17 18 19 20 21 23 24 26 30 31 32 34 39 42 43 44 46 26_546.cif 
1.3657226563 -7581.2158203125 1 2 3 4 5 9 11 12 13 14 16 17 18 21 22 23 26 27 28 29 36 40 45 46 48 59 26_547.cif 
1.3666992188 -7581.2148437500 2 3 4 5 6 9 10 11 14 16 19 20 21 23 24 28 30 31 32 33 35 38 39 41 43 46 26_548.cif 
1.3720703126 -7581.2094726562 1 2 3 5 7 8 9 10 11 12 13 14 15 18 19 20 21 23 25 36 39 40 44 47 51 52 26_549.cif 
1.3735351563 -7581.2080078125 2 3 4 5 8 10 11 12 13 14 15 18 19 20 21 23 26 30 31 34 36 40 41 42 44 56 26_550.cif 
1.3740234376 -7581.2075195312 1 2 4 9 10 11 12 13 14 16 17 18 20 21 22 23 24 25 26 28 35 39 40 43 48 59 26_551.cif 
1.3764648438 -7581.2050781250 1 2 4 6 7 8 9 10 12 13 17 18 19 20 22 24 27 28 29 40 42 43 44 45 48 60 26_552.cif 
1.3769531250 -7581.2045898438 1 2 3 4 5 6 7 8 9 10 11 15 18 19 20 32 33 35 38 39 40 41 46 47 48 57 26_553.cif 
1.3784179688 -7581.2031250000 1 3 4 5 6 9 10 11 12 13 14 15 18 19 22 23 27 32 34 37 40 43 44 45 48 54 26_554.cif 
1.3823242188 -7581.1992187500 1 2 3 4 5 6 8 9 12 13 16 17 18 20 21 23 24 26 30 32 35 36 37 38 39 52 26_555.cif 
1.3842773438 -7581.1972656250 2 4 5 6 7 9 10 11 13 14 15 16 18 20 21 22 23 25 26 27 30 37 41 46 47 55 26_556.cif 
1.3852539063 -7581.1962890625 1 7 8 9 10 12 13 14 15 16 17 18 19 21 23 25 31 33 34 36 42 43 44 46 48 56 26_557.cif 
1.3881835938 -7581.1933593750 2 3 5 6 8 10 11 12 14 20 21 22 23 24 25 27 31 32 35 36 37 38 39 42 43 47 26_558.cif 
1.3896484376 -7581.1918945312 1 3 4 7 8 9 10 11 12 13 15 16 17 20 23 24 25 26 28 33 35 37 39 43 48 58 26_559.cif 
1.3901367188 -7581.1914062500 1 2 3 4 5 6 8 11 12 14 15 16 17 18 19 21 22 23 28 31 33 36 40 43 48 51 26_560.cif 
1.3940429688 -7581.1875000000 1 2 3 4 6 7 8 11 12 13 15 17 20 21 22 25 26 32 34 35 38 40 41 45 47 53 26_561.cif 
1.3945312500 -7581.1870117188 2 4 5 6 7 8 11 12 14 15 18 19 20 21 23 24 25 31 35 38 39 40 42 43 44 46 26_562.cif 
1.3959960938 -7581.1855468750 1 2 4 5 6 7 8 9 10 12 14 15 19 20 21 23 26 28 31 32 36 37 39 45 47 60 26_563.cif 
1.3964843750 -7581.1850585938 1 2 4 6 7 9 11 12 13 14 17 18 19 20 21 23 25 31 32 35 36 37 43 45 48 49 26_564.cif 
1.4013671876 -7581.1801757812 3 4 5 7 8 10 11 12 13 14 17 18 19 22 23 24 25 27 29 30 32 34 36 39 41 49 26_565.cif 
1.4023437500 -7581.1791992188 1 2 3 5 6 7 8 11 13 14 15 18 19 20 21 23 27 30 31 32 41 43 45 47 48 52 26_566.cif 
1.4033203126 -7581.1782226562 2 3 4 5 7 8 14 16 17 18 19 20 21 24 27 28 29 30 31 34 35 39 41 42 43 48 26_567.cif 
1.4042968750 -7581.1772460938 1 2 3 4 6 9 10 12 13 17 18 19 21 22 24 25 26 27 28 29 30 32 33 36 42 45 26_568.cif 
1.4047851563 -7581.1767578125 1 2 4 5 7 8 9 11 12 14 16 18 19 20 22 25 29 30 36 37 39 40 41 42 47 48 26_569.cif 
1.4082031250 -7581.1733398438 1 2 3 4 5 6 7 8 9 10 11 14 16 18 19 20 22 25 26 27 32 38 42 45 56 57 26_570.cif 
1.4086914063 -7581.1728515625 2 3 4 5 6 7 11 14 18 19 20 21 23 24 25 26 27 30 33 34 37 42 43 44 47 48 26_571.cif 
1.4106445313 -7581.1708984375 1 3 4 6 9 11 12 15 16 17 18 19 22 23 24 25 26 30 35 37 40 41 43 45 46 47 26_572.cif 
1.4111328126 -7581.1704101562 1 2 4 5 6 7 8 9 10 11 12 14 17 18 19 20 30 31 32 33 38 40 46 47 48 59 26_573.cif 
1.4116210938 -7581.1699218750 5 6 7 10 13 14 15 16 17 19 20 21 22 23 24 28 29 31 33 37 38 42 44 46 47 48 26_574.cif 
1.4145507813 -7581.1669921875 1 2 6 10 11 12 14 15 16 17 19 20 21 22 24 25 26 27 28 34 35 37 41 42 46 53 26_575.cif 
1.4165039063 -7581.1650390625 2 3 5 6 7 8 9 10 11 12 13 16 17 20 21 24 28 33 34 36 39 42 44 45 46 49 26_576.cif 
1.4174804688 -7581.1640625000 2 4 5 6 7 8 9 10 11 13 14 15 16 19 20 21 22 25 26 31 32 38 42 45 46 54 26_577.cif 
1.4194335938 -7581.1621093750 1 2 3 5 6 7 8 9 10 11 12 13 15 17 21 22 32 33 36 40 42 43 44 45 48 50 26_578.cif 
1.4233398438 -7581.1582031250 2 4 5 7 9 10 11 12 13 15 17 20 21 22 24 25 28 30 31 33 34 35 38 45 47 54 26_579.cif 
1.4267578126 -7581.1547851562 1 2 3 5 8 10 11 12 15 16 18 19 20 22 23 24 32 35 37 38 41 42 43 45 48 51 26_580.cif 
1.4350585938 -7581.1464843750 3 7 8 9 10 12 13 14 15 16 18 19 21 22 24 25 27 28 30 31 32 35 36 44 47 54 26_581.cif 
1.4370117188 -7581.1445312500 1 2 3 4 5 6 7 8 9 11 12 15 16 17 18 19 20 25 32 33 36 41 43 44 56 59 26_582.cif 
1.4375000000 -7581.1440429688 1 3 5 6 7 8 12 13 14 15 16 17 19 20 21 23 24 25 30 31 37 38 39 40 48 52 26_583.cif 
1.4399414063 -7581.1416015625 1 2 3 4 6 7 8 9 10 12 13 14 16 17 19 21 22 24 28 34 35 43 47 48 53 56 26_584.cif 
1.4409179688 -7581.1406250000 1 2 3 5 6 7 10 11 12 13 14 15 18 19 20 23 24 28 30 34 36 42 44 46 47 53 26_585.cif 
1.4414062500 -7581.1401367188 1 2 3 4 5 7 8 11 12 15 16 17 20 21 22 23 24 26 32 37 39 40 44 47 55 56 26_586.cif 
1.4453125000 -7581.1362304688 3 5 6 8 10 12 13 14 16 17 19 20 21 22 24 26 28 30 31 32 33 35 41 43 45 47 26_587.cif 
1.4458007813 -7581.1357421875 2 3 5 9 12 13 14 16 17 18 19 21 22 23 24 25 29 30 32 34 35 40 41 42 45 47 26_588.cif 
1.4467773438 -7581.1347656250 2 3 5 6 7 8 10 12 14 15 16 17 19 21 23 26 29 32 34 35 36 39 40 41 45 46 26_589.cif 
1.4497070313 -7581.1318359375 1 2 3 4 5 6 7 10 11 12 15 20 21 24 26 27 28 30 31 32 34 36 40 41 46 51 26_590.cif 
1.4526367188 -7581.1289062500 1 2 3 4 5 6 8 9 12 14 18 19 20 21 23 26 27 28 29 33 37 39 40 44 45 49 26_591.cif 
1.4531250000 -7581.1284179688 1 2 3 8 11 12 14 15 16 17 18 22 23 24 25 26 29 34 40 42 43 44 45 46 47 48 26_592.cif 
1.4536132813 -7581.1279296875 1 2 3 6 7 9 10 11 12 14 16 17 18 21 22 23 29 32 34 37 41 43 44 47 48 60 26_593.cif 
1.4555664063 -7581.1259765625 1 2 6 9 10 12 14 16 17 19 21 22 23 24 26 27 29 31 32 33 34 35 36 38 44 47 26_594.cif 
1.4560546876 -7581.1254882812 1 2 3 4 5 6 7 8 9 10 11 14 15 17 19 20 24 26 28 32 35 36 37 41 49 57 26_595.cif 
1.4580078126 -7581.1235351562 1 2 3 4 7 8 9 10 11 15 16 19 20 21 22 23 24 31 32 35 37 41 43 45 46 50 26_596.cif 
1.4584960938 -7581.1230468750 2 3 4 5 7 9 10 13 14 15 16 17 20 23 24 25 26 31 32 33 34 36 42 44 45 54 26_597.cif 
1.4604492188 -7581.1210937500 1 2 3 4 5 6 8 9 12 13 16 17 18 19 21 22 23 24 28 30 34 37 43 47 49 50 26_598.cif 
1.4619140626 -7581.1196289062 1 2 3 4 7 8 9 10 13 14 15 16 17 18 22 23 27 29 32 37 38 40 44 46 47 54 26_599.cif 
1.4624023438 -7581.1191406250 1 2 3 7 9 10 11 14 16 17 18 20 22 23 24 26 27 29 30 33 34 35 36 40 43 55 26_600.cif 
1.4638671876 -7581.1176757812 1 3 4 6 8 9 10 11 14 16 17 20 22 23 24 26 28 29 30 34 35 37 40 41 43 58 26_601.cif 
1.4648437500 -7581.1166992188 1 4 5 8 9 11 12 13 14 15 16 18 19 20 21 24 26 30 38 39 41 43 45 46 47 57 26_602.cif 
1.4667968750 -7581.1147460938 1 2 3 4 5 6 10 14 15 16 20 21 22 23 24 25 27 30 32 33 36 37 44 47 48 54 26_603.cif 
1.4672851563 -7581.1142578125 1 2 4 5 6 9 10 11 12 13 19 21 22 24 27 30 32 33 34 35 36 37 38 41 43 60 26_604.cif 
1.4677734376 -7581.1137695312 2 3 5 6 7 8 9 10 12 13 18 21 22 23 24 26 27 29 32 34 35 38 42 43 45 46 26_605.cif 
1.4682617188 -7581.1132812500 2 5 6 8 10 11 13 14 16 17 18 19 20 23 24 25 28 29 31 32 33 34 44 45 47 48 26_606.cif 
1.4697265626 -7581.1118164062 1 3 6 8 9 10 14 15 16 18 19 21 22 23 24 25 26 30 32 35 37 40 42 44 46 49 26_607.cif 
1.4707031250 -7581.1108398438 1 3 4 5 6 8 9 10 12 14 15 16 17 18 22 23 27 30 32 33 34 36 40 44 48 59 26_608.cif 
1.4716796876 -7581.1098632812 1 2 4 8 9 10 11 12 13 15 16 18 20 21 22 23 25 26 29 31 32 36 39 43 44 58 26_609.cif 
1.4750976563 -7581.1064453125 2 4 5 6 7 8 9 10 11 14 16 17 18 19 20 24 29 33 34 37 38 40 44 45 47 59 26_610.cif 
1.4760742188 -7581.1054687500 1 3 4 5 7 9 11 16 20 21 22 23 24 25 26 27 28 29 30 34 37 40 43 44 45 47 26_611.cif 
1.4799804688 -7581.1015625000 1 2 3 6 8 9 10 11 12 13 16 18 19 21 24 25 29 32 34 35 36 39 40 42 46 50 26_612.cif 
1.4814453126 -7581.1000976562 1 2 5 6 8 9 10 12 13 15 16 17 19 20 21 22 24 26 29 30 35 39 40 46 50 56 26_613.cif 
1.4833984376 -7581.0981445312 3 4 5 7 9 10 11 12 13 14 15 17 20 21 22 27 28 30 34 35 36 42 43 45 48 52 26_614.cif 
1.4843750000 -7581.0971679688 1 2 3 4 6 7 8 9 11 14 16 17 19 20 22 26 27 29 30 32 34 38 40 47 48 51 26_615.cif 
1.4853515626 -7581.0961914062 1 2 4 6 7 8 9 10 11 12 14 15 17 19 21 24 28 30 35 36 37 42 43 46 48 57 26_616.cif 
1.4858398438 -7581.0957031250 4 5 6 10 11 12 13 15 17 18 19 20 21 23 24 26 28 30 36 37 39 40 41 43 44 52 26_617.cif 
1.4863281250 -7581.0952148438 1 2 3 4 5 8 9 12 14 15 16 17 19 20 22 23 26 31 33 34 39 40 41 42 47 58 26_618.cif 
1.4882812500 -7581.0932617188 1 2 3 4 5 6 7 8 11 12 13 15 16 22 24 28 29 30 31 32 34 35 37 44 45 58 26_619.cif 
1.4887695313 -7581.0927734375 1 4 7 8 9 10 11 12 13 14 15 16 17 18 19 21 24 25 29 31 34 42 44 49 55 60 26_620.cif 
1.4912109376 -7581.0903320312 1 4 5 7 9 10 11 13 15 16 17 18 20 21 22 24 28 31 32 33 36 38 42 46 49 51 26_621.cif 
1.4926757813 -7581.0888671875 1 2 3 4 6 7 8 9 10 11 13 14 15 18 20 25 26 30 32 34 35 39 40 45 48 55 26_622.cif 
1.4956054688 -7581.0859375000 3 4 5 7 9 11 12 13 16 18 19 22 24 25 27 28 30 33 34 35 36 38 40 41 44 45 26_623.cif 
1.4960937500 -7581.0854492188 1 3 5 7 10 12 14 15 16 18 19 20 21 22 24 25 26 27 28 31 37 42 43 45 47 49 26_624.cif 
1.4965820313 -7581.0849609375 1 2 6 7 8 9 10 11 12 13 17 18 21 22 23 24 29 32 33 35 39 40 41 42 48 55 26_625.cif 
1.4970703126 -7581.0844726562 2 4 6 7 8 10 11 12 14 15 16 17 18 19 20 21 23 27 33 34 38 39 46 47 50 58 26_626.cif 
1.4980468750 -7581.0834960938 2 4 5 6 7 9 10 11 14 17 18 19 20 22 24 26 27 29 30 34 39 41 42 44 46 50 26_627.cif 
1.5009765626 -7581.0805664062 2 3 4 7 8 9 11 13 14 15 16 17 20 21 23 24 28 30 34 35 39 41 45 46 48 55 26_628.cif 
1.5014648438 -7581.0800781250 1 3 4 5 7 8 9 10 11 12 13 15 20 21 22 23 25 26 28 29 30 31 36 40 49 58 26_629.cif 
1.5043945313 -7581.0771484375 3 4 5 7 9 10 11 12 13 15 17 18 19 21 22 27 29 30 31 36 37 39 43 45 47 48 26_630.cif 
1.5058593750 -7581.0756835938 1 2 5 6 9 11 12 15 16 17 18 19 20 21 24 25 30 31 32 37 38 39 41 43 45 47 26_631.cif 
1.5141601563 -7581.0673828125 1 3 4 5 6 7 8 9 11 13 14 15 18 19 20 21 22 23 26 29 33 38 42 46 54 56 26_632.cif 
1.5146484376 -7581.0668945312 6 8 9 12 14 15 16 19 20 21 22 23 24 25 26 29 30 31 32 33 34 37 40 42 44 45 26_633.cif 
1.5156250000 -7581.0659179688 1 2 3 4 6 7 9 10 11 14 17 19 20 23 27 29 30 31 33 34 36 42 43 46 47 48 26_634.cif 
1.5166015626 -7581.0649414062 1 4 5 6 9 11 12 13 14 15 16 17 20 22 23 24 25 27 29 32 37 38 44 45 47 49 26_635.cif 
1.5175781250 -7581.0639648438 1 3 4 5 7 9 10 11 12 14 15 16 19 22 23 24 29 30 31 32 37 38 42 46 52 55 26_636.cif 
1.5195312500 -7581.0620117188 1 2 3 4 5 6 8 9 14 16 18 20 21 23 24 28 29 30 31 37 40 41 42 44 47 55 26_637.cif 
1.5209960938 -7581.0605468750 4 5 6 7 9 10 12 13 14 19 20 21 22 26 27 28 29 30 31 33 35 36 39 40 41 44 26_638.cif 
1.5229492188 -7581.0585937500 1 2 3 4 7 10 11 12 13 17 18 20 21 23 24 25 26 28 29 34 36 41 42 43 46 55 26_639.cif 
1.5244140626 -7581.0571289062 2 3 4 7 9 10 11 13 14 18 20 21 24 25 28 30 31 33 34 36 37 38 39 40 43 44 26_640.cif 
1.5253906250 -7581.0561523438 1 2 3 4 5 6 7 11 12 14 15 17 18 20 21 22 25 30 32 34 39 43 47 48 54 60 26_641.cif 
1.5258789063 -7581.0556640625 1 2 4 5 6 7 10 12 13 14 15 16 18 20 21 31 32 34 36 37 40 41 44 45 47 57 26_642.cif 
1.5263671876 -7581.0551757812 1 3 5 6 9 10 11 12 13 16 17 18 20 21 23 28 29 31 33 35 38 40 41 44 46 48 26_643.cif 
1.5268554688 -7581.0546875000 1 3 7 12 14 15 16 17 18 19 20 21 22 23 24 25 28 29 34 35 38 39 45 46 48 54 26_644.cif 
1.5332031250 -7581.0483398438 1 2 4 5 6 8 10 11 12 14 15 17 18 20 21 25 26 28 32 35 39 40 43 44 47 55 26_645.cif 
1.5336914063 -7581.0478515625 1 2 3 4 5 8 9 11 12 13 15 17 19 20 23 25 28 29 30 32 36 40 42 44 45 47 26_646.cif 
1.5380859376 -7581.0434570312 3 5 7 8 9 10 12 14 15 16 18 19 21 23 24 26 27 31 34 38 39 41 42 43 45 60 26_647.cif 
1.5468750000 -7581.0346679688 1 2 8 9 12 13 14 16 17 18 19 20 21 22 23 24 28 35 39 40 42 45 46 47 48 57 26_648.cif 
1.5527343750 -7581.0288085938 1 2 3 4 5 6 8 9 10 11 12 15 17 19 20 22 24 33 35 37 38 41 44 45 53 58 26_649.cif 
1.5556640626 -7581.0258789062 2 4 5 6 7 8 9 10 12 13 15 17 18 20 21 27 28 32 33 37 38 41 43 45 48 54 26_650.cif 
1.5566406250 -7581.0249023438 3 4 5 6 8 9 10 12 13 15 16 17 20 23 25 26 27 28 29 33 34 36 39 40 44 45 26_651.cif 
1.5595703126 -7581.0219726562 1 3 4 7 8 9 10 14 16 17 18 19 21 25 26 27 28 30 31 33 35 37 38 41 44 46 26_652.cif 
1.5605468750 -7581.0209960938 1 2 3 4 6 7 8 9 11 13 15 16 17 20 22 23 24 26 29 34 36 39 40 46 51 57 26_653.cif 
1.5610351563 -7581.0205078125 1 5 6 8 10 11 12 13 14 15 17 20 21 22 23 24 26 28 33 36 37 40 42 43 46 52 26_654.cif 
1.5620117188 -7581.0195312500 1 3 4 5 6 7 9 10 12 13 15 19 20 22 23 26 31 32 33 35 36 37 43 44 45 59 26_655.cif 
1.5634765626 -7581.0180664062 1 2 3 4 5 6 7 8 9 10 11 14 15 17 19 20 23 26 28 32 37 42 43 44 50 53 26_656.cif 
1.5654296876 -7581.0161132812 2 3 5 6 7 8 11 13 14 15 17 18 19 20 22 23 24 25 27 29 33 35 40 42 55 58 26_657.cif 
1.5659179688 -7581.0156250000 1 2 4 8 9 10 11 13 14 15 16 17 18 19 22 24 29 30 32 33 36 41 42 44 49 54 26_658.cif 
1.5673828126 -7581.0141601562 1 3 5 6 7 9 10 11 13 14 15 16 17 21 24 25 27 31 32 34 35 42 44 46 59 60 26_659.cif 
1.5688476563 -7581.0126953125 2 3 4 5 6 7 10 12 13 15 16 17 19 20 21 22 23 31 37 39 41 43 46 48 51 52 26_660.cif 
1.5698242188 -7581.0117187500 1 5 6 8 10 11 12 13 14 15 18 19 20 22 23 25 26 27 29 30 33 39 42 44 46 47 26_661.cif 
1.5766601563 -7581.0048828125 1 2 3 4 5 7 8 10 11 12 14 16 18 19 22 24 26 33 36 38 39 41 43 45 46 51 26_662.cif 
1.5771484376 -7581.0043945312 1 2 3 4 5 6 8 11 12 13 14 15 17 20 25 30 32 33 35 38 41 44 45 46 47 48 26_663.cif 
1.5781250000 -7581.0034179688 1 3 6 9 10 11 12 14 18 19 20 22 23 24 25 28 29 30 32 33 34 37 39 40 45 58 26_664.cif 
1.5786132813 -7581.0029296875 1 2 3 5 7 8 9 11 12 14 15 16 17 23 25 26 29 30 33 34 40 41 42 43 47 58 26_665.cif 
1.5795898438 -7581.0019531250 1 2 3 4 6 7 8 11 12 14 15 17 20 22 23 27 28 29 30 33 35 38 39 43 44 51 26_666.cif 
1.5830078126 -7580.9985351562 2 3 4 5 7 8 11 12 13 15 16 17 20 21 22 23 24 27 33 34 35 38 42 47 49 53 26_667.cif 
1.5854492188 -7580.9960937500 1 2 3 4 5 7 8 11 12 14 15 17 18 19 21 23 26 34 35 37 40 41 42 47 49 60 26_668.cif 
1.5922851563 -7580.9892578125 3 5 7 8 9 10 11 12 13 14 16 18 19 20 21 24 25 27 31 33 35 37 38 41 58 59 26_669.cif 
1.5961914063 -7580.9853515625 1 2 3 7 8 11 12 13 14 15 16 17 18 22 23 24 26 27 29 37 42 44 46 47 54 55 26_670.cif 
1.5976562500 -7580.9838867188 1 2 4 5 6 9 10 12 13 14 15 20 21 22 23 25 29 30 33 38 40 41 44 46 48 56 26_671.cif 
1.5986328126 -7580.9829101562 1 2 3 5 6 7 8 9 10 11 12 15 17 18 25 27 29 34 36 37 39 42 44 46 47 56 26_672.cif 
1.5991210938 -7580.9824218750 3 5 9 10 11 12 14 15 16 17 18 19 20 21 22 25 28 32 33 34 35 38 42 46 47 54 26_673.cif 
1.5996093750 -7580.9819335938 2 3 4 5 6 8 9 11 13 14 15 17 19 20 21 22 23 24 25 29 33 37 42 46 56 60 26_674.cif 
1.6000976563 -7580.9814453125 1 3 4 5 7 13 16 17 18 19 20 21 22 24 25 26 27 28 29 32 33 36 39 46 47 58 26_675.cif 
1.6005859376 -7580.9809570312 1 2 3 4 5 6 7 8 9 11 12 14 15 18 19 21 24 27 28 31 32 34 36 39 51 60 26_676.cif 
1.6030273438 -7580.9785156250 3 4 5 6 7 9 10 11 12 14 17 19 20 21 22 23 24 25 29 36 39 40 44 47 50 56 26_677.cif 
1.6044921876 -7580.9770507812 1 2 4 5 8 9 10 12 13 15 16 20 21 22 24 27 28 29 31 32 33 34 38 40 47 55 26_678.cif 
1.6088867188 -7580.9726562500 2 3 4 8 9 10 11 12 14 15 16 17 20 21 24 30 34 35 36 37 39 40 46 47 48 58 26_679.cif 
1.6171875000 -7580.9643554688 2 3 5 7 9 10 11 13 14 15 16 18 20 21 22 23 26 27 31 34 38 41 44 48 49 56 26_680.cif 
1.6313476563 -7580.9501953125 1 2 3 7 8 9 10 11 12 14 15 16 20 22 26 27 28 30 31 32 34 36 39 45 48 59 26_681.cif 
1.6328125000 -7580.9487304688 1 2 3 5 6 7 8 11 14 15 16 17 20 21 23 24 27 31 32 35 37 41 44 47 58 59 26_682.cif 
1.6333007813 -7580.9482421875 3 4 7 9 10 11 12 13 15 16 17 19 20 22 23 25 26 28 31 33 39 43 44 46 48 58 26_683.cif 
1.6381835938 -7580.9433593750 1 3 6 7 9 10 12 14 18 19 20 21 22 24 26 28 29 30 31 34 35 36 39 46 47 48 26_684.cif 
1.6396484376 -7580.9418945312 1 4 5 6 8 10 11 12 13 15 16 18 20 21 26 27 29 31 34 35 36 38 40 44 47 54 26_685.cif 
1.6425781250 -7580.9389648438 1 3 4 5 6 8 9 10 11 12 14 17 19 21 22 23 24 30 33 42 44 45 46 47 51 60 26_686.cif 
1.6445312500 -7580.9370117188 1 3 4 5 6 7 8 9 10 12 13 17 18 19 20 21 23 31 32 34 36 43 47 48 54 60 26_687.cif 
1.6489257813 -7580.9326171875 1 2 3 5 8 9 11 12 14 16 18 19 21 22 23 24 26 33 35 37 38 40 45 48 53 60 26_688.cif 
1.6552734376 -7580.9262695312 1 2 3 6 7 8 9 10 12 13 19 23 24 25 30 31 32 35 38 39 40 41 42 43 44 47 26_689.cif 
1.6601562500 -7580.9213867188 1 2 5 7 8 9 10 11 12 17 20 21 22 23 24 26 30 32 33 34 36 37 39 45 48 53 26_690.cif 
1.6621093750 -7580.9194335938 1 3 4 6 7 9 10 11 14 15 16 17 18 20 21 24 25 27 28 29 34 37 41 47 59 60 26_691.cif 
1.6645507813 -7580.9169921875 1 3 4 6 7 8 11 12 14 15 16 17 18 19 21 22 24 25 28 29 35 36 38 43 49 56 26_692.cif 
1.6650390626 -7580.9165039062 1 2 4 5 6 7 15 16 17 18 19 20 22 23 24 25 27 28 29 30 32 33 36 41 55 59 26_693.cif 
1.6660156250 -7580.9155273438 1 5 6 7 8 10 11 12 13 15 18 19 21 22 23 24 25 30 32 35 36 37 41 45 48 60 26_694.cif 
1.6669921876 -7580.9145507812 1 2 4 5 6 8 9 10 11 12 13 14 17 20 21 23 24 25 26 33 35 37 43 48 50 60 26_695.cif 
1.6689453126 -7580.9125976562 1 2 5 6 8 9 11 12 15 16 17 19 21 22 24 27 29 30 31 34 35 36 38 42 55 59 26_696.cif 
1.6752929688 -7580.9062500000 1 4 6 8 9 10 11 14 17 18 19 20 21 23 24 26 31 32 33 36 37 39 41 45 46 50 26_697.cif 
1.6762695313 -7580.9052734375 3 4 5 6 7 8 9 11 13 14 16 17 18 19 20 23 24 29 33 35 40 41 42 43 50 54 26_698.cif 
1.6767578126 -7580.9047851562 1 2 4 5 6 7 8 12 14 15 17 18 19 22 24 29 30 33 35 36 37 43 44 45 48 57 26_699.cif 
1.6772460938 -7580.9042968750 1 2 3 4 6 7 8 9 11 15 16 17 19 21 22 23 25 26 27 32 33 40 42 46 55 56 26_700.cif 
1.6787109376 -7580.9028320312 1 2 4 6 7 8 10 11 12 14 15 16 17 19 20 21 26 27 31 32 33 34 42 47 52 58 26_701.cif 
1.6821289063 -7580.8994140625 1 2 3 4 5 9 10 13 14 16 17 19 20 21 24 29 30 34 35 36 37 38 42 43 48 52 26_702.cif 
1.6831054688 -7580.8984375000 2 4 6 7 8 9 10 11 12 15 16 17 19 20 23 24 26 28 29 30 31 35 38 39 40 41 26_703.cif 
1.6835937500 -7580.8979492188 1 3 5 6 9 10 12 13 14 15 16 19 20 21 24 28 31 32 34 35 36 37 41 42 51 52 26_704.cif 
1.6840820313 -7580.8974609375 1 2 3 4 5 9 10 12 13 14 15 16 18 20 21 22 24 27 28 32 33 35 37 47 57 60 26_705.cif 
1.6875000000 -7580.8940429688 1 2 3 4 7 8 9 10 11 12 14 15 18 20 21 24 26 29 30 31 32 40 45 46 56 57 26_706.cif 
1.6894531250 -7580.8920898438 1 4 5 6 7 8 9 10 13 15 16 18 19 21 23 28 30 32 36 39 40 41 45 46 47 53 26_707.cif 
1.6899414063 -7580.8916015625 3 4 5 6 7 10 11 13 14 15 17 18 20 22 24 25 30 34 39 40 41 44 46 47 48 54 26_708.cif 
1.6904296876 -7580.8911132812 1 2 4 5 6 7 8 9 12 15 16 17 19 21 22 24 26 27 28 29 33 35 43 44 52 57 26_709.cif 
1.6914062500 -7580.8901367188 1 4 6 7 8 14 15 16 17 19 20 21 22 24 28 31 32 33 37 39 40 41 42 45 47 60 26_710.cif 
1.6958007813 -7580.8857421875 1 2 3 4 5 6 7 10 11 12 13 14 15 19 20 23 25 27 33 35 41 43 46 48 50 52 26_711.cif 
1.6997070313 -7580.8818359375 1 2 4 7 9 10 11 12 13 14 15 16 17 18 21 22 24 27 30 31 32 33 46 50 53 56 26_712.cif 
1.7026367188 -7580.8789062500 1 3 4 5 7 8 9 10 18 19 20 21 22 24 28 30 32 33 34 36 39 41 43 46 48 60 26_713.cif 
1.7031250000 -7580.8784179688 1 2 3 4 5 6 7 9 10 12 13 16 20 21 22 24 26 29 30 32 36 37 40 45 51 60 26_714.cif 
1.7060546876 -7580.8754882812 1 4 6 7 8 10 11 12 13 15 18 19 20 21 22 23 24 26 34 36 39 41 42 48 49 51 26_715.cif 
1.7065429688 -7580.8750000000 1 3 5 6 7 8 9 10 11 12 16 17 20 22 23 25 27 28 30 31 33 36 44 47 50 59 26_716.cif 
1.7075195313 -7580.8740234375 1 3 4 5 7 8 9 13 14 16 18 19 20 21 22 23 26 31 36 40 41 43 44 45 54 59 26_717.cif 
1.7089843750 -7580.8725585938 1 2 5 6 7 8 11 12 13 15 18 20 21 23 24 26 27 30 31 32 35 37 41 46 47 50 26_718.cif 
1.7114257813 -7580.8701171875 2 4 7 8 10 11 12 14 15 16 17 18 19 21 23 24 26 27 31 33 38 39 42 45 47 58 26_719.cif 
1.7158203126 -7580.8657226562 4 5 7 8 10 11 13 14 15 18 19 20 21 22 23 26 27 33 37 40 41 42 43 45 47 53 26_720.cif 
1.7202148438 -7580.8613281250 1 3 4 5 7 10 11 12 14 16 18 19 21 22 26 27 34 36 38 39 40 42 43 44 47 58 26_721.cif 
1.7285156250 -7580.8530273438 1 2 3 4 5 6 9 11 14 15 16 18 21 22 23 24 25 27 29 30 31 33 41 42 51 52 26_722.cif 
1.7319335938 -7580.8496093750 1 2 4 6 8 9 12 14 16 17 18 20 21 23 26 32 33 35 37 38 40 41 42 44 46 47 26_723.cif 
1.7353515626 -7580.8461914062 3 4 6 7 8 10 11 12 13 15 16 19 20 22 23 24 31 32 38 41 43 45 46 47 50 51 26_724.cif 
1.7358398438 -7580.8457031250 1 3 4 5 6 7 8 10 11 12 14 15 16 17 22 24 30 32 36 38 40 43 46 47 52 60 26_725.cif 
1.7407226563 -7580.8408203125 2 3 4 5 7 8 9 10 12 16 17 18 21 22 23 24 30 31 32 35 37 43 44 45 51 58 26_726.cif 
1.7426757813 -7580.8388671875 1 2 4 6 7 8 11 15 16 17 18 19 21 22 24 25 28 29 30 32 34 35 41 47 52 53 26_727.cif 
1.7431640626 -7580.8383789062 1 2 3 4 6 7 9 10 15 16 18 19 21 22 23 25 26 29 30 32 33 35 41 43 48 58 26_728.cif 
1.7475585938 -7580.8339843750 1 3 4 6 7 8 10 11 12 13 18 19 23 24 25 29 30 31 32 34 36 38 39 41 48 52 26_729.cif 
1.7495117188 -7580.8320312500 1 2 3 4 5 6 7 10 13 14 15 16 17 18 22 23 30 34 35 37 38 39 43 45 52 60 26_730.cif 
1.7509765626 -7580.8305664062 1 2 4 5 6 9 10 11 12 13 15 17 21 23 24 28 31 32 33 34 35 36 37 42 50 52 26_731.cif 
1.7524414063 -7580.8291015625 1 2 3 4 5 6 7 11 12 13 15 16 20 21 28 33 35 36 38 39 40 41 45 46 47 58 26_732.cif 
1.7558593750 -7580.8256835938 2 3 5 7 9 12 13 14 16 17 18 19 20 22 23 27 29 32 33 34 35 37 38 39 49 60 26_733.cif 
1.7602539063 -7580.8212890625 2 5 6 7 9 10 13 14 15 16 17 19 20 21 23 25 27 30 31 35 40 41 43 44 45 52 26_734.cif 
1.7641601563 -7580.8173828125 1 4 5 6 7 9 11 12 13 17 19 21 22 23 25 26 29 30 36 39 41 42 43 44 47 49 26_735.cif 
1.7802734376 -7580.8012695312 1 3 5 6 8 9 10 11 12 15 17 19 20 22 25 26 28 30 31 32 33 35 40 41 45 52 26_736.cif 
1.7807617188 -7580.8007812500 1 2 3 4 5 6 10 11 13 14 16 19 20 22 23 25 28 29 30 31 34 38 39 43 47 56 26_737.cif 
1.7866210938 -7580.7949218750 2 3 5 6 7 8 9 10 11 13 14 17 19 20 22 24 26 30 32 35 42 43 44 45 50 51 26_738.cif 
1.7871093750 -7580.7944335938 1 4 5 6 7 8 9 10 11 12 14 16 19 21 23 24 27 32 33 38 40 45 46 47 52 55 26_739.cif 
1.7939453126 -7580.7875976562 2 3 5 6 7 9 10 12 14 15 17 19 20 21 23 25 28 29 30 34 38 43 44 46 49 60 26_740.cif 
1.7973632813 -7580.7841796875 1 6 7 8 9 11 12 13 15 17 18 19 20 21 23 24 25 26 29 31 37 38 39 40 50 52 26_741.cif 
1.8071289063 -7580.7744140625 3 4 5 8 11 12 13 14 16 17 19 20 21 23 24 27 32 35 36 37 41 42 44 46 59 60 26_742.cif 
1.8081054688 -7580.7734375000 2 5 6 7 8 9 10 11 14 15 16 17 20 21 22 23 24 26 28 30 31 34 40 41 52 59 26_743.cif 
1.8100585938 -7580.7714843750 1 4 6 7 8 11 12 14 15 16 17 20 21 22 28 30 33 35 36 39 41 42 43 47 48 60 26_744.cif 
1.8134765626 -7580.7680664062 1 2 3 5 6 7 8 11 12 15 21 22 23 24 27 29 30 32 34 35 37 40 42 43 49 52 26_745.cif 
1.8168945313 -7580.7646484375 1 2 4 6 7 9 11 12 15 16 17 18 19 20 22 27 28 30 32 34 36 37 40 43 45 58 26_746.cif 
1.8217773438 -7580.7597656250 1 2 5 6 7 8 11 13 14 16 17 18 19 23 24 25 26 29 31 32 33 34 41 44 47 53 26_747.cif 
1.8242187500 -7580.7573242188 2 3 4 5 6 7 8 9 12 16 17 19 20 22 23 25 26 31 33 37 39 42 44 48 51 59 26_748.cif 
1.8271484376 -7580.7543945312 2 3 6 7 8 9 10 11 15 18 19 20 21 24 27 29 33 34 39 40 42 44 46 47 48 51 26_749.cif 
1.8276367188 -7580.7539062500 1 2 4 5 6 7 8 14 15 16 17 18 19 22 23 26 29 30 32 33 38 41 46 47 49 58 26_750.cif 
1.8300781250 -7580.7514648438 1 2 3 6 9 10 12 13 14 16 18 22 23 24 25 26 28 30 33 35 37 39 40 45 48 51 26_751.cif 
1.8330078126 -7580.7485351562 1 2 3 6 8 9 11 12 13 14 16 17 18 21 23 24 27 32 34 35 36 38 39 47 49 52 26_752.cif 
1.8339843750 -7580.7475585938 2 4 5 6 7 8 13 15 17 18 19 20 21 23 24 25 28 29 30 32 34 39 43 45 51 55 26_753.cif 
1.8422851563 -7580.7392578125 1 3 4 5 6 8 9 10 11 12 13 14 18 19 20 21 23 24 26 30 35 38 45 49 50 58 26_754.cif 
1.8461914063 -7580.7353515625 4 5 7 8 11 12 13 15 18 19 20 21 22 23 24 27 28 29 31 33 38 40 42 48 49 59 26_755.cif 
1.8466796876 -7580.7348632812 1 2 3 6 7 8 9 10 11 12 13 16 18 21 22 23 25 27 32 35 38 43 45 49 53 59 26_756.cif 
1.8481445313 -7580.7333984375 1 2 4 5 6 7 9 11 15 16 17 20 21 22 23 24 25 28 29 33 38 41 44 49 54 60 26_757.cif 
1.8500976563 -7580.7314453125 2 3 5 8 10 11 12 14 15 16 17 18 22 26 27 30 34 36 38 39 40 41 43 44 47 60 26_758.cif 
1.8525390626 -7580.7290039062 2 5 6 7 9 10 12 13 14 15 17 18 19 23 24 29 30 31 33 38 43 44 45 47 48 59 26_759.cif 
1.8559570313 -7580.7255859375 1 3 4 6 7 8 10 11 12 13 19 21 22 23 24 26 27 30 35 39 40 42 44 46 50 60 26_760.cif 
1.8588867188 -7580.7226562500 1 4 5 6 7 9 10 11 15 20 21 23 24 27 29 30 31 32 33 34 35 40 43 46 48 59 26_761.cif 
1.8632812500 -7580.7182617188 1 3 4 6 7 8 9 10 13 14 16 17 21 23 24 25 27 31 32 34 40 41 44 46 56 57 26_762.cif 
1.8696289063 -7580.7119140625 1 2 5 7 8 9 10 11 13 15 16 17 18 21 25 28 29 30 33 36 37 39 40 41 42 57 26_763.cif 
1.8745117188 -7580.7070312500 1 2 3 6 9 10 11 12 15 16 19 21 22 23 24 25 27 30 32 37 41 42 46 48 49 52 26_764.cif 
1.8750000000 -7580.7065429688 2 3 4 6 7 8 9 10 11 14 15 18 20 21 28 30 32 33 35 37 38 39 40 42 45 59 26_765.cif 
1.8769531250 -7580.7045898438 1 3 4 5 6 8 13 15 18 19 20 22 23 24 25 27 28 30 31 32 34 35 38 40 41 50 26_766.cif 
1.8789062500 -7580.7026367188 3 4 5 7 8 9 11 16 18 19 20 23 25 27 28 29 31 32 33 34 35 36 44 45 47 48 26_767.cif 
1.8857421876 -7580.6958007812 2 5 6 7 8 10 12 16 17 18 20 21 23 24 26 27 30 31 37 38 39 45 46 47 48 56 26_768.cif 
1.8862304688 -7580.6953125000 2 3 4 5 6 8 11 13 14 17 18 19 21 22 25 29 31 32 34 41 42 43 44 45 46 48 26_769.cif 
1.8872070313 -7580.6943359375 1 3 4 6 9 11 15 16 17 18 19 20 21 24 26 27 30 31 33 34 36 37 39 41 43 53 26_770.cif 
1.8876953126 -7580.6938476562 2 3 4 5 6 8 11 12 15 17 18 19 20 22 23 24 26 28 33 38 39 40 43 47 55 58 26_771.cif 
1.8881835938 -7580.6933593750 1 2 3 4 7 10 11 12 13 15 18 19 20 21 23 27 28 29 34 37 38 44 45 46 49 53 26_772.cif 
1.8891601563 -7580.6923828125 3 4 6 7 11 13 14 17 18 19 20 23 24 25 26 29 30 34 35 36 37 42 43 45 46 48 26_773.cif 
1.8935546876 -7580.6879882812 2 3 4 6 7 8 9 11 12 13 14 18 19 21 23 24 26 27 36 40 41 43 44 46 50 51 26_774.cif 
1.8979492188 -7580.6835937500 2 5 6 7 9 10 14 16 17 18 21 22 23 24 26 27 28 30 33 34 39 43 44 45 48 57 26_775.cif 
1.9091796876 -7580.6723632812 1 3 7 8 9 10 13 14 16 17 18 20 22 23 24 28 30 31 34 36 40 43 47 48 52 57 26_776.cif 
1.9165039063 -7580.6650390625 1 2 3 4 8 9 11 12 15 16 17 18 19 22 23 24 27 28 30 37 38 45 46 47 53 60 26_777.cif 
1.9223632813 -7580.6591796875 1 2 3 5 6 10 12 13 14 16 17 18 20 23 25 27 28 30 35 37 38 40 41 45 48 55 26_778.cif 
1.9262695313 -7580.6552734375 1 2 4 5 6 7 8 11 12 15 17 20 24 26 28 33 34 35 37 40 42 43 45 47 48 50 26_779.cif 
1.9287109376 -7580.6528320312 2 3 4 7 8 9 10 13 14 16 17 18 19 20 22 24 25 29 30 31 33 34 47 49 54 56 26_780.cif 
1.9306640626 -7580.6508789062 1 2 4 6 7 8 9 10 12 14 15 16 17 18 19 20 25 28 33 34 35 42 45 50 56 58 26_781.cif 
1.9389648438 -7580.6425781250 2 6 7 8 9 10 11 13 14 15 18 19 20 21 22 24 25 26 29 36 44 45 46 47 50 59 26_782.cif 
1.9399414063 -7580.6416015625 1 2 4 7 9 10 11 12 13 14 15 18 20 24 25 28 32 33 34 35 37 41 42 46 55 57 26_783.cif 
1.9428710938 -7580.6386718750 1 2 4 5 6 7 11 12 13 14 15 18 21 22 24 26 28 30 31 32 38 40 42 44 45 48 26_784.cif 
1.9458007813 -7580.6357421875 1 4 6 7 8 11 12 14 15 16 19 20 21 22 23 30 32 34 35 36 38 41 45 47 57 60 26_785.cif 
1.9497070313 -7580.6318359375 1 2 3 4 5 6 9 11 12 13 14 16 18 19 21 24 28 31 33 34 36 37 45 46 54 57 26_786.cif 
1.9584960938 -7580.6230468750 1 3 4 5 7 12 14 16 17 19 21 22 24 25 27 29 31 32 34 35 40 41 43 44 48 49 26_787.cif 
1.9624023438 -7580.6191406250 1 2 4 6 7 10 11 14 15 16 17 20 21 22 24 25 27 28 29 30 41 42 47 48 50 58 26_788.cif 
1.9658203126 -7580.6157226562 2 3 4 5 7 8 9 10 11 13 17 19 20 21 23 26 31 33 37 38 41 42 43 44 45 52 26_789.cif 
1.9863281250 -7580.5952148438 2 3 6 7 8 9 10 11 12 13 15 16 20 26 28 29 31 33 34 35 36 37 39 40 48 58 26_790.cif 
1.9897460938 -7580.5917968750 1 4 6 10 13 14 15 17 19 20 21 22 24 25 28 30 31 32 33 34 35 37 40 42 52 60 26_791.cif 
1.9946289063 -7580.5869140625 2 3 6 7 8 11 13 14 15 16 19 20 21 24 25 27 30 32 35 39 41 45 46 47 56 60 26_792.cif 
1.9965820313 -7580.5849609375 1 2 4 5 6 8 10 11 12 13 15 16 18 19 20 24 25 29 31 36 38 43 46 48 52 53 26_793.cif 
2.0068359376 -7580.5747070312 1 2 3 4 5 7 9 11 12 15 16 21 22 23 24 25 28 32 36 37 38 43 44 47 49 55 26_794.cif 
2.0102539063 -7580.5712890625 2 4 5 6 7 9 11 13 14 15 16 17 18 22 23 24 32 33 38 41 42 44 47 48 49 55 26_795.cif 
2.0151367188 -7580.5664062500 4 5 6 7 8 9 10 11 12 14 16 17 18 19 21 23 28 30 33 44 45 46 47 49 56 60 26_796.cif 
2.0224609376 -7580.5590820312 1 3 4 5 6 7 8 11 12 16 18 19 21 22 26 27 32 33 35 37 40 41 43 46 49 53 26_797.cif 
2.0258789063 -7580.5556640625 2 3 4 5 6 7 9 11 13 18 19 20 21 23 24 28 29 32 39 40 42 43 45 47 49 59 26_798.cif 
2.0341796876 -7580.5473632812 1 4 5 6 10 11 14 15 16 17 18 19 21 22 25 26 27 29 32 33 38 39 42 44 52 54 26_799.cif 
2.0346679688 -7580.5468750000 1 2 4 6 9 10 12 13 14 15 17 18 20 24 25 27 28 31 37 38 41 43 46 48 51 60 26_800.cif 
2.0356445313 -7580.5458984375 2 3 4 5 6 8 9 12 14 15 19 20 22 23 24 27 28 30 32 33 39 40 42 46 55 60 26_801.cif 
2.0361328126 -7580.5454101562 1 2 3 4 5 7 8 9 10 11 12 16 19 21 22 27 37 38 39 40 41 46 47 48 55 58 26_802.cif 
2.0390625000 -7580.5424804688 1 4 5 7 9 10 13 15 18 19 21 22 24 25 26 27 30 31 34 35 36 40 41 42 44 54 26_803.cif 
2.0429687500 -7580.5385742188 3 4 8 9 10 11 12 13 15 16 17 18 19 21 22 23 27 28 33 34 38 42 43 48 55 57 26_804.cif 
2.0468750000 -7580.5346679688 1 2 6 7 8 9 12 15 16 18 21 22 23 24 26 29 30 31 33 35 37 39 43 46 51 59 26_805.cif 
2.0473632813 -7580.5341796875 1 2 3 4 6 11 12 14 15 16 18 20 22 23 24 26 29 33 37 41 43 44 47 48 50 52 26_806.cif 
2.0546875000 -7580.5268554688 1 2 3 4 5 7 8 10 11 12 13 16 18 19 21 23 27 28 30 35 36 45 48 51 55 59 26_807.cif 
2.0605468750 -7580.5209960938 1 2 3 5 7 9 11 13 14 15 16 18 20 21 23 26 28 30 36 37 38 44 46 47 53 59 26_808.cif 
2.0629882813 -7580.5185546875 1 3 4 8 9 11 12 14 15 16 17 19 20 21 25 26 30 31 34 39 40 41 45 48 49 55 26_809.cif 
2.0854492188 -7580.4960937500 1 3 5 6 8 9 11 15 16 17 18 19 23 24 29 30 33 34 36 37 40 42 43 47 49 59 26_810.cif 
2.0922851563 -7580.4892578125 1 2 3 5 6 7 8 9 12 14 15 16 18 20 25 28 29 31 33 37 38 40 41 44 58 59 26_811.cif 
2.0937500000 -7580.4877929688 1 2 3 4 5 6 7 8 10 12 14 19 22 23 28 30 33 37 38 39 40 41 45 47 51 59 26_812.cif 
2.0947265626 -7580.4868164062 1 3 7 8 9 12 13 14 15 17 21 22 23 25 26 27 29 30 34 37 40 41 43 44 46 57 26_813.cif 
2.1010742188 -7580.4804687500 1 2 3 5 7 10 14 16 17 18 19 21 22 24 26 27 29 30 35 37 42 43 47 48 49 51 26_814.cif 
2.1035156250 -7580.4780273438 1 3 4 5 6 9 12 13 15 17 18 21 22 28 29 30 31 32 36 37 39 40 46 47 48 58 26_815.cif 
2.1098632813 -7580.4716796875 1 2 4 6 7 9 10 14 15 16 19 20 21 23 29 31 32 33 34 36 39 41 42 43 47 50 26_816.cif 
2.1108398438 -7580.4707031250 1 2 4 8 9 10 11 12 13 15 17 18 19 20 21 25 30 33 35 36 37 38 45 47 52 57 26_817.cif 
2.1157226563 -7580.4658203125 1 6 7 8 10 12 13 14 15 16 20 21 24 25 27 28 29 32 33 35 36 37 39 41 48 50 26_818.cif 
2.1303710938 -7580.4511718750 2 3 7 8 10 11 12 13 14 16 19 21 22 24 25 26 27 30 33 35 44 46 47 48 55 60 26_819.cif 
2.1328125000 -7580.4487304688 5 7 8 9 10 11 13 14 15 16 17 19 20 22 23 24 28 30 34 36 38 39 40 46 49 53 26_820.cif 
2.1406250000 -7580.4409179688 1 2 6 7 10 11 12 15 20 21 22 23 24 25 26 27 28 31 32 34 35 45 46 48 52 60 26_821.cif 
2.1474609376 -7580.4340820312 2 5 6 7 9 10 11 12 15 17 18 19 21 24 25 29 30 32 37 43 44 45 47 48 51 52 26_822.cif 
2.1508789063 -7580.4306640625 1 2 3 6 8 9 10 12 14 19 20 22 23 27 30 31 32 35 36 40 41 42 45 47 48 54 26_823.cif 
2.1533203126 -7580.4282226562 1 2 3 5 6 8 9 10 11 12 15 18 20 22 24 25 32 33 34 35 37 39 42 48 50 53 26_824.cif 
2.1567382813 -7580.4248046875 2 4 5 7 8 9 11 12 14 15 16 18 22 24 29 32 36 37 40 41 42 45 46 48 52 55 26_825.cif 
2.1723632813 -7580.4091796875 1 2 3 4 5 8 9 11 12 15 18 19 20 23 24 26 28 32 37 39 42 44 45 46 55 60 26_826.cif 
2.1743164063 -7580.4072265625 2 3 4 6 8 10 11 12 13 15 17 19 22 24 27 28 31 32 35 36 37 44 45 47 51 58 26_827.cif 
2.1948242188 -7580.3867187500 1 2 3 4 5 7 9 13 14 16 17 18 19 21 22 24 27 30 37 38 43 47 48 49 52 55 26_828.cif 
2.1967773438 -7580.3847656250 2 3 5 6 9 10 11 12 15 18 19 20 23 24 31 35 36 37 40 42 44 45 46 48 58 60 26_829.cif 
2.2104492188 -7580.3710937500 1 2 4 8 9 10 11 14 15 17 19 20 21 24 25 26 27 31 33 37 38 41 42 44 52 53 26_830.cif 
2.2109375000 -7580.3706054688 7 8 10 11 12 13 14 15 16 18 19 22 24 25 26 27 28 29 30 31 33 34 36 42 57 60 26_831.cif 
2.2128906250 -7580.3686523438 2 3 4 5 6 12 13 14 15 16 17 20 21 23 25 27 29 32 34 36 39 40 41 45 51 52 26_832.cif 
2.2138671876 -7580.3676757812 1 2 3 4 5 6 8 9 10 12 16 17 19 20 26 27 28 31 38 39 40 44 47 48 50 55 26_833.cif 
2.2202148438 -7580.3613281250 1 6 7 8 10 12 14 16 17 18 19 21 23 24 25 27 30 36 40 41 43 44 45 46 50 58 26_834.cif 
2.2260742188 -7580.3554687500 1 3 5 6 9 10 12 14 15 17 21 22 23 25 27 28 30 31 33 34 38 40 44 46 53 59 26_835.cif 
2.2324218750 -7580.3491210938 1 2 4 6 7 11 15 17 18 19 20 21 22 23 26 29 31 35 36 37 39 40 41 48 51 52 26_836.cif 
2.2446289063 -7580.3369140625 3 7 10 12 13 14 15 16 17 22 23 24 25 27 28 29 31 33 34 36 37 40 42 46 48 49 26_837.cif 
2.2578125000 -7580.3237304688 3 4 5 6 9 11 12 14 15 17 19 20 21 23 25 28 31 32 34 36 38 41 46 49 51 56 26_838.cif 
2.2631835938 -7580.3183593750 1 2 3 4 5 8 10 11 12 15 19 20 22 23 24 26 32 34 37 38 39 42 45 53 54 57 26_839.cif 
2.2939453126 -7580.2875976562 2 3 5 6 7 9 13 15 16 18 19 20 21 23 24 28 29 31 32 36 39 41 42 53 56 57 26_840.cif 
2.3349609376 -7580.2465820312 2 3 5 7 9 13 16 17 18 19 20 25 26 27 29 30 37 39 41 42 43 45 46 47 48 50 26_841.cif 
2.3471679688 -7580.2343750000 2 3 4 5 6 7 9 11 14 15 17 18 19 23 26 28 32 33 34 37 39 43 45 46 58 59 26_842.cif 
2.3603515626 -7580.2211914062 2 4 7 8 9 11 12 13 16 17 21 24 25 26 27 28 31 32 33 34 38 40 41 43 45 49 26_843.cif 
2.3632812500 -7580.2182617188 2 3 4 5 8 9 15 16 17 18 20 21 23 24 27 30 31 36 38 41 45 46 47 48 53 54 26_844.cif 
2.3862304688 -7580.1953125000 1 2 5 6 8 10 12 13 15 18 19 20 22 23 26 27 28 33 34 35 37 40 43 44 59 60 26_845.cif 
2.4062500000 -7580.1752929688 2 3 4 5 8 9 10 13 14 15 18 20 22 23 28 29 31 33 36 37 39 42 45 47 58 60 26_846.cif 
2.4208984376 -7580.1606445312 1 2 10 11 12 14 15 16 17 20 22 23 26 27 29 31 36 38 39 40 42 43 44 45 46 52 26_847.cif 
2.4223632813 -7580.1591796875 6 7 8 10 12 13 14 16 17 18 19 20 21 22 25 26 27 29 30 33 35 37 38 44 51 56 26_848.cif 
2.4287109376 -7580.1528320312 1 2 5 6 7 9 11 12 13 15 16 18 19 20 23 25 27 34 35 40 41 43 46 47 49 55 26_849.cif 
2.4418945313 -7580.1396484375 1 3 5 6 7 9 11 16 19 20 22 23 25 28 29 30 32 34 35 36 37 40 42 45 51 54 26_850.cif 
2.4667968750 -7580.1147460938 1 2 3 6 7 8 10 11 13 14 16 19 20 23 26 29 34 36 38 39 42 46 47 48 50 54 26_851.cif 
2.4672851563 -7580.1142578125 2 3 4 5 11 12 14 17 19 21 22 24 26 27 28 29 30 31 33 35 42 44 47 48 57 59 26_852.cif 
2.4746093750 -7580.1069335938 4 7 10 11 12 14 15 17 18 19 21 22 23 24 25 26 32 33 35 40 43 46 47 57 58 60 26_853.cif 
2.4843750000 -7580.0971679688 4 5 6 7 8 10 11 15 17 21 22 23 24 25 26 29 30 31 33 37 39 42 43 47 58 60 26_854.cif 
2.4946289063 -7580.0869140625 2 3 5 8 9 11 12 13 17 18 20 21 24 25 27 31 32 33 34 35 38 42 44 47 51 57 26_855.cif 
2.6298828126 -7579.9516601562 1 2 3 4 5 7 8 13 15 17 18 19 21 22 25 28 30 36 38 40 42 44 47 51 52 56 26_856.cif 
2.6440429688 -7579.9375000000 1 2 4 5 7 8 10 13 15 17 20 21 22 24 25 28 29 34 35 37 39 41 44 46 51 59 26_857.cif 
2.6455078126 -7579.9360351562 4 5 7 10 11 13 17 19 21 22 23 26 28 30 32 33 34 35 37 38 40 44 45 47 48 56 26_858.cif 
2.6621093750 -7579.9194335938 1 2 4 11 12 14 16 17 20 21 22 24 26 27 28 29 31 33 37 38 39 41 44 47 54 56 26_859.cif 
2.7036132813 -7579.8779296875 1 5 7 8 10 13 16 17 18 19 20 22 23 26 27 28 30 32 33 35 36 41 47 53 57 59 26_860.cif 
2.7060546876 -7579.8754882812 1 2 3 4 7 8 9 14 16 17 19 21 22 23 24 29 32 34 39 41 43 44 50 53 56 57 26_861.cif 
2.7485351563 -7579.8330078125 3 4 6 7 9 10 12 14 16 17 21 22 23 26 27 29 30 32 33 40 42 45 46 47 50 56 26_862.cif 
2.7836914063 -7579.7978515625 2 4 5 6 10 13 14 16 17 19 21 24 26 27 28 31 32 35 36 39 43 44 45 46 53 59 26_863.cif 
2.7983398438 -7579.7832031250 1 2 5 6 9 11 13 15 16 17 20 21 25 27 29 30 34 36 41 42 43 44 45 50 57 60 26_864.cif 
2.8359375000 -7579.7456054688 1 6 7 8 12 14 15 16 17 18 20 21 22 23 25 27 28 36 42 43 45 47 49 51 54 57 26_865.cif 
2.8461914063 -7579.7353515625 1 3 5 6 8 12 13 17 19 21 23 24 25 28 29 31 35 41 42 43 44 45 46 47 52 58 26_866.cif 
2.9023437500 -7579.6791992188 1 7 8 10 11 17 18 19 20 22 23 26 29 30 31 32 33 35 36 37 41 43 46 48 54 60 26_867.cif 
2.9355468750 -7579.6459960938 3 9 10 11 13 14 15 16 17 18 19 22 23 26 27 28 34 35 38 39 40 46 48 49 54 55 26_868.cif 
3.4746093750 -7579.1069335938 2 3 4 9 10 12 13 15 16 19 21 23 26 31 32 33 36 39 43 44 45 46 47 56 58 60 26_869.cif 
