    -7690.8002929688  2  7 13 15 17 18 20 21 22
    -7690.7846679688  1  2  3  4  5  6 20 22 23
    -7690.7685546875  1  2  3  4  5  6 20 22 24
    -7690.7680664062  7 13 15 16 17 18 20 21 22
    -7690.7260742188  1  2  3  4  5  6 11 20 22
    -7690.7001953125  2  4 13 17 18 20 21 22 24
    -7690.6938476562  1  7  8  9 10 11 12 15 16
    -7690.6845703125  1  2  3  4  5  6 20 21 22
    -7690.6826171875  2  4  6 13 15 17 20 21 22
    -7690.6718750000  2  4  7 13 15 17 20 21 22
    -7690.6650390625  7  8  9 10 11 12 13 16 17
    -7690.6645507812  1  2  3  4  5  6  9 20 22
    -7690.6645507812  7  8  9 10 11 12 14 16 17
    -7690.6640625000  7  8  9 10 11 12 14 15 18
    -7690.6601562500  1  2  3  4  5  6 22 23 24
    -7690.6567382812  7  8  9 10 11 12 15 16 17
    -7690.6542968750  1  3  4  5  6 19 20 22 24
    -7690.6542968750  2  6  7 13 15 17 20 21 22
    -7690.6538085938  2  7 12 13 15 16 17 21 22
    -7690.6528320312  2  4  6 13 17 18 20 21 22
    -7690.6523437500 13 15 17 18 19 20 21 22 24
    -7690.6455078125  2  3  4  5  6 19 20 22 24
    -7690.6450195312  1  7  8  9 10 11 12 14 15
    -7690.6445312500  2  7 11 13 15 17 20 21 22
    -7690.6430664062  7  8 10 11 12 13 15 16 17
    -7690.6430664062  7  8  9 10 11 12 16 17 18
    -7690.6386718750  2  7 11 12 13 15 17 21 22
    -7690.6372070312  2  6 13 15 17 18 20 21 22
    -7690.6357421875  8  9 10 11 12 14 16 17 18
    -7690.6318359375  1  2  3  4  6 19 20 22 24
    -7690.6318359375  1  7  8  9 10 11 15 16 18
    -7690.6284179688  7  8  9 11 12 14 15 17 18
    -7690.6264648438  1  2  3  4  5  6  7 20 22
    -7690.6245117188  7  8  9 10 12 13 15 16 17
    -7690.6230468750  2  3  4 13 18 20 21 22 24
    -7690.6191406250  2  3  4 13 19 20 21 22 24
    -7690.6181640625  2  3  4  5  6 19 20 21 24
    -7690.6181640625  3  4  7  9 11 13 18 20 22
    -7690.6166992188  2  3  4  6 11 13 20 21 22
    -7690.6162109375  2  4  5  6 20 21 22 23 24
    -7690.6152343750  7  8  9 10 11 13 15 16 18
    -7690.6142578125  1  7  8  9 10 11 14 15 18
    -7690.6137695312  1  5  7  8  9 10 11 12 15
    -7690.6103515625  2  4  6 12 13 15 17 21 22
    -7690.6083984375  2  3  4 18 19 20 21 22 24
    -7690.6083984375  2  4 13 18 19 20 21 22 24
    -7690.6059570312  2  6 13 15 17 20 21 22 23
    -7690.6054687500  2  3  4  5  6 19 20 21 22
    -7690.6054687500  7  8  9 10 12 13 15 16 18
    -7690.6049804688  2  3  4  6 13 18 20 21 22
    -7690.6010742188  2  3  4  5 20 21 22 23 24
    -7690.5981445312  2  7 13 15 17 20 21 22 23
    -7690.5957031250  2  4  6 13 15 20 21 22 24
    -7690.5952148438  4  7  9 11 12 13 17 18 22
    -7690.5913085938  2  4  6  7 13 15 20 21 22
    -7690.5913085938  2  7  9 11 12 13 17 18 22
    -7690.5888671875  7  8  9 10 12 15 16 17 18
    -7690.5878906250  7  8  9 11 12 13 16 17 18
    -7690.5869140625  2  5  6 15 20 21 22 23 24
    -7690.5854492188  2  6  7 13 15 20 21 22 23
    -7690.5849609375  1  2  5  7  8  9 10 11 12
    -7690.5839843750  7  8  9 11 12 15 16 17 18
    -7690.5830078125  2  6 11 13 15 17 20 21 22
    -7690.5830078125  7  8  9 10 12 14 16 17 18
    -7690.5800781250  2  4  7 13 15 20 21 22 24
    -7690.5791015625  1  2  3  4  7  9 11 20 22
    -7690.5786132812  1  2  3  4  5  6  9 11 12
    -7690.5761718750  1  2  3  4  5  6 20 22 47
    -7690.5751953125  7  8  9 10 11 12 13 14 17
    -7690.5742187500  1  2  5  6 15 20 21 23 24
    -7690.5722656250  1  2  3  4  5  6 16 20 22
    -7690.5698242188  3  4  5  6 19 20 21 23 24
    -7690.5693359375  1  2  3  4  6 16 20 22 23
    -7690.5693359375  2  3  4  7  9 11 13 18 20
    -7690.5683593750 13 15 16 17 18 19 20 21 24
    -7690.5644531250  1  2  3  7  8  9 10 11 18
    -7690.5634765625  3  4  7  9 10 11 13 18 20
    -7690.5625000000  1  2  3  4  5  7  9 20 22
    -7690.5620117188  1  2  3  4  6  9 20 22 24
    -7690.5620117188  1  2  3  4  7  9 20 22 24
    -7690.5605468750  1  2  3  4  5  6 15 20 22
    -7690.5585937500  2  3  4  5  6 11 20 22 24
    -7690.5581054688  1  2  3  4  6  7 20 22 34
    -7690.5571289062  1  2  3  7  8  9 10 11 12
    -7690.5556640625  7  8  9 12 13 15 16 17 18
    -7690.5541992188  2  6 12 15 16 17 21 22 23
    -7690.5532226562  1  2  3  4  5  6 20 22 29
    -7690.5512695312  4 13 15 18 19 20 21 22 24
    -7690.5512695312  7  9 11 12 13 14 17 18 22
    -7690.5463867188  2  4  7 11 12 13 17 18 22
    -7690.5454101562  3  5  9 10 14 16 18 19 20
    -7690.5439453125  5 10 14 16 18 19 20 23 24
    -7690.5424804688  1  2  3  4 20 21 22 23 24
    -7690.5415039062  2  6 12 15 17 20 21 22 23
    -7690.5356445312  6  7 12 15 16 17 21 22 23
    -7690.5336914062  1  2  3  4  5  6 11 13 20
    -7690.5336914062  2  6  7 15 17 20 21 22 23
    -7690.5327148438  1  2  3  4  5  7  9 11 12
    -7690.5327148438  2  4  7 13 17 18 20 22 24
    -7690.5297851562  3  4  5  6 19 20 21 22 23
    -7690.5268554688  2  3  4  5  6 20 22 24 32
    -7690.5263671875  2  4  6 13 18 19 20 21 22
    -7690.5249023438  8 10 11 12 14 15 16 18 21
    -7690.5209960938  7  8 10 11 12 14 15 18 21
    -7690.5200195312  2  4  7 13 17 18 21 22 24
    -7690.5190429688  2  4  6 13 15 19 20 21 22
    -7690.5180664062  1  2  3  4  5  6  7 12 23
    -7690.5180664062  7  8 10 12 14 15 16 18 21
    -7690.5170898438  2  3  4  7  9 11 13 18 22
    -7690.5166015625  2  4 13 15 19 20 21 22 24
    -7690.5156250000  2  3  7  9 11 13 17 20 22
    -7690.5151367188  3  5 10 14 16 18 19 20 23
    -7690.5112304688  1  2  3  4  5  6  7 12 22
    -7690.5112304688  2  3  4  5  6 20 21 24 32
    -7690.5112304688  2  6 13 15 19 20 21 22 23
    -7690.5073242188  7  8 10 14 15 16 18 21 23
    -7690.5068359375 13 15 16 17 18 19 20 21 22
    -7690.5034179688  1  2  3  4  5  6  7  9 12
    -7690.5029296875  2  4  7 11 13 15 17 20 22
    -7690.5019531250  2  7  9 12 13 15 17 18 22
    -7690.4990234375  2  4  7  9 11 13 17 20 22
    -7690.4965820312  1  2  5  7  8  9 10 12 16
    -7690.4951171875  1  2  4  5  7  8 10 11 12
    -7690.4892578125  1  2  3  4  5  6 11 20 39
    -7690.4887695312  1  2  5  7  8  9 10 12 15
    -7690.4873046875  5  9 10 14 16 18 19 20 24
    -7690.4838867188  2  3  4  5 20 21 22 24 32
    -7690.4833984375  1  2  3  4  6 20 22 23 28
    -7690.4814453125  3  5  9 10 14 16 18 19 24
    -7690.4770507812  3  5  9 10 16 18 19 20 24
    -7690.4760742188  1  2  3  7  8  9 10 16 18
    -7690.4755859375  2  3  4  6 17 20 22 23 24
    -7690.4707031250  2  4  7 11 13 17 20 22 24
    -7690.4692382812  7  8 15 16 17 18 21 22 23
    -7690.4633789062  1  2  3  4  6  7 15 20 22
    -7690.4624023438  1  7  8 10 15 16 18 21 23
    -7690.4624023438  2  3  4  5  6 11 18 20 22
    -7690.4619140625  2  7  9 11 13 15 17 20 22
    -7690.4609375000  1  2  3  4  5  7  8  9 12
    -7690.4609375000  1  2  3  4  6 20 22 24 41
    -7690.4604492188  1  2  3  4  7  8  9 10 12
    -7690.4599609375  2  3  4  6 11 17 20 22 24
    -7690.4594726562  2  6  7 12 16 17 21 22 23
    -7690.4506835938  8  9 10 12 14 15 16 18 21
    -7690.4462890625  1  2  3  4  6  7 20 22 47
    -7690.4448242188  2  7 13 15 16 17 20 22 23
    -7690.4418945312  2  3  4  5  6 11 12 20 22
    -7690.4418945312  2  7  9 13 15 16 17 20 22
    -7690.4414062500  2  4  6 11 13 17 20 22 24
    -7690.4375000000  1  2  3  4  6  7 16 20 22
    -7690.4355468750  2  3  6 16 20 21 22 23 24
    -7690.4335937500  4  6  7 11 13 15 17 20 22
    -7690.4291992188  2  4 13 19 20 21 22 24 36
    -7690.4287109375  2  3  4  5  6 11 12 13 20
    -7690.4277343750  1  5  8 10 14 16 18 19 23
    -7690.4277343750  2  7  9 11 13 17 18 22 30
    -7690.4262695312  4  7  9 11 12 13 14 17 18
    -7690.4184570312  2  3  6  7 16 20 21 22 23
    -7690.4155273438  1  2 15 16 20 21 22 23 24
    -7690.4140625000  8 10 14 15 16 18 21 22 23
    -7690.4106445312  2  7  9 11 13 17 18 22 32
    -7690.4067382812  5  8 10 12 14 15 16 18 21
    -7690.3969726562  3  4  7  9 11 13 14 18 22
    -7690.3955078125  1  7  8 14 15 16 17 18 22
    -7690.3955078125  2  4 13 19 20 21 22 24 42
    -7690.3862304688  2  7  8 15 16 17 18 22 23
    -7690.3803710938  2  4  7 11 13 17 20 22 29
    -7690.3745117188  1  2  3  4  5  6 11 21 35
    -7690.3740234375  2  6  7  9 11 13 17 20 22
    -7690.3735351562  1  2  3  4  5  6 11 21 30
    -7690.3725585938  1  2  3 16 20 21 22 23 24
    -7690.3725585938  4  7  8 10 11 14 15 17 18
    -7690.3715820312  1  2  3  4  5  6 11 20 42
    -7690.3701171875  1  2  3  4  5  6  9 11 38
    -7690.3598632812  2  4  5  7 18 20 21 22 24
    -7690.3530273438  5  8  9 10 12 14 15 16 21
    -7690.3525390625  2  4  7 13 20 21 22 24 29
    -7690.3491210938  2  3  4  6 12 17 20 22 23
    -7690.3466796875  2  4  6 17 19 20 21 22 39
    -7690.3457031250  2  4  6 13 18 20 21 22 27
    -7690.3359375000  1  4  8 11 14 15 17 18 22
    -7690.3320312500  2  4  6 13 19 20 21 22 48
    -7690.3315429688  1  2  3  7  8  9 10 11 44
    -7690.3286132812  2  4  6 13 14 19 20 21 22
    -7690.3281250000  3  4  7  9 11 12 13 20 34
    -7690.3251953125  2  4  5  6 13 19 20 21 22
    -7690.3198242188  2  3  4  5 14 19 20 21 22
    -7690.3076171875  2  4  5  6 19 20 21 22 39
    -7690.3076171875  3  4  7  9 11 13 18 22 33
    -7690.3051757812  2  4  6 10 13 18 20 21 22
    -7690.2958984375  1  4  8 11 14 15 17 18 21
    -7690.2958984375  4  6  7 13 17 20 21 22 31
    -7690.2944335938  1  8 11 14 15 17 18 22 29
    -7690.2939453125  7  8 10 11 15 18 20 21 27
    -7690.2812500000  1  2  3  5  7  8  9 23 44
    -7690.2773437500  1  2  4  7 17 20 22 24 29
    -7690.2768554688  3  5 10 14 16 18 19 23 39
    -7690.2719726562  2  6 12 17 20 21 22 23 40
    -7690.2714843750  3  4  6  7 11 12 13 20 34
    -7690.2680664062  1  5 10 14 16 18 19 23 39
    -7690.2622070312  1  2  3  4  5  7  8 21 24
    -7690.2558593750  2  4  7 17 18 20 22 24 29
    -7690.2543945312  2  6  7 17 20 21 22 23 40
    -7690.2275390625  1  2  3  4  6  7 16 22 32
    -7690.2221679688  6 13 14 17 18 19 21 22 23
    -7690.2158203125  1  2  4  7 17 18 22 24 29
    -7690.2114257812  1  2  3  4  5  6 12 31 35
    -7690.2104492188  3  7  9 11 13 14 18 22 33
    -7690.1811523438  3  4  9 11 12 13 20 22 36
    -7690.1787109375  6  7 11 13 17 18 21 22 23
    -7690.1762695312  1  4  5  6  7 11 12 17 34
    -7690.1660156250  3  4  7  9 11 12 13 18 36
    -7690.1601562500  7 11 13 18 20 21 22 27 41
    -7690.1596679688  2  3  4  6  7  9 16 20 22
    -7690.1503906250  1  2  3  4  5  7  8 12 38
    -7690.1499023438  3  4  9 11 12 13 18 22 36
    -7690.1083984375  1  3  4  6  7 11 12 15 34
    -7690.1025390625  1  2  4 14 17 18 22 24 29
    -7690.0844726562  2  6 17 20 21 22 23 40 42
    -7690.0781250000  1  2  3  5  7 15 16 20 47
    -7690.0761718750  7  9 10 16 18 20 23 34 37
    -7690.0742187500  2  3  4  6  7 10 16 20 22
    -7690.0581054688  5  8 10 14 16 17 18 19 39
    -7690.0502929688  3  8  9 14 15 16 17 22 30
    -7690.0419921875  4  7 10 16 18 20 21 23 25
    -7690.0380859375  3 14 15 16 17 19 22 23 30
    -7690.0219726562  1  5  6 11 12 14 15 17 34
    -7690.0180664062  2  6 17 18 20 21 22 26 47
    -7690.0175781250  3  7 10 16 18 20 23 25 37
    -7690.0166015625  1  6 11 12 14 15 17 25 34
    -7690.0107421875  8 10 14 18 19 20 21 24 47
    -7690.0019531250  1  6 16 20 21 22 23 37 39
    -7689.9829101562  2  4  7 16 18 20 21 24 34
    -7689.9721679688  4  8 10 14 16 18 19 22 39
    -7689.9707031250  3  6 14 17 18 19 22 23 46
    -7689.9687500000  1  6 11 12 15 17 25 27 34
    -7689.9658203125  2  6  9 17 18 20 21 22 26
    -7689.9638671875  1 14 16 17 20 21 22 24 39
    -7689.9584960938  1  3  5  6  9 13 16 17 19
    -7689.9536132812 10 14 18 19 21 22 24 39 47
    -7689.9487304688  5  6 10 14 16 17 18 19 39
    -7689.9467773438 14 16 17 20 21 22 24 37 39
    -7689.9443359375  2  6 17 18 20 21 22 23 42
    -7689.9228515625  2  6 17 20 21 22 26 39 47
    -7689.9204101562  1 14 15 16 17 20 22 24 39
    -7689.9018554688  7 10 12 13 16 18 23 37 40
    -7689.8808593750  7 10 12 16 18 20 23 25 37
    -7689.8398437500  4  7 16 18 20 21 23 34 41
    -7689.8164062500  3  9 11 13 14 15 18 24 45
    -7689.6909179688  8 15 17 19 24 29 31 42 44
    -7689.6762695312  7 10 12 16 18 23 37 40 46
    -7689.6728515625  8  9 12 15 16 17 22 30 31
    -7689.6674804688  4  6 17 18 19 22 23 28 46
    -7689.6528320312  8 15 16 17 24 29 31 42 44
    -7689.6372070312  2  8 15 17 24 29 31 42 44
    -7689.5102539062  5  8 15 16 19 21 23 24 49
    -7689.3984375000  2 17 20 21 22 26 27 47 60
    -7689.3242187500  4 10 11 15 18 20 21 40 43
    -7689.2851562500  4  6 12 16 17 25 26 29 47
