0 -7728.5063476562 3 19 20 3_1.cif .96184993969937360550
.1630859374 -7728.3432617188 14 22 23 3_2.cif .01407578771202347060
.1850585937 -7728.3212890625 16 18 21 3_3.cif .00796693726419073627
.2207031250 -7728.2856445312 3 19 24 3_4.cif .00316452391522607050
.2441406250 -7728.2622070312 7 13 20 3_5.cif .00172444091136307568
.2519531250 -7728.2543945312 6 17 22 3_6.cif .00140851549678732217
.2524414062 -7728.2539062500 2 13 20 3_7.cif .00139081290616529002
.2675781250 -7728.2387695312 2 4 22 3_8.cif .00093969789340975073
.2705078124 -7728.2358398438 7 13 17 3_9.cif .00087102525292989494
.2763671874 -7728.2299804688 10 16 30 3_10.cif .00074836889831993376
.2802734374 -7728.2260742188 14 18 22 3_11.cif .00067635138884911824
.2915039062 -7728.2148437500 10 14 16 3_12.cif .00050563283826835701
.2958984374 -7728.2104492188 19 21 24 3_13.cif .00045123108461066682
.2973632812 -7728.2089843750 3 19 32 3_14.cif .00043443044717295625
.2978515624 -7728.2084960938 18 21 22 3_15.cif .00042897041185379182
.3007812500 -7728.2055664062 10 11 18 3_16.cif .00039762147193169236
.3017578124 -7728.2045898438 8 10 16 3_17.cif .00038768945968202890
.3066406250 -7728.1997070312 16 17 22 3_18.cif .00034162906516996356
.3071289062 -7728.1992187500 13 15 20 3_19.cif .00033733538185651359
.3095703124 -7728.1967773438 2 21 22 3_20.cif .00031666298816328003
.3330078124 -7728.1733398438 7 10 15 3_21.cif .00017255885135702347
.3369140624 -7728.1694335938 19 22 24 3_22.cif .00015595305875958079
.3378906250 -7728.1684570312 2 6 20 3_23.cif .00015205757495768014
.3398437500 -7728.1665039062 5 20 23 3_24.cif .00014455608839839869
.3437500000 -7728.1625976562 14 19 20 3_25.cif .00013064507540912676
.3525390624 -7728.1538085938 7 10 13 3_26.cif .00010404483381364825
.3623046874 -7728.1440429688 9 13 16 3_27.cif .00008079084689649123
.3652343750 -7728.1411132812 14 15 19 3_28.cif .00007488669282052928
.3666992187 -7728.1396484375 19 20 29 3_29.cif .00007209844499446841
.3710937500 -7728.1352539062 11 17 24 3_30.cif .00006434127095214476
.3720703124 -7728.1342773438 7 11 15 3_31.cif .00006273411858144634
.3750000000 -7728.1313476562 19 20 21 3_32.cif .00005814954104385634
.3769531250 -7728.1293945312 19 23 24 3_33.cif .00005528083818120529
.3945312500 -7728.1118164062 8 15 38 3_34.cif .00003506142563345069
.4008789062 -7728.1054687500 9 13 14 3_35.cif .00002974552492609274
.4028320312 -7728.1035156250 10 16 39 3_36.cif .00002827808303446744
.4082031250 -7728.0981445312 20 22 23 3_37.cif .00002460525479961727
.4121093750 -7728.0942382812 10 16 24 3_38.cif .00002223742634690982
.4169921874 -7728.0893554688 9 13 17 3_39.cif .00001959545462047938
.4296875000 -7728.0766601562 12 13 17 3_40.cif .00001410390825815291
.4370117187 -7728.0693359375 2 20 45 3_41.cif .00001166663752357497
.4506835937 -7728.0556640625 11 14 18 3_42.cif .00000818736214332554
.4516601562 -7728.0546875000 8 15 17 3_43.cif .00000798285359672498
.4560546874 -7728.0502929688 6 20 22 3_44.cif .00000712396706486577
.4609375000 -7728.0454101562 2 18 22 3_45.cif .00000627758673312344
.4614257812 -7728.0449218750 7 15 42 3_46.cif .00000619868838356020
.4643554687 -7728.0419921875 15 24 25 3_47.cif .00000574569139827185
.4687500000 -7728.0375976562 5 20 24 3_48.cif .00000512750430459324
.4697265624 -7728.0366210938 3 20 22 3_49.cif .00000499942662479387
.4887695312 -7728.0175781250 12 13 21 3_50.cif .00000305278624231018
.4902343750 -7728.0161132812 11 17 20 3_51.cif .00000293912218728140
.5078125000 -7727.9985351562 9 13 25 3_52.cif .00000186411453565888
.5161132812 -7727.9902343750 7 10 30 3_53.cif .00000150346384018189
.5166015624 -7727.9897460938 2 5 32 3_54.cif .00000148456791398266
.5224609374 -7727.9838867188 12 22 24 3_55.cif .00000127551348314094
.5341796874 -7727.9721679688 13 19 21 3_56.cif .00000094157522256250
.5581054687 -7727.9482421875 7 11 27 3_57.cif .00000050664299061764
.5600585937 -7727.9462890625 15 17 19 3_58.cif .00000048164867129136
.5693359374 -7727.9370117188 12 15 24 3_59.cif .00000037876071258498
.5751953124 -7727.9311523438 2 5 36 3_60.cif .00000032542424717382
.5781250000 -7727.9282226562 1 2 6 3_61.cif .00000030164240839906
.5883789062 -7727.9179687500 13 15 25 3_62.cif .00000023128162073080
.5908203124 -7727.9155273438 3 13 31 3_63.cif .00000021710835289437
.5927734374 -7727.9135742188 7 18 22 3_64.cif .00000020639770338152
.5971679687 -7727.9091796875 2 3 6 3_65.cif .00000018419108148851
.6015625000 -7727.9047851562 1 6 35 3_66.cif .00000016437370156776
.6103515624 -7727.8959960938 2 7 15 3_67.cif .00000013090607823827
.6152343750 -7727.8911132812 7 13 28 3_68.cif .00000011535346142834
.6157226562 -7727.8906250000 2 5 10 3_69.cif .00000011390366899854
.6162109374 -7727.8901367188 4 11 22 3_70.cif .00000011247209793863
.6215820312 -7727.8847656250 8 15 30 3_71.cif .00000009786394022022
.6235351562 -7727.8828125000 5 24 27 3_72.cif .00000009303599901174
.6464843750 -7727.8598632812 6 12 22 3_73.cif .00000005134331178479
.6479492187 -7727.8583984375 11 17 39 3_74.cif .00000004943165202155
.6489257812 -7727.8574218750 2 21 25 3_75.cif .00000004819692035413
.6518554687 -7727.8544921875 9 14 31 3_76.cif .00000004467471399859
.6596679687 -7727.8466796875 19 20 33 3_77.cif .00000003649010329487
.6640625000 -7727.8422851562 7 13 31 3_78.cif .00000003256408128285
.6728515624 -7727.8334960938 12 16 39 3_79.cif .00000002593380894579
.6777343750 -7727.8286132812 13 15 32 3_80.cif .00000002285267934215
.6791992187 -7727.8271484375 10 18 34 3_81.cif .00000002200180809794
.6816406250 -7727.8247070312 18 21 35 3_82.cif .00000002065350584009
.6821289062 -7727.8242187500 16 17 39 3_83.cif .00000002039392718466
.6845703124 -7727.8217773438 2 4 12 3_84.cif .00000001914415821767
.6870117187 -7727.8193359375 5 24 39 3_85.cif .00000001797097683027
.6879882812 -7727.8183593750 1 3 8 3_86.cif .00000001752208764128
.6972656250 -7727.8090820312 5 19 20 3_87.cif .00000001377908583450
.6987304687 -7727.8076171875 14 17 30 3_88.cif .00000001326605067864
.7016601562 -7727.8046875000 2 22 44 3_89.cif .00000001229657446169
.7031250000 -7727.8032226562 10 23 24 3_90.cif .00000001183873745466
.7080078124 -7727.7983398438 11 18 48 3_91.cif .00000001043220734889
.7084960937 -7727.7978515625 10 14 23 3_92.cif .00000001030109261569
.7089843750 -7727.7973632812 2 15 22 3_93.cif .00000001017162576704
.7104492187 -7727.7958984375 2 17 32 3_94.cif .00000000979290676685
.7128906250 -7727.7934570312 5 20 36 3_95.cif .00000000919278343853
.7192382812 -7727.7871093750 3 7 11 3_96.cif .00000000779900314864
.7202148437 -7727.7861328125 19 20 45 3_97.cif .00000000760419525191
.7241210937 -7727.7822265625 2 3 44 3_98.cif .00000000687242352169
.7246093750 -7727.7817382812 5 10 15 3_99.cif .00000000678604909043
.7294921874 -7727.7768554688 3 8 24 3_100.cif .00000000597981596113
.7329101562 -7727.7734375000 16 22 35 3_101.cif .00000000547315051194
.7363281250 -7727.7700195312 2 21 38 3_102.cif .00000000500941445707
.7382812500 -7727.7680664062 14 19 22 3_103.cif .00000000476228401829
.7397460937 -7727.7666015625 10 16 38 3_104.cif .00000000458497043211
.7416992187 -7727.7646484375 9 19 24 3_105.cif .00000000435877917475
.7421875000 -7727.7641601562 5 12 23 3_106.cif .00000000430399688856
.7456054687 -7727.7607421875 22 24 43 3_107.cif .00000000393932237851
.7480468750 -7727.7583007812 1 9 22 3_108.cif .00000000369791507081
.7485351562 -7727.7578125000 8 9 41 3_109.cif .00000000365143870842
.7573242187 -7727.7490234375 14 22 31 3_110.cif .00000000290798050691
.7607421874 -7727.7456054688 13 16 20 3_111.cif .00000000266158944436
.7612304687 -7727.7451171875 8 10 39 3_112.cif .00000000262813788629
.7656250000 -7727.7407226562 5 15 21 3_113.cif .00000000234537280041
.7666015624 -7727.7397460938 1 19 22 3_114.cif .00000000228678876250
.7685546874 -7727.7377929688 1 3 24 3_115.cif .00000000217397415809
.7695312500 -7727.7368164062 10 12 14 3_116.cif .00000000211967140067
.7729492187 -7727.7333984375 13 15 43 3_117.cif .00000000194007319242
.7758789062 -7727.7304687500 10 16 48 3_118.cif .00000000179829363309
.7773437500 -7727.7290039062 19 21 38 3_119.cif .00000000173133796366
.7827148437 -7727.7236328125 9 10 38 3_120.cif .00000000150646745746
.7895507812 -7727.7167968750 1 2 17 3_121.cif .00000000126199868509
.7973632812 -7727.7089843750 3 32 46 3_122.cif .00000000103079478870
.7978515624 -7727.7084960938 1 17 23 3_123.cif .00000000101783949059
.8007812500 -7727.7055664062 1 23 24 3_124.cif .00000000094345629734
.8178710937 -7727.6884765625 11 14 41 3_125.cif .00000000060599586097
.8237304687 -7727.6826171875 11 15 41 3_126.cif .00000000052066051281
.8271484374 -7727.6791992188 10 19 20 3_127.cif .00000000047654532817
.8330078124 -7727.6733398438 10 25 30 3_128.cif .00000000040943899277
.8339843750 -7727.6723632812 3 16 22 3_129.cif .00000000039921179379
.8374023437 -7727.6689453125 11 20 41 3_130.cif .00000000036538687034
.8427734374 -7727.6635742188 10 12 25 3_131.cif .00000000031792950948
.8510742187 -7727.6552734375 2 26 47 3_132.cif .00000000025641960880
.8549804687 -7727.6513671875 11 21 42 3_133.cif .00000000023174367472
.8569335937 -7727.6494140625 2 3 12 3_134.cif .00000000022031101796
.8579101562 -7727.6484375000 14 22 43 3_135.cif .00000000021480796517
.8613281250 -7727.6450195312 1 3 34 3_136.cif .00000000019660744280
.8642578124 -7727.6420898438 17 23 24 3_137.cif .00000000018223947163
.8681640624 -7727.6381835938 20 37 45 3_138.cif .00000000016470208746
.8706054687 -7727.6357421875 8 20 26 3_139.cif .00000000015460890806
.8779296874 -7727.6284179688 5 9 20 3_140.cif .00000000012789122384
.8784179687 -7727.6279296875 6 11 20 3_141.cif .00000000012628385322
.8901367187 -7727.6162109375 6 12 31 3_142.cif .00000000009322186615
.8945312500 -7727.6118164062 8 26 28 3_143.cif .00000000008319199324
.9003906250 -7727.6059570312 4 20 31 3_144.cif .00000000007147703252
.9067382812 -7727.5996093750 7 10 22 3_145.cif .00000000006063991449
.9072265624 -7727.5991210938 5 10 28 3_146.cif .00000000005987777620
.9111328124 -7727.5952148438 12 14 37 3_147.cif .00000000005411558015
.9150390624 -7727.5913085938 1 16 22 3_148.cif .00000000004890789539
.9194335937 -7727.5869140625 22 24 34 3_149.cif .00000000004364582549
.9213867187 -7727.5849609375 17 20 25 3_150.cif .00000000004149263732
.9233398437 -7727.5830078125 8 40 44 3_151.cif .00000000003944567279
.9316406250 -7727.5747070312 17 22 32 3_152.cif .00000000003181410874
.9321289062 -7727.5742187500 20 29 34 3_153.cif .00000000003141426071
.9399414062 -7727.5664062500 2 6 42 3_154.cif .00000000002565902533
.9414062500 -7727.5649414062 15 18 22 3_155.cif .00000000002470366566
.9433593750 -7727.5629882812 5 6 33 3_156.cif .00000000002348495481
.9448242187 -7727.5615234375 6 31 46 3_157.cif .00000000002261054213
.9472656250 -7727.5590820312 4 16 18 3_158.cif .00000000002122493578
.9506835937 -7727.5556640625 4 40 45 3_159.cif .00000000001942656248
.9541015624 -7727.5522460938 5 14 21 3_160.cif .00000000001778056404
.9682617187 -7727.5380859375 6 18 40 3_161.cif .00000000001232114053
.9702148437 -7727.5361328125 13 14 23 3_162.cif .00000000001171329926
.9711914062 -7727.5351562500 14 17 34 3_163.cif .00000000001142071786
.9790039062 -7727.5273437500 12 22 31 3_164.cif .00000000000932839043
.9799804687 -7727.5263671875 15 20 29 3_165.cif .00000000000909538063
.9858398437 -7727.5205078125 8 21 47 3_166.cif .00000000000781458398
.9995117187 -7727.5068359375 8 9 48 3_167.cif .00000000000548408476
1.0019531250 -7727.5043945312 15 22 36 3_168.cif .00000000000514801219
1.0058593750 -7727.5004882812 22 29 35 3_169.cif .00000000000465260543
1.0078125000 -7727.4985351562 7 22 30 3_170.cif .00000000000442307752
1.0083007812 -7727.4980468750 8 35 41 3_171.cif .00000000000436748713
1.0175781250 -7727.4887695312 17 26 30 3_172.cif .00000000000343452112
1.0205078124 -7727.4858398438 17 24 31 3_173.cif .00000000000318352807
1.0214843750 -7727.4848632812 17 20 21 3_174.cif .00000000000310400811
1.0219726562 -7727.4843750000 11 24 39 3_175.cif .00000000000306499612
1.0239257812 -7727.4824218750 22 28 47 3_176.cif .00000000000291379006
1.0249023437 -7727.4814453125 10 30 38 3_177.cif .00000000000284100776
1.0253906250 -7727.4809570312 10 20 36 3_178.cif .00000000000280530123
1.0302734374 -7727.4760742188 9 22 33 3_179.cif .00000000000247201057
1.0312500000 -7727.4750976562 1 10 26 3_180.cif .00000000000241026329
1.0356445312 -7727.4707031250 19 35 44 3_181.cif .00000000000215093964
1.0463867187 -7727.4599609375 14 29 34 3_182.cif .00000000000162848600
1.0522460937 -7727.4541015625 3 25 43 3_183.cif .00000000000139916525
1.0532226562 -7727.4531250000 16 21 42 3_184.cif .00000000000136421611
1.0703125000 -7727.4360351562 11 21 25 3_185.cif .00000000000087625607
1.0727539062 -7727.4335937500 16 30 34 3_186.cif .00000000000082255785
1.0776367187 -7727.4287109375 14 27 42 3_187.cif .00000000000072483185
1.0805664062 -7727.4257812500 10 22 38 3_188.cif .00000000000067186151
1.0825195312 -7727.4238281250 11 30 46 3_189.cif .00000000000063871644
1.0854492187 -7727.4208984375 13 14 42 3_190.cif .00000000000059203936
1.1176757812 -7727.3886718750 2 12 48 3_191.cif .00000000000025693187
1.1210937500 -7727.3852539062 11 13 25 3_192.cif .00000000000023516223
1.1323242187 -7727.3740234375 6 45 46 3_193.cif .00000000000017580469
1.1342773437 -7727.3720703125 5 29 42 3_194.cif .00000000000016713168
1.1420898437 -7727.3642578125 18 23 34 3_195.cif .00000000000013651238
1.1430664062 -7727.3632812500 15 30 46 3_196.cif .00000000000013310250
1.1440429687 -7727.3623046875 19 35 41 3_197.cif .00000000000012977780
1.1523437500 -7727.3540039062 10 26 27 3_198.cif .00000000000010466965
1.1601562500 -7727.3461914062 4 36 43 3_199.cif .00000000000008549369
1.1606445312 -7727.3457031250 9 40 48 3_200.cif .00000000000008441919
1.1669921874 -7727.3393554688 4 16 26 3_201.cif .00000000000007161982
1.1762695312 -7727.3300781250 9 24 45 3_202.cif .00000000000005632067
1.1772460937 -7727.3291015625 12 33 38 3_203.cif .00000000000005491385
1.1879882812 -7727.3183593750 1 28 33 3_204.cif .00000000000004157553
1.2041015624 -7727.3022460938 9 33 36 3_205.cif .00000000000002738870
1.2197265624 -7727.2866210938 11 17 58 3_206.cif .00000000000001827250
1.2309570312 -7727.2753906250 1 4 42 3_207.cif .00000000000001366031
1.2436523437 -7727.2626953125 5 27 45 3_208.cif .00000000000000983206
1.2846679687 -7727.2216796875 13 29 36 3_209.cif .00000000000000339812
1.2875976562 -7727.2187500000 24 39 45 3_210.cif .00000000000000314978
1.3178710937 -7727.1884765625 26 33 43 3_211.cif .00000000000000143786
1.3349609374 -7727.1713867188 9 34 48 3_212.cif .00000000000000092356
1.3383789062 -7727.1679687500 1 28 39 3_213.cif .00000000000000084531
1.3740234374 -7727.1323242188 14 17 21 3_214.cif .00000000000000033576
1.3774414062 -7727.1289062500 18 20 45 3_215.cif .00000000000000030731
1.3999023437 -7727.1064453125 13 28 48 3_216.cif .00000000000000017174
1.4086914062 -7727.0976562500 32 38 41 3_217.cif .00000000000000013678
1.6298828124 -7726.8764648438 5 21 54 3_218.cif .00000000000000000044
1.7329101562 -7726.7734375000 33 42 44 3_219.cif .00000000000000000002
1.7983398437 -7726.7080078125 3 40 50 3_220.cif 0
1.9233398437 -7726.5830078125 32 41 55 3_221.cif 0
