    -7633.5361328125  4  7 10 11 12 13 14 15 16 17 18 19 20 21 22 23 24 34
    -7633.5297851562  1  2  3  4  7  8  9 11 14 15 17 18 19 20 21 22 24 25
    -7633.5278320312  8  9 10 11 12 13 14 15 16 17 18 19 20 21 22 23 24 36
    -7633.5156250000  4  5  6 10 11 12 13 14 15 16 17 18 19 20 21 22 23 36
    -7633.5097656250  4  7  9 10 11 12 13 14 15 16 17 18 19 20 21 22 24 34
    -7633.5078125000  1  2  7  8  9 10 12 14 15 16 17 18 19 20 21 22 23 26
    -7633.5053710938  2  4  6  7 10 11 12 13 15 16 17 18 20 21 22 24 25 39
    -7633.5024414062  7  8  9 10 11 12 13 14 15 16 17 18 19 20 21 22 23 36
    -7633.5014648438  1  2  3  4  7  8  9 11 13 15 17 18 19 20 21 22 24 48
    -7633.5000000000  1  7  8  9 10 11 12 14 15 16 17 18 19 20 21 22 23 25
    -7633.4946289062  5  9 10 11 12 13 14 15 16 17 18 19 20 21 22 23 24 36
    -7633.4936523438  6  7  8  9 10 11 12 13 14 15 16 17 18 19 20 21 22 23
    -7633.4921875000  1  2  4  6  7  8  9 10 11 12 14 15 16 17 18 21 22 34
    -7633.4916992188  2  4  7  8 10 11 12 13 15 16 17 18 20 21 22 24 36 39
    -7633.4916992188  4  5 10 11 12 13 14 15 16 17 18 19 20 21 22 23 24 36
    -7633.4912109375  1  2  3  4  5  7  9 11 14 15 17 18 19 20 21 22 24 34
    -7633.4887695312  1  2  7  8  9 10 12 14 15 16 17 18 19 20 21 22 23 24
    -7633.4882812500  1  2  7  8  9 10 14 15 16 17 18 19 20 21 22 23 24 34
    -7633.4873046875  4  7  9 10 11 12 13 14 15 16 17 18 19 20 21 22 24 37
    -7633.4863281250  1  2  3  4  7  8  9 11 13 15 16 17 18 20 21 22 24 38
    -7633.4814453125  4  7  9 10 11 12 13 14 15 17 18 19 20 21 22 24 28 34
    -7633.4785156250  2  4  6  7 10 11 12 13 15 16 17 18 20 21 22 24 37 39
    -7633.4775390625  1  2  4  6  7  8  9 10 11 12 14 15 16 17 18 21 22 25
    -7633.4765625000  1  2  3  4  6  7  8  9 11 12 13 15 16 17 18 20 21 22
    -7633.4760742188  2  4  7 10 11 12 13 15 16 17 18 20 21 22 24 34 36 39
    -7633.4750976562  1  2  3  4  7  8  9 11 13 15 17 18 19 20 21 22 24 38
    -7633.4736328125  1  2  5  7  8  9 10 12 14 15 16 18 19 21 22 23 26 29
    -7633.4736328125  1  2  7  8  9 10 12 14 15 16 17 18 19 20 21 22 23 34
    -7633.4663085938  1  3  4  5  6  9 10 11 14 16 18 19 20 21 22 23 24 37
    -7633.4663085938  4  7  9 10 11 12 13 14 15 17 18 19 20 21 22 24 28 37
    -7633.4604492188  1  2  5  7  8  9 10 12 14 15 16 18 19 20 21 22 23 26
    -7633.4604492188  2  3  4  5  6 12 13 15 17 18 19 20 21 22 23 24 31 36
    -7633.4565429688  1  2  4  7  8  9 10 11 12 13 14 15 16 17 18 20 21 22
    -7633.4555664062  1  2  3  4  7  8  9 11 13 15 16 17 18 20 21 22 24 32
    -7633.4545898438  1  2  3  4  7  8  9 11 14 17 18 19 20 21 22 23 24 25
    -7633.4536132812  1  3  4  5  7  9 10 11 14 17 18 19 20 22 23 24 34 40
    -7633.4511718750  2  4  5  6  7 10 11 12 13 15 16 17 18 20 21 22 24 34
    -7633.4497070312  1  3  4  5  6  9 10 11 14 18 19 20 21 22 23 24 28 37
    -7633.4458007812  1  2  3  4  5  6 13 15 17 18 19 20 21 22 23 24 31 36
    -7633.4458007812  1  2  3  4  5  6  9 10 11 14 18 19 20 21 22 23 24 37
    -7633.4438476562  4  6  8 10 11 12 13 14 15 16 17 18 19 20 21 22 23 36
    -7633.4433593750  1  2  3  4  5  7  9 11 14 17 18 19 20 21 22 23 24 34
    -7633.4433593750  1  2  3  4  6  7  8  9 11 12 13 15 16 17 18 21 22 24
    -7633.4409179688  4  6 10 11 12 13 14 15 16 17 18 19 20 21 22 23 25 36
    -7633.4384765625  2  4  7 10 11 12 13 15 16 17 18 20 21 22 24 36 37 39
    -7633.4365234375  1  3  4  5  7  9 10 11 13 14 15 17 18 19 20 24 25 28
    -7633.4350585938  1  2  3  4  7  8 11 14 15 17 18 19 20 21 22 24 25 27
    -7633.4350585938  1  2  4  5  6 10 14 15 16 17 18 19 20 21 22 23 24 25
    -7633.4316406250  1  4  7  8 10 11 12 14 15 16 17 18 19 21 22 23 26 34
    -7633.4296875000  1  3  4  5  7  9 10 11 13 14 15 17 18 19 20 24 25 31
    -7633.4291992188  1  2  3  4  7  8  9 11 12 13 15 16 17 18 20 22 36 41
    -7633.4213867188  1  7  8  9 10 12 14 15 16 17 18 19 20 21 22 23 24 37
    -7633.4208984375  2  4  7 10 11 12 13 15 16 17 18 20 21 22 24 25 36 39
    -7633.4204101562  1  2  3  4  5  7  9 11 14 17 18 19 20 21 22 23 24 37
    -7633.4184570312  1  7  8  9 10 11 12 14 15 16 17 18 19 20 21 22 25 27
    -7633.4174804688  1  2  4  7  8 10 11 12 14 15 16 17 18 21 22 26 34 39
    -7633.4155273438  1  3  4  5  9 10 11 14 16 18 19 20 21 22 23 24 26 34
    -7633.4150390625  1  2  3  4  5  7  9 10 11 12 15 17 18 20 22 24 34 36
    -7633.4140625000  1  2  3  4  7  8 11 14 15 17 18 19 20 21 22 24 27 46
    -7633.4125976562  1  2  4  7  8 10 11 12 14 15 16 17 18 21 22 23 26 34
    -7633.4096679688  4 10 11 12 13 14 15 16 17 18 19 20 21 22 23 24 34 36
    -7633.4091796875  4 10 11 12 13 14 15 16 17 18 19 20 21 22 23 24 36 37
    -7633.4086914062  1  3  4  5  7  9 10 11 12 14 17 18 19 20 22 23 26 34
    -7633.4067382812  1  2  3  4  7  8 11 15 17 18 19 20 21 22 24 26 27 46
    -7633.4038085938  1  2  4  7  8  9 10 11 12 14 15 16 17 18 21 22 24 34
    -7633.4033203125  1  6  7  8  9 10 11 12 14 15 16 17 18 19 21 22 27 37
    -7633.4023437500  1  2  3  4  7  8 11 14 15 17 18 19 20 21 22 23 24 25
    -7633.4023437500  4 10 11 12 13 14 15 16 17 18 19 20 21 22 23 24 25 36
    -7633.4018554688  1  3  4  5  6  7  9 10 11 12 14 17 18 19 20 22 23 34
    -7633.4013671875  4  9 10 11 12 13 14 15 16 17 18 19 20 21 22 24 34 36
    -7633.3989257812  2  4  6  7  8 10 11 12 13 15 16 17 18 21 22 23 24 30
    -7633.3979492188  1  4  7  8 10 11 12 14 15 16 17 18 19 20 21 22 23 37
    -7633.3974609375  1  3  4  5  7  9 10 11 14 16 17 18 19 20 23 24 25 34
    -7633.3950195312  1  2  3  4  5  6  9 10 11 14 17 18 19 20 22 23 24 25
    -7633.3940429688  1  7  8 10 11 12 14 15 16 17 18 19 20 21 22 23 24 37
    -7633.3920898438  1  2  4  6  7  8  9 10 11 12 14 15 16 17 18 21 22 46
    -7633.3916015625  1  3  4  5  6  9 10 11 14 19 20 21 22 23 24 28 32 34
    -7633.3886718750  1  3  4  5  9 10 11 14 16 18 19 20 21 22 23 24 26 37
    -7633.3881835938  1  2  3  4  5  7  9 11 12 14 15 17 18 19 20 21 22 34
    -7633.3876953125  1  6  8  9 10 11 12 14 15 16 17 18 19 21 22 27 36 37
    -7633.3857421875  1  2  4  5  7  8  9 10 11 12 14 15 16 17 18 20 21 22
    -7633.3847656250  1  2  3  4  7  8  9 11 14 17 18 19 20 21 22 23 24 46
    -7633.3837890625  1  6  7  8 10 11 12 14 15 16 17 18 19 21 22 23 27 37
    -7633.3828125000  1  3  4  5  7  9 10 11 13 14 15 17 18 19 20 24 25 32
    -7633.3813476562  2  3  4  5  6 12 13 14 15 16 17 18 20 21 22 23 24 31
    -7633.3803710938  1  3  4  5  6  7  9 10 11 14 17 18 19 20 22 23 24 34
    -7633.3774414062  1  3  4  5  6  9 10 11 13 14 18 19 20 21 23 24 28 34
    -7633.3774414062  1  3  4  5  7  9 10 11 14 17 18 19 20 22 23 24 28 30
    -7633.3774414062  2  4  6  7  8 10 11 12 13 15 16 17 18 21 22 24 27 30
    -7633.3735351562  1  7  8  9 10 11 12 15 16 17 18 19 20 21 22 23 24 34
    -7633.3720703125  1  2  3  4  5  6  7  8  9 10 11 12 18 19 22 23 24 29
    -7633.3710937500  1  2  3  4  5  6  9 10 11 14 17 18 19 20 23 24 25 34
    -7633.3710937500  1  2  3  4  5  7  9 10 11 12 15 16 17 18 20 24 34 36
    -7633.3710937500  1  2  3  4  7  9 10 11 14 15 16 17 18 20 22 24 25 34
    -7633.3701171875  1  6  8  9 10 11 12 14 15 16 17 18 19 21 22 24 27 37
    -7633.3691406250  1  2  4  7  8 10 11 12 13 14 15 16 17 18 20 21 22 23
    -7633.3686523438  1  2  3  4  7  8  9 10 11 12 15 16 17 18 20 22 26 38
    -7633.3662109375  1  3  4  5  6  7  9 10 11 14 17 18 19 20 22 23 24 37
    -7633.3657226562  1  2  3  4  5  7  9 10 11 12 15 16 17 18 20 22 26 38
    -7633.3652343750  4 10 11 12 13 14 15 16 17 18 19 20 21 22 24 34 36 39
    -7633.3627929688  1  2  4  6  7  8  9 10 11 12 14 15 16 17 18 22 29 46
    -7633.3623046875  1  3  4  5  6 11 12 14 15 17 19 20 21 22 23 24 28 34
    -7633.3623046875  1  3  4  5  7  9 10 11 14 17 18 19 20 22 23 24 28 42
    -7633.3613281250  1  7  8 10 11 12 14 15 16 17 18 19 21 22 23 26 27 34
    -7633.3603515625  2  3  4  5  6 12 13 15 16 17 18 20 21 22 23 24 31 36
    -7633.3598632812  1  2  3  4  5  6  9 10 11 14 17 18 19 20 21 22 23 24
    -7633.3554687500  1  7  8 10 11 12 14 15 16 17 18 19 20 21 22 23 26 34
    -7633.3525390625  1  3  4  5  7  9 10 11 13 14 15 17 18 20 24 25 28 43
    -7633.3525390625  1  4  6  8 10 11 12 14 15 16 17 18 19 21 22 34 36 39
    -7633.3481445312  1  2  3  4  5  6  7  8  9 10 11 18 19 20 22 23 24 29
    -7633.3476562500  1  7  8  9 10 11 14 15 16 17 18 19 20 21 22 23 26 34
    -7633.3471679688  1  2  4  7  8  9 10 11 12 14 15 16 17 18 22 26 29 46
    -7633.3471679688  1  3  4  5  6 10 11 14 19 20 21 22 23 24 28 32 34 39
    -7633.3466796875  1  7  8  9 10 11 14 15 16 17 18 19 20 21 22 24 37 47
    -7633.3457031250  1  2  7  8  9 10 11 12 15 16 17 18 20 22 24 27 29 36
    -7633.3447265625  1  2  3  4  5  6  7  8  9 10 11 19 20 22 23 24 29 42
    -7633.3442382812  1  2  4  7  8 10 12 14 15 16 17 18 20 21 22 23 28 34
    -7633.3432617188  1  3  4  5  9 10 11 14 18 19 20 21 22 23 24 26 28 37
    -7633.3427734375  1  2  7  8  9 10 11 12 15 16 17 18 20 21 22 25 27 36
    -7633.3422851562  4 10 11 12 13 14 15 16 17 18 19 20 21 22 23 26 34 36
    -7633.3408203125  1  7  8  9 10 11 12 14 15 16 17 18 19 20 21 22 25 47
    -7633.3378906250  1  2  4  5  7  8  9 10 11 12 15 16 17 18 20 22 26 38
    -7633.3374023438  1  2  7  8  9 10 11 15 16 17 18 20 21 22 24 27 34 36
    -7633.3364257812  1  2  3  4  5 10 14 16 18 19 20 21 22 23 24 26 34 39
    -7633.3354492188  1  3  4  5  6  9 10 11 13 14 18 19 20 21 23 24 28 37
    -7633.3344726562  1  2  3  4  5  7  9 11 14 16 17 18 20 21 22 23 24 37
    -7633.3315429688  1  3  4  5  6  9 11 12 14 17 19 20 21 22 23 24 28 34
    -7633.3310546875  2  3  4  5  6 13 14 15 16 17 18 20 21 22 23 24 30 31
    -7633.3300781250  1  3  4  5  7  9 10 11 13 14 16 18 19 20 23 24 25 34
    -7633.3295898438  1  2  4  5  6 10 14 15 16 17 18 19 20 21 22 23 24 27
    -7633.3291015625  1  2  7  8  9 10 11 14 15 16 17 18 20 21 22 24 37 47
    -7633.3286132812  1  2  3  4  7  8  9 10 11 12 16 17 18 20 22 23 36 38
    -7633.3281250000  1  2  3  4  5  6  7  8  9 11 12 15 17 19 20 22 26 29
    -7633.3266601562  1  2  3  4  7  9 10 11 12 15 16 17 18 20 22 24 25 34
    -7633.3256835938  1  2  3  4  5  6  7  8  9 10 11 12 18 19 20 22 23 24
    -7633.3237304688  1  3  4  5  7  9 10 11 13 14 16 18 19 20 23 24 25 29
    -7633.3237304688  1  4  7  8 10 11 12 14 15 16 17 18 20 21 22 23 34 36
    -7633.3217773438  2  4  5  6  7 11 12 13 15 16 17 18 20 21 22 24 34 45
    -7633.3212890625  1  7  8 10 11 12 14 15 16 17 18 19 20 21 22 23 27 37
    -7633.3198242188  1  2  3  6  7  8  9 12 15 16 17 18 19 21 22 23 24 25
    -7633.3154296875  1  2  3  4  5  7  9 10 11 13 14 18 19 20 23 24 25 29
    -7633.3139648438  1  2  6  7  8 10 12 14 15 16 17 20 21 22 23 27 28 46
    -7633.3134765625  1  3  4  5  7  9 10 11 14 17 18 19 20 22 23 24 34 48
    -7633.3129882812  1  3  4  5  9 10 11 14 17 18 19 20 22 23 24 28 34 48
    -7633.3120117188  1  2  3  6  7  9 12 14 15 16 17 18 19 20 21 22 23 25
    -7633.3115234375  4 10 11 12 13 14 15 16 17 18 19 20 21 22 23 25 26 36
    -7633.3095703125  1  2  3  4  5  7  9 10 11 13 14 18 19 20 22 23 24 29
    -7633.3090820312  1  2  7  8  9 10 11 12 15 16 17 18 20 22 23 25 26 36
    -7633.3090820312  1  4  7  8 10 11 12 14 15 16 17 18 20 21 22 23 34 38
    -7633.3066406250  1  2  3  4  7  9 10 11 12 15 16 17 18 20 22 24 34 36
    -7633.3061523438  1  2  4  7  8 10 12 13 14 15 16 17 18 20 21 22 23 28
    -7633.3061523438  1  2  4  7  8  9 10 11 12 15 16 17 18 20 22 29 36 46
    -7633.3027343750  4 10 11 12 13 14 15 16 17 18 19 20 21 23 24 25 36 37
    -7633.3012695312  1  2  3  4  5  6  8  9 10 16 18 19 20 22 23 24 29 36
    -7633.3007812500  2  3  4  5  6 12 13 15 16 17 18 20 21 22 23 24 31 38
    -7633.2993164062  1  2  3  4  7  9 11 14 17 18 19 20 21 22 23 24 37 46
    -7633.2993164062  1  2  3  5  7  9 14 15 16 17 18 20 21 22 23 24 34 37
    -7633.2978515625  2  3  4  5  6 13 14 15 16 17 18 20 21 22 23 24 31 44
    -7633.2973632812  2  4  7  8 10 11 12 13 15 16 17 18 20 21 22 24 27 30
    -7633.2958984375  1  3  4  7  9 10 11 13 14 15 17 18 20 24 25 28 32 46
    -7633.2929687500  1  2  3  4  5  7  9 11 12 14 15 17 18 19 20 22 34 36
    -7633.2929687500  1  2  3  4  7  9 11 13 15 17 18 20 21 22 24 28 37 48
    -7633.2929687500  1  2  4  7  8 10 11 12 14 15 16 17 18 21 22 24 27 34
    -7633.2924804688  2  6  7  8 10 11 12 13 15 16 17 18 21 22 23 24 27 30
    -7633.2915039062  2  7  8  9 10 11 12 15 16 17 18 19 20 21 22 23 24 34
    -7633.2910156250  1  2  3  6  7 12 14 15 16 17 18 19 20 21 22 23 25 34
    -7633.2905273438  1  3  4  5  7  9 10 11 14 17 18 19 22 23 24 28 30 34
    -7633.2905273438  1  3  4  7  9 10 11 12 14 15 16 17 18 20 22 24 25 34
    -7633.2905273438  1  4  6  8 10 11 12 14 15 16 17 18 19 21 22 23 34 39
    -7633.2890625000  1  2  3  4  5  6  7  8  9 10 11 19 20 22 23 24 29 30
    -7633.2885742188  1  4  6  8 10 11 12 14 16 17 18 19 21 22 23 34 36 39
    -7633.2880859375  1  3  5  6  9 11 12 14 15 16 17 18 19 21 22 23 24 34
    -7633.2875976562  1  2  5  7  9 10 11 12 15 16 17 18 20 21 22 24 26 47
    -7633.2875976562  2  7  8  9 10 12 15 16 17 18 19 20 21 22 23 24 25 36
    -7633.2866210938  1  2  4  6  8 10 11 12 14 15 16 17 18 21 22 34 36 39
    -7633.2866210938  1  6  7  8  9 10 11 12 14 15 16 17 18 20 21 22 27 37
    -7633.2841796875  2  4  6  7  8 10 11 12 13 15 16 17 18 20 21 22 23 30
    -7633.2807617188  1  2  3  5  7 14 15 16 17 18 19 20 21 22 23 24 34 37
    -7633.2802734375  1  2  3  4  7  8  9 11 13 15 17 18 20 21 22 24 36 48
    -7633.2797851562  1  2  3  4  5  6  9 10 12 17 18 19 20 22 23 24 31 34
    -7633.2773437500  1  2  3  4  5  6  7  9 10 12 17 18 19 20 22 23 31 34
    -7633.2768554688  1  2  3  6  7  8  9 11 14 15 16 17 20 21 22 25 27 32
    -7633.2729492188  1  2  4  6  8 10 11 12 14 15 16 17 18 21 22 26 34 39
    -7633.2724609375  1  3  4  5  7  9 10 11 14 15 17 18 20 24 25 28 34 43
    -7633.2714843750  1  3  5  6  9 11 12 14 15 16 17 18 19 21 22 23 34 36
    -7633.2705078125  1  3  4  5  7  9 10 11 14 17 18 20 23 24 25 28 34 43
    -7633.2700195312  1  3  4  5  7  9 10 11 14 18 20 21 23 24 25 28 34 43
    -7633.2685546875  1  2  3  6  7  8  9 11 14 15 16 17 20 21 22 27 32 46
    -7633.2651367188  1  2  3  4  5  7  9 11 14 16 17 18 20 22 24 29 34 37
    -7633.2646484375  1  2  3  5  7  9 14 15 16 17 18 20 21 22 23 24 27 34
    -7633.2641601562  2  4  7  8 10 11 12 13 15 16 17 18 21 22 24 26 27 30
    -7633.2636718750  1  2  4  6  7  8 10 12 15 16 17 18 21 22 23 28 34 38
    -7633.2636718750  1  2  7  8  9 10 11 12 15 16 17 18 20 21 22 27 36 47
    -7633.2636718750  1  3  4  5  7  9 10 11 12 17 18 19 20 22 23 24 31 34
    -7633.2631835938  1  2  4  6  7  8  9 10 11 12 15 16 17 18 22 29 36 46
    -7633.2602539062  1  5  9 10 11 12 14 16 17 18 19 20 21 22 23 26 34 36
    -7633.2592773438  1  2  3  4  5  7  9 11 12 14 17 18 20 21 22 23 24 37
    -7633.2592773438  1  3  4  5  6  9 10 11 14 18 19 20 21 22 23 24 37 38
    -7633.2587890625  1  2  3  4  5  6  8  9 10 11 16 18 20 22 23 24 29 36
    -7633.2587890625  1  2  3  4  7  8  9 11 13 14 17 18 19 20 22 24 26 29
    -7633.2573242188  1  2  3  4  5  6  8  9 10 12 14 16 17 18 19 23 24 34
    -7633.2573242188  1  3  5  9 11 12 14 15 16 17 18 19 20 21 22 23 34 36
    -7633.2573242188  2  3  4  5  6  7  9 12 13 14 18 19 20 21 22 23 33 40
    -7633.2568359375  1  2  3  4  5  7  9 11 13 18 19 20 22 23 24 29 36 41
    -7633.2568359375  1  3  5  9 11 12 14 16 17 18 19 20 21 22 23 26 34 36
    -7633.2568359375  3  4  5  6  9 10 11 13 14 18 19 20 21 23 24 25 28 34
    -7633.2558593750  6  7  8  9 10 11 12 13 14 16 17 18 19 21 22 23 30 39
    -7633.2539062500  1  6  7  8  9 10 11 12 14 15 16 17 18 21 22 27 37 44
    -7633.2534179688  1  2  3  4  5  7  9 11 13 14 18 19 20 22 23 24 29 41
    -7633.2534179688  1  6  7  8 10 11 12 14 15 16 17 18 20 21 22 23 27 37
    -7633.2529296875  1  3  4  5  6 10 11 14 18 19 20 21 22 23 24 28 32 34
    -7633.2524414062  1  6  7  8 10 11 12 14 15 16 17 18 20 21 22 23 27 46
    -7633.2514648438  1  2  3  5  6  7  9 10 11 12 14 16 17 20 23 27 34 37
    -7633.2514648438  6  7  8  9 10 11 12 13 14 15 16 17 19 20 21 22 30 39
    -7633.2509765625  1  6  7  8  9 10 11 12 14 15 16 17 19 21 22 27 37 44
    -7633.2504882812  1  2  3  4  5  7  9 11 14 16 17 18 20 21 22 24 34 37
    -7633.2504882812  1  4  7  8 10 11 12 14 15 16 17 18 21 22 26 34 39 47
    -7633.2500000000  1  2  3  4  5  7  9 11 12 14 16 17 18 20 21 22 24 37
    -7633.2500000000  1  3  4  5  6  9 10 11 14 16 19 20 21 22 23 24 28 32
    -7633.2490234375  1  2  3  7  8  9 11 14 16 17 18 20 21 22 24 27 34 35
    -7633.2475585938  1  3  4  5  9 10 11 14 16 17 18 19 20 23 24 25 34 48
    -7633.2451171875  1  6  8  9 10 11 12 14 15 16 17 18 19 20 21 22 25 47
    -7633.2446289062  2  3  4  5  6  7  9 12 13 14 16 18 19 20 21 22 23 33
    -7633.2426757812  1  2  3  4  5  7  9 11 16 17 18 20 22 24 27 29 36 37
    -7633.2421875000  1  2  3  4  7  9 11 12 14 17 18 19 20 21 22 23 24 37
    -7633.2407226562  1  2  3  4  5  6  7  8  9 11 12 15 17 20 22 26 29 43
    -7633.2407226562  1  2  3  4  7  8  9 10 11 12 16 17 18 20 22 25 36 38
    -7633.2407226562  2  4  5  6  7  8 10 11 12 13 15 17 18 19 21 23 24 30
    -7633.2387695312  1  2  3  4  5  7  9 11 13 18 19 20 22 23 24 29 41 48
    -7633.2377929688  1  2  3  4  5  7  9 11 14 16 17 18 20 22 24 27 29 37
    -7633.2358398438  1  2  3  4  5  6  9 10 11 16 18 20 22 23 24 29 36 37
    -7633.2324218750  2  3  4  5  6 13 14 15 16 17 19 20 21 22 23 24 30 31
    -7633.2319335938  3  4  7  9 10 11 13 14 15 17 18 20 24 25 28 30 31 46
    -7633.2309570312  1  2  3  5  6  8  9 10 11 12 16 17 19 20 22 23 36 39
    -7633.2309570312  1  3  4  5 10 14 16 18 19 20 21 22 23 24 26 28 34 39
    -7633.2299804688  2  3  4  5  6 12 13 15 16 17 18 20 21 22 23 24 26 31
    -7633.2294921875  1  2  3  4  5  6  8  9 10 11 16 18 20 22 23 24 36 45
    -7633.2290039062  1  2  3  4  7  8  9 10 11 12 15 17 18 20 22 25 36 38
    -7633.2290039062  1  2  4  7  8  9 10 11 12 15 16 17 18 20 22 23 36 38
    -7633.2280273438  1  2  3  4  7  8  9 11 13 14 17 18 19 20 22 24 29 31
    -7633.2275390625  3  7  8  9 10 11 12 13 14 16 17 18 19 21 22 23 30 39
    -7633.2265625000  1  2  4  5  6 14 15 16 17 18 19 20 21 22 23 24 27 34
    -7633.2260742188  1  3  4  7  8  9 11 13 14 17 18 19 20 22 24 25 29 31
    -7633.2246093750  3  4  5  6  9 10 11 13 14 17 18 19 20 23 24 31 32 34
    -7633.2231445312  1  2  3  4  5  6  7  9 10 11 12 13 14 18 20 21 22 31
    -7633.2221679688  1  2  3  6  7 12 14 15 16 17 18 19 20 21 22 23 34 37
    -7633.2221679688  3  4  5  6  9 10 11 13 14 18 19 20 21 23 24 25 32 34
    -7633.2182617188  3  4  7  9 10 11 13 14 15 17 18 20 24 25 28 31 32 46
    -7633.2163085938  1  3  4  7  8  9 10 11 13 14 17 18 19 20 22 24 29 31
    -7633.2158203125  1  2  3  4  7  8  9 11 13 17 18 19 20 22 24 26 29 31
    -7633.2133789062  1  3  4  5  6  9 10 11 16 18 19 20 22 23 24 29 36 37
    -7633.2133789062  3  4  7  8  9 10 11 13 14 15 17 18 20 24 28 31 32 46
    -7633.2119140625  1  6  8  9 10 11 12 14 15 16 17 18 19 21 22 27 37 44
    -7633.2109375000  1  2  3  4  5  7  9 11 13 18 19 20 22 23 24 29 38 41
    -7633.2089843750  1  2  3  5  6  8  9 10 12 14 16 17 18 19 23 24 34 39
    -7633.2089843750  2  3  4  5  6 12 13 14 15 16 19 20 21 22 23 24 31 33
    -7633.2075195312  1  3  4  5 10 11 14 18 19 20 21 22 23 24 26 28 37 39
    -7633.2070312500  1  2  3  4  5  7  9 11 12 14 17 18 19 21 22 23 24 37
    -7633.2070312500  2  4  7  8 10 11 12 13 15 16 17 18 19 21 22 24 26 30
    -7633.2070312500  2  6  7  8 10 11 12 13 15 16 17 18 20 21 22 23 24 30
    -7633.2065429688  1  2  3  4  5  7 10 14 16 18 19 20 21 22 23 24 26 39
    -7633.2065429688  1  2  4  6  7  8 10 12 13 15 16 17 18 21 22 23 25 28
    -7633.2060546875  1  3  5  6  9 10 11 14 16 18 19 20 22 23 24 36 37 39
    -7633.2050781250  2  3  4  5  6 12 13 14 16 18 19 20 21 22 23 24 31 33
    -7633.2031250000  2  7  8  9 10 11 12 13 15 16 17 18 21 22 23 24 27 30
    -7633.2011718750  1  2  3  4  5  7  8  9 11 13 18 19 20 22 23 24 29 41
    -7633.2011718750  1  2  3  4  7  8  9 10 11 12 16 17 18 20 22 24 36 38
    -7633.1992187500  1  2  3  5  6  8  9 10 11 16 18 19 20 22 23 24 29 36
    -7633.1948242188  1  2  3  4  5  7  8  9 11 15 17 18 19 20 22 24 29 37
    -7633.1943359375  1  2  3  4  5 10 14 16 18 19 20 21 22 23 24 26 30 39
    -7633.1918945312  2  6  7  8 10 11 13 15 16 17 18 20 21 22 23 24 27 30
    -7633.1899414062  2  3  4  5  6 12 13 14 15 16 19 20 21 22 23 24 30 31
    -7633.1875000000  1  2  5  6  7  8 10 12 14 15 16 20 21 22 23 27 41 43
    -7633.1870117188  2  3  4  5  6  7 12 13 14 15 16 20 21 22 23 24 31 33
    -7633.1860351562  2  6  7  9 10 12 13 14 15 16 17 18 19 20 21 22 25 34
    -7633.1850585938  1  4  6  7  8 10 11 12 14 15 16 17 19 21 22 27 37 44
    -7633.1840820312  2  4  6  7  8 10 11 12 13 15 16 17 18 21 22 23 28 30
    -7633.1826171875  1  2  3  5  6  8  9 10 11 12 16 18 19 22 23 24 29 36
    -7633.1826171875  1  4  6  8 10 11 12 14 15 16 17 18 19 21 22 28 34 36
    -7633.1821289062  1  2  3  5  6  8  9 10 12 14 16 17 18 19 20 23 36 39
    -7633.1816406250  2  3  4  5  6 12 13 14 15 16 20 21 22 23 24 30 31 33
    -7633.1791992188  1  3  5  6  9 10 11 14 16 19 20 21 22 23 24 28 32 39
    -7633.1777343750  1  2  3  4  5  6  7  8  9 10 11 12 18 19 22 23 24 27
    -7633.1777343750  1  2  6  7  9 10 12 14 16 17 18 19 20 21 22 23 25 34
    -7633.1767578125  1  2  3  5  6  7  9 10 11 12 14 16 17 20 34 35 37 39
    -7633.1762695312  1  2  3  4  5  6  8  9 10 12 14 17 18 19 23 24 34 40
    -7633.1748046875  1  6  7  8 10 11 12 14 15 16 17 18 19 21 22 27 37 44
    -7633.1728515625  1  2  3  4  7  9 10 11 12 17 18 20 22 23 24 25 28 37
    -7633.1723632812  1  2  3  4  5  6  7  8  9 10 11 12 18 19 22 23 39 48
    -7633.1708984375  1  2  3  5  6  9 10 12 14 16 17 18 19 20 23 34 36 47
    -7633.1684570312  1  2  3  4  6  7  8  9 11 12 15 17 20 22 24 29 34 47
    -7633.1679687500  7  8  9 10 11 12 13 14 15 16 17 19 20 21 22 30 39 48
    -7633.1674804688  1  2  3  4  5  6  7  9 10 11 12 13 14 18 20 21 31 37
    -7633.1674804688  1  2  3  5  6  7  9 10 11 12 14 16 17 19 20 23 34 37
    -7633.1669921875  1  2  3  4  6  9 11 13 14 17 18 19 20 22 24 25 29 30
    -7633.1669921875  1  2  3  5  6  9 10 12 14 16 17 18 19 20 23 34 37 47
    -7633.1669921875  2  4  5  7  8 10 11 12 13 15 16 17 18 21 22 23 24 26
    -7633.1650390625  1  2  3  4  7  9 10 11 13 14 15 17 18 20 25 28 32 46
    -7633.1630859375  1  3  4  5  6  9 11 12 17 19 20 21 22 23 24 28 34 38
    -7633.1616210938  2  4  6  7  8 11 12 13 15 16 17 18 20 21 22 23 30 45
    -7633.1596679688  1  2  6  7  9 10 12 14 15 16 17 18 19 20 21 22 25 34
    -7633.1586914062  1  2  3  4  6  7  8 10 12 13 15 16 17 18 21 22 23 28
    -7633.1528320312  1  2  3  4  5  6  7  8  9 10 11 12 18 19 22 39 41 48
    -7633.1528320312  3  4  5  9 10 11 13 14 18 19 20 21 23 24 25 32 34 36
    -7633.1494140625  1  3  5  6  9 10 11 12 14 16 17 18 19 20 23 34 37 47
    -7633.1479492188  1  2  6  7  8  9 10 12 14 15 16 20 21 22 23 41 43 46
    -7633.1435546875  2  5  7  8  9 10 11 12 13 14 15 16 18 19 21 23 24 30
    -7633.1430664062  2  7  8  9 10 11 12 13 14 16 17 18 19 21 22 23 27 30
    -7633.1396484375  1  2  3  6  7  8  9 14 15 16 17 20 21 22 23 24 27 32
    -7633.1391601562  2  3  4  5  6 12 13 14 15 16 20 21 22 23 24 31 32 33
    -7633.1381835938  2  3  4  6  7  8  9 12 13 14 17 19 20 22 23 33 40 42
    -7633.1347656250  1  2  3  6  7  8  9 14 15 16 17 20 21 22 24 25 27 32
    -7633.1303710938  1  4  6  8 10 11 12 14 15 16 17 19 21 22 23 26 34 35
    -7633.1298828125  2  3  4  6  7  8  9 12 13 14 15 17 19 20 22 33 40 42
    -7633.1284179688  1  3  5  6  9 10 11 14 16 19 20 22 23 24 32 36 37 39
    -7633.1279296875  1  2  3  5  6  8  9 10 12 14 16 17 18 19 20 23 34 39
    -7633.1259765625  1  2  3  5  6  8  9 10 11 12 16 17 19 20 26 36 39 47
    -7633.1230468750  1  3  4  5  6  9 10 11 16 18 19 20 22 23 24 36 37 39
    -7633.1220703125  1  2  5  7  8  9 10 14 15 16 18 20 21 22 23 24 35 43
    -7633.1215820312  3  4  7  9 10 11 13 14 15 17 18 20 21 24 25 31 32 46
    -7633.1201171875  2  3  4  6  9 11 13 14 17 18 19 20 22 24 25 29 30 46
    -7633.1201171875  2  4  5  6  7  8 10 11 12 13 15 16 17 18 19 21 23 24
    -7633.1191406250  1  2  3  4  7  8  9 10 11 13 14 15 17 18 25 31 32 46
    -7633.1162109375  1  2  3  4  5  6  8  9 11 14 16 18 22 23 24 29 30 45
    -7633.1152343750  1  2  3  4  7  9 11 12 15 17 18 20 21 22 24 28 37 48
    -7633.1152343750  1  4  7  8  9 10 11 13 14 17 18 19 20 22 24 29 31 32
    -7633.1152343750  2  7  8  9 10 11 12 13 14 15 16 18 19 21 22 23 24 30
    -7633.1137695312  2  4  6  7  8  9 12 13 14 15 16 17 19 20 21 22 23 33
    -7633.1137695312  3  4  5  9 10 11 13 14 18 19 20 21 23 24 25 32 34 43
    -7633.1132812500  1  2  5  7  8 10 12 14 15 16 18 21 22 23 26 35 41 43
    -7633.1123046875  3  4  5  6  9 10 11 14 18 19 20 21 23 24 25 30 34 40
    -7633.1113281250  1  4  7  8  9 10 11 14 15 18 19 20 21 22 23 24 29 32
    -7633.1093750000  1  2  3  4  7  8  9 10 13 14 15 17 18 24 25 28 32 46
    -7633.1093750000  1  2  3  4  7  9 10 12 15 16 17 18 20 22 24 25 28 37
    -7633.1083984375  2  3  4  6  7  8  9 12 13 14 18 19 20 21 22 23 33 40
    -7633.1079101562  1  2  5  6  7  8 10 12 14 15 16 18 20 21 22 23 41 43
    -7633.1074218750  1  2  7  8  9 10 11 14 15 18 19 20 21 22 23 24 29 32
    -7633.1074218750  3  4  5  9 10 11 13 14 18 19 20 21 23 24 25 32 36 43
    -7633.1069335938  1  2  3  5  6  8  9 10 11 12 14 16 17 19 20 36 39 47
    -7633.1069335938  1  2  5  6  7  8 10 12 15 16 18 20 21 22 23 27 41 43
    -7633.1044921875  1  2  3  4  6  7  8  9 11 12 17 20 22 24 29 33 34 47
    -7633.1044921875  3  4  5  6  9 10 11 13 14 19 20 21 23 24 25 32 34 43
    -7633.1040039062  1  2  3  5  6  7  9 10 11 12 13 15 16 18 20 21 22 31
    -7633.1030273438  1  2  3  7  8  9 11 14 15 16 17 18 19 21 22 27 32 46
    -7633.1020507812  1  2  6  7  8  9 10 12 14 15 16 20 21 22 23 27 41 43
    -7633.0996093750  1  2  3  5  6  7  9 10 12 13 14 16 17 18 20 21 23 31
    -7633.0986328125  1  2  5  7  8 10 12 14 15 16 18 20 21 22 23 35 41 43
    -7633.0942382812  3  4  5  9 10 11 13 14 17 18 19 20 24 25 31 32 34 36
    -7633.0908203125  1  2  3  4  5  6  8  9 10 11 16 18 22 23 24 29 30 44
    -7633.0908203125  1  2  3  5  6  7 15 16 17 20 21 22 23 24 28 32 46 47
    -7633.0893554688  2  3  5  6  7  9 10 11 12 13 15 16 17 18 20 21 22 31
    -7633.0883789062  1  2  3  4  7  8  9 10 13 14 15 17 18 24 25 32 40 46
    -7633.0874023438  1  2  3  5  6  7 10 15 16 17 19 20 21 22 23 24 32 47
    -7633.0839843750  1  2  5  7  8 10 12 14 15 16 18 20 21 22 23 26 41 43
    -7633.0839843750  1  2  5  7  9 10 11 12 15 16 17 18 20 21 22 24 43 47
    -7633.0825195312  7  8  9 10 11 12 13 14 16 17 18 19 21 22 23 27 30 39
    -7633.0820312500  1  3  4  7  9 10 12 14 15 16 17 18 20 22 24 25 28 37
    -7633.0791015625  1  2  5  7  8 10 12 14 15 16 18 20 21 22 23 24 35 43
    -7633.0786132812  1  2  3  5  7  9 11 12 15 16 17 18 20 21 22 24 43 47
    -7633.0771484375  1  2  3  4  5  7  8  9 10 11 12 18 19 22 23 39 41 48
    -7633.0727539062  1  2  3  4  5 10 14 16 18 19 20 21 22 23 24 26 33 39
    -7633.0727539062  1  2  5  7  8 10 12 14 15 16 18 21 22 23 24 35 41 43
    -7633.0708007812  1  2  3  4  5 14 15 16 17 18 19 20 21 22 23 24 33 46
    -7633.0708007812  7  8  9 10 11 12 13 14 15 16 18 19 21 23 24 30 33 41
    -7633.0688476562  3  4  5  6  9 10 11 12 14 17 18 19 20 23 24 25 30 34
    -7633.0683593750  1  5  7  9 10 11 12 15 16 17 18 20 21 22 24 34 43 47
    -7633.0654296875  1  3  4  7  8  9 10 11 13 14 15 17 18 20 25 31 32 46
    -7633.0644531250  1  4  7  8 10 11 12 14 15 16 17 20 21 22 23 34 38 48
    -7633.0644531250  2  3  5  6  7  9 10 11 12 13 16 17 18 20 21 22 23 31
    -7633.0634765625  1  2  3  4  5  7  9 11 12 15 17 18 19 22 23 24 29 37
    -7633.0610351562  1  2  4  5  7 14 15 16 17 18 19 20 21 22 23 24 27 33
    -7633.0488281250  2  3  4  6  9 11 13 14 17 18 19 20 22 24 25 30 39 46
    -7633.0468750000  2  3  4  6  7  8 12 13 14 17 19 20 21 22 23 33 40 42
    -7633.0444335938  2  3  4  5  6  7  9 10 11 12 13 14 18 20 21 31 37 41
    -7633.0434570312  1  2  3  4  5  8  9 10 12 14 17 18 19 20 23 24 34 40
    -7633.0410156250  3  4  5  6  9 10 11 13 14 17 18 19 20 24 31 32 34 43
    -7633.0385742188  2  5  6  7  9 10 12 13 14 15 16 17 18 19 20 21 31 34
    -7633.0375976562  5  7  8 10 11 12 13 14 15 16 18 19 21 23 24 30 33 41
    -7633.0371093750  1  2  3  4  7  8 11 12 14 17 18 19 21 22 23 25 35 37
    -7633.0366210938  2  4  6  7  8  9 12 13 14 15 16 17 19 20 22 29 42 45
    -7633.0346679688  1  2  3  5  6  7  9 10 11 12 13 16 17 18 20 21 23 31
    -7633.0317382812  2  3  4  5  6  7  8  9 10 11 12 13 14 18 20 21 41 43
    -7633.0302734375  1  2  3  4  5  7  9 11 15 17 18 19 20 22 24 29 37 60
    -7633.0302734375  5  7  8 10 11 12 13 14 15 16 18 19 21 23 24 28 30 33
    -7633.0253906250  5  7  8 10 11 12 13 14 15 16 18 21 23 24 28 29 30 33
    -7633.0224609375  1  2  3  7  8  9 12 14 16 17 18 19 21 23 24 25 35 37
    -7633.0219726562  1  2  3  5  7  8  9 15 16 17 18 20 21 22 24 36 43 47
    -7633.0209960938  1  2  3  5  8  9 10 11 12 14 16 17 19 20 26 36 39 47
    -7633.0175781250  2  4  6  7  8  9 12 13 14 15 16 17 19 20 22 23 33 42
    -7633.0146484375  1  2  3  4  5  6  7  8  9 10 11 12 18 19 37 39 41 48
    -7633.0053710938  3  4  5  7  9 10 11 13 14 17 18 20 24 28 31 32 34 43
    -7633.0034179688  1  2  3  6  8  9 12 14 16 17 18 19 22 23 24 25 35 37
    -7633.0014648438  1  2  3  7  8 12 14 16 17 18 19 21 22 23 24 25 35 37
    -7633.0014648438  2  3  4  6  7  8 12 13 14 17 19 20 21 22 23 33 40 44
    -7633.0004882812  2  3  4  6  7  8  9 12 13 14 19 20 21 22 23 33 40 44
    -7632.9975585938  1  2  3  4  5  6  8  9 10 11 14 18 22 23 24 29 30 45
    -7632.9975585938  5  7  8 10 11 12 13 14 15 16 18 21 23 24 27 29 30 33
    -7632.9936523438  6  7  8 10 11 12 13 15 16 17 18 21 22 23 24 27 30 45
    -7632.9877929688  2  4  6  7  8  9 12 13 14 15 17 19 20 22 23 33 40 42
    -7632.9829101562  1  2  3  6  7  8  9 11 15 16 17 19 21 22 27 30 32 46
    -7632.9804687500  5  7  8 10 11 12 13 14 15 16 18 21 24 27 28 29 30 33
    -7632.9643554688  1  2  3  5  6  7  8  9 10 11 12 14 16 20 34 35 37 39
    -7632.9633789062  1  2  3  4  5  6  7  8  9 10 11 12 18 19 39 41 44 48
    -7632.9633789062  2  3  4  5  6  7  8  9 10 11 12 13 14 18 21 39 40 42
    -7632.9599609375  2  4  6  7  8  9 12 13 14 15 17 19 20 22 23 40 42 45
    -7632.9521484375  2  4  6  7  8  9 12 13 14 15 17 19 20 22 23 33 42 45
    -7632.9516601562  1  2  3  5  6  8  9 10 11 12 14 16 17 20 25 36 39 47
    -7632.9511718750  1  2  3  5  8  9 10 12 14 16 17 19 20 23 34 36 39 47
    -7632.9458007812  1  2  3  5  6  8  9 10 11 12 14 16 17 20 23 36 39 47
    -7632.9394531250  2  3  4  5  6  7  8  9 10 11 12 13 18 21 30 33 40 43
    -7632.9379882812  2  6  7  8  9 12 13 14 15 17 19 20 22 23 33 40 42 45
    -7632.9350585938  5  7  8 10 11 12 13 14 15 18 19 21 23 24 27 30 33 40
    -7632.9228515625  1  2  3  7  8  9 13 16 17 18 20 22 23 24 43 45 47 48
    -7632.9223632812  2  3  4  5  6  7  8  9 10 11 12 13 14 18 21 39 42 43
    -7632.9179687500  2  3  4  5  6  7  8  9 10 11 12 13 18 21 27 30 33 40
    -7632.9067382812  2  3  4  6  7  8  9 12 13 14 15 17 19 20 22 33 42 45
    -7632.9008789062  5  7  8 10 11 12 13 14 15 16 18 21 23 24 27 30 33 40
    -7632.8984375000  2  3  4  5  6  7  8  9 10 11 12 13 21 30 32 33 40 47
    -7632.8867187500  3  4  7  8  9 11 13 14 17 18 19 20 21 24 28 30 35 46
    -7632.8579101562  2  3  5  7  8  9 13 15 16 17 18 20 21 22 23 24 43 47
    -7632.8574218750  1  2  3  7  8  9 16 17 18 20 22 23 24 43 45 46 47 48
    -7632.8403320312  1  2  3  4  5  6  7  8  9 11 12 14 18 19 22 41 44 48
    -7632.8139648438  2  3  4  5  6  7  8  9 10 11 12 13 21 23 30 32 40 45
    -7632.8100585938  1  2  3  4  6  7  8 11 12 17 20 22 23 29 33 38 39 43
    -7632.8061523438  2  4  6  7  8  9 12 13 15 16 17 19 20 22 29 38 42 45
    -7632.8012695312  1  2  3  7  8  9 16 17 18 20 22 23 24 39 43 45 47 48
    -7632.8002929688  1  2  3  5  6  7  8  9 10 11 12 16 20 34 35 37 39 45
    -7632.7744140625  2  4  5  6  7  8  9 10 11 12 13 21 23 26 30 32 40 45
    -7632.7597656250  2  3  4  5  6  7  8  9 10 11 12 13 21 23 26 30 32 45
    -7632.7309570312  1  2  3  4  5  6  7  8  9 11 14 18 22 28 41 44 45 48
    -7632.7221679688  7  8  9 10 11 12 13 14 15 17 19 20 21 22 30 35 39 48
    -7632.7021484375  1  2  3  4  5  7  8  9 10 11 12 23 24 25 34 38 44 45
    -7632.6938476562  1  2  3  5  6  7  9 10 11 12 16 23 24 25 34 44 45 46
    -7632.6923828125  1  2  3  7  8  9 13 14 15 17 19 20 21 24 28 30 35 46
    -7632.6918945312  2  4  5  6  7  8  9 10 12 13 15 21 23 26 30 31 40 45
    -7632.6767578125  1  2  3  5  6  7 15 16 17 20 22 23 24 25 30 32 39 46
    -7632.6762695312  1  2  3  6  7  9 14 15 16 17 20 22 24 25 30 32 39 46
    -7632.6748046875  1  2  3  4  5  7  8  9 10 11 12 16 23 34 35 38 44 45
    -7632.6728515625  1  2  3  6  7  9 10 15 16 17 20 22 24 25 30 32 39 46
    -7632.6372070312  1  2  3  5  6  7  8 15 16 17 21 22 23 24 30 32 44 52
    -7632.6333007812  1  2  3  5  6  7  8 11 15 16 17 23 24 30 32 44 45 46
    -7632.6088867188  1  2  3  7  8 16 17 18 20 22 23 24 34 39 43 45 47 48
    -7632.5932617188  1  2  3  6  7  9 10 13 16 17 20 23 32 39 40 42 46 47
    -7632.5913085938  1  2  3  6  7  9 10 16 17 20 22 24 25 30 34 39 46 47
    -7632.5854492188  1  2  3  5  6  7 15 16 17 21 22 23 24 28 30 32 47 52
    -7632.5556640625  1  2  3  7 16 17 18 20 21 22 23 24 34 39 43 45 47 48
    -7632.5483398438  1  2  3  4  5  6  8  9 11 14 18 23 28 30 41 44 45 48
    -7632.5390625000  1  2  3  6  7  9 10 16 17 20 22 23 25 30 34 39 46 47
    -7632.5253906250  1  2  6  7  8 10 11 13 15 16 17 20 21 30 35 36 39 43
    -7632.5146484375  1  2  3  5  6  7  9 10 11 12 16 23 24 25 26 34 45 46
    -7632.4799804688  1  2  3  4  6  7  8 11 12 17 20 22 23 29 33 38 39 54
    -7632.4780273438  1  2  3  6  7  9 10 12 13 14 16 17 23 26 39 40 42 46
    -7632.4619140625  1  2  4  7  8  9 10 12 15 16 17 20 22 36 38 42 45 60
    -7632.4511718750  2  4  7  8  9 10 12 13 15 16 17 20 22 36 38 42 45 60
    -7632.4233398438  2  3  6  8 13 15 17 19 20 21 24 27 30 35 38 42 43 46
    -7632.3974609375  6  7  8 10 11 13 14 15 16 17 20 21 22 30 35 38 39 45
    -7632.3750000000  2  3  4  6  8 11 12 13 14 18 19 20 21 23 30 35 40 46
    -7632.3691406250  2  3  6  8 10 11 12 13 14 18 19 20 21 23 30 35 40 46
    -7632.3623046875  1  2  3  4  5  6  7  8  9 11 14 16 18 22 24 28 45 60
    -7632.3305664062  1  2  3  4  5  7  8 11 13 15 16 17 21 23 26 30 37 42
    -7632.3251953125  2  3  5  6  7  8  9 11 12 13 21 30 31 33 35 40 42 46
    -7632.3012695312  1  2  3  4  5  7  8 11 13 15 16 17 21 26 30 37 39 42
    -7632.2978515625  2  3  4  5  6  7  8  9 12 13 21 30 31 33 35 40 42 46
    -7632.2641601562  1  2  3  4  5  7  8 11 12 16 22 26 32 33 39 40 42 45
    -7632.2304687500  1  2  3  6 14 16 17 18 20 21 22 23 24 34 43 45 47 51
    -7632.2270507812  1  2  3  4  6  7  8  9 11 12 22 23 33 34 36 38 39 54
    -7632.1860351562  1  2  4  5  7  8  9 10 15 16 19 23 26 30 33 36 45 48
    -7632.1464843750  1  2  3  4  6  7  8  9 11 12 22 31 33 34 38 39 40 54
    -7632.0927734375  3  4  5  6 10 11 13 16 18 20 23 35 36 40 44 45 46 48
