0 -7728.5463867188 13 20 21
.0214843750 -7728.5249023438 13 15 21
.0400390626 -7728.5063476562  2 20 21
.0400390626 -7728.5063476562  3 19 20
.0400390626 -7728.5063476562  6 22 23
.0625000000 -7728.4838867188 10 16 18
.0625000000 -7728.4838867188 11 17 18
.0625000000 -7728.4838867188  7 13 15
.2031250000 -7728.3432617188 16 20 21
.2607421876 -7728.2856445312  3 19 24
.2841796876 -7728.2622070312 10 16 23
.2841796876 -7728.2622070312  3 13 20
.2841796876 -7728.2622070312  6 16 23
.2841796876 -7728.2622070312  8 15 21
.2841796876 -7728.2622070312  9 14 19
.2919921876 -7728.2543945312  3 14 19
.2919921876 -7728.2543945312  6 17 22
.2919921876 -7728.2543945312  7 15 21
.3164062500 -7728.2299804688  8 15 26
.3315429688 -7728.2148437500 10 14 16
.3315429688 -7728.2148437500  8 15 16
.3408203126 -7728.2055664062  8  9 14
.3413085938 -7728.2050781250  1  8 11
.3417968750 -7728.2045898438  8 10 16
.3496093750 -7728.1967773438  1  6 22
.3730468750 -7728.1733398438  8 11 14
.3730468750 -7728.1733398438  9 12 13
.3730468750 -7728.1733398438  9 12 16
.3798828126 -7728.1665039062  3 19 22
.3798828126 -7728.1665039062  8 14 17
.4052734376 -7728.1411132812 14 15 19
.4067382813 -7728.1396484375 22 23 26
.4130859376 -7728.1333007812 13 16 17
.4409179688 -7728.1054687500  9 13 14
.4428710938 -7728.1035156250 11 18 38
.5039062500 -7728.0424804688 10 13 16
.5566406250 -7727.9897460938  8 15 29
.5815429688 -7727.9648437500  7 15 34
.7387695313 -7727.8076171875 19 22 35
.7416992188 -7727.8046875000  2 32 45
