0 -7620.7041015625  1  2  3  4  5  6  7  9 10 11 12 13 15 16 17 18 20 24 25 34
.0161132813 -7620.6879882812  1  2  4  6  7  8  9 10 11 12 14 15 16 17 18 20 21 22 23 25
.0219726563 -7620.6821289062  1  2  3  4  5  7  9 10 11 12 14 15 16 17 18 20 22 26 34 37
.0302734375 -7620.6738281250  1  2  4  6  7  9 10 11 12 13 14 15 16 17 18 20 21 22 25 34
.0351562500 -7620.6689453125  1  2  3  4  5  6 12 14 15 16 17 18 19 20 21 22 23 24 34 37
.0366210937 -7620.6674804688  1  2  4  6  7  9 10 11 12 14 15 16 17 18 20 21 22 23 25 34
.0444335937 -7620.6596679688  1  2  3  4  6  7  8  9 10 11 12 13 15 16 17 18 20 21 22 24
.0449218750 -7620.6591796875  1  2  4  6  7  9 10 11 12 13 14 15 16 17 18 20 21 22 23 25
.0502929687 -7620.6538085938  1  2  3  4  5  6  7  9 10 11 12 13 14 15 16 17 18 19 20 22
.0512695313 -7620.6528320312  1  3  4  5  6 11 12 14 15 16 17 18 19 20 21 22 23 24 34 37
.0590820313 -7620.6450195312  1  2  3  4  5  6  7  9 10 11 12 13 14 15 16 17 18 20 22 28
.0708007813 -7620.6333007812  1  2  3  4  6  7  9 11 12 13 15 16 17 18 19 20 21 22 24 25
.0717773437 -7620.6323242188  1  2  3  4  6  7  8  9 11 12 13 15 16 17 18 20 21 22 24 41
.0781250000 -7620.6259765625  1  2  3  4  6  7  9 10 11 12 13 15 16 17 18 20 21 22 24 25
.0839843750 -7620.6201171875  1  2  3  4  6  7  8  9 10 11 12 15 16 17 18 20 21 22 24 34
.0839843750 -7620.6201171875  2  3  4  5  6 12 13 14 15 16 17 18 19 20 21 22 23 24 30 34
.0859375000 -7620.6181640625  1  2  4  6  7  8  9 10 11 12 15 16 17 18 20 21 22 23 24 34
.0859375000 -7620.6181640625  1  2  4  7  8  9 10 11 12 14 15 16 17 18 20 21 22 25 26 34
.0869140625 -7620.6171875000  1  2  3  4  5  7  8  9 10 12 14 15 17 18 19 20 22 23 24 31
.0888671875 -7620.6152343750  1  2  3  4  5  7  8  9 10 11 12 14 15 17 18 19 20 22 24 31
.0927734375 -7620.6113281250  2  3  4  5  6  9 12 13 14 15 16 17 18 19 20 21 22 23 24 34
.0952148437 -7620.6088867188  1  2  3  4  5  6  7  9 10 11 12 13 15 17 18 20 21 22 24 28
.0957031250 -7620.6083984375  1  2  4  6  7  9 10 11 12 13 14 15 16 17 18 20 21 22 25 29
.0961914063 -7620.6079101562  1  2  3  4  7  9 11 13 15 16 17 18 20 21 22 24 25 26 34 36
.0971679687 -7620.6069335938  1  2  3  4  7  9 11 12 13 15 16 17 18 20 21 22 25 26 34 36
.0971679687 -7620.6069335938  2  3  4  7  8  9 11 12 13 14 15 16 17 18 19 20 21 22 24 30
.0986328125 -7620.6054687500  1  3  4  6  8 10 11 12 14 15 16 17 18 19 20 21 22 23 24 25
.0991210937 -7620.6049804688  1  2  3  4  6  7  9 11 12 13 15 16 17 18 20 21 22 24 34 37
.1000976563 -7620.6040039062  1  2  3  4  6  7  8  9 10 11 12 15 16 17 18 20 21 22 24 37
.1005859375 -7620.6035156250  2  3  4  7  8  9 11 12 13 14 15 17 18 19 20 21 22 24 30 33
.1025390625 -7620.6015625000  3  4  7  8  9 10 11 12 13 14 15 16 17 18 19 20 21 22 24 30
.1044921875 -7620.5996093750  2  4  6  7  8  9 10 11 12 13 15 16 17 18 20 21 22 23 24 25
.1074218750 -7620.5966796875  1  2  3  4  5  6  8 11 12 14 15 16 17 18 19 20 21 22 23 24
.1088867187 -7620.5952148438  1  3  4  7  8  9 10 11 12 14 15 17 18 19 20 21 22 24 28 37
.1103515625 -7620.5937500000  1  2  4  5  6  7 10 11 12 13 14 15 17 18 19 20 21 22 23 29
.1108398437 -7620.5932617188  2  3  4  7  9 11 12 13 14 15 17 18 19 20 21 22 24 25 30 46
.1127929687 -7620.5913085938  3  4  5  6  7 10 11 12 13 14 15 16 17 18 19 20 21 22 23 24
.1181640625 -7620.5859375000  1  2  3  4  5  6  7  9 10 11 12 13 15 16 17 18 20 25 28 34
.1191406250 -7620.5849609375  1  2  3  4  5  6  7  9 10 11 12 13 14 16 17 18 20 22 23 43
.1191406250 -7620.5849609375  1  3  4  6  7  8 10 11 12 14 15 16 17 18 19 20 21 22 23 25
.1191406250 -7620.5849609375  2  3  4  6  7  9 11 12 13 15 16 17 18 20 21 22 24 34 36 37
.1206054687 -7620.5834960938  1  2  3  4  5  6  7  9 10 11 12 13 14 16 17 18 20 22 23 35
.1210937500 -7620.5830078125  1  2  4  6  7  9 10 11 12 14 15 16 17 18 20 21 22 25 29 34
.1220703125 -7620.5820312500  1  2  3  4  5  6 12 14 15 16 17 18 19 20 21 22 23 24 34 36
.1240234375 -7620.5800781250  2  3  4  7  8  9 11 12 13 14 15 17 18 19 20 21 22 24 30 46
.1245117187 -7620.5795898438  1  2  3  4  7  8  9 11 12 13 15 16 17 18 20 21 22 24 34 36
.1254882813 -7620.5786132812  1  4  6  8 10 11 12 14 15 16 17 18 19 20 21 22 23 24 25 35
.1284179687 -7620.5756835938  2  4  6  7  8 10 11 12 13 15 16 17 18 20 21 22 23 24 25 29
.1289062500 -7620.5751953125  1  2  3  4  5  6  7  9 10 11 12 14 16 17 18 19 20 22 34 35
.1298828125 -7620.5742187500  1  3  4  5  6 11 12 14 15 16 17 18 19 20 21 22 23 24 34 38
.1303710937 -7620.5737304688  3  4  7  8  9 10 11 12 13 14 15 16 17 18 19 20 21 22 24 34
.1308593750 -7620.5732421875  1  2  3  4  6  7  9 11 12 13 15 16 17 18 20 21 22 24 25 29
.1308593750 -7620.5732421875  1  4  6  8 10 11 12 14 15 16 17 18 19 20 21 22 23 24 25 36
.1323242187 -7620.5717773438  1  2  3  4  6  7  8  9 10 11 13 14 15 17 18 19 20 24 25 46
.1323242187 -7620.5717773438  2  3  4  5  7  9 11 12 13 14 15 17 18 19 20 21 22 24 25 30
.1337890625 -7620.5703125000  1  2  3  4  5  7  8  9 10 12 14 15 16 17 18 19 20 22 23 36
.1362304687 -7620.5678710938  1  2  3  4  6  7  9 11 12 15 17 18 20 21 22 24 25 34 37 40
.1367187500 -7620.5673828125  1  2  3  4  5  7  8  9 10 11 14 15 17 18 19 20 22 24 31 32
.1372070313 -7620.5668945312  3  4  7  8  9 11 12 13 14 15 16 17 18 19 20 21 22 24 25 28
.1406250000 -7620.5634765625  1  2  3  4  5  6  7  9 10 11 12 14 15 16 17 20 22 26 34 37
.1411132813 -7620.5629882812  4  6  8 10 11 12 13 14 15 16 17 18 19 20 21 22 23 24 25 36
.1420898437 -7620.5620117188  1  2  3  4  5  6  7  9 11 12 13 14 15 17 18 20 21 22 28 37
.1430664063 -7620.5610351562  1  2  3  4  5  6  7  9 10 11 12 14 16 17 18 19 20 22 27 34
.1430664063 -7620.5610351562  1  3  4  6  7 10 11 12 14 15 16 17 18 19 20 21 22 23 25 34
.1469726563 -7620.5571289062  1  2  3  4  5  6  7  9 10 11 12 13 14 16 17 18 19 20 22 27
.1474609375 -7620.5566406250  2  3  4  5  6 11 12 13 14 15 16 17 18 19 20 21 22 24 37 39
.1489257813 -7620.5551757812  1  2  3  4  5  6  7  9 10 12 13 14 15 16 17 18 20 22 23 43
.1499023437 -7620.5541992188  1  2  3  4  5  6  7  9 11 12 13 15 17 18 20 21 22 24 28 41
.1499023437 -7620.5541992188  1  2  3  4  6  7  9 11 12 15 16 17 18 19 20 21 22 24 25 34
.1499023437 -7620.5541992188  1  2  4  7  8 10 11 12 14 15 16 17 18 19 20 21 22 26 34 39
.1503906250 -7620.5537109375  1  4  6  8 10 11 12 14 15 16 17 18 19 20 21 22 23 24 25 45
.1528320313 -7620.5512695312  1  2  3  4  6  7  8  9 10 11 12 14 15 16 17 18 20 22 34 43
.1533203125 -7620.5507812500  3  4  5  6  7 10 11 12 13 14 16 17 18 19 20 21 22 23 24 39
.1538085937 -7620.5502929688  1  2  3  4  7  8 11 12 13 15 16 17 18 19 20 21 22 24 27 36
.1538085937 -7620.5502929688  1  3  4  5  6  8 11 12 14 15 16 17 18 19 20 21 22 23 24 38
.1552734375 -7620.5488281250  1  2  3  4  5  6  7 10 11 12 13 15 17 18 20 21 22 24 27 28
.1552734375 -7620.5488281250  1  2  3  4  5  6  7  9 10 11 12 13 14 16 17 18 20 22 39 47
.1577148437 -7620.5463867188  3  4  6  8 10 11 12 13 14 15 16 17 18 19 20 21 22 23 24 25
.1586914063 -7620.5454101562  1  2  4  6  7  9 10 11 12 13 14 15 16 17 18 20 21 22 25 39
.1591796875 -7620.5449218750  2  4  5  7 10 11 12 13 14 15 16 17 18 19 20 21 22 24 37 39
.1591796875 -7620.5449218750  2  4  6  7  9 10 11 12 13 14 15 16 17 18 20 21 22 24 25 37
.1606445313 -7620.5434570312  2  4  6  7  8 10 11 12 13 15 16 17 18 20 21 22 23 24 25 45
.1606445313 -7620.5434570312  3  4  7  9 11 12 13 14 15 17 18 19 20 21 22 24 25 28 30 34
.1611328125 -7620.5429687500  1  2  3  4  6  7  9 11 12 13 15 17 18 20 21 22 24 34 37 40
.1616210937 -7620.5424804688  1  3  5  7  9 10 11 12 14 16 17 18 19 20 22 23 24 28 34 35
.1616210937 -7620.5424804688  2  3  4  7  8  9 11 12 13 14 15 17 18 19 20 21 22 24 25 28
.1625976563 -7620.5415039062  2  3  4  7  8  9 11 12 13 15 16 17 18 20 21 22 24 34 36 41
.1630859375 -7620.5410156250  1  2  3  4  7  8 10 11 12 14 15 16 17 18 20 21 22 26 34 39
.1635742187 -7620.5405273438  1  2  3  4  5  6  7  9 10 11 12 13 14 16 17 18 20 22 27 37
.1650390625 -7620.5390625000  2  3  4  5  7  8  9 11 12 13 14 15 17 18 19 20 21 22 24 26
.1660156250 -7620.5380859375  1  3  5  6  7  9 10 11 12 14 16 17 18 19 20 22 23 24 34 35
.1669921875 -7620.5371093750  2  3  4  7  8 10 11 12 13 15 16 17 18 19 20 21 22 24 27 36
.1674804687 -7620.5366210938  2  4  6  7  8  9 10 11 12 13 14 15 16 17 18 20 21 22 25 29
.1684570313 -7620.5356445312  2  3  4  5  6 12 13 14 15 16 17 18 19 20 21 22 23 24 37 39
.1694335937 -7620.5346679688  2  3  4  5  6 12 13 14 15 16 17 18 19 20 21 22 23 24 34 37
.1699218750 -7620.5341796875  2  4  7  9 10 11 12 13 14 15 16 17 18 20 21 22 24 25 29 34
.1708984375 -7620.5332031250  2  4  5  7 10 12 13 14 15 16 17 18 19 20 21 22 23 24 37 39
.1718750000 -7620.5322265625  2  3  4  5  6  7  9 11 12 13 15 17 18 20 21 22 24 34 36 40
.1718750000 -7620.5322265625  2  4  5  7 10 11 12 13 14 15 16 17 18 19 20 21 22 23 24 44
.1718750000 -7620.5322265625  2  4  6  7  8 10 11 12 13 15 16 17 18 20 21 22 23 24 25 28
.1723632813 -7620.5317382812  3  4  5  6  9 10 11 12 13 14 15 16 17 18 19 20 22 24 28 30
.1728515625 -7620.5312500000  1  2  4  6  7  9 10 11 12 14 15 16 17 18 20 21 22 25 26 34
.1733398437 -7620.5307617188  3  4  7  8  9 11 12 13 14 15 17 18 19 20 21 22 24 25 28 30
.1738281250 -7620.5302734375  1  3  4  5  6  7  9 10 11 12 14 17 18 19 20 22 23 28 34 35
.1743164063 -7620.5297851562  1  2  3  4  7  8  9 11 12 13 15 17 18 19 20 21 22 24 25 28
.1748046875 -7620.5292968750  1  2  4  6  7  8  9 10 11 12 15 17 18 20 21 22 23 24 28 34
.1748046875 -7620.5292968750  3  4  6  7 10 11 12 13 14 15 16 17 18 19 20 21 22 23 24 25
.1752929687 -7620.5288085938  1  2  3  4  5  6  8  9 10 12 14 16 17 18 19 20 22 23 29 36
.1752929687 -7620.5288085938  1  2  3  4  6  7  8  9 11 12 13 15 17 18 19 21 22 23 24 25
.1772460937 -7620.5268554688  4  6  7  8  9 10 11 12 13 14 15 16 17 18 19 20 21 22 24 25
.1777343750 -7620.5263671875  2  3  4  5  7  8 11 12 13 15 16 17 18 19 20 21 22 24 27 36
.1787109375 -7620.5253906250  1  2  3  4  6  7  9 11 12 13 15 16 17 18 20 21 22 26 34 36
.1787109375 -7620.5253906250  1  2  4  7  8 10 11 12 14 15 16 17 18 20 21 22 25 26 34 39
.1791992187 -7620.5249023438  1  2  3  4  6  7  8  9 10 11 13 15 17 18 19 20 23 24 25 46
.1791992187 -7620.5249023438  1  2  3  4  6  7  9 10 11 12 14 15 16 17 18 20 22 25 29 34
.1791992187 -7620.5249023438  1  3  4  7  9 11 12 14 15 17 18 19 20 21 22 24 25 28 34 37
.1791992187 -7620.5249023438  2  3  4  5  7 10 12 13 14 15 16 17 18 19 20 21 22 23 24 44
.1796875000 -7620.5244140625  1  2  3  4  6  7  8  9 10 11 12 14 15 16 17 18 20 22 33 34
.1796875000 -7620.5244140625  1  3  4  7  9 10 11 12 14 15 17 18 19 20 21 22 24 28 34 37
.1796875000 -7620.5244140625  2  3  4  6  7  9 11 12 13 15 17 18 20 21 22 24 34 36 37 40
.1806640625 -7620.5234375000  1  2  3  4  7  8  9 10 11 12 13 17 18 19 20 21 23 24 25 26
.1806640625 -7620.5234375000  2  4  5  7 10 12 13 14 15 16 17 18 19 20 21 22 23 24 37 45
.1811523437 -7620.5229492188  1  2  3  4  7  8  9 10 11 12 14 15 16 17 18 20 22 26 34 39
.1816406250 -7620.5224609375  1  2  3  4  7 11 13 14 15 16 17 18 19 20 21 22 24 25 34 39
.1816406250 -7620.5224609375  1  2  4  6  7  8 10 11 12 14 15 16 17 18 21 22 23 25 26 34
.1816406250 -7620.5224609375  1  3  4  5  7  8  9 10 11 12 14 15 16 17 18 22 23 26 28 43
.1816406250 -7620.5224609375  2  3  4  6  7  8  9 11 12 13 15 16 17 18 20 21 22 24 36 41
.1816406250 -7620.5224609375  3  4  5  6  9 10 11 12 13 14 17 18 19 20 21 22 23 24 30 43
.1826171875 -7620.5214843750  1  2  3  4  5  6  7  9 10 11 12 13 17 18 20 21 22 24 27 28
.1831054687 -7620.5209960938  1  2  3  4  5  6  7 10 11 12 13 15 17 18 20 21 24 27 28 34
.1831054687 -7620.5209960938  1  2  3  4  5  6  7  9 10 11 12 13 14 16 17 18 20 22 27 39
.1835937500 -7620.5205078125  1  2  3  4  5  6  7  9 10 11 12 13 14 16 17 18 20 22 29 39
.1845703125 -7620.5195312500  1  2  3  4  5  7  8  9 10 11 12 14 17 18 19 20 22 23 29 36
.1860351563 -7620.5180664062  1  2  3  4  5  6  7  9 10 11 12 14 15 16 17 20 21 22 26 34
.1870117187 -7620.5170898438  2  4  6  7  8 10 11 12 13 15 16 17 18 20 21 22 23 24 25 30
.1875000000 -7620.5166015625  1  3  4  5  6  7  9 10 11 12 13 14 15 16 17 18 19 20 22 28
.1875000000 -7620.5166015625  3  4  5  6 10 11 12 13 14 15 16 18 19 20 21 22 23 24 28 34
.1875000000 -7620.5166015625  4  6  7  8  9 10 11 12 13 14 15 16 17 18 20 21 22 23 25 43
.1879882813 -7620.5161132812  1  2  3  4  5  6  7  9 10 11 12 14 17 18 19 20 22 29 34 35
.1884765625 -7620.5156250000  2  3  4  7  9 11 12 13 14 15 17 18 19 20 21 22 24 25 30 37
.1889648437 -7620.5151367188  1  2  3  4  5  6  7  8  9 10 11 12 14 15 17 18 20 22 43 47
.1889648437 -7620.5151367188  2  3  4  6  7  9 11 12 13 14 15 17 18 20 21 22 24 34 37 40
.1899414063 -7620.5141601562  1  2  3  4  5  7  8  9 10 11 12 14 15 16 17 18 22 26 28 34
.1899414063 -7620.5141601562  1  2  3  4  7  8  9 10 11 12 13 15 17 18 19 20 23 24 25 46
.1899414063 -7620.5141601562  1  2  3  5  7  9 12 13 14 15 16 17 18 19 20 21 22 23 24 33
.1899414063 -7620.5141601562  1  4  5  7  9 10 11 12 13 14 15 17 18 19 20 21 22 24 28 34
.1899414063 -7620.5141601562  2  3  4  6  7  9 11 12 13 15 17 18 20 21 22 24 31 34 37 40
.1909179687 -7620.5131835938  2  3  4  6  7  9 10 11 12 13 15 17 18 20 21 22 24 34 37 40
.1918945313 -7620.5122070312  2  3  4  5  6 11 12 13 14 16 17 18 19 20 21 22 23 24 37 39
.1918945313 -7620.5122070312  2  3  4  6  7  9 10 11 12 13 14 15 17 18 20 21 22 25 34 40
.1918945313 -7620.5122070312  2  4  7  8 10 11 12 13 15 16 17 18 19 20 21 22 24 27 29 36
.1923828125 -7620.5117187500  1  2  3  4  7  8  9 11 12 13 15 16 17 18 20 22 26 27 33 36
.1923828125 -7620.5117187500  1  4  6 10 11 12 14 15 16 17 18 19 20 21 22 23 24 25 34 45
.1923828125 -7620.5117187500  4  6  7  8  9 10 11 12 13 14 15 16 17 18 20 21 22 24 25 43
.1928710937 -7620.5112304688  1  2  3  4  7 11 13 14 15 16 17 18 19 20 21 22 24 25 34 35
.1958007813 -7620.5083007812  1  2  4  5  6  7  9 10 12 13 14 15 16 17 18 20 22 23 43 45
.1958007813 -7620.5083007812  2  3  4  7  8  9 11 12 13 15 16 17 18 20 21 22 24 26 27 36
.1962890625 -7620.5078125000  3  4  7  9 11 12 13 14 15 17 18 19 20 21 22 24 25 28 30 46
.1982421875 -7620.5058593750  2  3  4  7  8 10 11 12 13 15 16 17 18 20 21 22 24 26 27 36
.1987304687 -7620.5053710938  1  2  3  4  6  7  8  9 10 11 12 14 15 16 17 18 20 22 34 36
.1987304687 -7620.5053710938  2  3  4  7  8  9 11 12 13 15 16 17 18 20 21 22 24 36 41 43
.1992187500 -7620.5048828125  1  2  4  6  7  8  9 10 11 12 14 15 16 17 18 21 22 23 25 26
.2006835937 -7620.5034179688  1  2  6  8  9 10 12 14 15 16 17 18 19 20 21 22 23 24 29 34
.2011718750 -7620.5029296875  1  2  3  4  7  8  9 10 11 12 13 14 16 17 18 20 25 26 39 46
.2011718750 -7620.5029296875  1  2  3  4  7  8  9 10 11 12 13 14 17 18 19 20 21 22 24 47
.2026367187 -7620.5014648438  2  3  4  5  6  7  9 10 11 12 13 14 15 17 18 20 21 22 34 40
.2026367187 -7620.5014648438  2  4  5  6  7 10 11 12 13 14 15 16 17 18 19 20 21 22 37 39
.2050781250 -7620.4990234375  1  2  3  4  7  8  9 10 11 12 13 14 16 17 18 20 25 39 46 48
.2050781250 -7620.4990234375  2  4  7  8  9 10 11 12 13 15 16 17 18 19 20 21 22 24 33 36
.2075195313 -7620.4965820312  1  2  3  4  5  6  8 10 11 13 14 15 16 18 19 20 21 22 23 24
.2084960937 -7620.4956054688  1  3  4  5  6  7 10 11 12 13 14 15 16 17 18 19 20 21 22 39
.2089843750 -7620.4951171875  1  2  3  4  6  8  9 10 12 14 15 16 17 18 19 20 22 23 34 36
.2124023437 -7620.4916992188  2  4  7  8 10 11 12 13 15 16 17 18 19 20 21 22 24 29 35 36
.2128906250 -7620.4912109375  1  2  4  6  7  8  9 10 11 12 15 17 18 20 21 22 23 24 25 34
.2143554687 -7620.4897460938  1  2  4  6  7  8 10 11 12 14 15 16 17 18 20 21 22 26 34 39
.2167968750 -7620.4873046875  1  2  3  4  5  6  7  9 10 11 12 13 14 15 17 18 20 34 37 43
.2187500000 -7620.4853515625  1  3  4  5  7  8  9 10 11 12 14 15 16 17 18 22 26 28 34 43
.2202148437 -7620.4838867188  2  4  7  9 10 11 12 13 14 15 16 17 18 19 20 22 24 25 29 34
.2231445313 -7620.4809570312  3  4  6 10 11 12 13 14 16 17 18 19 20 21 22 23 24 34 37 39
.2236328125 -7620.4804687500  1  3  4  5  6  7 10 11 12 14 17 18 19 20 21 22 23 28 34 35
.2236328125 -7620.4804687500  1  4  5  6 10 11 12 14 15 16 17 18 19 20 21 22 23 28 29 36
.2241210937 -7620.4799804688  1  2  4  8  9 10 12 14 15 16 17 18 19 20 21 22 23 24 26 34
.2246093750 -7620.4794921875  1  3  4  7  8  9 10 11 12 14 15 17 18 19 20 21 24 28 37 46
.2250976563 -7620.4790039062  1  2  3  4  5  7  9 10 11 13 14 17 18 19 20 21 22 24 30 47
.2250976563 -7620.4790039062  1  4  5  7  9 10 11 12 13 14 15 17 18 19 20 21 22 26 28 31
.2270507813 -7620.4770507812  1  3  4  5  6  7  9 10 11 12 13 14 15 16 17 18 19 20 22 45
.2275390625 -7620.4765625000  2  3  4  5  6  7 11 12 13 14 15 17 18 19 20 21 22 24 37 39
.2290039063 -7620.4750976562  1  2  3  4  6  7  8  9 11 12 13 15 17 18 19 21 22 23 24 46
.2294921875 -7620.4746093750  1  3  4  7  9 10 11 12 13 14 15 17 18 19 20 24 25 28 37 46
.2299804687 -7620.4741210938  1  2  3  4  6  7  9 11 12 13 15 17 18 20 21 22 25 34 40 48
.2299804687 -7620.4741210938  2  3  4  5  7  9 10 12 13 14 16 17 18 19 20 21 22 23 24 44
.2304687500 -7620.4736328125  1  2  3  4  7 11 13 15 16 17 18 20 21 22 24 25 26 34 36 39
.2304687500 -7620.4736328125  1  2  3  4  7  8  9 10 11 12 13 14 17 18 19 20 25 39 46 48
.2319335937 -7620.4721679688  2  4  6  7  8  9 10 12 13 14 15 16 17 18 20 21 22 23 25 43
.2324218750 -7620.4716796875  1  2  3  4  7  8  9 10 11 12 13 14 17 18 19 20 25 26 39 46
.2324218750 -7620.4716796875  1  2  4  5  6  7  9 10 12 13 14 15 16 18 20 21 22 23 31 33
.2324218750 -7620.4716796875  2  3  4  5  7  9 10 11 12 13 15 18 19 20 21 24 25 26 33 34
.2338867187 -7620.4702148438  1  2  3  4  6  7  8 10 11 12 13 15 16 17 18 20 21 22 26 47
.2343750000 -7620.4697265625  3  4  7  9 11 12 13 14 15 16 17 18 19 20 21 22 24 25 28 30
.2373046875 -7620.4667968750  1  2  3  4  6  7  9 11 12 13 15 17 18 20 21 22 24 31 37 40
.2373046875 -7620.4667968750  1  2  3  4  7  8 10 11 12 13 14 15 17 18 19 20 21 22 24 47
.2397460937 -7620.4643554688  1  2  3  4  5  7  9 13 14 16 17 18 19 20 21 22 23 24 25 32
.2397460937 -7620.4643554688  3  4  7  8  9 11 12 13 14 15 17 18 19 20 21 22 24 25 28 48
.2402343750 -7620.4638671875  1  2  3  4  5  6  7  8  9 10 12 14 16 17 18 19 21 22 23 30
.2402343750 -7620.4638671875  2  4  5  7  9 10 11 12 13 15 18 19 20 21 23 24 25 26 33 34
.2412109375 -7620.4628906250  1  2  3  4  5  6  8  9 10 12 14 16 17 18 19 20 22 23 26 28
.2412109375 -7620.4628906250  1  2  3  4  7  8  9 10 11 12 13 17 18 19 20 21 24 25 26 46
.2412109375 -7620.4628906250  1  2  4  5  7  8  9 10 12 14 15 16 17 18 20 21 22 23 24 26
.2416992187 -7620.4624023438  1  2  3  4  6  7 11 12 15 16 17 18 19 20 21 22 24 25 34 37
.2421875000 -7620.4619140625  1  2  3  4  5  7  9 13 14 16 17 18 19 20 21 22 23 24 32 37
.2431640625 -7620.4609375000  1  2  3  4  5  6  7  9 11 12 13 14 15 17 18 20 22 28 33 37
.2431640625 -7620.4609375000  1  2  3  4  5  7  8  9 10 12 14 15 16 17 18 19 22 23 26 36
.2436523437 -7620.4604492188  2  3  4  7  8 10 11 12 13 15 16 17 18 20 21 22 24 27 34 36
.2451171875 -7620.4589843750  1  3  4  5  7  9 10 11 12 13 14 15 17 18 19 20 24 28 34 40
.2460937500 -7620.4580078125  1  2  3  4  6  7  8 11 12 13 15 16 17 19 20 21 22 24 27 36
.2460937500 -7620.4580078125  1  2  3  4  6  7  8  9 10 11 13 15 17 18 19 20 24 25 28 46
.2460937500 -7620.4580078125  1  4  5  7  9 10 11 12 13 14 15 17 18 19 20 21 22 26 28 34
.2460937500 -7620.4580078125  1  4  7  9 10 11 12 13 14 15 17 18 19 20 21 24 25 28 37 46
.2460937500 -7620.4580078125  3  4  5  6 10 11 12 13 14 15 16 18 19 20 21 22 23 24 34 39
.2465820313 -7620.4575195312  1  2  3  4  5  7  8  9 10 11 12 14 15 16 17 18 22 26 34 43
.2470703125 -7620.4570312500  1  2  3  4  5  6  7  9 10 11 12 13 14 15 17 18 20 21 34 37
.2475585937 -7620.4565429688  2  3  4  6  7  9 10 11 12 13 14 16 17 18 20 21 22 24 25 27
.2475585937 -7620.4565429688  3  4  5  6  9 10 11 12 13 14 17 18 19 20 22 23 24 30 34 43
.2480468750 -7620.4560546875  1  2  3  4  5  6  8  9 10 12 14 16 17 18 19 20 22 23 26 34
.2480468750 -7620.4560546875  1  2  3  4  7  8  9 10 11 12 13 17 18 19 20 24 25 26 39 46
.2485351563 -7620.4555664062  1  3  4  5  7  9 10 11 12 14 15 17 18 19 20 24 34 37 40 43
.2485351563 -7620.4555664062  3  4  6  7 10 11 12 13 14 16 17 18 19 20 21 22 23 24 37 39
.2490234375 -7620.4550781250  1  2  8  9 10 12 14 15 16 17 18 19 20 21 22 23 24 26 29 34
.2495117187 -7620.4545898438  1  2  4  5  6  7  9 10 12 13 15 16 17 18 20 22 23 26 28 45
.2504882813 -7620.4536132812  1  2  4  7  8  9 10 12 14 15 16 17 18 20 21 22 23 24 26 34
.2504882813 -7620.4536132812  2  4  5  7 10 11 12 13 14 15 17 18 19 20 21 22 24 35 37 39
.2509765625 -7620.4531250000  1  2  3  4  5  6  7  8  9 10 11 12 14 17 19 20 22 26 27 47
.2514648437 -7620.4526367188  1  3  4  6  7  8  9 10 11 12 13 15 17 18 19 20 24 25 28 46
.2514648437 -7620.4526367188  1  3  4  7  8  9 10 11 12 14 16 17 18 20 23 24 25 28 34 46
.2514648437 -7620.4526367188  2  3  4  5  7  8  9 10 11 12 13 14 15 18 19 20 21 24 25 31
.2519531250 -7620.4521484375  1  2  4  5  7  9 10 12 13 15 16 17 18 20 22 23 24 26 28 45
.2519531250 -7620.4521484375  2  4  6  7  8  9 10 11 12 13 14 15 16 17 18 20 21 22 24 41
.2534179687 -7620.4506835938  2  4  6  7  8 10 12 13 14 15 16 17 18 20 21 22 23 24 25 43
.2539062500 -7620.4501953125  2  4  7  8 10 11 12 13 15 16 17 18 19 20 21 22 24 33 36 39
.2543945313 -7620.4497070312  1  2  3  4  5  6  7  9 10 11 12 13 15 16 17 18 24 25 34 43
.2543945313 -7620.4497070312  2  3  4  5  7 10 11 12 13 14 15 17 18 19 20 21 22 24 37 39
.2543945313 -7620.4497070312  3  4  5  6  9 10 11 12 13 14 15 16 17 18 19 20 24 25 28 30
.2553710937 -7620.4487304688  1  2  3  4  5  7  8  9 10 11 13 14 15 17 18 20 22 24 31 32
.2563476563 -7620.4477539062  3  4  5  6  7 11 12 13 14 16 17 18 19 20 21 22 23 24 37 39
.2568359375 -7620.4472656250  1  2  4  5  6 10 11 12 14 15 17 18 19 20 21 22 24 35 37 40
.2573242187 -7620.4467773438  2  4  6  7  8 10 12 13 15 16 17 18 20 21 22 23 24 25 29 43
.2578125000 -7620.4462890625  3  4  6  7  9 11 12 13 14 15 17 19 20 21 22 24 25 31 34 42
.2587890625 -7620.4453125000  1  3  4  7  8  9 10 11 12 14 15 16 17 18 20 23 24 28 34 46
.2592773437 -7620.4448242188  1  2  3  4  5  6  7  9 11 12 13 14 15 17 18 20 22 28 33 43
.2597656250 -7620.4443359375  1  2  3  4  5  6  7  8 10 11 12 15 16 17 20 21 22 26 32 35
.2597656250 -7620.4443359375  3  4  5  6  7 11 12 13 14 15 16 17 18 19 20 21 22 24 37 39
.2602539063 -7620.4438476562  1  2  4  5  6 10 11 12 13 14 15 16 18 19 20 21 22 23 33 36
.2626953125 -7620.4414062500  3  4  6 10 11 12 13 14 15 16 17 18 19 20 21 22 23 24 34 39
.2636718750 -7620.4404296875  1  2  7  8  9 10 11 12 13 14 15 16 17 18 20 21 22 23 25 38
.2636718750 -7620.4404296875  2  3  4  5  7  9 10 11 12 13 18 19 20 21 23 24 25 26 33 34
.2646484375 -7620.4394531250  1  2  3  4  5  6  7  8 11 12 15 16 17 20 21 22 23 26 35 36
.2656250000 -7620.4384765625  1  4  7  9 10 11 12 13 14 15 17 18 19 20 21 22 24 28 34 40
.2656250000 -7620.4384765625  2  4  6  7  9 10 11 12 13 14 15 16 17 18 19 20 22 25 29 34
.2680664063 -7620.4360351562  1  2  4  7  8  9 10 11 12 15 16 17 18 20 21 22 24 36 39 46
.2685546875 -7620.4355468750  2  3  4  7  8  9 11 12 13 14 15 17 18 19 21 22 24 30 33 46
.2690429687 -7620.4350585938  1  2  3  4  5  7  8  9 10 15 16 17 18 19 20 21 22 23 24 26
.2705078125 -7620.4335937500  2  4  7  8 11 12 13 15 16 17 18 19 20 21 22 24 29 33 35 36
.2719726563 -7620.4321289062  3  4  5  6  9 10 11 12 13 14 15 16 17 18 20 22 24 28 30 43
.2724609375 -7620.4316406250  1  2  3  4  6  7  9 11 12 13 15 16 17 18 20 21 22 33 34 40
.2729492187 -7620.4311523438  1  2  3  4  6  7  8  9 10 11 13 14 15 17 18 20 22 24 31 32
.2734375000 -7620.4306640625  1  2  4  6  7  8 10 11 12 13 14 15 16 17 18 20 21 22 33 47
.2739257813 -7620.4301757812  1  3  4  5  6  7 10 11 12 14 16 17 18 19 20 21 22 23 28 35
.2753906250 -7620.4287109375  3  4  5  7  8  9 10 11 12 13 14 15 18 19 20 21 22 24 31 47
.2758789063 -7620.4282226562  2  3  4  5  7  9 12 13 14 16 17 18 19 20 21 22 23 24 37 44
.2768554687 -7620.4272460938  1  2  3  4  5  6  7  8  9 10 12 14 16 17 18 19 22 23 30 31
.2768554687 -7620.4272460938  1  2  3  4  5  7  8  9 10 11 14 15 17 18 20 22 24 29 31 32
.2768554687 -7620.4272460938  1  2  4  6  7  8  9 10 11 12 14 15 16 17 18 21 22 23 25 38
.2773437500 -7620.4267578125  1  2  4  5  6  7  8 10 11 12 14 15 17 19 20 21 22 27 29 42
.2778320313 -7620.4262695312  1  2  3  4  7  9 11 12 15 16 17 18 20 21 22 24 25 34 36 43
.2783203125 -7620.4257812500  1  4  5  6  9 10 11 12 14 15 18 19 20 21 22 23 28 29 36 37
.2783203125 -7620.4257812500  3  4  5  7  8  9 10 11 12 13 14 15 18 19 20 21 22 26 28 31
.2788085937 -7620.4252929688  2  4  6  7  8  9 10 11 12 13 15 16 17 18 19 20 21 22 24 41
.2792968750 -7620.4248046875  1  2  3  4  5  6  8  9 10 12 14 16 17 18 19 22 23 29 30 36
.2792968750 -7620.4248046875  1  2  3  4  6  7  9 11 12 13 15 17 19 20 21 22 24 25 31 37
.2792968750 -7620.4248046875  1  3  4  5  7  9 10 11 12 13 14 15 17 18 20 21 24 28 34 40
.2792968750 -7620.4248046875  1  4  7  9 10 11 12 13 14 15 17 18 19 20 21 22 24 28 34 37
.2792968750 -7620.4248046875  2  3  4  7  9 11 12 13 15 17 18 19 20 21 22 24 25 28 30 46
.2802734375 -7620.4238281250  2  3  4  6  7  9 11 12 13 15 17 18 20 21 22 25 34 36 40 43
.2807617187 -7620.4233398438  1  3  4  5  6  7 10 11 12 14 16 17 18 19 20 22 23 28 34 35
.2812500000 -7620.4228515625  1  2  3  4  5  6  8 10 13 14 15 16 18 19 20 21 22 23 24 39
.2812500000 -7620.4228515625  1  2  4  5  7  8  9 10 12 15 16 17 18 22 23 24 26 28 29 44
.2812500000 -7620.4228515625  2  3  4  5  7  9 10 11 12 13 15 18 19 20 21 24 25 26 34 44
.2817382813 -7620.4223632812  1  2  3  4  5  6  7  8  9 10 11 12 14 15 17 19 21 22 32 40
.2827148437 -7620.4213867188  1  3  4  6  7  8  9 10 11 12 14 16 17 20 23 24 25 28 34 46
.2836914063 -7620.4204101562  1  2  3  4  6  7  8 11 12 13 15 16 17 19 20 21 22 24 25 36
.2836914063 -7620.4204101562  1  2  3  4  6  7  8  9 11 12 13 15 17 19 20 21 22 24 31 37
.2836914063 -7620.4204101562  1  2  4  5  6  7  8  9 10 11 12 14 15 17 18 20 21 22 43 47
.2851562500 -7620.4189453125  1  3  4  5  6  7  9 10 11 12 14 15 18 19 20 21 24 34 37 40
.2851562500 -7620.4189453125  2  3  4  6  7  9 11 12 13 15 17 18 20 21 22 33 34 36 37 40
.2856445313 -7620.4184570312  1  2  3  4  5  6  7  8 11 12 15 16 17 20 21 22 23 26 32 35
.2866210937 -7620.4174804688  1  2  3  4  6  7  9 11 12 15 17 18 20 22 24 25 33 34 37 43
.2866210937 -7620.4174804688  1  2  4  5  6  7 10 11 12 13 14 15 16 17 19 20 21 22 37 39
.2885742187 -7620.4155273438  1  2  4  5  6  7  9 10 12 13 15 16 17 18 20 22 23 28 43 45
.2905273437 -7620.4135742188  1  3  7  8  9 10 11 12 14 15 16 17 18 20 22 23 24 28 34 41
.2905273437 -7620.4135742188  3  4  5  6  7  9 11 12 13 14 15 17 18 19 20 21 22 24 25 43
.2910156250 -7620.4130859375  4  5  7  9 10 11 12 13 14 15 17 18 19 20 21 22 26 28 31 48
.2924804687 -7620.4116210938  2  4  7  8 10 11 12 13 15 16 17 18 20 21 22 24 33 35 36 39
.2929687500 -7620.4111328125  2  3  4  7  9 11 13 14 15 17 18 19 20 21 22 24 25 28 30 46
.2949218750 -7620.4091796875  3  4  5  6  9 10 11 12 13 14 17 18 19 20 23 24 25 28 30 43
.2954101563 -7620.4086914062  1  2  3  4  5  6  7  8  9 10 11 12 14 17 19 20 22 26 27 42
.2968750000 -7620.4072265625  1  3  7  8  9 10 11 12 14 15 16 17 18 20 22 23 24 28 37 41
.2978515625 -7620.4062500000  1  2  3  4  5  6  7  8 11 12 15 16 17 19 20 21 22 23 26 36
.2978515625 -7620.4062500000  4  5  7  8  9 10 11 12 13 14 15 17 18 19 20 21 22 26 28 31
.2993164063 -7620.4047851562  1  2  3  4  7 11 13 14 15 16 17 18 19 20 21 22 24 25 37 39
.2993164063 -7620.4047851562  1  3  7  8  9 11 12 14 15 16 17 18 20 22 23 24 28 37 41 46
.2998046875 -7620.4042968750  1  2  4  5  6  7  8  9 10 11 12 14 15 17 19 21 22 30 32 40
.3002929687 -7620.4038085938  1  2  4  7  8  9 10 11 12 15 16 17 18 20 21 22 24 25 34 43
.3002929687 -7620.4038085938  3  4  5  6  7  9 10 11 12 13 14 17 19 20 22 23 24 30 34 43
.3007812500 -7620.4033203125  3  4  5  6  9 10 11 12 13 14 15 17 18 19 20 24 25 28 30 43
.3007812500 -7620.4033203125  3  4  6 10 11 12 14 16 17 18 19 20 21 22 23 24 34 35 37 39
.3032226563 -7620.4008789062  1  2  3  4  5  6  7  8  9 11 12 14 15 17 19 21 22 30 32 40
.3032226563 -7620.4008789062  1  2  4  6  7  8  9 10 11 12 14 15 16 17 18 20 22 33 34 47
.3041992187 -7620.3999023438  1  2  3  4  6  7  9 10 11 12 13 15 16 17 18 21 24 25 28 34
.3041992187 -7620.3999023438  1  2  3  4  6  7  9 11 12 13 15 17 18 20 21 22 33 34 37 40
.3056640625 -7620.3984375000  1  2  3  4  6  7  9 11 12 15 17 18 20 22 24 25 34 37 41 43
.3076171875 -7620.3964843750  1  2  4  5  7  8  9 10 12 14 15 16 18 21 22 23 24 26 28 29
.3085937500 -7620.3955078125  1  2  4  5  6 10 11 12 14 15 17 18 19 20 21 22 24 37 40 47
.3085937500 -7620.3955078125  2  4  5  6  7 10 11 12 13 14 15 17 18 19 20 21 22 35 39 44
.3090820313 -7620.3950195312  2  4  5  7 10 11 12 13 14 15 17 18 19 20 21 22 24 35 39 40
.3100585937 -7620.3940429688  1  2  3  4  5  6  7  8  9 11 12 15 17 18 19 21 22 24 34 38
.3125000000 -7620.3916015625  1  2  3  4  7  9 10 11 13 14 17 18 19 20 21 22 24 25 30 47
.3125000000 -7620.3916015625  1  3  5  7  9 10 11 12 14 16 17 18 19 20 22 23 24 34 35 41
.3134765625 -7620.3906250000  1  3  4  5  6  7  9 10 11 12 14 16 17 20 23 24 25 28 34 46
.3154296875 -7620.3886718750  1  2  3  4  5  7  8  9 10 12 14 17 18 19 20 22 23 29 31 36
.3154296875 -7620.3886718750  3  4  5  6  9 10 11 12 13 14 15 17 18 19 20 23 24 25 37 43
.3164062500 -7620.3876953125  1  4  5  6  7  9 10 11 12 14 15 17 18 19 20 21 24 34 37 40
.3173828125 -7620.3867187500  1  3  4  5  6  7 10 11 12 14 17 18 19 20 22 23 24 28 34 35
.3173828125 -7620.3867187500  2  3  4  5  6  7  9 11 12 13 15 17 18 20 21 22 34 36 40 43
.3173828125 -7620.3867187500  3  4  5  6  7  9 11 12 13 14 17 19 20 21 22 23 24 30 34 43
.3178710937 -7620.3862304688  1  2  3  4  6  7  8  9 10 11 13 14 15 16 17 19 20 21 22 42
.3178710937 -7620.3862304688  1  2  3  4  6  7  9 11 12 15 16 17 18 19 20 22 24 25 34 37
.3183593750 -7620.3857421875  1  3  4  5  7  9 10 11 12 14 15 18 19 20 21 24 34 37 40 43
.3203125000 -7620.3837890625  1  2  3  4  5  6 10 11 12 14 15 17 18 19 20 21 22 24 40 47
.3208007813 -7620.3833007812  2  3  4  5  7  9 12 13 14 16 17 18 19 20 21 22 23 24 32 37
.3256835937 -7620.3784179688  1  2  3  4  6  7  8  9 10 11 13 14 15 17 20 21 22 32 40 42
.3256835937 -7620.3784179688  1  2  4  5  8  9 10 12 14 15 16 18 20 21 22 23 24 26 28 29
.3276367187 -7620.3764648438  3  4  6  7  9 11 12 13 14 15 17 19 20 21 22 24 25 31 37 42
.3281250000 -7620.3759765625  1  2  3  4  5  6  7  8 11 12 15 16 17 20 21 22 23 26 36 44
.3281250000 -7620.3759765625  1  2  3  4  5  6  7  8  9 11 12 14 15 17 18 20 22 33 43 47
.3286132813 -7620.3754882812  2  4  5  6 12 13 14 15 16 17 18 19 20 21 22 23 27 29 33 36
.3305664063 -7620.3735351562  2  4  5  6  7 12 13 14 15 16 17 18 20 21 22 23 29 31 32 33
.3315429687 -7620.3725585938  1  2  3  4  6  7  8  9 10 11 12 13 15 17 18 19 20 25 26 40
.3325195313 -7620.3715820312  1  3  4  7  8  9 10 11 12 13 14 15 16 17 18 19 20 22 47 48
.3344726563 -7620.3696289062  1  3  4  5  7  9 10 11 12 13 14 15 17 18 19 20 24 31 34 43
.3354492187 -7620.3686523438  1  2  4  5  6  7 10 11 12 13 14 15 17 19 20 21 22 35 39 42
.3354492187 -7620.3686523438  1  3  7  8  9 11 12 14 15 16 17 18 20 22 23 26 28 37 41 46
.3354492187 -7620.3686523438  2  4  5  6  7  9 10 12 13 14 15 16 18 20 21 22 23 31 32 33
.3354492187 -7620.3686523438  3  4  5  6  7  9 10 11 12 13 14 15 17 18 19 20 24 25 30 43
.3359375000 -7620.3681640625  3  4  5  7  9 10 11 12 13 14 15 16 17 18 19 20 24 31 34 42
.3364257813 -7620.3676757812  1  2  3  4  5  6  7  9 11 12 13 15 16 17 18 21 22 24 38 43
.3374023437 -7620.3666992188  1  2  3  4  5  7  8  9 11 12 13 14 15 16 18 19 21 22 24 29
.3383789063 -7620.3657226562  1  2  3  4  5  6  7  8  9 10 12 14 16 17 18 22 23 30 31 37
.3393554687 -7620.3647460938  1  2  4  5  6  7 10 11 12 13 14 15 17 18 19 20 21 22 36 39
.3398437500 -7620.3642578125  1  2  4  5  6 10 11 12 14 15 16 17 18 19 21 22 27 29 36 37
.3417968750 -7620.3623046875  1  3  4  5  6  8 10 12 14 15 16 18 19 21 22 23 24 28 30 34
.3427734375 -7620.3613281250  1  2  3  4  5  6  8  9 10 12 14 16 17 18 19 20 22 23 28 29
.3432617187 -7620.3608398438  1  2  3  4  5  6  8  9 11 12 14 15 16 17 18 19 22 23 26 44
.3442382813 -7620.3598632812  3  4  7  9 10 11 12 13 14 15 17 18 19 20 24 25 28 37 43 46
.3457031250 -7620.3583984375  1  3  4  5  7 10 11 12 14 16 17 18 19 20 21 23 24 28 34 35
.3471679687 -7620.3569335938  1  2  3  4  6  7 11 12 13 15 16 17 19 20 21 22 24 25 34 36
.3471679687 -7620.3569335938  1  2  3  5  7  9 11 12 14 16 17 18 19 20 22 23 24 34 35 41
.3476562500 -7620.3564453125  1  2  3  4  7  8  9 11 12 13 15 16 17 18 19 20 22 26 27 36
.3481445313 -7620.3559570312  1  2  3  4  5  6  7  8  9 10 11 12 13 14 17 19 21 22 23 42
.3486328125 -7620.3554687500  1  2  3  4  5  6  7  9 11 12 15 17 18 20 22 24 25 33 37 43
.3486328125 -7620.3554687500  1  2  3  4  7  9 10 11 13 14 15 16 17 18 19 20 22 24 25 47
.3491210937 -7620.3549804688  1  2  4  5  7 10 14 15 16 17 18 19 20 21 22 23 26 32 34 35
.3491210937 -7620.3549804688  1  4  5  6  7  9 10 11 12 13 14 15 16 18 20 21 22 23 31 33
.3505859375 -7620.3535156250  1  2  4  6  7  8 10 11 12 13 14 15 17 19 20 21 22 29 39 42
.3510742187 -7620.3530273438  1  2  4  5  6 10 11 12 14 15 17 18 19 20 21 22 24 34 37 40
.3515625000 -7620.3525390625  1  2  3  4  7  9 10 11 13 14 15 16 17 18 20 21 22 24 37 47
.3515625000 -7620.3525390625  2  5  7  9 10 13 14 15 16 17 18 19 20 21 22 23 24 34 39 42
.3525390625 -7620.3515625000  3  4  6  7  9 10 11 12 13 14 15 17 18 19 20 21 22 31 40 46
.3535156250 -7620.3505859375  1  2  3  4  5  6  7  8  9 11 12 15 17 19 21 22 23 24 25 32
.3535156250 -7620.3505859375  1  2  3  4  6  7  8  9 10 11 12 14 15 17 19 21 22 32 37 40
.3540039063 -7620.3500976562  1  4  5  6  9 10 11 12 14 15 19 20 21 22 23 24 28 29 36 37
.3544921875 -7620.3496093750  1  2  3  4  5  7  9 11 12 13 14 15 17 18 20 22 28 33 34 48
.3544921875 -7620.3496093750  1  2  3  4  7  8  9 10 11 12 13 16 17 18 19 20 22 24 39 46
.3544921875 -7620.3496093750  2  4  6  7  8  9 10 11 12 13 14 15 17 18 20 21 22 24 40 41
.3554687500 -7620.3486328125  1  2  4  5  6  9 10 11 12 14 15 17 18 19 20 21 24 34 37 40
.3574218750 -7620.3466796875  1  3  4  5  7  8  9 10 11 12 14 15 16 17 18 22 23 26 28 41
.3574218750 -7620.3466796875  3  4  5  7  9 10 11 12 13 14 15 17 18 19 20 24 25 28 43 46
.3588867187 -7620.3452148438  1  2  3  4  5  7  8  9 10 11 14 16 18 20 22 24 29 32 33 47
.3593750000 -7620.3447265625  1  2  4  5  7 10 14 15 16 17 18 19 20 21 22 23 26 32 34 39
.3598632813 -7620.3442382812  1  2  3  4  5  6  7  9 10 11 12 13 14 16 19 20 21 25 32 34
.3603515625 -7620.3437500000  1  2  3  4  6  7  8  9 11 12 15 17 19 21 22 23 24 25 32 37
.3608398437 -7620.3432617188  1  2  3  4  5  6  7  8  9 11 12 13 15 17 18 19 21 22 24 34
.3613281250 -7620.3427734375  1  2  3  4  7  8 10 11 13 14 16 17 18 19 20 21 23 24 34 35
.3613281250 -7620.3427734375  3  4  5  6  9 10 11 12 13 14 15 17 18 19 20 24 25 27 37 43
.3618164063 -7620.3422851562  1  2  3  4  5  6  8  9 10 12 14 15 16 17 18 19 22 29 36 37
.3623046875 -7620.3417968750  3  4  5  6  9 10 11 12 13 14 15 17 18 19 20 24 25 36 37 43
.3632812500 -7620.3408203125  1  2  5  7  8 10 12 14 15 16 17 18 20 21 22 23 24 26 27 28
.3637695313 -7620.3403320312  1  3  4  5  6  7  8  9 10 11 12 14 15 17 19 21 22 30 32 40
.3647460937 -7620.3393554688  1  3  4  5  6  8 10 12 14 15 16 18 19 21 22 23 24 28 29 30
.3652343750 -7620.3388671875  1  5  6  9 10 12 14 15 16 18 19 20 21 22 23 24 28 29 34 36
.3657226563 -7620.3383789062  1  2  4  5  6  8 10 11 12 14 15 16 17 18 19 22 27 29 36 37
.3662109375 -7620.3378906250  1  2  3  4  5  6  8 10 11 14 15 17 18 19 20 21 22 24 37 47
.3662109375 -7620.3378906250  1  3  4  5  6  8 10 12 14 15 16 18 19 21 22 23 24 28 30 39
.3671875000 -7620.3369140625  1  2  3  4  5  7  8  9 11 12 14 15 16 18 19 22 24 33 41 44
.3671875000 -7620.3369140625  1  2  4  5  6  7  8 10 11 12 14 15 17 19 20 21 22 27 40 42
.3671875000 -7620.3369140625  1  2  4  6  7  8  9 10 11 12 15 16 17 20 22 23 24 25 36 41
.3676757813 -7620.3364257812  1  2  4  5  8 10 12 14 15 16 17 18 20 21 22 23 24 26 28 29
.3681640625 -7620.3359375000  1  2  3  4  5  7  9 11 12 13 14 15 17 18 20 22 27 28 33 48
.3681640625 -7620.3359375000  1  2  3  4  7  8 10 13 14 16 17 18 19 20 21 23 24 34 35 39
.3681640625 -7620.3359375000  1  3  4  6  7  9 11 12 13 14 15 17 19 20 21 22 24 25 31 37
.3686523437 -7620.3354492188  1  2  3  4  5  7  8  9 10 11 14 16 18 20 22 24 29 32 36 47
.3686523437 -7620.3354492188  1  2  4  5  7  8  9 10 12 13 15 16 17 18 22 23 24 26 28 29
.3696289063 -7620.3344726562  1  5  6  8  9 10 12 14 15 16 18 19 21 22 23 24 28 29 30 34
.3706054687 -7620.3334960938  1  2  3  4  5  6  8  9 12 15 16 17 18 19 22 23 26 29 36 44
.3706054687 -7620.3334960938  1  2  3  4  6  7  8  9 10 11 12 15 17 19 21 22 23 24 32 37
.3710937500 -7620.3330078125  1  2  3  4  5  6  8 10 11 12 14 15 17 19 20 21 22 26 27 42
.3715820313 -7620.3325195312  1  3  4  5  7  8 10 11 14 16 17 18 19 20 21 23 24 28 34 35
.3720703125 -7620.3320312500  1  2  3  4  5  7  8  9 10 11 12 14 16 18 22 23 24 29 34 44
.3725585937 -7620.3315429688  1  2  3  4  7  8  9 10 11 12 13 16 17 18 20 21 22 24 39 46
.3725585937 -7620.3315429688  1  2  4  5  6 10 11 12 14 15 17 18 19 20 21 22 24 29 37 40
.3725585937 -7620.3315429688  1  2  4  5  6  7  8 10 11 12 13 14 15 17 19 20 21 22 29 39
.3725585937 -7620.3315429688  1  3  7  8  9 11 12 14 15 16 17 18 20 22 23 26 28 33 37 46
.3725585937 -7620.3315429688  1  4  5  6  8 10 12 14 15 16 18 19 21 22 23 24 28 29 30 34
.3735351563 -7620.3305664062  1  2  3  4  5  6  7  8  9 10 12 14 16 17 18 22 23 30 31 44
.3735351563 -7620.3305664062  1  2  3  4  5  7  8  9 11 12 15 16 17 18 21 22 23 24 25 36
.3735351563 -7620.3305664062  3  4  5  7  9 10 11 12 13 14 15 17 18 19 20 24 25 26 28 46
.3740234375 -7620.3300781250  1  3  4  5  6  7  8  9 10 11 12 14 17 19 22 23 31 36 42 44
.3750000000 -7620.3291015625  1  2  3  4  5  6  7  9 11 12 13 15 16 17 18 19 21 22 24 38
.3750000000 -7620.3291015625  1  2  4  6  7  9 10 11 12 13 14 16 17 18 20 21 22 25 27 39
.3750000000 -7620.3291015625  1  3  4  6  7  9 10 11 12 16 17 18 20 22 23 24 25 28 34 45
.3759765625 -7620.3281250000  1  2  3  4  5  6  8 10 14 15 16 18 19 21 22 23 24 28 30 39
.3759765625 -7620.3281250000  1  2  4  5  7 10 14 15 16 17 18 19 20 21 22 23 26 30 34 39
.3759765625 -7620.3281250000  2  3  4  7  9 11 12 13 14 15 17 18 19 20 21 22 25 28 30 46
.3769531250 -7620.3271484375  1  3  4  7  8  9 10 11 12 13 14 15 17 18 19 20 21 22 40 46
.3774414063 -7620.3266601562  1  3  4  6  7  9 10 11 12 13 16 17 18 20 23 24 25 28 34 45
.3774414063 -7620.3266601562  2  3  4  6  9 11 12 13 14 15 17 19 20 21 22 24 25 31 34 42
.3774414063 -7620.3266601562  2  4  5  6  7 12 13 14 15 16 17 19 20 21 22 23 29 31 32 33
.3789062500 -7620.3251953125  1  4  6  7  9 10 11 12 13 15 17 18 19 20 21 22 24 28 34 40
.3803710937 -7620.3237304688  2  5  6  7  8  9 10 12 13 15 16 18 21 22 23 24 29 30 31 33
.3818359375 -7620.3222656250  1  2  3  4  5  6  8 10 13 14 15 16 18 19 21 22 23 24 30 39
.3818359375 -7620.3222656250  1  2  4  6  7  8 10 11 12 13 14 15 17 19 20 21 22 39 42 45
.3823242187 -7620.3217773438  1  2  3  4  5  6  7  9 10 11 12 13 14 16 20 21 25 32 33 34
.3833007813 -7620.3208007812  1  2  3  7  8  9 10 11 12 14 16 17 18 19 20 21 23 34 39 46
.3833007813 -7620.3208007812  1  3  4  5  7  8  9 11 12 14 16 17 18 20 22 23 26 28 33 41
.3852539063 -7620.3188476562  1  2  4  7  8  9 10 11 12 13 15 16 17 18 21 22 24 36 39 46
.3852539063 -7620.3188476562  2  4  5  6  7 10 11 12 13 14 15 17 19 20 21 22 32 35 37 39
.3857421875 -7620.3183593750  1  2  3  5  6  7  9 10 11 12 14 16 17 18 19 20 21 23 34 46
.3857421875 -7620.3183593750  1  2  4  5  6  7 10 11 12 13 14 15 17 19 20 21 22 35 37 39
.3857421875 -7620.3183593750  2  3  4  5  7  9 10 11 12 14 15 17 18 19 20 21 22 26 31 37
.3872070313 -7620.3168945312  2  3  4  7  8  9 11 12 15 16 17 18 20 21 22 24 25 28 34 36
.3881835937 -7620.3159179688  1  2  3  4  5  7  8  9 11 12 14 15 16 18 22 23 24 33 41 44
.3906250000 -7620.3134765625  1  2  3  4  6  7  8  9 10 11 12 13 15 17 18 19 20 25 26 28
.3911132813 -7620.3129882812  1  2  3  4  5  6  7  8  9 11 12 15 17 19 20 21 22 23 26 31
.3911132813 -7620.3129882812  2  4  5  7  9 10 13 14 15 16 18 19 20 21 22 23 24 34 42 45
.3916015625 -7620.3125000000  1  2  3  4  5  6  7 10 11 12 13 14 15 16 19 20 21 25 32 35
.3916015625 -7620.3125000000  1  5  6  8  9 10 12 14 15 16 18 19 21 22 23 24 28 29 34 36
.3916015625 -7620.3125000000  2  3  5  7 10 12 13 14 16 17 18 19 20 21 22 23 24 34 39 47
.3920898437 -7620.3120117188  1  2  3  4  6  7  9 11 12 15 17 18 20 22 24 25 34 37 40 43
.3925781250 -7620.3115234375  3  4  6  7 10 11 12 13 14 16 18 19 20 21 22 23 24 34 35 39
.3930664063 -7620.3110351562  1  2  3  4  5  6  7  8  9 10 11 12 14 16 17 19 20 34 39 47
.3930664063 -7620.3110351562  1  2  4  5  6  7  8 11 12 13 14 15 17 19 20 21 22 27 29 42
.3940429687 -7620.3100585938  1  2  3  4  5  6  7  9 10 11 12 13 14 15 16 20 21 25 32 35
.3940429687 -7620.3100585938  1  3  4  6  7  9 10 11 12 13 14 16 17 20 23 24 25 28 34 45
.3969726563 -7620.3071289062  1  2  4  7  8  9 10 11 12 15 16 17 20 22 23 24 25 32 36 45
.3969726563 -7620.3071289062  1  3  7  8  9 10 11 12 14 15 16 17 18 20 23 24 28 34 41 46
.3969726563 -7620.3071289062  2  3  4  5  6  7  9 10 11 12 13 14 16 20 21 25 32 33 34 39
.3974609375 -7620.3066406250  2  3  4  6  9 11 12 13 14 15 17 18 19 20 21 22 25 31 34 42
.3979492187 -7620.3061523438  1  3  4  7  8  9 10 11 12 13 14 15 17 18 19 20 22 23 40 48
.3979492187 -7620.3061523438  2  3  7 10 11 12 13 14 16 17 18 19 20 21 22 23 24 34 35 39
.3984375000 -7620.3056640625  1  2  3  4  5  7  8  9 11 14 15 16 18 19 20 21 22 24 29 47
.3984375000 -7620.3056640625  1  3  4  6  7  8  9 10 11 12 14 16 17 19 20 22 25 27 32 34
.3989257813 -7620.3051757812  1  2  3  4  5  7  8  9 11 12 15 17 18 19 20 21 22 23 26 31
.4003906250 -7620.3037109375  1  2  4  5  6  7 10 11 12 13 15 16 17 19 20 21 23 25 46 48
.4013671875 -7620.3027343750  2  3  4  7  8  9 11 12 15 16 17 18 20 21 22 24 26 28 34 36
.4018554687 -7620.3022460938  3  4  6  7 10 11 12 14 16 17 18 19 20 21 22 23 24 34 35 39
.4038085937 -7620.3002929688  1  2  4  6  7  8  9 10 11 12 13 15 16 17 20 22 23 25 36 42
.4047851563 -7620.2993164062  1  3  4  7  8  9 10 11 12 14 16 17 18 20 22 24 28 37 39 48
.4057617187 -7620.2983398438  1  2  3  4  5  6  8  9 12 14 15 16 17 18 19 22 26 29 36 37
.4067382813 -7620.2973632812  2  3  4  6  7  9 11 12 13 14 15 17 18 20 21 22 23 31 34 42
.4072265625 -7620.2968750000  1  2  3  4  5  7  8  9 11 12 13 14 15 18 19 21 22 24 29 47
.4077148437 -7620.2963867188  1  2  3  4  5  7  9 11 12 13 14 15 17 18 20 22 31 34 41 48
.4082031250 -7620.2958984375  1  2  3  5  6  7  9 11 12 13 15 16 17 18 20 21 22 33 38 43
.4091796875 -7620.2949218750  1  2  3  4  7  8  9 10 11 12 13 14 17 18 19 20 25 39 41 48
.4096679687 -7620.2944335938  2  3  4  7  9 11 12 13 14 15 17 18 19 20 22 24 33 40 44 46
.4101562500 -7620.2939453125  2  3  4  5  7  8  9 11 12 13 14 15 17 18 19 21 22 24 26 33
.4106445313 -7620.2934570312  1  2  3  4  5  7  8 11 12 15 17 18 19 21 22 23 24 25 36 44
.4106445313 -7620.2934570312  1  2  3  4  6  7  9 10 11 12 13 14 16 18 20 21 22 25 27 39
.4111328125 -7620.2929687500  1  3  4  5  7  8  9 10 11 12 14 17 18 19 22 26 40 43 44 47
.4111328125 -7620.2929687500  1  4  5  6  7 10 11 12 13 14 15 16 18 19 20 21 22 23 33 36
.4121093750 -7620.2919921875  1  3  4  7  8  9 11 12 14 15 16 17 18 22 23 26 28 33 37 46
.4125976563 -7620.2915039062  1  2  3  4  7  8 10 11 13 14 16 17 18 19 20 21 23 24 35 39
.4135742187 -7620.2905273438  3  4  7  8  9 10 11 12 13 14 15 16 17 18 19 20 21 22 28 37
.4145507813 -7620.2895507812  2  4  5  6 12 13 14 15 16 17 18 19 20 21 22 23 27 29 33 44
.4150390625 -7620.2890625000  1  2  4  5  6  8 10 14 15 16 18 19 21 22 23 24 30 39 41 45
.4150390625 -7620.2890625000  1  2  4  5  7  8  9 10 11 12 14 16 18 21 22 23 26 29 34 44
.4155273437 -7620.2885742188  1  2  3  4  6  7  8  9 10 11 12 14 16 17 19 22 25 27 32 34
.4155273437 -7620.2885742188  1  2  4  5  6  8 10 11 12 14 15 17 19 20 21 22 26 27 36 42
.4160156250 -7620.2880859375  1  2  4  5  6  7  8 10 11 12 13 14 15 16 20 21 25 32 35 41
.4160156250 -7620.2880859375  2  4  5  6  7 12 13 14 15 16 17 19 20 21 22 23 27 29 33 44
.4194335937 -7620.2846679688  1  3  4  5  6 10 11 12 14 15 18 19 20 21 22 26 27 31 34 36
.4199218750 -7620.2841796875  1  2  3  4  5  6  7  9 10 11 12 14 17 18 19 22 29 34 35 40
.4199218750 -7620.2841796875  1  3  4  7  8  9 10 11 12 13 14 15 17 18 19 20 22 40 47 48
.4208984375 -7620.2832031250  2  3  4  6  7  8 10 11 12 13 14 15 17 19 20 21 22 35 39 42
.4223632813 -7620.2817382812  1  2  3  4  5  6  7  9 10 11 12 13 14 16 19 20 21 25 32 35
.4223632813 -7620.2817382812  1  2  4  5  9 10 11 12 14 15 17 18 19 20 21 22 26 31 37 48
.4238281250 -7620.2802734375  1  2  3  4  5  6  8  9 10 11 12 14 17 19 20 21 22 26 27 42
.4252929687 -7620.2788085938  1  2  3  4  5  7  9 10 11 13 14 16 17 18 20 22 24 37 47 48
.4252929687 -7620.2788085938  1  2  3  4  6  7  8  9 11 12 15 17 19 21 22 23 24 25 32 36
.4252929687 -7620.2788085938  1  2  4  5  6  7  8 10 11 12 13 14 15 16 20 21 25 32 33 35
.4287109375 -7620.2753906250  1  2  4  5  7 10 14 15 16 17 18 19 20 21 22 23 26 34 35 36
.4296875000 -7620.2744140625  1  3  4  5  6  7  8  9 10 11 12 14 16 17 18 22 23 30 31 44
.4301757813 -7620.2739257812  1  2  3  4  5  7  8  9 11 14 16 18 19 20 21 22 24 29 32 47
.4301757813 -7620.2739257812  1  2  3  5  6  7  9 13 14 15 16 17 18 19 20 21 22 23 28 33
.4311523437 -7620.2729492188  2  5  6  7  8  9 12 13 15 16 18 21 22 23 24 29 30 31 33 44
.4316406250 -7620.2724609375  2  3  4  5  6  8  9 10 11 12 14 15 16 17 18 19 22 23 26 44
.4326171875 -7620.2714843750  1  2  3  4  5  6  7 10 11 12 13 15 16 17 19 20 21 25 42 48
.4326171875 -7620.2714843750  1  2  3  4  6  7  8  9 10 11 12 13 14 15 17 19 21 22 23 42
.4326171875 -7620.2714843750  1  2  3  4  7  8 10 11 13 14 16 17 18 19 20 21 22 23 36 39
.4345703125 -7620.2695312500  3  4  7  8  9 10 11 12 13 14 16 17 18 20 22 24 25 28 39 48
.4350585937 -7620.2690429688  3  4  5  6  9 10 11 12 13 14 15 17 18 19 20 22 23 28 30 43
.4423828125 -7620.2617187500  1  2  4  6  7  8  9 10 12 13 15 16 17 20 21 22 23 25 36 42
.4423828125 -7620.2617187500  2  3  4  5  6  7  8  9 10 11 12 13 15 18 19 20 21 24 25 26
.4428710937 -7620.2612304688  1  2  3  4  5  6  8  9 10 11 12 14 16 18 21 22 23 29 38 44
.4433593750 -7620.2607421875  3  4  5  6  9 10 11 12 13 14 15 16 17 18 20 22 23 28 30 43
.4443359375 -7620.2597656250  1  2  3  5  6  7  9 11 12 13 15 16 17 18 20 22 33 34 38 39
.4443359375 -7620.2597656250  1  2  4  5  6 12 13 14 15 16 17 18 19 21 22 23 27 29 36 44
.4453125000 -7620.2587890625  1  2  3  5  7  8 10 12 13 14 15 16 17 19 20 21 22 23 24 27
.4462890625 -7620.2578125000  2  4  5  7  9 10 13 14 15 16 17 18 19 20 21 22 23 24 34 45
.4467773437 -7620.2573242188  1  3  5  6  7  8  9 10 11 12 14 16 17 18 22 24 28 34 35 47
.4501953125 -7620.2539062500  1  2  3  7  8  9 10 11 12 14 16 18 19 20 21 23 24 34 39 46
.4511718750 -7620.2529296875  1  2  3  4  5  6  7  9 10 11 13 15 17 18 19 20 25 26 36 46
.4521484375 -7620.2519531250  1  2  3  4  5  6  7  8 11 12 15 17 19 20 21 22 23 26 31 36
.4550781250 -7620.2490234375  1  2  5  7  8 10 12 14 15 16 17 20 21 22 23 24 26 27 28 35
.4575195313 -7620.2465820312  2  4  6  7 10 11 12 13 14 15 17 18 19 20 21 22 25 35 39 42
.4589843750 -7620.2451171875  1  2  3  4  5  6  8  9 12 14 15 16 17 18 19 22 26 29 36 45
.4619140625 -7620.2421875000  1  2  4  5  6  7 10 11 12 13 14 15 16 20 21 25 32 33 34 47
.4619140625 -7620.2421875000  1  2  4  5  6  7  8 10 12 13 15 16 17 19 20 21 22 23 29 31
.4619140625 -7620.2421875000  1  3  4  5  9 10 11 12 14 15 18 19 20 21 22 26 31 36 37 48
.4638671875 -7620.2402343750  1  2  3  4  5  7  8  9 10 11 14 18 20 22 24 28 29 32 33 47
.4643554687 -7620.2397460938  1  2  3  4  6  7  9 11 12 13 15 17 18 20 21 22 25 31 34 42
.4658203125 -7620.2382812500  1  2  3  4  5  7  9 11 12 13 14 15 17 18 20 22 27 34 41 48
.4658203125 -7620.2382812500  1  2  3  4  6  7  8  9 10 11 12 14 17 19 20 21 25 31 32 34
.4658203125 -7620.2382812500  1  3  4  5  9 10 11 12 14 15 18 19 20 21 22 26 27 31 34 36
.4672851563 -7620.2368164062  1  2  3  4  7 11 13 14 16 17 18 19 20 21 22 24 25 27 37 39
.4672851563 -7620.2368164062  1  3  4  5  6  7  8  9 10 11 12 14 17 19 22 23 30 31 36 44
.4677734375 -7620.2363281250  2  3  4  5  6  7  9 10 11 12 13 16 19 20 21 24 25 33 34 39
.4692382813 -7620.2348632812  1  2  3  5  6  7  9 11 12 13 15 16 17 18 19 20 22 33 34 38
.4697265625 -7620.2343750000  1  3  4  5  9 10 11 12 13 14 15 18 19 20 21 22 26 31 34 36
.4702148437 -7620.2338867188  3  4  5  6  9 10 11 12 13 14 15 17 18 19 20 24 25 26 28 46
.4707031250 -7620.2333984375  1  2  3  4  5  6  7  9 11 12 13 15 16 17 18 20 21 33 38 43
.4707031250 -7620.2333984375  1  2  3  7  8  9 10 11 12 14 16 18 19 20 21 22 23 34 39 46
.4716796875 -7620.2324218750  1  2  3  4  5  7  8  9 11 12 13 14 15 18 19 22 24 28 29 33
.4716796875 -7620.2324218750  1  3  4  5  6  7  8  9 10 11 12 14 17 18 19 22 26 40 43 47
.4716796875 -7620.2324218750  3  4  5  9 10 11 12 13 14 15 17 18 19 20 24 25 26 27 28 46
.4726562500 -7620.2314453125  1  3  5  7  8  9 10 11 12 14 16 17 18 19 22 24 34 39 43 47
.4746093750 -7620.2294921875  1  2  3  4  5  7  8  9 10 11 13 17 18 19 20 24 25 35 38 42
.4746093750 -7620.2294921875  1  2  4  5  6  7  8 10 11 12 13 14 15 16 20 21 25 32 35 45
.4746093750 -7620.2294921875  1  2  6  7  8  9 10 11 12 15 16 17 18 20 22 24 25 28 39 45
.4750976563 -7620.2290039062  2  3  5  6  7  8  9 12 13 14 15 16 18 20 21 22 23 33 40 42
.4775390625 -7620.2265625000  1  2  3  4  5  7  8  9 10 11 14 15 18 20 22 24 29 32 33 47
.4775390625 -7620.2265625000  2  5  7  9 10 12 13 14 15 16 18 19 20 21 22 23 24 34 39 42
.4785156250 -7620.2255859375  2  3  4  5  7  8  9 11 12 14 15 17 18 19 20 21 22 26 31 37
.4790039063 -7620.2250976562  1  2  3  4  6  7  8  9 10 11 12 14 17 19 20 21 25 31 34 46
.4794921875 -7620.2246093750  2  3  4  5  6  7  9 10 11 12 13 15 19 20 21 24 25 26 33 34
.4799804687 -7620.2241210938  1  3  4  5  6  7  8  9 10 11 12 14 17 18 19 22 34 35 40 47
.4809570313 -7620.2231445312  2  3  4  5  6  7  9 10 11 12 13 14 16 20 21 24 25 33 34 39
.4824218750 -7620.2216796875  1  2  3  4  5  7  9 10 11 13 14 16 17 18 20 22 24 37 38 47
.4824218750 -7620.2216796875  1  2  3  4  7  8  9 10 11 12 13 15 16 18 19 20 22 26 27 36
.4824218750 -7620.2216796875  1  2  4  5  6  7  8 11 12 13 14 15 17 19 20 21 22 29 39 42
.4838867187 -7620.2202148438  2  5  6  7  8  9 12 13 15 16 18 21 22 23 24 29 31 33 41 44
.4843750000 -7620.2197265625  1  2  3  4  7  8  9 10 11 12 13 16 18 19 20 22 26 39 45 48
.4853515625 -7620.2187500000  1  2  3  4  5  7  8  9 11 12 14 16 18 22 23 24 29 33 34 44
.4863281250 -7620.2177734375  1  2  4  5  6  7  8 10 11 12 13 14 15 16 20 21 25 32 33 47
.4877929687 -7620.2163085938  1  2  3  4  5  7  8  9 10 11 13 16 17 18 20 24 25 35 38 42
.4887695313 -7620.2153320312  2  3  5  7  9 10 13 14 16 17 18 19 20 21 22 23 24 34 39 48
.4907226563 -7620.2133789062  1  2  3  4  5  7  8  9 11 12 14 15 18 19 22 24 28 29 33 44
.4921875000 -7620.2119140625  1  2  4  5  6  7 10 11 12 13 14 15 16 17 19 20 21 25 33 47
.4946289063 -7620.2094726562  1  2  3  4  5  7  9 10 11 13 15 17 18 19 20 25 26 31 36 42
.4960937500 -7620.2080078125  1  2  7  8  9 10 11 12 15 16 17 18 20 22 24 25 28 36 39 45
.4965820313 -7620.2075195312  1  3  4  7  8  9 10 11 12 13 14 17 18 19 20 22 23 36 40 48
.4965820313 -7620.2075195312  1  4  6  7  9 10 11 12 16 17 18 20 22 23 24 25 28 34 39 45
.5009765625 -7620.2031250000  1  3  4  5  7  8 11 12 14 15 16 17 18 20 22 23 26 28 33 37
.5009765625 -7620.2031250000  1  3  5  6  7  8  9 10 11 12 14 16 17 18 22 24 34 35 43 47
.5014648437 -7620.2026367188  1  2  3  4  7  8  9 10 11 12 13 14 16 18 20 22 39 41 45 48
.5014648437 -7620.2026367188  2  3  5  6  7  8  9 12 13 14 15 16 17 18 21 22 23 33 40 42
.5019531250 -7620.2021484375  1  2  3  4  5  7  9 11 12 13 14 15 17 18 20 22 33 34 41 48
.5019531250 -7620.2021484375  1  2  3  5  6  7  9 11 13 15 16 17 18 19 20 22 23 33 34 38
.5034179687 -7620.2006835938  1  2  3  4  5  7  9 10 11 13 15 17 18 19 20 26 31 36 42 46
.5039062500 -7620.2001953125  1  4  5  6  9 10 11 12 14 15 16 19 20 21 22 23 24 28 29 36
.5048828125 -7620.1992187500  2  5  7  9 10 13 14 15 16 18 19 20 21 22 23 24 29 34 39 42
.5087890625 -7620.1953125000  1  2  3  4  5  7  9 10 11 13 15 17 18 19 20 25 36 42 46 48
.5092773437 -7620.1948242188  1  3  4  7  8 11 12 14 15 16 17 18 20 22 23 26 28 33 36 37
.5097656250 -7620.1943359375  1  2  3  4  5  6  8  9 10 11 12 14 17 19 20 22 34 39 40 47
.5112304687 -7620.1928710938  2  4  7  8  9 10 11 12 13 15 17 18 19 20 24 29 33 38 40 46
.5122070313 -7620.1918945312  1  2  3  4  5  7  8  9 11 14 16 18 20 22 24 29 32 33 36 47
.5136718750 -7620.1904296875  1  2  4  5  7 10 14 15 16 17 18 19 20 21 22 23 30 34 36 39
.5141601563 -7620.1899414062  2  3  4  7  8  9 12 13 15 16 17 18 20 22 24 26 28 29 36 45
.5166015625 -7620.1875000000  1  2  3  4  6 11 12 13 16 18 19 20 21 22 23 24 25 33 35 36
.5175781250 -7620.1865234375  2  3  4  7  9 11 12 13 14 15 17 18 19 20 22 24 33 35 40 46
.5200195313 -7620.1840820312  1  2  3  4  5  7  8  9 11 13 14 16 18 20 21 22 32 33 36 41
.5209960937 -7620.1831054688  1  2  3  4  5  7  8  9 11 14 16 18 20 22 24 28 29 32 33 47
.5219726563 -7620.1821289062  1  2  3  4  5  7  8  9 11 13 14 16 18 20 22 24 32 33 36 41
.5219726563 -7620.1821289062  1  4  7  8  9 10 11 12 13 14 15 16 17 18 19 20 29 38 46 47
.5229492187 -7620.1811523438  2  4  7  8  9 10 11 12 13 15 16 17 18 19 20 24 29 38 46 47
.5234375000 -7620.1806640625  1  2  3  4  6  7  9 10 11 12 16 17 18 20 22 23 24 29 39 46
.5253906250 -7620.1787109375  1  2  3  4  6  7  8  9 10 11 12 14 17 19 20 21 25 26 31 34
.5268554687 -7620.1772460938  1  2  3  4  6  7  8  9 11 12 14 15 17 19 21 22 24 30 32 40
.5273437500 -7620.1767578125  1  2  3  4  6  7  9 10 11 12 16 18 20 22 23 24 29 34 38 46
.5278320313 -7620.1762695312  1  2  3  5  7  8 10 12 13 15 16 17 19 20 21 23 24 26 27 28
.5278320313 -7620.1762695312  3  4  5  6  9 10 11 12 13 14 15 17 18 19 20 24 25 35 43 46
.5283203125 -7620.1757812500  1  2  3  4  6  7  9 10 11 12 13 14 15 17 19 20 31 34 37 42
.5283203125 -7620.1757812500  2  3  4  6  7  9 10 12 13 14 15 17 19 20 21 23 31 34 37 42
.5288085937 -7620.1752929688  3  4  7  8  9 10 11 12 13 14 16 17 18 20 22 24 28 39 41 48
.5356445313 -7620.1684570312  1  2  3  4  6  7  8  9 12 14 15 17 19 21 22 23 24 30 32 40
.5361328125 -7620.1679687500  1  2  6  7  9 10 11 12 15 16 17 18 20 22 24 25 28 34 39 45
.5385742187 -7620.1655273438  1  2  4  5  6  7  8 10 12 13 15 16 17 19 20 21 23 29 31 48
.5395507813 -7620.1645507812  2  4  7  8  9 10 12 13 14 15 16 17 18 20 22 24 28 30 43 45
.5405273437 -7620.1635742188  1  3  4  5  6  7  8  9 10 11 12 14 17 18 19 22 33 34 40 47
.5405273437 -7620.1635742188  1  3  5  7  8  9 10 11 12 14 16 17 18 22 24 28 29 34 35 47
.5410156250 -7620.1630859375  3  4  7  8  9 10 11 12 13 14 15 16 17 18 19 20 22 36 47 48
.5415039063 -7620.1625976562  1  2  3  4  6  7  8  9 10 11 12 17 18 19 20 21 25 26 31 34
.5424804687 -7620.1616210938  1  2  4  5  6  7 10 11 12 13 14 15 17 19 20 21 25 37 39 42
.5429687500 -7620.1611328125  2  3  4  6  7  9 12 13 14 15 17 18 20 21 22 23 31 34 37 42
.5444335937 -7620.1596679688  1  2  3  4  6  7  9 10 11 12 16 18 19 20 22 23 24 29 34 46
.5444335937 -7620.1596679688  1  2  4  7  8 10 13 14 15 16 17 18 19 20 21 22 23 30 36 39
.5449218750 -7620.1591796875  1  4  7  8  9 10 11 12 14 15 16 17 18 19 20 25 29 38 46 47
.5488281250 -7620.1552734375  1  2  3  4  5  6  8 10 11 12 14 16 18 21 22 23 29 38 39 44
.5507812500 -7620.1533203125  1  5  7  8  9 10 11 12 14 16 17 18 19 22 24 29 34 35 39 47
.5541992187 -7620.1499023438  1  2  3  4  5  7  9 10 11 13 15 17 18 19 20 25 31 36 42 48
.5551757813 -7620.1489257812  1  2  4  7  8  9 10 11 13 14 16 17 18 19 20 21 22 23 36 39
.5556640625 -7620.1484375000  1  2  3  4  7  8  9 10 11 12 13 14 16 18 19 20 22 25 39 41
.5556640625 -7620.1484375000  1  2  4  5  6  7  8  9 10 11 14 15 17 18 20 21 22 30 43 47
.5571289063 -7620.1469726562  1  4  5  6 10 11 12 14 15 18 19 20 21 22 26 27 31 34 36 41
.5571289063 -7620.1469726562  2  4  7  8  9 10 11 12 13 15 17 18 19 20 24 29 38 40 46 47
.5576171875 -7620.1464843750  1  5  7  8  9 10 11 12 14 16 17 18 19 22 24 27 29 32 34 39
.5581054687 -7620.1459960938  2  3  5  6  7  8  9 12 13 14 15 16 17 18 22 23 31 33 40 42
.5595703125 -7620.1445312500  1  2  3  4  5  7  8  9 11 12 13 14 16 18 21 22 32 33 36 41
.5625000000 -7620.1416015625  1  2  4  5  7  8  9 10 11 14 15 17 18 20 21 22 26 30 43 47
.5639648437 -7620.1401367188  1  2  4  5  6  7  8 10 12 13 15 16 17 19 20 21 23 25 31 48
.5644531250 -7620.1396484375  2  4  6  9 10 11 12 13 15 17 18 19 20 21 22 24 25 28 34 40
.5668945313 -7620.1372070312  3  4  6  9 10 11 12 13 14 15 17 18 19 20 24 25 35 37 43 46
.5703125000 -7620.1337890625  2  3  4  7  8  9 12 13 15 16 17 18 20 22 24 26 28 36 43 45
.5717773437 -7620.1323242188  1  2  3  4  7  8  9 10 11 12 14 16 18 20 22 28 39 41 45 48
.5727539063 -7620.1313476562  1  2  3  4  7  8  9 10 12 14 15 17 19 21 22 23 24 30 32 40
.5727539063 -7620.1313476562  1  3  5  7  8  9 10 11 12 14 16 18 19 22 24 28 29 34 35 47
.5737304687 -7620.1303710938  1  2  3  4  5  7  9 10 11 13 16 17 18 20 24 25 31 35 38 42
.5737304687 -7620.1303710938  1  2  4  5  6  8 10 11 12 14 15 17 19 21 22 26 27 36 39 42
.5742187500 -7620.1298828125  1  2  3  4  7  8  9 11 12 16 17 18 21 22 23 24 25 33 36 40
.5844726563 -7620.1196289062  1  5  7  8  9 10 11 12 14 16 17 18 19 22 24 28 29 34 35 47
.5854492187 -7620.1186523438  2  4  6  7  8  9 12 13 15 16 17 20 21 22 23 25 33 36 40 42
.5888671875 -7620.1152343750  1  3  4  5  6  7  8  9 10 11 12 14 17 18 19 26 34 40 43 47
.5893554687 -7620.1147460938  3  4  7  9 10 11 12 13 14 15 16 17 18 19 20 22 31 37 42 48
.5947265625 -7620.1093750000  2  5  6  7  8  9 11 12 13 15 16 18 21 22 23 29 31 33 38 44
.5961914063 -7620.1079101562  2  5  6  7  8  9 11 12 13 15 16 18 21 22 23 29 31 33 41 44
.6010742187 -7620.1030273438  1  2  3  4  5  6  8 11 12 16 18 19 21 22 23 29 36 39 44 48
.6083984375 -7620.0957031250  2  3  4  5  7  9 11 12 13 14 15 17 18 20 22 27 30 34 41 48
.6166992187 -7620.0874023438  1  2  3  4  6  7  9 10 11 12 16 17 18 20 22 23 24 29 40 46
.6186523437 -7620.0854492188  1  2  3  4  7 11 13 16 17 18 19 20 21 22 24 25 27 33 35 39
.6342773437 -7620.0698242188  2  3  4  5  7  8  9 11 12 13 14 15 17 18 22 27 30 31 41 48
.6386718750 -7620.0654296875  1  2  3  5  6  7  9 11 13 15 16 17 18 19 20 22 23 33 34 45
.6391601563 -7620.0649414062  1  3  4  7  8  9 10 11 12 14 16 17 18 20 22 24 39 41 46 48
.6411132813 -7620.0629882812  2  3  4  5  7  8  9 11 12 13 14 15 16 18 22 29 30 31 41 48
.6435546875 -7620.0605468750  1  2  4  6  7  8  9 10 11 12 14 15 17 18 21 22 26 30 44 46
.6440429687 -7620.0600585938  2  3  4  5  7  8  9 11 12 13 14 15 17 18 22 29 30 31 41 48
.6499023437 -7620.0541992188  2  4  6  7  9 10 11 12 13 14 15 17 18 20 21 22 24 28 40 41
.6503906250 -7620.0537109375  1  3  4  7  8  9 10 11 12 14 16 17 18 20 22 39 40 41 46 48
.6557617187 -7620.0483398438  1  2  3  4  5  6  8  9 11 12 17 19 21 22 23 26 29 36 44 48
.6689453125 -7620.0351562500  2  7  8  9 10 11 12 15 16 17 18 20 22 23 24 25 36 39 45 46
.7080078125 -7619.9960937500  1  2  3  4  5  7  8  9 11 12 13 14 16 18 21 22 32 33 36 40
.7109375000 -7619.9931640625  1  2  3  6  7  9 11 12 16 17 18 20 22 23 24 25 29 40 46 47
.7177734375 -7619.9863281250  1  2  3  5  6  8  9 10 12 14 16 19 21 23 30 33 34 35 38 48
.7290039063 -7619.9750976562  1  2  3  5  6  8  9 10 12 14 16 19 21 23 26 27 30 33 35 38
.7299804687 -7619.9741210938  1  2  4  5  7  8  9 10 11 12 14 15 17 21 22 26 30 40 41 44
.7304687500 -7619.9736328125  2  3  7  8 12 13 15 16 17 20 21 22 23 24 25 31 35 36 40 42
.7426757813 -7619.9614257812  1  2  3  5  6  8  9 10 12 14 16 19 21 23 30 33 34 35 39 48
.7446289063 -7619.9594726562  1  2  4  5  6  8 10 11 12 14 17 19 21 22 26 27 32 36 39 42
.7451171875 -7619.9589843750  1  2  5  6  8  9 10 11 12 14 16 17 19 21 22 26 27 32 33 39
.7470703125 -7619.9570312500  1  4  5  6  9 10 11 12 14 15 19 20 21 22 27 29 30 34 36 40
.7622070313 -7619.9418945312  1  2  4  5  8  9 10 11 12 14 15 17 18 19 24 25 29 46 47 48
.7753906250 -7619.9287109375  2  3  7  8 12 13 15 16 17 20 21 22 23 24 25 33 35 36 40 42
.7763671875 -7619.9277343750  1  2  3  5  8  9 10 12 14 16 19 21 22 23 26 27 30 32 33 38
.8002929687 -7619.9038085938  1  2  4  5  6  8  9 10 11 12 14 17 19 21 22 26 27 32 39 42
.8032226563 -7619.9008789062  1  3  4  7  8  9 11 12 14 16 17 18 21 22 23 24 32 33 36 40
.8041992187 -7619.8999023438  1  2  3  5  6  7  8  9 12 14 15 16 18 20 22 23 27 33 40 42
.8447265625 -7619.8593750000  1  2  4  5  8 10 11 12 14 15 16 17 18 19 24 25 29 39 46 48
.8593750000 -7619.8447265625  1  4  5  6  9 10 11 12 14 15 19 21 22 26 27 29 30 34 36 40
.8769531250 -7619.8271484375  2  4  7  8  9 10 12 13 15 16 17 18 20 21 22 24 28 30 43 56
.8779296875 -7619.8261718750  2  3  4  7  8 12 15 16 17 20 21 22 23 24 25 31 36 38 40 42
.9135742187 -7619.7905273438  3  4  5  6  7  8  9 11 12 13 14 15 16 18 22 29 31 41 45 48
.9252929687 -7619.7788085938  1  2  6  7  8  9 12 13 15 16 17 22 24 27 29 33 40 42 45 47
.9755859375 -7619.7285156250  3  5  6  7 10 11 12 13 14 15 19 20 21 22 27 30 32 34 36 40
.9882812500 -7619.7158203125  1  2  3  5  6  8  9 10 12 13 16 19 21 22 23 30 35 39 42 48
.9931640625 -7619.7109375000  2  7  8  9 12 13 15 16 17 20 21 22 23 25 28 33 35 36 40 42
1.0327148437 -7619.6713867188  1  2  3  5  6  7  8  9 12 16 18 20 21 22 23 25 29 40 46 47
1.0771484375 -7619.6269531250  1  2  4  5  7  8 12 14 15 16 17 18 19 21 25 30 33 39 46 48
1.0913085937 -7619.6127929688  1  2  4  5  7  8 12 14 15 16 17 18 19 21 30 33 39 40 46 48
1.1093750000 -7619.5947265625  1  2  6  7  8  9 12 13 15 16 17 22 24 27 33 37 40 42 45 47
1.1879882813 -7619.5161132812  1  2  3  5  6  8 15 16 20 21 23 24 26 29 36 40 41 44 46 47
1.1933593750 -7619.5107421875  1  2  5  6  8  9 10 11 12 16 19 22 23 26 33 35 39 40 45 48
1.2128906250 -7619.4912109375  2  3  4  7  8 12 13 15 16 17 18 20 21 23 25 30 31 38 40 42
1.2495117187 -7619.4545898438  1  2  3  4  5  6  8 10 11 12 17 21 23 26 29 35 36 43 44 48
1.2768554687 -7619.4272460938  1  2  4  5  7  8 12 14 15 18 19 21 30 33 39 40 45 46 47 48
1.2807617187 -7619.4233398438  1  2  3  5  8 15 16 19 20 21 23 24 26 34 36 40 41 44 46 47
1.2885742187 -7619.4155273438  1  2  3  5  6  7 12 15 16 20 21 23 24 26 29 36 40 44 46 47
1.2973632813 -7619.4067382812  1  2  3  5  6  7 11 12 13 15 17 19 20 22 27 30 32 34 35 37
1.4877929687 -7619.2163085938  1  2  3  4  5  6  9 16 17 19 20 22 26 29 35 36 39 42 47 48
1.4985351563 -7619.2055664062  1  2  3  4  5  8 15 16 19 21 23 24 26 34 36 40 41 44 46 47
1.5288085937 -7619.1752929688  1  2  3  4  5  7  8  9 10 12 16 26 32 33 35 39 40 42 45 48
1.5375976563 -7619.1665039062  1  4  5  6  7  8 10 11 16 17 22 23 24 26 30 32 35 43 47 55
1.5512695313 -7619.1528320312  1  2  3  4  6  7  8 11 12 14 15 16 18 22 29 31 36 45 46 58
1.6884765625 -7619.0156250000  2  3  4  6  7  8 12 13 15 16 17 18 21 23 25 38 40 42 59 60
1.7143554687 -7618.9897460938  1  5  6  7 13 14 15 19 20 21 22 23 27 29 33 36 40 42 43 53
