0 -7627.1166992188  1  4  5  7 10 11 12 14 15 16 17 18 19 20 21 22 23 24 37
.0083007813 -7627.1083984375  1  2  3  4  6  7 11 13 15 16 17 18 20 21 22 24 25 27 46
.0151367188 -7627.1015625000  1  2  3  4  5  6  7  9 11 12 13 14 15 16 17 18 20 22 29
.0297851563 -7627.0869140625  1  2  3  4  6  7 11 13 15 17 18 19 20 21 22 24 25 27 46
.0297851563 -7627.0869140625  1  2  3  4  6  7  9 11 13 15 16 17 18 20 21 22 24 25 32
.0400390626 -7627.0766601562  1  2  3  4  7  8  9 11 13 14 15 17 18 19 20 21 22 24 42
.0405273438 -7627.0761718750  1  2  3  4  5  6  7  9 10 11 12 13 15 17 18 19 20 24 25
.0449218750 -7627.0717773438  2  3  4  7  8  9 10 11 12 13 14 15 17 18 19 20 21 22 24
.0498046876 -7627.0668945312  3  4  7  9 11 12 13 14 15 17 18 19 20 21 22 24 25 34 40
.0512695313 -7627.0654296875  1  2  3  4  7  8  9 11 12 13 14 15 17 18 19 20 21 22 24
.0605468750 -7627.0561523438  1  2  3  4  5  6  7  9 10 11 12 13 16 17 18 20 22 23 24
.0634765626 -7627.0532226562  3  4  7  8  9 11 12 13 14 15 17 18 19 20 21 22 24 25 40
.0654296876 -7627.0512695312  1  2  3  4  5  6  7  8  9 10 11 12 15 16 17 20 22 24 32
.0688476563 -7627.0478515625  3  5  7  9 11 12 13 14 15 16 17 18 19 20 21 22 23 24 34
.0693359376 -7627.0473632812  1  2  3  4  6  7  9 11 13 17 18 19 20 21 22 23 24 25 34
.0727539063 -7627.0439453125  1  2  4  5  7  8 10 11 12 15 16 17 18 20 21 22 23 24 38
.0756835938 -7627.0410156250  1  2  3  4  5  6  7  9 10 11 12 13 14 15 17 18 19 20 25
.0800781250 -7627.0366210938  2  3  4  5  6  7  9 10 11 12 13 15 16 17 18 20 24 25 34
.0805664063 -7627.0361328125  1  2  3  5  7  9 12 14 15 16 17 18 19 20 21 22 23 26 34
.0839843750 -7627.0327148438  1  2  4  5  7  8 10 11 12 15 16 17 18 20 21 22 23 24 26
.0849609376 -7627.0317382812  1  2  3  4  5  6  7  8  9 10 11 12 15 16 17 20 22 24 28
.0859375000 -7627.0307617188  1  2  3  5  7  9 13 14 15 16 17 18 19 20 21 22 23 24 34
.0869140626 -7627.0297851562  1  2  3  4  7  9 11 13 14 15 17 18 19 20 21 22 24 25 40
.0874023438 -7627.0292968750  1  2  4  5  7 10 11 12 15 16 17 18 20 21 22 23 24 26 37
.0913085938 -7627.0253906250  1  3  5  7  9 11 12 14 15 16 17 18 19 20 21 22 23 24 34
.0922851563 -7627.0244140625  2  3  4  6  7  8  9 11 12 13 14 15 17 18 19 20 21 22 25
.0957031250 -7627.0209960938  2  3  4  5  6  7  9 10 11 12 13 15 17 18 19 20 24 25 34
.0976562500 -7627.0190429688  1  3  7  8  9 11 12 14 15 16 17 18 20 21 22 23 24 25 28
.0981445313 -7627.0185546875  1  2  3  4  6  7  9 11 13 14 15 17 18 20 21 22 24 25 40
.0991210938 -7627.0175781250  1  2  3  4  6  7  8  9 10 11 13 15 16 17 18 20 21 24 25
.1000976563 -7627.0166015625  3  5  7  9 11 12 13 14 15 16 17 18 19 20 21 22 23 24 30
.1015625000 -7627.0151367188  2  3  4  5  6  7 12 13 15 16 17 18 20 21 22 23 24 31 34
.1015625000 -7627.0151367188  2  3  4  7  9 11 12 13 14 15 17 18 19 20 21 22 24 25 40
.1025390626 -7627.0141601562  1  2  7  8  9 10 13 14 15 16 17 18 19 20 21 22 23 24 27
.1030273438 -7627.0136718750  1  2  3  4  5  6  7  9 10 11 12 13 16 17 18 20 22 24 27
.1044921876 -7627.0122070312  1  2  4  5  7 10 11 12 14 15 16 17 18 20 21 22 23 24 37
.1054687500 -7627.0112304688  1  2  3  4  5  6  7  9 10 11 12 14 15 16 17 20 22 24 37
.1059570313 -7627.0107421875  1  2  4  7  8 10 11 12 14 15 16 17 18 20 21 22 23 24 25
.1064453126 -7627.0102539062  1  2  3  4  6  7  8 11 13 15 16 17 18 20 21 22 24 25 39
.1069335938 -7627.0097656250  1  2  3  4  6  7  9 11 13 14 15 17 18 20 21 22 24 25 28
.1069335938 -7627.0097656250  1  2  3  5  7  9 13 14 15 16 17 18 19 20 21 22 23 24 27
.1079101563 -7627.0087890625  2  3  4  6  7 11 12 13 15 17 18 20 21 22 24 25 27 28 34
.1088867188 -7627.0078125000  1  2  4  7  8 10 11 12 15 16 17 18 20 21 22 23 24 25 38
.1098632813 -7627.0068359375  1  2  3  6  9 13 14 15 16 17 18 19 20 21 22 23 24 25 34
.1108398438 -7627.0058593750  1  2  3  4  5  6  7  9 10 11 12 14 15 16 17 20 22 32 37
.1108398438 -7627.0058593750  1  2  4  5  7  8 10 11 12 14 15 16 17 18 20 21 22 24 35
.1113281250 -7627.0053710938  1  2  3  4  5  7  8  9 10 11 12 14 16 18 20 21 22 26 47
.1123046876 -7627.0043945312  1  2  3  4  7  8  9 10 11 12 15 16 17 18 20 22 24 25 26
.1152343750 -7627.0014648438  1  2  3  4  6  7 11 13 15 16 17 18 20 21 22 24 25 32 39
.1162109376 -7627.0004882812  1  3  4  7  8  9 11 12 13 14 15 17 18 19 20 21 22 24 40
.1166992188 -7627.0000000000  1  3  5  7  9 10 11 12 14 15 16 18 19 20 21 22 23 24 34
.1176757813 -7626.9990234375  1  2  3  4  6  7  9 11 13 15 16 17 18 20 21 22 23 24 34
.1176757813 -7626.9990234375  3  4  7  9 11 12 13 14 15 17 18 19 20 21 22 24 25 37 40
.1176757813 -7626.9990234375  3  7  8  9 11 12 13 14 15 16 17 18 20 21 22 23 24 25 28
.1181640626 -7626.9985351562  1  3  7  9 11 12 14 15 16 17 18 19 20 21 22 23 24 25 34
.1191406250 -7626.9975585938  1  2  4  7  8 10 11 12 15 16 17 18 20 21 22 23 24 25 26
.1215820313 -7626.9951171875  1  2  3  4  5  7  9 10 11 12 13 15 16 17 18 20 24 25 38
.1215820313 -7626.9951171875  2  3  4  5  6  7 12 13 15 17 18 19 20 21 22 23 24 31 34
.1220703126 -7626.9946289062  1  2  3  4  5  6  9 10 11 12 15 16 17 18 20 22 24 36 37
.1225585938 -7626.9941406250  1  2  4  5  7 10 12 15 16 17 18 19 20 21 22 23 24 26 37
.1235351563 -7626.9931640625  1  3  4  5  7  8  9 10 11 14 15 16 18 19 20 21 22 24 32
.1235351563 -7626.9931640625  3  4  7  8  9 10 11 12 13 14 15 17 18 19 20 22 24 28 31
.1240234376 -7626.9926757812  1  3  5  6  9 11 12 14 15 16 17 18 19 20 21 22 23 34 36
.1279296876 -7626.9887695312  1  2  3  4  6  7  9 11 13 15 16 17 18 19 20 21 22 24 34
.1279296876 -7626.9887695312  1  2  4  5  7 10 11 12 14 15 17 18 19 20 21 22 23 24 37
.1289062500 -7626.9877929688  1  2  3  4  6  7  9 11 13 15 16 17 18 20 21 22 24 33 34
.1303710938 -7626.9863281250  1  2  3  4  6  7 11 12 13 15 17 18 20 21 22 24 25 27 28
.1308593750 -7626.9858398438  1  2  3  4  5  6  7  9 10 11 12 14 16 17 20 22 23 24 37
.1313476563 -7626.9853515625  3  4  7  8  9 11 12 13 14 15 17 18 19 20 21 22 24 40 41
.1323242188 -7626.9843750000  1  2  3  4  5  6  7  9 10 11 12 15 17 18 19 20 24 25 37
.1328125000 -7626.9838867188  1  2  3  4  5  6  9 10 11 12 14 15 16 17 18 20 22 24 37
.1333007813 -7626.9833984375  1  2  4  5  7  8 10 12 15 16 17 18 19 20 21 22 23 24 26
.1357421876 -7626.9809570312  1  2  3  4  6  7  9 11 13 17 18 20 21 22 23 24 25 28 34
.1357421876 -7626.9809570312  2  3  4  5  7  9 10 11 12 13 14 15 16 17 18 20 24 25 34
.1357421876 -7626.9809570312  3  5  7  9 11 12 13 14 15 16 17 18 19 20 21 22 23 24 44
.1362304688 -7626.9804687500  1  3  5  6  9 10 11 12 14 15 16 18 19 20 21 22 23 24 34
.1367187500 -7626.9799804688  1  3  4  5  6  7  9 10 11 12 13 14 15 16 17 18 19 20 25
.1372070313 -7626.9794921875  1  3  7  8  9 11 12 13 14 15 16 17 18 20 21 22 23 24 28
.1386718750 -7626.9780273438  1  3  6  9 11 13 14 15 16 17 18 19 20 21 22 23 24 25 34
.1391601563 -7626.9775390625  1  2  3  4  5  6  7  9 10 11 12 14 15 16 17 20 22 37 42
.1396484376 -7626.9770507812  1  2  4  5  6  7  8 10 11 12 15 16 19 20 21 22 23 24 29
.1396484376 -7626.9770507812  1  3  7  8  9 11 13 14 15 16 17 18 19 20 21 22 23 24 36
.1401367188 -7626.9765625000  1  2  3  4  6  7 11 13 15 16 17 18 20 21 22 23 24 33 34
.1401367188 -7626.9765625000  1  3  7  8  9 11 12 14 15 16 17 18 20 21 22 23 24 28 34
.1416015626 -7626.9750976562  1  2  4  5  6  7  8 10 11 12 15 16 20 21 22 23 24 29 45
.1425781250 -7626.9741210938  1  2  7  8  9 10 14 15 16 17 18 19 20 21 22 23 24 27 34
.1430664063 -7626.9736328125  3  6  8  9 11 12 13 14 15 16 17 18 19 20 21 22 23 24 36
.1435546876 -7626.9731445312  1  3  4  5  7  8  9 10 11 14 15 16 18 19 20 21 22 24 26
.1445312500 -7626.9721679688  1  2  3  4  6  7  8  9 11 13 15 16 17 18 20 21 22 24 34
.1445312500 -7626.9721679688  1  3  5  7  9 11 14 15 16 17 18 19 20 21 22 23 24 34 37
.1459960938 -7626.9707031250  1  2  3  5  7  8  9 10 11 12 14 16 18 20 21 22 26 27 47
.1469726563 -7626.9697265625  1  2  3  4  5  6  7  9 11 12 13 15 16 17 18 20 22 45 48
.1469726563 -7626.9697265625  1  2  4  5  6  7  8 10 11 12 15 16 20 21 22 23 24 29 35
.1479492188 -7626.9687500000  1  3  4  5  7  8  9 10 11 14 15 16 18 20 21 22 24 28 32
.1499023438 -7626.9667968750  1  3  4  5  7  8  9 10 11 14 15 18 19 20 21 22 24 28 32
.1508789063 -7626.9658203125  1  2  4  6  7  8 10 12 14 15 16 17 18 20 21 22 23 28 37
.1508789063 -7626.9658203125  1  3  5  7  9 10 11 14 15 16 17 18 19 20 21 22 23 24 34
.1513671876 -7626.9653320312  1  3  7  9 11 12 14 15 16 17 18 19 20 21 22 23 24 34 37
.1513671876 -7626.9653320312  3  5  9 11 12 13 14 15 16 17 18 19 20 21 22 23 24 34 36
.1523437500 -7626.9643554688  1  2  3  4  5  6  9 10 11 12 16 17 18 19 20 22 24 36 37
.1528320313 -7626.9638671875  1  2  3  4  5  6  7  9 10 11 12 13 15 16 17 18 19 20 25
.1528320313 -7626.9638671875  1  3  6  8  9 11 13 14 15 16 17 18 19 20 21 22 23 24 36
.1533203126 -7626.9633789062  1  2  3  4  5  6  9 10 11 12 14 15 16 17 19 20 22 24 37
.1538085938 -7626.9628906250  1  2  3  4  5  6  7  8  9 10 11 12 14 15 17 18 19 22 26
.1562500000 -7626.9604492188  1  2  3  4  5  6  9 10 11 12 13 14 15 16 17 18 19 20 25
.1572265626 -7626.9594726562  1  2  3  4  6  7  9 11 12 13 15 16 17 18 20 21 22 33 34
.1586914063 -7626.9580078125  1  2  3  4  6  7 11 12 13 15 17 18 20 21 22 24 25 27 46
.1591796876 -7626.9575195312  1  3  5  6  9 11 14 15 16 17 18 19 20 21 22 23 24 34 36
.1596679688 -7626.9570312500  1  2  3  4  5  7  8  9 10 11 12 14 15 17 18 19 21 22 26
.1596679688 -7626.9570312500  1  2  3  4  6  7 11 13 15 17 18 20 21 22 24 25 27 40 46
.1601562500 -7626.9565429688  1  3  4  7  8  9 11 12 13 14 15 17 18 19 20 21 22 24 31
.1616210938 -7626.9550781250  3  4  7  8  9 10 11 12 13 14 15 17 18 20 21 22 24 28 31
.1625976563 -7626.9541015625  1  2  4  5  6  7  8 10 12 14 15 16 17 20 21 22 23 28 29
.1635742188 -7626.9531250000  2  4  5  6  7 11 12 13 15 16 17 20 21 22 23 24 29 30 33
.1645507813 -7626.9521484375  1  2  3  4  5  6  7  9 10 11 12 13 16 17 18 20 22 24 47
.1645507813 -7626.9521484375  1  2  4  6  7 10 12 13 14 15 16 17 18 20 21 23 25 28 46
.1669921876 -7626.9497070312  1  2  3  4  5  6  7  9 11 12 13 15 16 17 18 20 22 24 27
.1669921876 -7626.9497070312  1  2  3  4  5  6  9 10 11 12 14 16 17 18 19 20 22 24 37
.1669921876 -7626.9497070312  1  2  3  4  6  7 11 13 15 16 17 18 19 20 21 22 24 25 46
.1669921876 -7626.9497070312  1  3  4  5  7  9 11 12 14 17 18 19 20 21 22 23 24 28 37
.1669921876 -7626.9497070312  3  4  5  7  9 11 12 13 14 16 17 18 19 20 21 22 23 24 34
.1684570313 -7626.9482421875  1  2  3  4  5  6  7  9 10 11 12 14 15 16 17 19 20 22 37
.1699218750 -7626.9467773438  1  2  3  4  5  6  7  9 10 11 12 13 15 17 19 20 22 24 37
.1704101563 -7626.9462890625  1  2  3  5  6  7  9 13 14 15 16 17 18 20 21 22 23 24 28
.1704101563 -7626.9462890625  1  2  7  8  9 10 14 15 16 17 18 19 20 21 22 23 24 30 34
.1718750000 -7626.9448242188  1  2  4  6  7 10 12 14 15 16 17 18 20 21 22 23 25 28 46
.1723632813 -7626.9443359375  2  4  6  7  9 11 12 13 14 15 17 18 19 20 21 22 25 29 34
.1733398438 -7626.9433593750  1  2  3  4  5  6  7  9 10 11 12 15 16 17 20 22 32 34 38
.1738281250 -7626.9428710938  1  3  6  9 11 12 14 15 16 17 18 19 20 21 22 23 24 25 34
.1752929688 -7626.9414062500  2  3  4  5  7  9 10 11 12 13 14 15 16 17 18 20 22 24 44
.1772460938 -7626.9394531250  2  3  4  6  7  8  9 11 12 13 15 17 20 21 22 24 25 30 43
.1791992188 -7626.9375000000  1  3  4  5  6  7 10 11 14 15 16 18 19 20 21 22 23 24 34
.1796875000 -7626.9370117188  2  3  4  5  6  7  9 10 11 12 13 15 18 19 20 21 24 25 30
.1806640626 -7626.9360351562  1  2  4  6  7  8 10 12 14 15 16 17 18 20 21 22 23 28 35
.1835937500 -7626.9331054688  1  2  3  5  9 12 14 15 16 17 18 19 20 21 22 23 24 26 34
.1845703126 -7626.9321289062  1  2  3  4  6  7 11 12 13 15 17 18 20 21 22 24 25 27 40
.1845703126 -7626.9321289062  1  2  4  5  6  7  9 10 12 14 15 16 17 20 22 23 28 29 37
.1860351563 -7626.9306640625  1  2  3  4  6  7 12 13 14 15 16 17 18 20 21 22 23 28 37
.1870117188 -7626.9296875000  1  2  3  4  5  7  8  9 10 11 12 15 16 18 20 21 24 25 38
.1870117188 -7626.9296875000  1  2  3  5  6  7  9 10 11 12 14 16 18 20 21 22 23 27 37
.1870117188 -7626.9296875000  1  2  3  5  7  9 12 14 16 17 18 19 20 21 22 23 26 27 34
.1884765626 -7626.9282226562  1  2  3  5  6  9 12 14 16 17 18 19 20 21 22 23 26 27 34
.1884765626 -7626.9282226562  1  2  4  5  7  8 10 11 12 15 16 17 18 20 21 22 23 24 48
.1889648438 -7626.9277343750  1  2  3  4  5  7  8  9 10 11 12 14 15 18 19 20 21 24 34
.1894531250 -7626.9272460938  1  3  4  5  6 10 11 13 14 15 16 18 19 20 21 22 23 24 34
.1899414063 -7626.9267578125  1  3  4  5  7  8  9 10 11 14 15 16 18 20 21 22 24 28 30
.1904296876 -7626.9262695312  1  2  4  6  7  8 10 12 14 15 16 17 18 20 21 22 23 34 35
.1904296876 -7626.9262695312  1  3  4  5  6  7 10 11 14 15 16 18 20 21 22 23 24 34 43
.1909179688 -7626.9257812500  2  4  6  7 10 12 13 15 16 17 18 20 21 22 23 24 34 40 43
.1914062500 -7626.9252929688  1  3  4  5  7  8  9 10 11 12 14 16 18 21 22 23 24 28 30
.1914062500 -7626.9252929688  1  3  5  9 11 14 15 16 17 18 19 20 21 22 23 24 26 34 36
.1914062500 -7626.9252929688  3  6  9 11 12 13 14 15 16 17 18 19 20 21 22 23 24 34 36
.1918945313 -7626.9248046875  1  2  3  5  6  7  9 10 12 14 16 18 19 20 21 22 23 27 37
.1928710938 -7626.9238281250  1  2  3  4  5  7  8  9 10 11 12 14 16 18 20 21 23 24 25
.1938476563 -7626.9228515625  1  3  4  5  7  8  9 10 11 12 14 15 16 18 21 22 24 28 30
.1943359376 -7626.9223632812  1  2  3  4  5  6  7 10 14 15 16 18 20 21 22 23 24 34 43
.1943359376 -7626.9223632812  1  3  5  9 11 12 14 15 16 17 18 19 20 21 22 23 24 26 34
.1948242188 -7626.9218750000  1  4  5  7 10 11 12 14 15 16 17 18 20 21 22 23 24 35 37
.1958007813 -7626.9208984375  1  2  4  6  7 10 12 13 14 15 16 17 18 20 21 22 23 28 46
.1962890626 -7626.9204101562  1  2  4  6  7  8 10 12 14 15 16 17 18 21 22 23 28 35 37
.1967773438 -7626.9199218750  1  2  3  4  5  7  8  9 10 11 12 14 15 18 19 21 22 26 34
.1967773438 -7626.9199218750  1  3  4  5  7  8  9 10 11 12 14 15 16 18 19 20 21 24 34
.1972656250 -7626.9194335938  1  3  7  9 12 14 15 16 17 18 19 20 21 22 23 24 25 28 34
.1992187500 -7626.9174804688  1  2  3  4  5  6  7  8  9 10 11 15 16 17 18 20 22 24 27
.1992187500 -7626.9174804688  1  2  3  4  5  6  8  9 10 11 12 14 16 17 18 19 20 22 24
.1997070313 -7626.9169921875  1  2  3  4  5  6  7  8  9 10 11 12 14 15 18 19 21 22 26
.1997070313 -7626.9169921875  1  2  3  4  5  7  8  9 10 11 12 16 18 20 21 23 24 25 38
.1997070313 -7626.9169921875  1  3  5  7  8  9 10 11 12 14 15 16 18 21 22 23 24 28 30
.2006835938 -7626.9160156250  1  2  3  4  6  7  9 11 13 16 17 18 20 21 22 23 24 28 34
.2016601563 -7626.9150390625  1  2  3  4  5  6  7  8  9 10 11 15 16 17 20 22 24 27 32
.2016601563 -7626.9150390625  1  2  3  4  5  6  7  9 10 11 12 14 15 16 17 20 22 36 37
.2016601563 -7626.9150390625  1  2  3  6  9 11 13 14 15 16 17 18 19 20 21 22 23 24 34
.2016601563 -7626.9150390625  1  2  3  6  9 13 14 15 16 17 18 19 20 21 22 23 24 34 40
.2021484376 -7626.9145507812  1  2  3  5  7  9 10 12 14 16 18 19 20 21 22 23 26 27 37
.2031250000 -7626.9135742188  3  8  9 11 12 13 14 15 16 17 18 19 20 21 22 23 24 34 36
.2045898438 -7626.9121093750  1  2  3  4  5  7  8  9 10 11 12 14 15 18 19 21 22 24 34
.2050781250 -7626.9116210938  2  6  7  9 10 12 13 15 16 17 18 20 21 22 23 24 25 34 40
.2055664063 -7626.9111328125  2  3  4  6  7 10 12 13 15 16 17 18 20 21 22 23 24 31 34
.2060546876 -7626.9106445312  1  2  3  4  5  7  8  9 10 11 13 14 16 18 20 21 23 24 25
.2065429688 -7626.9101562500  1  2  3  4  7  8  9 10 11 13 14 15 17 18 20 24 25 32 40
.2065429688 -7626.9101562500  1  2  4  6  7 10 12 14 15 16 17 18 20 21 22 23 34 35 37
.2070312500 -7626.9096679688  1  3  5  6  9 13 14 15 16 17 18 19 20 21 22 23 24 28 34
.2080078126 -7626.9086914062  2  3  4  5  7  9 10 11 12 13 14 15 16 18 20 21 24 25 37
.2084960938 -7626.9082031250  2  3  4  5  6  7  9 10 11 12 13 15 16 18 20 21 24 25 33
.2084960938 -7626.9082031250  2  3  4  6  7 11 12 13 15 17 18 20 21 22 24 25 27 28 30
.2089843750 -7626.9077148438  1  2  3  6  9 13 14 15 16 17 18 19 20 21 22 23 24 34 37
.2089843750 -7626.9077148438  3  4  5  6  7  9 10 11 12 13 14 15 16 17 18 19 20 25 34
.2094726563 -7626.9072265625  3  8  9 11 12 13 14 15 16 17 18 19 20 21 22 23 24 27 36
.2104492188 -7626.9062500000  1  2  3  4  5  6  7 10 11 12 14 16 18 20 21 23 34 37 39
.2119140626 -7626.9047851562  1  2  3  4  5  6  7  8  9 10 11 12 14 15 16 17 18 23 46
.2119140626 -7626.9047851562  2  4  6  7 10 12 13 14 15 16 17 18 20 21 22 23 25 28 46
.2124023438 -7626.9042968750  1  2  3  4  5  6  7 10 15 16 18 20 21 22 23 24 34 37 43
.2148437500 -7626.9018554688  1  2  3  5  7  9 12 14 16 17 18 19 20 21 22 23 26 27 37
.2182617188 -7626.8984375000  1  2  3  4  6  7 13 15 16 17 18 19 20 21 22 23 24 25 31
.2182617188 -7626.8984375000  1  2  3  5  7  9 12 14 16 17 18 19 20 21 22 23 26 34 35
.2182617188 -7626.8984375000  1  2  3  6  9 13 14 15 16 17 18 19 20 21 22 23 24 25 28
.2207031250 -7626.8959960938  1  2  3  4  7  8  9 10 11 13 15 17 18 20 24 25 32 36 40
.2211914063 -7626.8955078125  2  3  6  7  8  9 12 13 15 16 17 18 20 21 22 23 24 31 33
.2216796876 -7626.8950195312  2  3  4  5  6  7 12 13 15 17 19 20 21 22 23 24 31 34 44
.2226562500 -7626.8940429688  1  2  3  5  6  7  8  9 10 11 12 13 14 15 16 18 21 23 46
.2226562500 -7626.8940429688  3  4  7  9 10 11 12 13 14 15 17 18 20 21 22 24 25 28 31
.2231445313 -7626.8935546875  2  4  7 10 12 13 15 16 17 18 20 21 22 23 24 25 31 34 36
.2246093750 -7626.8920898438  1  2  3  4  6  7  9 11 12 13 15 16 17 18 20 22 29 34 48
.2250976563 -7626.8916015625  1  3  4  5  7  8  9 10 11 14 15 16 18 19 20 21 22 24 34
.2250976563 -7626.8916015625  3  4  7  9 11 12 13 14 15 17 18 19 20 21 22 24 25 40 41
.2275390626 -7626.8891601562  2  4  6  7  9 10 12 13 15 16 17 18 20 21 22 23 24 34 40
.2280273438 -7626.8886718750  1  2  4  5  6  7  8  9 10 12 14 15 16 20 21 22 23 29 31
.2285156250 -7626.8881835938  1  2  3  4  5  6  7  9 10 11 12 15 16 17 20 22 32 37 38
.2285156250 -7626.8881835938  1  2  3  4  7  8  9 10 11 13 15 17 18 20 22 24 28 32 36
.2285156250 -7626.8881835938  2  4  5  6  7 12 13 15 16 17 18 20 21 22 23 24 28 29 30
.2290039063 -7626.8876953125  2  3  4  5  6  7  9 10 11 12 13 15 18 19 20 21 24 25 33
.2294921876 -7626.8872070312  1  2  3  4  5  6  9 10 11 12 14 15 16 17 18 19 22 24 37
.2314453126 -7626.8852539062  1  3  4  5  7  8  9 10 11 14 15 16 18 19 20 21 22 24 37
.2333984376 -7626.8833007812  1  2  3  5  6  9 11 13 14 16 17 18 19 20 21 22 23 24 32
.2338867188 -7626.8828125000  1  2  3  4  5  6  8  9 10 11 12 14 15 17 18 19 21 22 26
.2338867188 -7626.8828125000  1  2  3  4  6  7 11 13 15 17 18 20 21 22 24 25 27 28 41
.2338867188 -7626.8828125000  2  4  6  7 11 12 13 15 17 18 19 20 21 22 24 25 27 29 30
.2343750000 -7626.8823242188  1  2  3  4  6  7  9 11 12 13 15 16 17 18 20 22 28 29 34
.2348632813 -7626.8818359375  1  2  3  6  9 13 14 15 16 17 18 19 20 21 22 23 24 33 34
.2363281250 -7626.8803710938  2  4  5  6  7 12 13 15 16 17 20 21 22 23 24 28 29 30 32
.2368164063 -7626.8798828125  1  2  3  4  5  6  7  9 10 11 12 15 16 17 20 22 27 34 38
.2368164063 -7626.8798828125  1  2  3  4  6  7  9 11 13 17 18 20 21 22 23 24 25 28 29
.2368164063 -7626.8798828125  3  4  7  8  9 10 11 12 13 14 15 17 18 19 20 22 23 24 40
.2373046876 -7626.8793945312  1  2  3  4  5  6  7 10 15 16 18 20 21 22 23 24 28 34 43
.2373046876 -7626.8793945312  1  2  3  4  5  7  8  9 10 11 12 13 14 16 18 20 21 26 47
.2377929688 -7626.8789062500  2  4  5  6  7 12 13 15 16 17 20 21 22 23 24 28 29 30 31
.2382812500 -7626.8784179688  1  3  5  6  9 13 14 15 16 17 18 19 20 21 22 23 24 28 37
.2392578126 -7626.8774414062  1  2  3  5  6  7  9 10 11 12 14 16 18 20 21 22 23 34 37
.2392578126 -7626.8774414062  2  3  4  6  7  8  9 11 13 14 15 17 18 19 20 21 22 24 25
.2392578126 -7626.8774414062  2  3  5  6  7  9 12 13 15 16 18 20 21 22 23 24 28 31 33
.2392578126 -7626.8774414062  2  4  5  6  7 12 13 15 16 17 20 21 22 23 24 28 29 30 33
.2421875000 -7626.8745117188  1  2  3  4  6  7 11 13 15 17 18 19 20 21 22 24 25 40 46
.2421875000 -7626.8745117188  2  4  6  7 10 12 13 15 16 17 18 20 21 22 23 24 29 34 40
.2426757813 -7626.8740234375  1  2  3  4  7  8  9 10 11 13 15 17 18 20 22 24 26 36 40
.2431640626 -7626.8735351562  2  4  6  7 10 12 13 15 16 17 18 20 21 22 23 24 34 37 40
.2451171876 -7626.8715820312  4  5  6  7 10 11 12 13 14 15 17 19 20 21 22 23 24 40 44
.2456054688 -7626.8710937500  1  2  3  6  9 13 14 15 16 17 18 19 20 21 22 23 24 28 34
.2460937500 -7626.8706054688  2  3  4  5  6  7 12 13 15 17 19 20 21 22 23 24 33 40 44
.2465820313 -7626.8701171875  1  2  4  6  7 13 15 16 17 18 19 20 21 22 23 24 25 29 46
.2470703126 -7626.8696289062  1  2  4  5  6  7 10 12 15 16 18 20 21 22 23 28 29 34 37
.2475585938 -7626.8691406250  1  2  3  4  7  8  9 10 11 12 13 15 16 17 18 20 23 24 25
.2480468750 -7626.8686523438  1  2  3  4  5  7  9 10 11 12 13 15 16 18 20 24 25 38 46
.2480468750 -7626.8686523438  1  2  3  4  7  9 11 13 14 15 17 18 19 20 21 22 24 25 45
.2480468750 -7626.8686523438  1  3  4  6  7  9 11 12 13 14 15 16 17 18 20 21 22 25 40
.2480468750 -7626.8686523438  2  3  4  5  7  9 10 11 12 13 14 15 16 18 20 21 26 37 46
.2485351563 -7626.8681640625  1  3  5  9 11 14 15 16 17 18 19 20 21 22 23 24 26 28 34
.2490234376 -7626.8676757812  1  3  5  6  9 11 12 15 16 17 18 19 20 21 22 23 24 34 36
.2490234376 -7626.8676757812  2  3  4  5  6  7 11 12 13 15 17 19 20 21 22 23 24 31 44
.2500000000 -7626.8666992188  2  7  9 10 12 13 15 16 17 18 20 21 22 23 24 25 34 36 40
.2524414063 -7626.8642578125  2  3  4  5  6  7  9 12 13 15 16 18 20 21 22 23 24 31 33
.2534179688 -7626.8632812500  1  2  3  4  5  6 10 11 13 16 19 20 21 22 23 24 32 36 39
.2534179688 -7626.8632812500  1  3  5  6  9 14 15 16 17 18 19 20 21 22 23 24 28 31 37
.2539062500 -7626.8627929688  1  2  3  4  6  7  9 11 13 17 18 20 21 22 23 24 25 37 40
.2543945313 -7626.8623046875  1  2  3  6  7  9 13 15 16 17 18 20 21 22 23 24 25 28 37
.2548828126 -7626.8618164062  1  3  5  7  8  9 10 11 14 15 16 17 18 21 22 23 24 28 30
.2563476563 -7626.8603515625  1  2  3  4  5  6  7  9 10 11 12 14 15 16 17 20 22 37 40
.2563476563 -7626.8603515625  1  3  4  5  6  7  9 11 12 13 14 15 16 17 18 20 21 22 40
.2568359376 -7626.8598632812  2  3  4  5  6  7 13 15 17 19 20 21 22 23 24 30 31 32 42
.2573242188 -7626.8593750000  2  3  4  5  6  7 13 15 17 19 20 21 22 23 24 31 32 34 42
.2578125000 -7626.8588867188  3  4  5  7  9 10 11 12 14 17 18 19 20 21 22 23 24 28 37
.2583007813 -7626.8583984375  3  4  5  6  7  9 10 11 12 13 14 15 16 17 18 19 20 21 34
.2607421876 -7626.8559570312  1  2  4  5  6  7  9 10 12 15 16 18 20 21 22 23 28 29 34
.2612304688 -7626.8554687500  1  2  3  4  7  8  9 10 11 13 14 15 18 20 21 24 25 32 46
.2617187500 -7626.8549804688  2  4  5  6  7 11 12 13 15 16 17 20 21 22 23 24 29 30 36
.2641601563 -7626.8525390625  1  2  3  4  5  6  7  9 10 11 13 16 17 18 20 22 24 30 35
.2656250000 -7626.8510742188  2  4  6  7  9 11 12 13 15 17 18 19 20 21 22 24 25 27 29
.2661132813 -7626.8505859375  1  2  3  7  9 13 14 15 16 17 18 20 21 22 23 24 28 34 37
.2666015626 -7626.8500976562  1  3  4  5  7 11 12 14 17 18 19 20 21 22 23 24 28 35 37
.2670898438 -7626.8496093750  3  4  7  8  9 10 11 12 13 14 15 17 18 19 20 22 23 24 43
.2675781250 -7626.8491210938  4  7  8 10 11 12 13 14 16 17 18 19 20 21 22 23 24 34 39
.2695312500 -7626.8471679688  1  2  7  8  9 10 14 15 16 17 18 19 21 22 23 24 30 34 44
.2705078126 -7626.8461914062  1  2  3  4  5  6 10 11 13 16 18 19 20 21 22 23 24 32 39
.2709960938 -7626.8457031250  1  3  7  9 13 14 15 16 17 18 19 20 21 22 23 24 28 34 37
.2719726563 -7626.8447265625  1  2  3  4  5  6  7 10 11 15 16 18 20 21 22 23 24 37 38
.2719726563 -7626.8447265625  1  2  3  4  5  6  7  8 10 12 15 16 20 21 22 23 24 31 35
.2724609376 -7626.8442382812  1  2  3  5  6  9 11 13 16 17 18 19 20 21 22 23 24 27 32
.2729492188 -7626.8437500000  1  2  3  4  6  7  9 11 13 17 18 20 21 22 23 24 25 29 40
.2729492188 -7626.8437500000  2  3  5  6  7  9 12 13 15 16 18 20 21 22 23 24 31 33 37
.2739257813 -7626.8427734375  1  2  3  4  6  7  9 11 13 17 18 19 20 21 22 23 25 34 36
.2744140626 -7626.8422851562  1  2  3  5  6  9 14 15 16 17 18 19 20 21 22 23 26 27 34
.2758789063 -7626.8408203125  1  2  3  4  6  7  9 11 13 17 18 20 21 22 23 24 25 36 40
.2758789063 -7626.8408203125  1  2  3  4  7  8  9 10 11 13 15 16 17 18 20 22 24 36 40
.2783203126 -7626.8383789062  1  2  3  4  5  6  7  9 10 11 12 16 17 20 22 26 27 34 35
.2797851563 -7626.8369140625  1  2  3  4  5  7  9 10 11 12 13 14 16 18 20 21 25 26 47
.2817382813 -7626.8349609375  1  3  7  8  9 10 11 12 14 15 16 17 18 22 23 24 25 28 30
.2822265626 -7626.8344726562  1  2  3  4  5  6  7 10 15 16 18 20 21 22 23 24 32 37 43
.2822265626 -7626.8344726562  1  2  4  5  6  7  9 10 12 15 16 17 20 22 23 28 29 34 37
.2832031250 -7626.8334960938  1  2  3  5  6  7  9 12 14 15 16 19 20 21 22 23 27 34 41
.2846679688 -7626.8320312500  2  3  5  6  7  9 12 13 15 16 20 21 22 23 24 30 33 40 43
.2846679688 -7626.8320312500  3  4  5  9 10 11 12 13 14 15 16 18 19 20 21 24 26 37 46
.2851562500 -7626.8315429688  1  2  3  4  6  7  9 11 12 13 14 15 16 17 20 21 22 25 40
.2851562500 -7626.8315429688  1  2  3  5  6  9 12 14 15 16 18 19 20 21 22 23 26 27 34
.2866210938 -7626.8300781250  1  2  3  5  6  7  9 13 14 15 16 17 18 20 21 22 23 27 43
.2866210938 -7626.8300781250  2  3  7  8  9 12 13 15 16 17 18 20 21 22 23 24 26 31 33
.2880859376 -7626.8286132812  1  3  7  8  9 10 11 14 15 16 17 18 21 22 23 24 25 28 30
.2885742188 -7626.8281250000  2  4  6  7 10 12 13 15 16 17 18 20 21 22 23 24 34 35 40
.2890625000 -7626.8276367188  2  4  7 10 12 13 15 16 17 18 20 21 22 23 24 25 34 36 40
.2900390626 -7626.8266601562  1  2  3  6  9 13 14 15 16 17 18 19 20 21 22 23 24 33 37
.2900390626 -7626.8266601562  4  7 10 11 12 13 14 16 17 18 19 20 21 22 23 24 34 39 45
.2905273438 -7626.8261718750  1  2  3  4  6  7  9 13 16 17 18 20 21 22 23 24 25 28 37
.2919921876 -7626.8247070312  3  4  5  7  9 10 11 12 13 14 15 16 18 19 20 21 26 37 46
.2924804688 -7626.8242187500  1  2  4  5  6  7  8 10 12 13 14 15 16 20 21 22 23 29 31
.2924804688 -7626.8242187500  3  4  5  9 10 11 12 13 14 16 17 18 19 20 22 23 24 26 43
.2929687500 -7626.8237304688  1  3  4  5  6  7  9 10 11 12 13 14 15 16 17 18 19 20 21
.2944335938 -7626.8222656250  1  4  6  7  8  9 10 11 12 13 14 15 17 19 20 21 22 23 24
.2949218750 -7626.8217773438  1  2  3  5  6  9 10 11 13 16 19 20 21 22 23 24 27 32 36
.2954101563 -7626.8212890625  1  2  3  4  6  7  8 11 13 15 16 17 18 21 22 23 24 25 42
.2954101563 -7626.8212890625  3  4  5  6  7  9 10 11 12 13 14 15 17 19 20 24 25 30 31
.2958984376 -7626.8208007812  2  4  6  7  9 11 12 13 14 15 17 18 20 21 22 23 25 29 34
.2958984376 -7626.8208007812  3  4  5  6  9 10 11 12 13 14 15 16 17 18 19 20 24 34 38
.2973632813 -7626.8193359375  3  4  7  8  9 10 11 12 13 14 15 17 18 19 20 22 24 43 46
.2983398438 -7626.8183593750  1  2  3  4  6  7  9 11 12 13 17 18 20 21 22 23 24 25 29
.2988281250 -7626.8178710938  2  3  4  5  6  7 12 13 15 19 20 21 22 23 24 31 33 40 44
.2993164063 -7626.8173828125  1  2  3  4  5  6  7  9 10 11 13 16 17 18 20 24 25 35 43
.3012695313 -7626.8154296875  2  4  7 10 13 14 15 16 17 18 19 20 21 22 23 24 30 34 35
.3017578126 -7626.8149414062  2  4  6 11 12 13 14 15 17 18 19 20 21 22 24 25 27 29 37
.3022460938 -7626.8144531250  1  2  3  4  7  8  9 10 11 14 15 17 18 20 24 25 32 40 46
.3041992188 -7626.8125000000  1  2  3  5  7  9 12 14 16 18 19 20 21 22 23 26 34 41 47
.3051757813 -7626.8115234375  1  2  3  4  5  6  7  9 10 11 12 16 18 20 21 34 36 37 39
.3061523438 -7626.8105468750  1  3  6  9 13 14 15 16 17 18 19 20 21 22 23 24 28 34 37
.3066406250 -7626.8100585938  1  2  3  4  6  7  9 11 12 13 14 17 18 20 21 22 23 25 29
.3071289063 -7626.8095703125  2  4  6 10 13 14 15 16 17 18 19 20 21 22 23 24 30 34 35
.3076171876 -7626.8090820312  1  2  3  5  6  9 13 14 15 16 17 18 20 21 22 23 24 32 43
.3076171876 -7626.8090820312  1  4  7  8  9 10 11 12 14 16 17 18 19 20 21 22 23 24 28
.3085937500 -7626.8081054688  1  2  3  5  6  9 10 14 15 16 17 18 19 20 21 22 23 26 34
.3085937500 -7626.8081054688  1  2  3  5  6  9 12 14 15 16 19 20 21 22 23 24 27 37 41
.3090820313 -7626.8076171875  2  4  6  7  8 11 12 13 14 15 17 18 19 20 21 22 24 27 29
.3100585938 -7626.8066406250  1  2  3  5  6  7  8  9 12 14 15 16 19 20 21 22 23 24 27
.3100585938 -7626.8066406250  2  3  4  5  7  9 10 11 12 13 15 16 17 18 20 21 24 37 44
.3110351563 -7626.8056640625  1  2  3  4  5  6  7  9 10 11 12 16 18 20 21 23 34 37 39
.3115234376 -7626.8051757812  2  3  4  5  6  7 12 13 14 15 16 18 20 21 22 23 24 33 40
.3115234376 -7626.8051757812  3  4  7  8  9 10 11 12 13 14 15 17 18 20 21 22 24 25 28
.3120117188 -7626.8046875000  1  3  4  5  7 11 14 17 18 19 20 21 22 23 24 28 32 35 37
.3129882813 -7626.8037109375  1  2  3  4  6  7  9 11 13 17 18 20 21 22 23 24 25 40 41
.3154296876 -7626.8012695312  1  2  3  7  9 13 14 15 16 17 18 20 21 22 23 24 27 28 37
.3164062500 -7626.8002929688  1  2  3  6  9 13 14 15 16 17 18 19 20 21 22 23 24 37 41
.3173828126 -7626.7993164062  1  2  4  5  6  7  8 10 12 15 16 17 20 21 22 23 28 29 32
.3183593750 -7626.7983398438  2  3  4  5  6  7 12 13 15 16 18 20 21 22 23 24 30 33 40
.3188476563 -7626.7978515625  1  2  3  4  6  7  8  9 10 11 13 15 16 17 18 20 24 29 34
.3193359376 -7626.7973632812  1  2  7  8  9 10 14 15 16 17 18 19 21 22 23 24 30 34 48
.3193359376 -7626.7973632812  2  4  5  7  8 12 13 14 15 16 18 19 20 21 22 23 24 41 45
.3203125000 -7626.7963867188  2  3  4  5  6  7 13 15 17 19 20 21 22 23 24 30 32 40 42
.3203125000 -7626.7963867188  2  5  6  7 10 11 12 13 15 17 19 20 21 22 23 24 27 42 44
.3208007813 -7626.7958984375  1  2  4  7  8 10 11 14 15 16 17 18 21 22 23 24 25 42 44
.3212890626 -7626.7954101562  4  6  7  8 10 11 12 13 14 15 17 19 20 21 22 23 24 40 44
.3222656250 -7626.7944335938  2  3  4  5  6  9 10 11 12 13 14 16 17 18 19 20 24 35 37
.3227539063 -7626.7939453125  3  4  5  7  9 10 11 12 13 14 15 18 19 20 21 26 31 37 46
.3247070313 -7626.7919921875  1  2  3  4  6  7  8 11 15 16 17 18 21 22 23 24 25 42 44
.3251953126 -7626.7915039062  1  2  3  5  6  7  9 12 14 15 16 19 20 21 22 23 27 37 41
.3251953126 -7626.7915039062  1  2  3  5  6  9 12 14 15 16 18 19 20 21 22 23 26 27 37
.3256835938 -7626.7910156250  1  2  4  5  6  7 13 15 17 19 20 21 22 23 24 29 32 40 42
.3261718750 -7626.7905273438  1  2  3  4  5  6  7 10 12 14 15 16 20 21 22 23 26 31 37
.3271484376 -7626.7895507812  1  2  4  5  6  7  8 10 12 15 16 18 20 21 22 23 24 28 39
.3271484376 -7626.7895507812  1  3  7  8  9 10 11 14 16 17 18 20 21 22 23 24 25 28 30
.3276367188 -7626.7890625000  2  3  4  5  6  7  9 12 13 14 15 16 18 20 21 22 23 24 33
.3276367188 -7626.7890625000  2  3  4  6  7  9 12 13 16 17 18 20 21 22 23 24 28 37 46
.3281250000 -7626.7885742188  1  3  4  7  8  9 11 14 16 17 18 21 22 23 24 25 28 30 34
.3295898438 -7626.7871093750  1  2  3  4  6  7  9 11 13 17 18 20 21 22 23 25 34 36 40
.3295898438 -7626.7871093750  1  2  3  4  6  7  9 13 16 17 18 20 21 22 23 24 28 37 46
.3295898438 -7626.7871093750  1  2  4  5  7  8  9 10 11 12 13 14 15 17 19 20 21 22 24
.3310546876 -7626.7856445312  1  2  3  4  6  7 11 12 13 15 17 18 20 21 22 25 27 38 40
.3310546876 -7626.7856445312  1  3  6  9 14 15 16 17 18 19 20 21 22 23 24 28 31 34 37
.3330078126 -7626.7836914062  1  2  3  5  7  9 14 15 16 18 19 20 21 22 23 24 26 27 34
.3334960938 -7626.7832031250  2  3  4  5  7  9 10 11 12 13 14 15 16 18 20 21 24 26 37
.3339843750 -7626.7827148438  1  3  4  7  8  9 10 11 12 14 16 17 18 21 22 23 24 28 30
.3359375000 -7626.7807617188  1  3  5  9 14 15 16 17 18 19 20 21 22 23 24 26 28 30 34
.3369140626 -7626.7797851562  1  3  4  5  7  9 10 11 14 18 19 20 21 22 24 28 32 35 37
.3369140626 -7626.7797851562  1  4  6  7  8  9 10 11 12 13 15 17 19 20 21 22 23 24 31
.3374023438 -7626.7792968750  1  3  4  5  7  9 10 11 14 18 19 20 21 22 23 24 32 35 37
.3374023438 -7626.7792968750  2  3  4  6  7  9 12 13 17 18 20 21 22 23 24 28 31 37 46
.3378906250 -7626.7788085938  1  2  7  8  9 10 14 15 16 17 18 19 21 22 23 24 29 30 44
.3393554688 -7626.7773437500  1  2  3  4  5  7  9 10 11 12 13 15 16 18 20 21 26 28 37
.3393554688 -7626.7773437500  3  4  5  7 10 11 12 13 14 15 16 18 19 20 21 23 26 37 46
.3398437500 -7626.7768554688  1  2  4  5  6  7  8 10 11 12 15 16 20 21 22 23 28 29 35
.3403320313 -7626.7763671875  2  3  4  5  7  9 10 11 12 13 15 16 17 18 20 21 24 28 37
.3413085938 -7626.7753906250  1  2  7  8  9 10 14 15 16 17 18 19 22 23 24 29 30 34 44
.3422851563 -7626.7744140625  1  3  4  7  8  9 11 12 14 16 17 18 21 22 23 24 25 28 30
.3461914063 -7626.7705078125  2  4  7  9 10 12 13 15 16 17 18 20 21 23 24 25 34 36 40
.3466796876 -7626.7700195312  1  2  4  6  7 10 11 12 15 16 17 18 20 21 22 33 34 35 37
.3476562500 -7626.7690429688  3  4  7 11 12 13 14 16 17 18 19 20 21 22 23 24 34 39 45
.3481445313 -7626.7685546875  1  2  3  4  5  7  9 10 11 12 13 14 15 18 20 21 26 28 37
.3486328126 -7626.7680664062  1  2  3  5  7  9 14 16 18 19 20 21 22 23 24 26 34 41 47
.3496093750 -7626.7670898438  1  2  6  7  8  9 10 11 12 13 15 17 19 20 21 22 23 24 31
.3496093750 -7626.7670898438  2  4  6  7  9 11 12 13 15 17 19 20 21 22 24 29 30 34 44
.3515625000 -7626.7651367188  4  7 10 12 13 14 15 16 17 18 19 20 21 22 23 24 30 34 39
.3525390626 -7626.7641601562  1  3  4  7  8  9 10 11 12 14 16 17 18 19 22 23 24 28 30
.3525390626 -7626.7641601562  2  5  6  7 10 11 12 13 15 17 19 20 21 22 23 24 27 34 42
.3530273438 -7626.7636718750  2  4  6  7 11 12 13 15 17 19 20 21 22 24 27 29 30 34 44
.3544921876 -7626.7622070312  3  4  5  9 10 11 12 13 14 15 18 19 20 21 24 26 31 37 46
.3554687500 -7626.7612304688  1  2  5  6  7  8  9 10 12 13 14 15 16 18 21 22 23 27 29
.3554687500 -7626.7612304688  2  3  4  5  6  7 12 13 15 16 19 20 21 22 23 24 33 40 44
.3554687500 -7626.7612304688  2  4  5 12 13 14 15 16 17 18 19 20 21 22 23 24 26 31 45
.3554687500 -7626.7612304688  3  4  5  6  7  9 10 11 12 13 15 18 19 20 21 24 25 30 31
.3564453126 -7626.7602539062  1  2  4  6  7 10 11 12 15 16 17 18 20 21 22 24 34 37 41
.3574218750 -7626.7592773438  1  2  4  6  7 10 11 12 15 16 17 18 20 21 22 24 33 34 37
.3574218750 -7626.7592773438  3  4  7  8  9 10 11 12 13 14 17 18 19 20 22 23 24 34 43
.3598632813 -7626.7568359375  2  3  4  5  6  7 12 13 15 16 20 21 22 23 24 33 40 42 44
.3598632813 -7626.7568359375  3  4  7  8  9 10 11 12 13 14 17 18 19 20 22 23 24 26 43
.3613281250 -7626.7553710938  1  2  3  4  5  6  7  8  9 10 12 14 15 16 17 18 23 24 46
.3637695313 -7626.7529296875  1  2  3  5  6  7  9 13 14 15 16 17 18 20 21 22 23 25 43
.3637695313 -7626.7529296875  3  4  5  6  9 10 11 12 13 14 17 18 19 20 22 23 24 26 43
.3652343750 -7626.7514648438  1  2  4  5  6  7 10 12 13 14 15 16 19 20 21 22 23 29 31
.3652343750 -7626.7514648438  2  4 10 12 13 14 15 16 17 18 19 20 21 22 23 24 30 34 36
.3662109376 -7626.7504882812  2  4  5  6 12 13 15 16 17 18 19 20 21 22 23 24 26 31 45
.3671875000 -7626.7495117188  1  2  4  5  6  7 13 15 17 18 19 20 21 22 23 24 25 29 40
.3691406250 -7626.7475585938  2  6  7 10 11 12 13 15 16 17 19 20 21 22 23 24 27 34 44
.3710937500 -7626.7456054688  2  5  6  7 10 11 12 13 15 17 19 20 21 22 23 24 27 34 44
.3720703126 -7626.7446289062  2  3  4  6  7  9 11 12 13 14 17 18 20 21 22 23 29 31 34
.3720703126 -7626.7446289062  2  4  6 10 12 13 15 16 17 18 19 20 21 22 23 24 31 34 45
.3725585938 -7626.7441406250  1  2  3  4  5  7  8  9 10 11 13 14 18 20 21 23 24 25 31
.3725585938 -7626.7441406250  1  2  5  7  8  9 10 12 14 15 16 18 21 22 23 26 29 36 47
.3730468750 -7626.7436523438  1  2  4  5  6  7  8 10 12 15 16 20 21 22 23 24 29 32 45
.3735351563 -7626.7431640625  2  4  5  6 11 12 13 15 16 17 20 21 22 23 24 29 30 34 36
.3740234376 -7626.7426757812  2  3  4  6  7  9 11 12 13 14 17 18 20 21 22 23 25 29 31
.3740234376 -7626.7426757812  2  4  5  6  7 10 12 13 14 15 16 20 21 22 23 30 31 34 45
.3750000000 -7626.7416992188  1  2  4  6  7 10 12 14 15 16 17 18 20 21 22 34 35 37 39
.3764648438 -7626.7402343750  2  3  5  6  7  9 12 13 15 16 20 21 22 23 24 33 40 42 44
.3779296876 -7626.7387695312  1  2  3  4  6  7 12 13 14 15 16 17 18 21 22 23 28 37 46
.3784179688 -7626.7382812500  1  2  3  4  5  6 14 15 16 18 19 20 21 22 23 24 25 31 32
.3784179688 -7626.7382812500  2  4 10 12 13 14 15 16 17 18 19 20 21 22 23 24 27 34 36
.3793945313 -7626.7373046875  1  2  3  4  5  6  7 13 15 17 18 19 21 22 23 24 30 32 40
.3803710938 -7626.7363281250  1  2  3  4  5  6  7  9 10 11 12 16 17 18 22 26 27 34 35
.3803710938 -7626.7363281250  1  2  3  4  6  7 11 12 13 15 16 17 18 20 21 22 25 38 40
.3813476563 -7626.7353515625  2  4  6  7  9 11 12 13 14 17 18 20 21 22 23 25 29 34 43
.3818359376 -7626.7348632812  1  3  5  6  9 11 15 16 17 18 19 20 21 22 23 24 28 34 36
.3833007813 -7626.7333984375  3  4  7  8  9 10 11 12 13 14 15 17 18 19 20 22 24 36 43
.3857421876 -7626.7309570312  2  3  4  6  7 12 13 15 17 18 20 21 22 24 25 27 28 30 31
.3867187500 -7626.7299804688  1  3  4  5  7  9 10 11 12 13 14 15 18 20 21 26 28 31 37
.3872070313 -7626.7294921875  1  2  4  5  6  7  8 10 11 12 15 17 18 20 21 22 23 28 39
.3872070313 -7626.7294921875  3  4  5  7  9 10 11 12 13 14 15 18 20 21 26 28 31 37 46
.3906250000 -7626.7260742188  1  2  4  6  7 12 13 14 15 16 17 18 20 21 22 23 28 37 46
.3911132813 -7626.7255859375  3  4  5  6  9 10 11 12 13 16 17 18 19 20 22 23 24 26 43
.3955078126 -7626.7211914062  2  4  5  6  7 12 13 15 17 18 20 21 22 23 24 28 29 31 36
.3979492188 -7626.7187500000  1  2  4  6  7  8 10 14 15 16 17 18 21 22 23 24 25 29 44
.3994140626 -7626.7172851562  1  2  3  4  5  6  7  9 10 11 12 16 17 18 20 26 27 34 35
.4003906250 -7626.7163085938  1  2  3  4  5  6 10 14 15 16 18 19 20 21 22 23 26 31 37
.4018554688 -7626.7148437500  2  3  4  5  7 10 11 12 13 14 15 16 18 20 21 23 26 37 46
.4047851563 -7626.7119140625  4  7 10 13 14 15 16 17 18 19 20 21 22 23 24 30 31 34 35
.4062500000 -7626.7104492188  1  2  4  6  7 10 11 12 13 15 16 17 18 20 21 22 24 37 41
.4062500000 -7626.7104492188  4  6  7  8  9 10 11 12 13 15 17 19 20 21 22 23 24 31 44
.4072265626 -7626.7094726562  1  2  3  4  5  6  7 13 15 17 18 19 21 22 23 24 32 34 40
.4077148438 -7626.7089843750  2  3  7  8  9 12 13 15 16 17 18 20 21 22 23 24 26 31 48
.4106445313 -7626.7060546875  3  4  7  8  9 10 11 12 13 14 17 18 19 20 22 23 24 36 43
.4111328126 -7626.7055664062  2  4  5  7  8 12 13 14 15 16 18 19 20 21 22 23 41 45 48
.4116210938 -7626.7050781250  3  4  5  8  9 10 11 12 13 14 17 18 19 20 22 23 24 26 43
.4135742188 -7626.7031250000  2  4  7 10 12 13 15 16 17 18 19 20 21 22 23 24 27 34 48
.4165039063 -7626.7001953125  1  2  3  4  5  7  8  9 10 13 14 18 20 21 23 24 25 31 40
.4243164063 -7626.6923828125  1  2  3  4  5  6  7 13 15 17 18 19 21 22 23 24 28 30 32
.4267578126 -7626.6899414062  1  4  6  7  8  9 10 11 12 13 15 17 19 20 21 22 23 24 29
.4331054688 -7626.6835937500  1  2  3  4  5  7  9 10 11 12 16 18 20 21 26 34 37 38 39
.4340820313 -7626.6826171875  1  2  4  6  7  8 10 14 15 16 17 18 21 22 23 24 25 42 44
.4350585938 -7626.6816406250  2  4  7 10 12 13 15 16 17 18 19 20 21 22 23 24 27 34 45
.4360351563 -7626.6806640625  2  4  6 10 12 13 15 16 17 18 19 20 21 22 23 24 27 34 45
.4370117188 -7626.6796875000  2  4  6 10 12 13 15 16 17 18 19 20 21 22 23 24 34 45 48
.4375000000 -7626.6791992188  1  2  3  5  7  9 12 14 16 18 19 20 21 22 23 26 31 34 41
.4531250000 -7626.6635742188  2  3  7  8  9 12 13 15 16 17 18 20 21 22 23 26 31 43 48
.4555664063 -7626.6611328125  1  2  3  4  6  7  9 11 13 17 18 20 21 22 23 25 29 36 40
.4589843750 -7626.6577148438  2  4  5  6 12 13 15 16 17 20 21 22 23 24 29 30 31 34 36
.4594726563 -7626.6572265625  1  2  7  8 10 14 15 16 17 18 19 21 22 23 24 25 29 30 44
.4599609376 -7626.6567382812  2  3  4  5  8 12 13 14 15 16 18 19 20 21 22 23 24 45 48
.4599609376 -7626.6567382812  2  4  5  8 12 13 14 15 16 18 19 20 21 22 23 24 41 45 48
.4604492188 -7626.6562500000  1  2  4  5  6  7  8 10 11 12 13 15 17 18 21 22 23 28 39
.4604492188 -7626.6562500000  2  4  7 10 12 13 14 15 16 17 18 20 21 22 23 24 27 34 36
.4624023438 -7626.6542968750  1  2  4  5  6  7  8 10 11 12 15 17 18 22 23 24 28 29 39
.4628906250 -7626.6538085938  2  4  6  7  9 10 12 13 15 17 18 20 22 23 24 25 28 31 46
.4633789063 -7626.6533203125  2  6  7 10 11 12 13 15 16 17 19 20 21 22 24 27 29 34 44
.4667968750 -7626.6499023438  1  2  4  5  6  7  8 10 11 12 15 16 17 18 22 23 28 29 39
.4697265626 -7626.6469726562  2  4  7 10 12 13 14 15 16 17 18 20 21 22 23 24 27 33 34
.4750976563 -7626.6416015625  1  2  3  5  7  8 10 12 13 14 15 16 19 20 21 23 24 27 46
.4750976563 -7626.6416015625  3  4  5  6  7 10 11 12 13 14 15 17 19 20 24 25 27 30 31
.4858398438 -7626.6308593750  1  2  3  4  5  6 10 14 15 16 18 19 20 21 22 23 26 31 32
.4882812500 -7626.6284179688  1  2  3  5  7  8  9 10 13 14 15 18 20 21 23 24 25 31 40
.4887695313 -7626.6279296875  1  2  4  6  7  9 10 12 13 15 17 18 20 22 23 24 28 31 46
.4907226563 -7626.6259765625  1  2  3  4  5  6 10 14 15 16 18 19 20 21 22 23 25 31 32
.4926757813 -7626.6240234375  2  4  6 11 13 14 15 16 17 18 19 20 21 22 24 27 29 33 37
.4965820313 -7626.6201171875  1  2  3  4  5  6  7  9 10 11 12 14 17 18 22 26 27 34 44
.4975585938 -7626.6191406250  1  2  3  4  5  6  7 13 15 17 18 19 21 22 23 24 25 28 30
.4990234376 -7626.6176757812  1  2  4  5  7 12 13 15 16 17 20 21 22 23 24 29 31 34 36
.5034179688 -7626.6132812500  2  4  5  7  8 10 12 13 14 15 16 18 19 21 22 23 30 41 45
.5102539063 -7626.6064453125  1  2  3  4  6  7  9 10 11 13 15 16 17 18 20 24 25 34 56
.5122070313 -7626.6044921875  1  3  4  5  6  7  9 10 11 12 13 14 16 17 25 27 28 30 44
.5141601563 -7626.6025390625  2  4  5  7  8 12 13 14 15 16 18 19 21 22 23 30 41 45 48
.5170898438 -7626.5996093750  1  2  3  4  6  7  9 10 11 13 15 16 17 18 20 24 25 34 51
.5180664063 -7626.5986328125  1  2  3  4  7  8 10 11 15 16 17 18 21 22 23 24 25 42 44
.5180664063 -7626.5986328125  1  3  4  5  6  7  9 10 11 12 14 16 17 22 26 27 28 30 34
.5180664063 -7626.5986328125  1  3  4  5  6  7  9 10 11 12 14 16 17 22 27 28 30 34 44
.5185546876 -7626.5981445312  1  3  4  5  6  7  9 10 11 12 14 16 17 22 25 27 28 30 44
.5224609376 -7626.5942382812  1  2  3  4  6  7  9 10 11 13 15 16 17 18 20 21 24 25 35
.5312500000 -7626.5854492188  1  2  3  5  7  8 10 12 13 14 15 16 19 20 21 23 24 27 42
.5439453126 -7626.5727539062  1  2  4  5  7  8  9 10 11 12 13 14 15 19 20 21 24 25 27
.5439453126 -7626.5727539062  2  4  5  7 10 12 13 15 16 17 20 21 22 23 24 29 31 34 36
.5458984376 -7626.5708007812  1  2  3  4  5  6  7  9 10 11 12 14 17 22 26 27 28 34 44
.5478515626 -7626.5688476562  1  2  3  5  6  7  8  9 10 13 14 15 18 21 23 24 31 40 42
.5532226563 -7626.5634765625  2  4  5  6 11 13 14 15 16 18 19 20 21 22 24 27 29 33 45
.5659179688 -7626.5507812500  2  3  4  6  7  9 10 12 13 15 17 18 20 22 23 24 28 37 46
.5673828126 -7626.5493164062  1  2  3  4  5  6 12 14 15 16 17 18 21 22 23 24 25 31 35
.5732421876 -7626.5434570312  3  4  5  6  7 10 11 12 13 14 15 17 19 20 24 25 30 31 47
.5771484376 -7626.5395507812  2  3  4  5  7  9 10 11 12 13 15 17 18 20 22 28 31 36 42
.5932617188 -7626.5234375000  1  2  3  5  6  7  8  9 10 12 15 16 17 18 23 24 30 39 43
.6064453126 -7626.5102539062  1  2  4  5  6  7  8 10 11 12 13 15 17 18 22 23 24 28 39
.6098632813 -7626.5068359375  2  4  5  7 10 12 13 15 16 17 20 21 22 23 24 29 34 36 43
.6166992188 -7626.5000000000  1  3  4  5  6  7  9 10 11 12 13 14 16 17 25 28 30 44 46
.6230468750 -7626.4936523438  1  2  4  5  6  7  8  9 10 13 14 15 18 21 23 24 31 40 42
.6264648438 -7626.4902343750  4  5  7  8 10 12 13 14 15 16 18 19 21 22 23 26 30 41 45
.6342773438 -7626.4824218750  3  4  5  6  7  9 10 11 12 13 15 17 18 20 22 28 31 36 47
.6459960938 -7626.4707031250  4  5  7  8 10 11 12 13 14 16 18 19 21 22 23 26 30 41 45
.6572265626 -7626.4594726562  2  4  5  6  8 11 12 13 14 15 16 18 19 20 22 27 29 33 45
.7055664063 -7626.4111328125  2  4  5  7  8 10 12 13 15 16 19 20 21 23 24 27 36 41 42
.7221679688 -7626.3945312500  2  4  5  6  8 11 12 13 14 15 16 18 20 22 27 29 33 41 45
.7246093750 -7626.3920898438  1  2  4  6  7  9 10 12 13 14 16 17 18 21 22 25 28 39 44
.7363281250 -7626.3803710938  1  2  3  4  5  6  7  9 10 12 13 16 17 18 21 24 28 39 44
.7368164063 -7626.3798828125  1  2  3  5  6  7  8  9 10 11 12 13 15 17 22 24 30 39 43
.7377929688 -7626.3789062500  1  2  3  4  5  6  7  9 10 12 13 16 17 18 21 25 28 39 44
.7426757813 -7626.3740234375  1  2  3  4  5  6  7  9 10 12 13 16 17 18 21 22 28 31 44
.7465820313 -7626.3701171875  2  4  5  6 11 14 15 16 18 19 20 21 22 24 27 29 30 33 45
.7548828126 -7626.3618164062  1  2  3  4  5  7  8  9 10 12 13 14 19 20 21 24 27 41 42
.7602539063 -7626.3564453125  2  4  5  7  8 10 12 13 15 19 20 21 23 24 27 31 36 41 42
.7768554688 -7626.3398437500  1  2  4  5  7  8 10 13 15 19 20 21 23 24 27 31 36 41 42
.7885742188 -7626.3281250000  1  2  3  4  6  8  9 10 11 12 14 16 19 21 22 26 30 41 47
.7939453126 -7626.3227539062  2  4  5  7  8 10 11 12 15 16 20 21 23 24 33 34 36 41 44
.7973632813 -7626.3193359375  1  2  4  6  7  9 10 11 12 13 14 16 17 18 25 28 39 44 46
.8002929688 -7626.3164062500  2  4  5  7  8 10 11 12 15 16 20 21 23 24 34 36 41 42 44
.8071289063 -7626.3095703125  2  3  7  8  9 12 13 15 17 18 20 21 22 23 26 31 43 47 48
.8276367188 -7626.2890625000  2  3  5  7  9 12 13 15 17 18 20 21 22 23 26 31 43 47 48
.8549804688 -7626.2617187500  1  2  3  4  5  6  7 10 12 13 16 17 18 21 22 28 31 35 47
.8666992188 -7626.2500000000  4  5  7  8 10 11 12 15 16 18 20 21 23 24 32 33 34 36 38
.8803710938 -7626.2363281250  2  4  7  8  9 10 11 12 13 16 18 20 24 25 27 29 35 36 45
.8940429688 -7626.2226562500  1  2  3  4  8  9 10 11 12 14 16 19 20 21 22 26 32 41 46
.9223632813 -7626.1943359375  4  5  7 10 11 12 15 16 18 20 21 23 24 29 32 33 34 36 38
1.0151367188 -7626.1015625000  1  3  4  7  8  9 10 11 12 14 16 19 21 22 26 30 32 36 41
1.0263671876 -7626.0903320312  2  3  5  6  7  9 10 12 13 15 18 20 21 22 23 26 43 47 48
1.0546875000 -7626.0620117188  1  2  3  4  5  7  8  9 10 13 14 18 19 24 26 32 40 41 48
1.0561523438 -7626.0605468750  2  4  5  6  8  9 11 12 14 15 16 18 20 27 29 33 38 41 45
1.1083984376 -7626.0083007812  5  7  8  9 10 11 12 13 15 18 19 21 23 24 32 33 36 38 59
1.1933593750 -7625.9233398438  1  3  4  5  7 12 13 14 16 17 18 20 21 26 28 34 35 45 47
1.1948242188 -7625.9218750000  2  4  5 10 12 13 15 16 17 20 21 22 23 24 34 36 39 43 54
1.2216796876 -7625.8950195312  2  3  4  7  9 12 13 14 16 17 22 25 28 30 39 41 42 44 45
1.2348632813 -7625.8818359375  2  4  5  6  8 12 14 15 16 18 19 20 21 27 29 33 38 41 45
1.2358398438 -7625.8808593750  5  7  8  9 10 11 12 13 15 18 19 21 23 27 32 33 36 38 59
1.2529296876 -7625.8637695312  2  4  5  7 10 12 15 17 20 21 22 23 24 34 36 39 40 43 54
1.2788085938 -7625.8378906250  2  3  4  5  6  9 12 15 18 19 20 21 22 23 26 40 46 48 50
1.2915039063 -7625.8251953125  1  2  3  4  5  6  8 12 15 16 23 26 27 30 34 41 43 45 46
1.3012695313 -7625.8154296875  2  4  5  6 10 12 13 14 15 16 18 19 21 23 25 27 29 41 60
1.3686523438 -7625.7480468750  1  2  3  4  5  7 10 15 17 19 20 22 23 24 34 36 39 43 54
1.3935546876 -7625.7231445312  2  3  4  5  6  7 12 15 18 19 21 22 23 26 29 37 40 44 51
1.4086914063 -7625.7080078125  3  4  7  8  9 10 11 12 13 20 21 24 25 28 35 41 42 43 55
1.4902343750 -7625.6264648438  1  5  7  8 10 11 12 13 15 19 21 23 27 33 36 38 40 42 59
1.5751953126 -7625.5415039062  1  2  3  4  5  6  7 13 14 17 22 28 29 30 39 41 42 44 45
1.7158203126 -7625.4008789062  2  3  4  8  9 12 13 17 18 19 20 21 26 28 32 34 36 47 52
2.0922851563 -7625.0244140625  1  2  3  5  6  7  9 10 15 19 22 23 24 26 37 38 40 41 53
