0 -7639.9492187500  1  2  3  4  5  6 14 15 16 17 18 19 20 21 22 23 24
.0424804688 -7639.9067382812  2  3  4  5  6 11 12 13 15 17 18 19 20 21 22 24 36
.0444335938 -7639.9047851562  1  2  3  4  5  7  9 11 13 14 15 17 18 19 20 22 24
.0590820312 -7639.8901367188  7  8  9 11 12 13 14 15 16 17 18 19 20 21 22 23 24
.0659179688 -7639.8833007812  2  3  4  5  6  9 11 12 13 15 17 18 19 20 21 22 24
.0761718750 -7639.8730468750  2  4  6  7 10 11 12 13 15 16 17 18 20 21 22 23 25
.0825195312 -7639.8666992188  1  2  3  4  5  6 14 15 17 18 19 20 21 22 23 24 34
.0849609375 -7639.8642578125  1  2  3  4  5  7  9 11 14 15 17 18 19 20 22 24 34
.0991210938 -7639.8500976562  2  3  4  5  6  9 11 12 13 15 17 18 19 20 22 24 36
.0991210938 -7639.8500976562  2  4  6  7 11 12 13 15 16 17 18 20 21 22 23 24 25
.1000976562 -7639.8491210938  2  4  6  7 11 12 13 15 16 17 18 20 21 22 23 25 29
.1005859375 -7639.8486328125  1  2  3  4  7  8  9 11 13 15 17 18 20 22 24 36 41
.1044921875 -7639.8447265625  7  8  9 11 12 13 14 15 16 17 18 19 20 21 22 23 33
.1049804688 -7639.8442382812  1  2  3  4  6  8 14 15 16 17 18 19 20 21 22 23 24
.1064453125 -7639.8427734375  1  2  3  4  5  6  9 11 13 14 17 18 19 20 21 22 24
.1069335938 -7639.8422851562  1  2  3  4  5  6  9 11 13 17 18 19 20 21 22 24 36
.1093750000 -7639.8398437500  2  4  5  6  7 11 12 13 15 16 17 18 20 21 22 23 29
.1098632812 -7639.8393554688  1  2  3  4  6 14 15 16 17 18 19 20 21 22 23 24 25
.1147460938 -7639.8344726562  2  3  4  5  6  9 11 12 13 17 18 19 20 21 22 24 36
.1157226562 -7639.8334960938  1  2  3  4  5  7  9 11 13 15 16 17 18 20 22 24 38
.1191406250 -7639.8300781250  1  2  3  4  7  8  9 11 13 15 17 18 20 22 24 29 36
.1206054688 -7639.8286132812  1  2  3  4  5  6  9 11 13 15 18 19 20 21 22 24 36
.1206054688 -7639.8286132812  2  3  4  6  7 11 13 15 16 17 18 20 21 22 24 25 30
.1215820312 -7639.8276367188  2  3  4  6  7 12 13 15 16 17 18 20 21 22 23 25 43
.1245117188 -7639.8247070312  2  3  4  5  6  7 11 13 15 16 17 18 20 21 22 24 30
.1298828125 -7639.8193359375  1  2  3  4  5  6  7  9 10 11 13 15 16 18 20 24 25
.1298828125 -7639.8193359375  1  2  3  4  5  6  9 11 13 17 18 19 20 21 22 23 24
.1313476562 -7639.8178710938  1  2  3  4  5  6  9 10 11 17 18 19 20 22 23 24 34
.1357421875 -7639.8134765625  1  2  4  6  7 11 12 13 15 16 17 18 20 21 22 23 25
.1362304688 -7639.8129882812  1  4  6  8 10 11 12 14 15 16 17 19 20 21 22 23 24
.1367187500 -7639.8125000000  1  2  3  4  7  9 11 13 15 17 18 20 22 24 25 29 36
.1376953125 -7639.8115234375  1  2  3  4  5  7  9 11 14 15 17 18 19 20 22 24 29
.1401367188 -7639.8090820312  1  2  3  4  5  7  9 10 11 16 17 18 20 22 24 26 34
.1401367188 -7639.8090820312  2  4  6  7 10 11 12 13 14 15 16 17 18 20 21 22 37
.1401367188 -7639.8090820312  7  8  9 11 12 13 14 15 16 17 18 19 20 21 22 23 41
.1411132812 -7639.8081054688  1  2  3  4  5  7  9 11 13 15 17 18 20 21 22 24 38
.1420898438 -7639.8071289062  1  2  3  4  5  9 11 13 15 17 18 19 20 21 22 24 36
.1459960938 -7639.8032226562  2  7  8  9 11 12 13 15 16 17 18 20 21 22 24 27 33
.1469726562 -7639.8022460938  1  2  3  4  5  7  9 11 15 17 18 19 20 22 24 29 37
.1469726562 -7639.8022460938  1  2  3  4  6  7  9 11 13 15 17 18 20 22 24 29 34
.1469726562 -7639.8022460938  2  4  7  9 11 12 13 14 15 17 18 19 20 21 22 24 34
.1499023438 -7639.7993164062  1  2  4  6  7  9 10 11 13 15 16 17 18 20 21 22 24
.1552734375 -7639.7939453125  2  3  4  5  6  9 11 12 13 17 18 19 20 22 24 29 36
.1582031250 -7639.7910156250  1  2  3  4  5  6  7  9 11 12 16 17 20 22 23 29 34
.1591796875 -7639.7900390625  1  2  3  4  5  6  9 10 11 13 17 18 19 20 24 34 36
.1606445312 -7639.7885742188  1  2  4  6  8 10 12 14 15 16 17 19 20 21 22 23 26
.1616210938 -7639.7875976562  1  2  3  4  5  7  9 11 14 15 17 18 19 20 22 24 25
.1616210938 -7639.7875976562  2  3  4  5  6  9 11 13 15 17 18 19 20 21 22 24 36
.1630859375 -7639.7861328125  1  2  3  4  6  7  8  9 11 12 15 16 17 20 21 22 46
.1635742188 -7639.7856445312  2  3  4  6  7 12 13 15 16 17 18 20 21 22 23 25 31
.1640625000 -7639.7851562500  1  3  4  7  8  9 10 11 12 14 15 16 17 18 20 22 28
.1650390625 -7639.7841796875  2  4  5  6  7  9 10 11 12 13 15 17 18 19 20 21 22
.1655273438 -7639.7836914062  1  2  3  4  5  6  9 11 17 18 19 20 22 24 29 36 37
.1665039062 -7639.7827148438  1  2  3  4  6  7  8  9 11 12 14 15 16 17 20 22 46
.1669921875 -7639.7822265625  1  2  3  4  6  8 14 15 16 17 19 20 21 22 23 24 32
.1689453125 -7639.7802734375  1  2  3  4  7  9 11 13 15 17 18 19 20 22 24 29 46
.1689453125 -7639.7802734375  2  3  4  5  6  7 13 15 16 17 18 20 21 22 23 24 43
.1704101562 -7639.7788085938  1  2  3  4  6  7  8  9 11 12 14 15 16 17 20 22 41
.1723632812 -7639.7768554688  1  4  6  8 10 11 12 14 15 16 17 19 20 21 22 23 26
.1733398438 -7639.7758789062  1  2  3  4  5  9 11 13 15 18 19 20 21 22 24 26 36
.1738281250 -7639.7753906250  2  3  4  5  6 12 13 15 16 17 18 20 21 22 23 24 43
.1748046875 -7639.7744140625  1  3  4  7  8  9 10 11 12 14 15 16 17 18 20 22 26
.1752929688 -7639.7739257812  1  2  4  6  8 10 12 14 15 16 17 19 20 21 22 23 24
.1762695312 -7639.7729492188  1  2  3  4  7  9 11 13 15 17 18 20 22 24 29 34 36
.1767578125 -7639.7724609375  2  3  4  6  7 12 13 15 16 17 18 20 21 22 23 24 31
.1801757812 -7639.7690429688  2  4  5  6  9 10 11 12 13 15 17 18 19 20 22 24 36
.1806640625 -7639.7685546875  1  3  4  5  6  8 10 11 14 16 19 20 21 22 23 24 32
.1806640625 -7639.7685546875  4  6  7 10 11 12 13 14 15 16 17 18 20 21 22 28 37
.1821289062 -7639.7670898438  1  4  7  8  9 10 11 12 14 15 16 17 18 20 22 26 28
.1831054688 -7639.7661132812  1  2  3  4  5  6  7 13 15 16 17 20 21 22 23 24 43
.1845703125 -7639.7646484375  2  3  4  5  6 12 13 15 17 19 20 21 22 23 24 31 36
.1850585938 -7639.7641601562  1  2  3  5  6  8 14 15 16 17 18 19 20 21 22 23 24
.1850585938 -7639.7641601562  7  9 10 11 12 13 14 16 17 18 19 20 21 22 23 24 34
.1860351562 -7639.7631835938  1  2  3  4  7  9 11 13 15 17 18 20 22 24 34 36 41
.1918945312 -7639.7573242188  1  2  3  4  5  7  9 11 13 15 16 17 18 19 20 22 24
.1928710938 -7639.7563476562  2  4  6  9 10 11 12 13 15 17 18 19 20 21 22 24 36
.1933593750 -7639.7558593750  1  7  8  9 10 11 12 14 15 16 17 18 20 22 23 25 28
.1938476562 -7639.7553710938  2  4  7  9 10 11 12 13 17 18 19 20 21 22 24 34 39
.1948242188 -7639.7543945312  1  2  3  4  5  6  9 11 15 17 18 19 20 22 24 29 37
.1953125000 -7639.7539062500  1  2  3  4  6  7  8  9 11 12 14 15 16 17 20 22 29
.1958007812 -7639.7534179688  2  3  4  6  7  9 11 12 13 15 17 18 20 22 24 29 34
.1962890625 -7639.7529296875  2  3  4  5  6 12 13 17 18 19 20 21 22 23 24 31 36
.1962890625 -7639.7529296875  2  3  4  5  6 13 15 17 18 19 20 21 22 23 24 31 36
.1972656250 -7639.7519531250  1  2  3  4  5  6 10 11 14 18 19 20 21 22 23 24 39
.1977539062 -7639.7514648438  2  4  6  7  9 10 11 12 13 15 17 18 19 20 21 22 37
.1987304688 -7639.7504882812  1  2  3  4  5  6  9 11 13 14 15 17 18 19 20 21 22
.1992187500 -7639.7500000000  1  2  3  4  5  7  9 11 15 17 18 19 20 22 24 37 41
.1997070312 -7639.7495117188  1  2  3  4  5  6  7 11 13 14 15 17 18 19 20 21 22
.1997070312 -7639.7495117188  1  2  3  4  5  6  7 13 15 16 17 20 21 22 23 24 30
.2016601562 -7639.7475585938  1  2  3  4  7  9 11 13 15 17 18 20 22 24 29 36 46
.2016601562 -7639.7475585938  2  4  7  9 10 11 12 13 17 18 19 20 21 22 23 24 34
.2021484375 -7639.7470703125  2  4  6  7 12 13 14 15 16 17 18 20 21 22 23 25 28
.2045898438 -7639.7446289062  1  3  4  5  7  9 10 11 12 14 16 17 18 20 22 23 28
.2050781250 -7639.7441406250  1  2  3  4  5  9 11 13 15 18 19 20 21 22 24 36 41
.2050781250 -7639.7441406250  1  4  6  7  8  9 10 11 12 14 15 16 17 18 22 25 28
.2050781250 -7639.7441406250  2  3  4  5  6  9 11 12 13 14 17 18 19 20 22 24 29
.2060546875 -7639.7431640625  1  2  3  4  6 14 15 16 17 19 20 21 22 23 24 32 34
.2065429688 -7639.7426757812  1  2  3  4  5  6  7  9 11 12 17 19 20 22 24 34 39
.2065429688 -7639.7426757812  2  3  4  7  9 11 12 13 15 16 17 18 20 22 33 34 36
.2065429688 -7639.7426757812  2  4  6  7 12 13 15 16 17 18 20 21 22 23 25 43 45
.2080078125 -7639.7412109375  1  2  3  4  5  6  9 11 15 17 18 19 20 22 24 33 36
.2080078125 -7639.7412109375  1  2  3  4  6  7  8  9 11 12 13 14 15 17 20 22 41
.2084960938 -7639.7407226562  1  4  6  8 10 12 14 15 16 17 19 20 21 22 23 24 28
.2099609375 -7639.7392578125  1  2  4  5  6 14 15 16 17 19 20 21 22 23 24 32 34
.2104492188 -7639.7387695312  1  2  3  4  5  6  9 10 11 12 17 19 20 22 26 34 36
.2104492188 -7639.7387695312  1  2  4  7  8 10 11 15 16 17 18 20 21 22 23 24 34
.2114257812 -7639.7377929688  1  3  5  6  8  9 10 11 14 16 19 20 22 23 24 32 39
.2133789062 -7639.7358398438  1  2  3  4  5  6 16 19 20 21 22 23 24 32 34 36 41
.2138671875 -7639.7353515625  1  2  3  4  5  7  9 10 11 16 17 18 20 22 24 34 35
.2138671875 -7639.7353515625  1  2  3  4  5  9 11 15 18 19 20 21 22 24 26 36 37
.2158203125 -7639.7333984375  1  2  3  4  6  7  8  9 11 12 13 14 15 17 20 22 29
.2158203125 -7639.7333984375  2  4  6  7 10 11 12 13 14 15 17 18 20 21 22 23 25
.2158203125 -7639.7333984375  7  8  9 11 12 13 14 15 16 17 18 20 21 22 23 33 43
.2167968750 -7639.7324218750  1  3  4  5  7  8  9 10 11 12 14 17 18 19 22 26 28
.2177734375 -7639.7314453125  1  2  3  4  6  7  8  9 11 12 15 16 17 20 22 33 46
.2182617188 -7639.7309570312  2  4  5  6  9 11 12 13 15 17 18 19 20 22 24 29 33
.2192382812 -7639.7299804688  1  3  4  5  7  9 10 11 12 14 17 18 19 20 22 23 28
.2197265625 -7639.7294921875  1  2  3  4  5  9 11 15 17 18 19 20 22 24 26 33 36
.2207031250 -7639.7285156250  2  3  4  5  6  9 11 12 13 14 17 18 19 20 22 24 45
.2211914062 -7639.7280273438  2  3  4  5  6 11 12 13 15 17 18 19 20 21 22 26 36
.2211914062 -7639.7280273438  2  4  5  6  9 11 12 13 15 17 18 19 20 21 22 24 33
.2221679688 -7639.7270507812  1  3  4  7  8  9 10 11 12 14 16 17 18 20 22 26 28
.2221679688 -7639.7270507812  2  3  7  8  9 11 12 13 15 16 17 18 20 21 22 24 30
.2226562500 -7639.7265625000  1  2  3  4  6  7  8  9 10 11 12 15 16 17 20 22 48
.2226562500 -7639.7265625000  2  3  4  5  6  9 11 12 13 17 18 19 20 22 24 29 38
.2226562500 -7639.7265625000  7  9 10 11 12 13 14 16 17 18 19 20 21 22 23 34 39
.2236328125 -7639.7255859375  1  2  3  4  7  9 11 13 15 17 18 20 22 24 25 29 43
.2246093750 -7639.7246093750  1  2  4  6  7 12 13 14 15 16 17 18 20 21 22 23 25
.2246093750 -7639.7246093750  2  3  4  5  6 12 13 15 17 18 19 20 21 22 24 31 36
.2246093750 -7639.7246093750  7  8  9 11 12 13 14 15 16 17 18 20 21 22 23 41 43
.2285156250 -7639.7207031250  1  3  4  7  8  9 10 11 12 14 15 17 18 19 22 26 28
.2290039062 -7639.7202148438  1  2  3  4  7  9 11 13 15 17 18 20 22 24 25 29 34
.2294921875 -7639.7197265625  1  2  3  4  5  6 19 20 21 22 23 24 32 34 36 39 41
.2294921875 -7639.7197265625  1  4  6  7  8  9 10 11 12 13 14 15 16 17 18 25 28
.2299804688 -7639.7192382812  1  3  4  5  7  9 10 11 12 14 16 17 18 20 22 26 28
.2309570312 -7639.7182617188  2  3  4  5  9 11 12 13 15 18 19 20 21 22 24 26 36
.2319335938 -7639.7172851562  1  2  3  4  5  6  9 11 12 15 17 18 19 20 22 24 36
.2329101562 -7639.7163085938  1  2  3  4  5  6  7  9 10 11 16 18 20 21 23 24 34
.2343750000 -7639.7148437500  2  3  7  8  9 11 12 13 15 16 17 20 21 22 24 27 30
.2358398438 -7639.7133789062  1  3  4  7  8  9 10 11 12 14 17 18 19 22 23 26 28
.2358398438 -7639.7133789062  1  4  6  8 10 12 14 15 16 17 19 20 21 22 23 24 37
.2377929688 -7639.7114257812  1  2  5  7  8  9 10 11 12 15 16 17 18 22 24 27 36
.2382812500 -7639.7109375000  1  2  3  4  5  7  9 10 11 16 18 20 21 23 24 25 34
.2397460938 -7639.7094726562  1  2  3  4  5  6  7  9 10 11 15 16 18 20 21 24 34
.2397460938 -7639.7094726562  2  3  4  5  7  9 11 12 13 14 15 17 18 20 21 22 48
.2402343750 -7639.7089843750  7  8  9 11 12 13 14 15 16 17 18 20 21 22 24 33 43
.2407226562 -7639.7084960938  1  3  4  5  6  8 14 15 16 17 18 19 20 21 22 23 24
.2407226562 -7639.7084960938  2  3  4  5  6 11 12 13 15 18 19 20 21 22 24 35 36
.2465820312 -7639.7026367188  1  2  4  7 10 11 15 16 17 18 20 21 22 23 24 34 37
.2475585938 -7639.7016601562  1  2  3  4  5  6 12 14 15 17 18 19 20 21 22 23 24
.2490234375 -7639.7001953125  1  2  3  4  5  6  7  9 11 16 17 18 20 22 24 34 35
.2490234375 -7639.7001953125  1  2  3  4  7  9 11 13 15 17 18 20 22 24 25 29 46
.2490234375 -7639.7001953125  1  3  4  5  7  9 11 14 15 17 18 19 20 22 24 37 41
.2500000000 -7639.6992187500  1  2  3  4  5  6  7  9 10 11 16 18 20 21 23 24 25
.2509765625 -7639.6982421875  3  4  7  8  9 10 11 12 13 14 15 17 18 19 20 22 28
.2539062500 -7639.6953125000  2  4  6  7 10 11 12 13 15 16 17 18 20 21 22 23 48
.2543945312 -7639.6948242188  3  4  5  7  9 10 11 12 13 14 18 19 20 21 23 24 46
.2548828125 -7639.6943359375  1  2  3  4  5  6  9 18 19 20 21 22 23 24 31 36 37
.2568359375 -7639.6923828125  1  2  3  4  5  6  7  9 10 11 16 18 20 22 24 34 35
.2583007812 -7639.6909179688  1  3  6  7  8  9 10 11 12 13 14 15 16 17 18 28 46
.2583007812 -7639.6909179688  2  4  7  9 11 12 13 15 16 17 18 20 22 24 33 34 36
.2587890625 -7639.6904296875  1  2  3  4  5  6  7  9 11 12 17 19 20 22 23 34 48
.2587890625 -7639.6904296875  3  4  5  6  9 10 11 12 13 14 17 18 19 20 23 24 25
.2607421875 -7639.6884765625  1  2  3  4  6  7  8  9 10 11 12 13 14 15 17 20 22
.2607421875 -7639.6884765625  4  6  7  9 10 11 12 13 14 15 17 18 20 21 22 28 37
.2612304688 -7639.6879882812  1  2  3  4  5  6  9 11 12 17 19 20 22 24 33 36 37
.2612304688 -7639.6879882812  2  4  7  9 11 12 13 15 16 17 18 20 22 24 25 33 36
.2617187500 -7639.6875000000  1  2  3  4  5  6  7  9 10 11 13 18 20 21 22 24 35
.2622070312 -7639.6870117188  2  3  4  6  7 11 13 15 17 18 20 21 22 24 25 30 46
.2631835938 -7639.6860351562  1  2  3  4  5  6  7  9 10 11 13 18 20 21 24 25 35
.2651367188 -7639.6840820312  1  2  3  4  5  7  9 10 11 12 14 18 19 20 22 26 34
.2651367188 -7639.6840820312  1  2  3  4  5  7  9 10 11 12 15 18 20 22 26 34 36
.2651367188 -7639.6840820312  1  7  8  9 10 11 12 14 15 16 17 18 20 22 25 26 28
.2656250000 -7639.6835937500  2  4  7  9 10 11 12 13 14 15 17 18 19 20 22 34 45
.2666015625 -7639.6826171875  1  2  3  4  5  6  9 10 11 13 17 18 19 20 24 34 47
.2666015625 -7639.6826171875  1  2  3  6  8 14 15 16 17 19 20 21 22 23 24 32 34
.2670898438 -7639.6821289062  1  3  4  6  7  8  9 10 11 12 13 14 15 16 17 18 28
.2675781250 -7639.6816406250  2  3  4  5  6 12 13 15 17 18 19 20 21 22 23 31 36
.2675781250 -7639.6816406250  2  4  6  7 10 11 12 13 15 16 17 18 20 21 22 35 48
.2675781250 -7639.6816406250  2  4  7  9 10 11 12 13 14 15 17 18 19 20 22 25 45
.2680664062 -7639.6811523438  2  4  7 11 12 13 14 15 17 18 19 20 21 22 23 24 34
.2685546875 -7639.6806640625  2  3  4  5  7 11 12 13 15 16 17 18 20 21 22 23 48
.2690429688 -7639.6801757812  2  4  6  7 10 11 12 13 14 15 17 18 20 21 22 23 37
.2695312500 -7639.6796875000  3  4  7  8  9 10 11 12 13 14 15 17 18 19 20 25 28
.2705078125 -7639.6787109375  1  2  3  4  5  6 19 20 21 22 23 24 31 32 34 39 41
.2709960938 -7639.6782226562  1  2  4  5  6 14 15 16 17 19 20 21 22 23 24 32 33
.2709960938 -7639.6782226562  2  3  4  6  7 11 13 15 17 18 20 21 22 24 25 30 39
.2714843750 -7639.6777343750  1  2  5  7  8  9 10 11 12 15 16 17 18 20 22 24 27
.2719726562 -7639.6772460938  1  2  4  5  6 10 14 15 16 19 20 21 22 23 24 32 33
.2724609375 -7639.6767578125  2  4  5  7  9 11 12 13 15 16 17 18 20 22 24 33 45
.2734375000 -7639.6757812500  1  2  3  4  5  7  9 11 14 15 18 19 20 22 24 37 41
.2734375000 -7639.6757812500  1  2  3  6 14 15 16 17 19 20 21 22 23 24 25 32 34
.2739257812 -7639.6752929688  1  2  4  7 10 11 15 16 17 18 20 21 22 24 26 34 37
.2744140625 -7639.6748046875  1  2  3  4  5  6  7  9 11 12 17 18 19 20 22 24 34
.2763671875 -7639.6728515625  1  2  3  4  5  6 18 19 20 21 22 23 24 31 34 36 41
.2768554688 -7639.6723632812  1  2  3  4  5  6  9 11 12 15 17 19 20 22 24 26 37
.2778320312 -7639.6713867188  1  2  3  4  7  9 11 17 18 19 20 22 24 29 34 36 37
.2778320312 -7639.6713867188  2  3  4  7  9 11 13 15 17 18 20 21 22 24 25 30 46
.2783203125 -7639.6708984375  1  2  3  5  7  9 10 15 16 18 19 20 21 23 24 25 34
.2797851562 -7639.6694335938  1  2  4  6  7  9 10 11 13 16 17 18 20 21 22 24 34
.2797851562 -7639.6694335938  1  4  6  8 10 12 14 15 16 17 19 20 21 22 23 24 46
.2797851562 -7639.6694335938  3  4  5  6  9 10 11 12 13 14 17 18 19 20 23 24 28
.2802734375 -7639.6689453125  1  2  3  4  5  7  9 10 11 12 16 18 20 22 26 34 39
.2802734375 -7639.6689453125  4  6  7 10 11 12 13 14 15 17 18 20 21 22 28 31 37
.2807617188 -7639.6684570312  1  2  3  4  5  6 18 19 20 21 22 23 24 31 36 37 41
.2807617188 -7639.6684570312  1  2  3  4  5  6  7 14 15 17 18 19 20 21 22 23 24
.2812500000 -7639.6679687500  2  4  7  9 11 13 14 15 16 17 18 20 21 22 24 32 34
.2817382812 -7639.6674804688  1  2  3  4  5  7 14 15 17 18 19 20 21 22 23 24 28
.2822265625 -7639.6669921875  7  9 10 11 12 13 14 16 17 18 19 20 21 22 23 25 39
.2827148438 -7639.6665039062  3  4  5  7  9 10 11 12 13 14 17 18 19 20 22 26 40
.2836914062 -7639.6655273438  1  2  3  4  5  6  7 11 12 17 19 20 22 23 24 34 39
.2836914062 -7639.6655273438  1  2  3  4  5  7  9 10 11 12 14 15 18 20 22 26 34
.2851562500 -7639.6640625000  2  3  4  5  6 11 12 13 18 19 20 21 22 24 27 35 36
.2856445312 -7639.6635742188  1  2  3  4  5  6  9 11 12 17 19 20 22 24 33 34 36
.2875976562 -7639.6616210938  1  2  3  4  6  7  8  9 10 11 12 17 19 20 22 23 48
.2875976562 -7639.6616210938  2  4  6  7  9 10 11 12 13 17 18 19 20 21 22 34 39
.2875976562 -7639.6616210938  2  4  7  9 11 12 13 14 15 17 18 19 20 21 22 34 45
.2880859375 -7639.6611328125  1  2  3  4  5  6  9 11 14 18 19 20 22 24 29 33 34
.2885742188 -7639.6606445312  1  2  3  4  5  6  7  9 11 12 17 19 20 22 29 34 48
.2885742188 -7639.6606445312  2  3  4  5  6  9 11 12 13 17 18 19 20 22 24 29 47
.2885742188 -7639.6606445312  2  4  5  6 12 13 15 17 19 20 21 22 23 24 31 32 36
.2895507812 -7639.6596679688  1  2  3  4  5  6 14 15 17 18 19 20 21 22 23 24 47
.2895507812 -7639.6596679688  1  2  3  4  5  6  7  8  9 11 12 17 19 20 22 23 48
.2900390625 -7639.6591796875  1  2  3  7  8  9 14 16 17 18 19 20 22 23 24 39 41
.2905273438 -7639.6586914062  1  2  4  7  8 10 11 14 15 17 18 20 21 22 23 24 34
.2910156250 -7639.6582031250  2  3  7  8  9 11 12 13 15 16 17 20 21 22 24 27 44
.2910156250 -7639.6582031250  3  4  7  8  9 10 11 12 13 14 17 18 19 20 21 24 25
.2919921875 -7639.6572265625  1  2  3  4  5  7  9 10 16 18 19 20 21 23 24 25 34
.2924804688 -7639.6567382812  1  2  3  4  5  6  9 10 11 12 13 17 19 20 22 26 36
.2924804688 -7639.6567382812  3  4  5  9 10 11 12 13 14 17 18 19 20 23 24 28 34
.2924804688 -7639.6567382812  3  4  7  8  9 10 11 12 13 14 15 17 18 19 20 28 46
.2934570312 -7639.6557617188  1  2  3  4  5  6  7  9 11 12 16 17 20 22 29 34 35
.2939453125 -7639.6552734375  1  2  3  4  5  6  7  9 10 11 13 16 18 20 24 25 47
.2939453125 -7639.6552734375  1  2  3  4  5  6  8  9 10 11 14 19 20 21 23 24 32
.2954101562 -7639.6538085938  1  2  3  4  5  6  9 11 12 17 19 20 22 24 34 36 47
.2954101562 -7639.6538085938  1  2  3  4  5  7 10 11 14 18 19 20 21 22 24 35 39
.2963867188 -7639.6528320312  1  2  3  7  8  9 14 16 17 18 19 20 22 23 24 29 39
.2963867188 -7639.6528320312  2  4  7  9 10 11 12 13 14 15 17 18 20 21 22 40 46
.2968750000 -7639.6523437500  1  2  3  4  7  9 11 15 17 18 19 20 22 24 29 37 46
.2983398438 -7639.6508789062  1  2  3  4  5  7 10 11 14 18 19 20 21 22 24 39 47
.2993164062 -7639.6499023438  2  3  4  5  6  9 10 11 13 14 17 18 19 20 24 30 34
.3017578125 -7639.6474609375  2  4  7 10 11 12 13 15 16 17 18 20 21 22 24 32 34
.3032226562 -7639.6459960938  1  2  3  4  5  9 11 17 18 19 20 22 24 29 34 36 37
.3051757812 -7639.6440429688  1  2  5  7  9 10 15 16 18 19 20 21 22 23 24 34 41
.3066406250 -7639.6425781250  1  2  3  4  5  7 10 11 14 15 18 19 20 21 22 24 35
.3076171875 -7639.6416015625  1  2  3  4  5  9 18 19 20 21 22 23 24 26 31 34 36
.3076171875 -7639.6416015625  1  7  8  9 10 11 12 14 15 16 17 18 20 22 26 28 41
.3095703125 -7639.6396484375  1  2  3  4  5  6  7  9 10 11 12 19 20 21 22 27 37
.3095703125 -7639.6396484375  1  2  3  4  5  6  9 10 11 12 13 17 19 20 25 26 36
.3100585938 -7639.6391601562  2  4  5  6  9 11 12 13 15 17 18 19 20 21 22 26 36
.3105468750 -7639.6386718750  1  2  4  6  8 10 11 12 14 15 17 19 20 21 22 23 26
.3115234375 -7639.6376953125  1  2  4  7 10 11 15 16 17 18 20 21 22 24 34 37 38
.3129882812 -7639.6362304688  1  2  3  4  5  6  7  9 10 11 12 17 20 23 36 37 46
.3134765625 -7639.6357421875  1  2  3  4  5  6  7  9 11 16 17 20 22 23 29 32 34
.3139648438 -7639.6352539062  2  3  4  5  7 10 11 12 13 18 19 20 21 22 24 39 47
.3149414062 -7639.6342773438  1  2  7  8  9 11 12 13 15 16 17 18 20 21 22 24 33
.3149414062 -7639.6342773438  1  3  4  5  9 10 11 12 13 14 16 17 18 19 20 24 25
.3154296875 -7639.6337890625  2  4  5  6  9 11 12 13 15 17 18 19 20 21 22 33 36
.3168945312 -7639.6323242188  2  3  4  5  7  9 11 12 13 14 15 17 18 20 22 26 40
.3173828125 -7639.6318359375  1  2  3  4  5  6  7  9 10 11 12 14 19 20 22 27 37
.3173828125 -7639.6318359375  2  3  4  5  7 10 11 12 13 18 19 20 21 22 24 27 39
.3183593750 -7639.6308593750  2  4  7  9 10 11 12 13 14 15 17 18 20 21 22 46 48
.3188476562 -7639.6303710938  3  4  5  6  9 10 11 13 14 17 18 19 20 24 30 31 34
.3203125000 -7639.6289062500  2  4  5  7  9 10 11 12 13 15 16 18 20 22 26 36 45
.3203125000 -7639.6289062500  6  9 10 11 12 13 14 16 17 18 19 20 21 22 23 25 39
.3208007812 -7639.6284179688  1  3  4  5  7  9 10 11 12 14 17 18 19 22 23 26 28
.3212890625 -7639.6279296875  1  3  4  5  7  8  9 10 11 12 14 17 18 19 22 26 43
.3217773438 -7639.6274414062  1  3  4  7  8  9 10 11 12 13 14 15 17 18 20 28 46
.3232421875 -7639.6259765625  1  2  3  7  8  9 12 14 16 17 18 19 20 22 23 33 35
.3237304688 -7639.6254882812  2  3  4  5  6 12 13 14 15 16 17 18 20 21 22 24 31
.3237304688 -7639.6254882812  2  4  6  7 10 11 12 13 15 16 17 18 19 20 21 22 35
.3242187500 -7639.6250000000  1  2  3  4  7  8  9 10 11 13 15 17 20 24 25 36 42
.3242187500 -7639.6250000000  2  4  6  7  9 11 12 13 15 16 17 18 20 22 25 41 45
.3242187500 -7639.6250000000  2  4  7  9 10 11 12 13 14 15 17 18 20 21 22 31 48
.3247070312 -7639.6245117188  1  2  5  7  9 10 11 15 16 18 20 21 22 23 24 34 41
.3256835938 -7639.6235351562  1  2  3  4  5  6 16 19 20 21 22 23 24 32 33 34 41
.3266601562 -7639.6225585938  2  3  4  6  7  9 11 12 13 15 17 20 22 24 29 34 44
.3276367188 -7639.6215820312  2  3  4  7 11 13 14 15 17 18 20 21 22 24 25 30 46
.3286132812 -7639.6206054688  1  2  3  4  5  7 10 14 16 18 19 20 21 23 24 34 39
.3291015625 -7639.6201171875  1  2  3  5  7  8  9 14 16 17 18 19 20 22 23 24 41
.3291015625 -7639.6201171875  2  4  5  6 11 12 13 15 17 18 19 20 21 22 33 36 38
.3300781250 -7639.6191406250  1  2  3  7  8  9 12 14 16 17 18 19 20 22 23 25 35
.3305664062 -7639.6186523438  1  2  3  4  5  8 10 11 14 15 18 19 20 21 22 24 27
.3310546875 -7639.6181640625  2  3  4  5  6 12 13 14 15 16 18 20 21 22 23 24 31
.3330078125 -7639.6162109375  1  2  6  7  8  9 10 11 12 15 16 17 18 20 22 23 24
.3330078125 -7639.6162109375  2  4  6 10 12 13 15 17 19 20 21 22 23 24 31 36 37
.3334960938 -7639.6157226562  1  2  3  4  5  6  7 13 15 17 18 19 20 21 22 24 28
.3334960938 -7639.6157226562  2  3  4  5  6 12 13 14 15 16 18 20 21 22 23 24 43
.3344726562 -7639.6147460938  1  2  3  4  5  7 10 14 16 18 20 21 23 24 25 34 39
.3344726562 -7639.6147460938  1  2  3  4  6  9 11 17 18 19 20 22 24 29 34 36 37
.3344726562 -7639.6147460938  1  2  3  7  8  9 12 14 16 17 18 19 20 22 23 34 35
.3344726562 -7639.6147460938  3  4  5  6  9 10 11 13 14 17 18 19 20 24 31 32 34
.3359375000 -7639.6132812500  2  4  5  6 10 12 13 15 17 19 20 21 23 24 31 36 37
.3374023438 -7639.6118164062  1  2  7  8  9 10 11 12 15 17 18 20 21 22 23 24 34
.3383789062 -7639.6108398438  1  2  3  5  6  7  9 16 17 18 19 20 22 23 24 34 39
.3388671875 -7639.6103515625  2  3  4  5  9 11 12 13 15 17 18 19 20 22 26 36 38
.3398437500 -7639.6093750000  1  3  4  5  7  8  9 10 11 12 14 17 18 19 22 24 26
.3403320312 -7639.6088867188  2  3  4  5  7 10 11 12 13 18 19 20 21 23 24 39 46
.3417968750 -7639.6074218750  1  2  3  4  5  7 10 11 14 16 18 20 21 23 24 25 34
.3417968750 -7639.6074218750  1  2  4  5  6  8 10 14 15 16 19 20 21 22 23 24 33
.3427734375 -7639.6064453125  1  2  3  4  5  6 11 12 17 19 20 22 23 24 34 36 39
.3427734375 -7639.6064453125  3  4  5  6  9 10 11 12 13 16 17 18 19 20 23 24 25
.3432617188 -7639.6059570312  3  4  5  9 10 11 12 13 14 18 19 20 21 23 24 28 46
.3437500000 -7639.6054687500  2  4  5  7  9 11 12 13 15 16 17 18 20 22 36 41 45
.3452148438 -7639.6040039062  1  2  3  4  5  7  9 10 11 12 16 18 20 22 26 34 38
.3452148438 -7639.6040039062  1  2  3  5  7  9 10 11 12 13 15 16 18 20 21 26 34
.3452148438 -7639.6040039062  2  4  5  6  9 10 12 13 15 17 18 19 20 21 22 24 36
.3461914062 -7639.6030273438  3  4  7  9 10 11 12 13 14 17 18 19 20 22 23 26 34
.3476562500 -7639.6015625000  1  2  3  4  5  7 10 11 14 15 18 20 21 22 24 34 35
.3476562500 -7639.6015625000  2  4  7  9 11 12 13 15 16 17 18 20 21 22 24 32 34
.3481445312 -7639.6010742188  3  4  5  6  9 10 11 13 14 17 18 19 20 24 25 31 32
.3491210938 -7639.6000976562  1  2  4  5  6  7  9 10 11 16 17 18 20 21 22 24 34
.3500976562 -7639.5991210938  1  2  3  4  5  6  8 15 17 19 20 21 22 23 24 28 32
.3515625000 -7639.5976562500  1  2  3  4  5  6 11 15 18 19 20 21 22 24 27 35 36
.3515625000 -7639.5976562500  1  2  3  4  7  9 11 17 18 19 20 22 24 29 36 37 46
.3540039062 -7639.5952148438  1  2  3  5  7  9 10 11 13 15 16 18 20 21 26 34 36
.3549804688 -7639.5942382812  2  4  6  7  9 10 11 12 13 14 17 18 19 20 21 22 39
.3564453125 -7639.5927734375  2  4  5  6  9 10 12 13 15 17 18 19 20 21 22 23 24
.3574218750 -7639.5917968750  1  2  3  4  5  6  7  9 10 11 12 14 19 20 22 33 34
.3598632812 -7639.5893554688  1  2  3  4  5  7  9 11 17 19 20 21 22 23 24 34 42
.3598632812 -7639.5893554688  2  3  4  5  7  9 11 12 13 14 15 17 18 20 22 40 41
.3603515625 -7639.5888671875  1  3  4  5  7  8  9 10 11 12 14 15 17 18 19 24 32
.3608398438 -7639.5883789062  1  2  3  4  5  6 13 14 15 17 19 20 21 22 24 28 32
.3627929688 -7639.5864257812  1  2  3  4  5  6  7  9 10 11 12 17 19 20 36 37 46
.3632812500 -7639.5859375000  1  2  3  4  5  6 11 17 18 19 20 22 23 24 33 34 36
.3632812500 -7639.5859375000  2  4  7  9 10 11 12 13 17 18 19 20 21 24 25 27 37
.3647460938 -7639.5844726562  1  2  3  4  5  6  9 10 11 12 13 17 19 20 26 36 39
.3647460938 -7639.5844726562  2  3  4  5  7 10 11 12 13 18 19 20 21 22 24 39 48
.3666992188 -7639.5825195312  3  4  5  7 10 11 12 13 14 18 19 20 21 23 24 39 46
.3676757812 -7639.5815429688  1  2  3  4  5  6  8 14 15 17 19 20 21 22 23 24 28
.3676757812 -7639.5815429688  1  2  3  4  7  9 11 17 18 19 20 22 24 29 34 37 38
.3686523438 -7639.5805664062  1  2  3  4  5  6  7  9 10 11 12 17 19 20 37 39 46
.3691406250 -7639.5800781250  2  3  4  7  9 11 13 15 17 18 20 21 24 25 30 43 46
.3696289062 -7639.5795898438  1  2  3  7  8  9 12 14 16 17 18 19 22 23 24 29 37
.3706054688 -7639.5786132812  2  3  4  5  7 10 11 12 13 18 19 20 21 24 27 39 46
.3706054688 -7639.5786132812  2  4  6  7  9 10 11 12 13 15 17 20 22 24 29 34 44
.3730468750 -7639.5761718750  1  3  4  5  7  8  9 10 11 12 14 17 18 19 22 24 32
.3735351562 -7639.5756835938  1  2  5  7  9 10 12 15 16 18 20 21 22 23 24 34 41
.3750000000 -7639.5742187500  2  4  5  7  9 10 11 12 13 15 16 18 20 22 36 41 45
.3759765625 -7639.5732421875  1  3  4  5  7  8  9 10 11 12 14 15 17 18 19 36 46
.3759765625 -7639.5732421875  2  4  7 11 12 13 15 16 17 18 20 21 22 23 24 32 34
.3764648438 -7639.5727539062  1  2  3  4  5  6  7  9 10 11 12 17 20 23 31 36 37
.3774414062 -7639.5717773438  1  2  3  4  5  6  7  9 11 12 16 17 20 22 29 34 43
.3803710938 -7639.5688476562  1  2  4  6  7  9 11 12 13 14 15 16 17 20 22 29 46
.3808593750 -7639.5683593750  1  2  3  4  5  6 15 16 17 19 20 21 22 24 34 42 47
.3823242188 -7639.5668945312  1  3  5  6  8  9 10 11 16 17 19 20 22 23 24 32 39
.3828125000 -7639.5664062500  1  2  3  4  5  7  9 10 11 12 14 18 19 20 22 33 34
.3828125000 -7639.5664062500  1  3  5  7  8  9 10 11 12 14 15 16 17 18 19 36 46
.3842773438 -7639.5649414062  3  4  5  7  9 10 11 12 13 14 17 18 19 20 22 26 34
.3857421875 -7639.5634765625  1  2  4  7 10 11 15 16 17 18 20 21 22 24 32 34 38
.3862304688 -7639.5629882812  1  2  3  4  5  6 11 18 19 20 22 23 24 29 33 34 36
.3876953125 -7639.5615234375  1  2  3  4  5  7  9 11 19 20 21 22 23 24 26 34 42
.3886718750 -7639.5605468750  2  3  4  5  7 11 12 13 14 15 17 18 20 21 22 23 48
.3896484375 -7639.5595703125  2  3  4  5  9 11 12 13 15 18 19 20 21 22 26 36 38
.3925781250 -7639.5566406250  1  2  3  4  5  7  9 11 19 20 21 22 23 24 34 36 42
.3925781250 -7639.5566406250  2  3  4  7  9 11 12 13 14 16 17 18 20 22 33 34 35
.3940429688 -7639.5551757812  2  3  4  5  6 10 11 12 13 15 18 19 20 21 22 26 36
.3950195312 -7639.5541992188  1  2  3  7  8  9 12 14 16 17 19 20 22 23 24 29 35
.3969726562 -7639.5522460938  1  2  4  5  6  8 10 14 15 19 20 21 22 23 24 32 33
.3994140625 -7639.5498046875  1  2  3  5  6  7  9 16 17 18 19 20 22 23 24 37 39
.4008789062 -7639.5483398438  1  2  3  5  6  9 10 11 16 17 19 20 22 23 24 32 39
.4013671875 -7639.5478515625  1  2  3  5  7  8  9 16 17 18 19 20 22 23 24 39 41
.4018554688 -7639.5473632812  1  2  4  6  7  8  9 11 12 14 15 17 18 22 25 29 46
.4018554688 -7639.5473632812  2  3  4  5  7 10 11 12 13 14 18 19 20 21 22 24 47
.4038085938 -7639.5454101562  1  2  3  4  5  6  7  8 15 17 19 20 21 22 23 24 28
.4038085938 -7639.5454101562  2  4  5  6 10 11 12 13 15 16 18 19 20 21 22 26 36
.4042968750 -7639.5449218750  1  2  4  6  7  8 11 13 15 16 17 18 20 21 22 35 48
.4042968750 -7639.5449218750  1  2  4  6  7  8  9 11 12 14 15 17 20 22 25 29 46
.4047851562 -7639.5444335938  1  2  3  4  5  6  9 10 11 13 18 20 21 22 24 35 36
.4047851562 -7639.5444335938  2  3  4  5  9 11 12 13 15 18 19 20 21 22 36 41 48
.4052734375 -7639.5439453125  1  2  4  5  7 10 11 15 17 18 20 21 22 24 32 34 38
.4052734375 -7639.5439453125  1  4  6  8 10 12 14 15 16 17 19 20 21 22 23 24 32
.4062500000 -7639.5429687500  2  3  4  9 11 12 13 15 17 18 19 20 21 22 26 36 38
.4077148438 -7639.5415039062  1  2  3  4  5  9 10 11 13 18 19 20 21 22 24 39 48
.4077148438 -7639.5415039062  1  2  3  5  7  9 10 11 12 13 15 16 18 20 21 24 26
.4082031250 -7639.5410156250  1  2  3  7  8  9 12 14 16 17 19 20 22 23 29 34 35
.4086914062 -7639.5405273438  1  2  5  7  8  9 10 11 12 13 15 16 17 24 27 29 44
.4086914062 -7639.5405273438  3  5  6  9 10 11 12 13 14 16 18 19 21 23 24 25 44
.4091796875 -7639.5400390625  2  3  4  5  9 10 11 12 13 18 19 20 21 22 26 36 48
.4130859375 -7639.5361328125  1  2  5  7  8  9 10 11 12 15 16 17 22 24 27 36 44
.4135742188 -7639.5356445312  1  2  3  4  5  6  9 11 14 15 18 19 20 22 29 33 34
.4145507812 -7639.5346679688  2  3  4  6  7  9 11 12 13 15 17 18 20 24 25 27 46
.4150390625 -7639.5341796875  2  3  4  8  9 11 12 13 15 17 18 19 20 22 26 36 38
.4155273438 -7639.5336914062  1  2  3  4  5  9 10 11 13 18 19 20 21 24 25 39 48
.4169921875 -7639.5322265625  2  6  7 10 11 12 13 15 16 17 18 19 20 21 22 24 35
.4169921875 -7639.5322265625  3  4  5  9 10 11 12 13 14 18 19 20 21 23 24 25 46
.4174804688 -7639.5317382812  1  2  3  4  5  6  7 15 16 17 19 20 21 22 24 42 47
.4179687500 -7639.5312500000  1  2  3  4  5  6 11 15 18 19 20 22 23 24 29 34 36
.4208984375 -7639.5283203125  2  4  6  9 10 11 12 13 17 19 20 21 22 24 32 36 37
.4243164062 -7639.5249023438  1  3  4  7  8  9 10 11 13 14 15 16 17 18 19 42 46
.4243164062 -7639.5249023438  2  3  4  7  9 11 13 14 15 18 20 21 22 24 25 30 46
.4272460938 -7639.5219726562  2  3  4  5  6  9 10 11 13 17 18 19 20 24 30 34 47
.4282226562 -7639.5209960938  1  2  3  4  5  6 11 12 17 19 20 22 23 24 33 36 39
.4291992188 -7639.5200195312  1  2  3  4  5  9 11 18 19 20 22 24 29 34 36 38 47
.4296875000 -7639.5195312500  1  2  4  6  7  9 11 12 14 15 16 17 18 21 22 25 29
.4296875000 -7639.5195312500  2  3  4  5  7  9 11 12 13 14 15 17 18 20 22 30 41
.4321289062 -7639.5170898438  2  3  4  5  7  9 10 11 12 13 18 20 21 22 26 27 28
.4340820312 -7639.5151367188  1  2  3  4  5  9 11 18 19 20 22 24 29 33 36 38 47
.4355468750 -7639.5136718750  1  2  3  5  7  9 10 13 15 16 18 20 21 23 26 34 36
.4355468750 -7639.5136718750  1  2  3  5  7  9 16 17 18 19 20 22 23 24 37 39 41
.4355468750 -7639.5136718750  1  4  6  8 10 14 15 16 17 19 20 21 22 23 24 32 36
.4355468750 -7639.5136718750  2  4  6  7  9 11 12 13 15 16 17 18 20 22 36 41 45
.4360351562 -7639.5131835938  1  2  3  7  8  9 12 14 16 17 18 19 22 23 24 29 39
.4360351562 -7639.5131835938  1  4  6  8 10 12 14 15 17 19 20 21 22 23 24 40 46
.4365234375 -7639.5126953125  3  5  6  9 10 11 12 13 14 16 17 18 19 23 24 25 44
.4370117188 -7639.5122070312  1  2  4  6  7 11 13 15 16 17 18 20 21 22 35 41 48
.4375000000 -7639.5117187500  2  3  4  5  9 11 12 13 18 19 20 21 22 26 36 41 48
.4379882812 -7639.5112304688  4  5  6  9 10 11 12 13 14 17 18 19 20 23 24 28 34
.4389648438 -7639.5102539062  1  2  3  4  6  9 11 12 14 17 18 19 21 22 34 36 37
.4418945312 -7639.5073242188  1  2  3  4  5  6  7  8 15 17 19 20 21 22 24 42 47
.4428710938 -7639.5063476562  2  3  4  6  7  9 11 12 13 15 17 18 20 24 25 30 46
.4428710938 -7639.5063476562  3  4  5  6  9 10 11 12 13 16 17 18 19 20 24 25 38
.4443359375 -7639.5048828125  1  2  3  4  5  6  8 13 15 17 19 20 21 22 23 24 32
.4443359375 -7639.5048828125  1  2  4  6  7  8 11 13 15 17 18 21 22 24 32 35 41
.4448242188 -7639.5043945312  1  3  4  5  8  9 10 11 12 14 15 16 18 19 36 46 48
.4458007812 -7639.5034179688  1  2  3  4  5  6  7  9 10 11 12 16 20 26 34 46 47
.4458007812 -7639.5034179688  1  3  4  7  8  9 10 11 12 13 14 15 16 17 18 25 42
.4467773438 -7639.5024414062  1  2  3  4  5  6  7  9 10 11 13 17 19 20 32 37 39
.4477539062 -7639.5014648438  1  2  3  4  5  6 11 17 19 20 22 23 24 33 34 36 39
.4521484375 -7639.4970703125  2  3  4  7  9 11 12 13 14 16 17 18 20 21 22 30 48
.4541015625 -7639.4951171875  1  2  3  4  7  9 11 13 16 17 18 20 24 25 27 45 46
.4545898438 -7639.4946289062  1  3  4  5  7  8  9 10 11 12 14 15 17 18 19 25 32
.4560546875 -7639.4931640625  4  5  7  9 10 11 12 13 14 17 18 19 20 21 26 28 34
.4565429688 -7639.4926757812  1  2  3  4  5  9 11 18 19 20 22 24 34 36 38 41 47
.4589843750 -7639.4902343750  1  3  4  5  7  8  9 10 11 12 14 15 17 18 19 32 36
.4589843750 -7639.4902343750  2  3  4  5  7 10 11 12 13 18 19 20 21 22 24 47 48
.4594726562 -7639.4897460938  1  2  3  4  5  6  7 14 15 17 19 20 21 22 24 42 47
.4594726562 -7639.4897460938  1  3  4  7  8  9 10 11 12 13 14 15 16 17 19 25 42
.4604492188 -7639.4887695312  2  3  4  5  6  9 10 11 13 17 18 19 20 24 34 38 47
.4633789062 -7639.4858398438  1  2  3  4  5  7  9 10 11 12 16 18 20 26 34 46 47
.4638671875 -7639.4853515625  1  2  3  4  5  6  7  9 12 14 16 17 20 22 23 27 29
.4648437500 -7639.4843750000  1  3  4  7  8  9 10 11 13 15 16 17 18 24 25 36 42
.4667968750 -7639.4824218750  3  4  5  6  9 10 11 13 14 17 18 19 20 21 24 31 32
.4716796875 -7639.4775390625  1  2  3  7  8  9 12 14 16 17 18 19 20 22 23 31 35
.4746093750 -7639.4746093750  1  2  3  4  6  9 11 12 14 17 18 19 21 22 24 34 37
.4770507812 -7639.4721679688  2  3  4  7  9 11 12 13 14 16 17 18 20 22 33 35 48
.4785156250 -7639.4707031250  1  2  3  4  7  8  9 10 13 15 16 17 20 24 25 36 42
.4785156250 -7639.4707031250  2  4  6  7  9 10 11 12 13 17 19 20 21 24 25 27 37
.4794921875 -7639.4697265625  1  2  3  4  5  7  9 10 11 12 18 20 21 26 27 28 46
.4804687500 -7639.4687500000  1  2  4  7  8 11 12 14 15 16 17 18 20 21 22 29 45
.4814453125 -7639.4677734375  1  2  3  4  6  8 11 12 13 17 18 19 21 22 24 35 38
.4833984375 -7639.4658203125  1  2  4  6  7  9 10 11 12 17 19 20 21 22 25 27 37
.4843750000 -7639.4648437500  1  3  4  5  7  8  9 10 11 12 14 15 17 18 19 32 48
.4848632812 -7639.4643554688  3  4  5  6  9 10 11 12 13 16 17 18 19 20 24 25 37
.4853515625 -7639.4638671875  2  4  6  9 10 12 13 17 19 20 21 22 23 24 31 36 37
.4887695312 -7639.4604492188  2  4  6  8  9 10 11 12 13 15 17 19 20 21 22 30 36
.4892578125 -7639.4599609375  2  4  6  7  9 11 12 13 15 16 17 20 22 24 25 41 44
.4907226562 -7639.4584960938  2  5  6  9 10 12 13 15 17 18 19 20 21 22 23 24 34
.4912109375 -7639.4580078125  2  6  7 10 11 13 15 16 17 18 19 20 21 22 24 34 35
.4926757812 -7639.4565429688  1  2  3  4  5  7  9 10 11 12 18 20 21 26 34 46 47
.4931640625 -7639.4560546875  1  2  7  8  9 10 11 12 13 15 16 17 22 24 27 29 42
.4936523438 -7639.4555664062  1  2  4  6  7  9 11 12 14 17 18 20 21 22 34 37 40
.4941406250 -7639.4550781250  1  2  3  4  5  7  9 10 11 12 18 20 21 26 28 46 47
.4956054688 -7639.4536132812  1  4  5  6  9 10 11 12 13 14 17 18 19 20 21 23 28
.4960937500 -7639.4531250000  2  3  4  6  7  9 11 12 13 17 18 20 24 25 27 45 46
.4965820312 -7639.4526367188  1  3  4  5  8  9 11 14 15 18 19 20 21 22 24 36 38
.4965820312 -7639.4526367188  2  4  6  7  9 10 11 12 13 15 17 20 22 24 25 33 44
.5000000000 -7639.4492187500  1  2  3  4  7  8  9 10 13 15 16 17 18 24 25 36 42
.5024414062 -7639.4467773438  2  4  6  7  9 11 12 13 15 17 20 22 24 25 33 41 44
.5024414062 -7639.4467773438  2  7  9 11 12 13 15 16 17 18 21 22 26 27 33 34 36
.5034179688 -7639.4458007812  1  2  4  6  7  8 11 12 14 15 16 17 18 20 22 29 45
.5034179688 -7639.4458007812  2  7  9 11 13 15 16 17 18 20 21 22 26 27 33 34 36
.5039062500 -7639.4453125000  3  4  5  6  8  9 10 11 13 14 17 18 19 20 24 31 32
.5058593750 -7639.4433593750  4  5  6  7  9 10 11 12 13 14 17 18 19 20 21 28 34
.5078125000 -7639.4414062500  1  2  3  4  5  6  7  9 10 12 14 16 17 20 22 27 29
.5083007812 -7639.4409179688  1  3  4  7  8  9 11 12 13 14 15 16 17 19 20 25 46
.5087890625 -7639.4404296875  1  2  3  4  5  6  9 10 11 13 17 19 20 32 36 37 39
.5087890625 -7639.4404296875  1  3  4  5  8  9 11 14 15 18 19 20 22 24 36 38 41
.5092773438 -7639.4399414062  1  2  3  4  5  6  9 11 14 15 18 19 20 22 29 33 38
.5102539062 -7639.4389648438  1  3  4  5  8  9 11 14 15 18 19 20 21 22 24 29 38
.5126953125 -7639.4365234375  1  2  3  4  5  6  7  9 10 11 13 17 20 32 37 39 42
.5126953125 -7639.4365234375  3  4  5  6  9 10 11 12 13 16 17 18 19 20 21 24 25
.5146484375 -7639.4345703125  1  2  4  6  7  8  9 10 11 12 14 17 20 22 27 29 40
.5156250000 -7639.4335937500  1  2  3  4  5  6  9 10 11 13 17 19 20 32 36 37 42
.5170898438 -7639.4321289062  1  2  3  4  5  6  7  9 10 11 12 20 28 29 34 46 47
.5175781250 -7639.4316406250  2  4  7  8  9 10 11 12 13 14 15 17 19 20 21 30 48
.5180664062 -7639.4311523438  1  2  3  4  5  9 10 11 13 18 20 21 22 24 35 36 38
.5185546875 -7639.4306640625  1  2  4  6  7  8 11 15 17 18 20 21 22 24 32 35 41
.5185546875 -7639.4306640625  2  3  4  5  7  9 10 11 12 13 18 20 22 26 27 28 36
.5214843750 -7639.4277343750  1  2  3  4  5  6  7  9 10 11 13 17 20 32 36 37 42
.5214843750 -7639.4277343750  2  4  6  8  9 10 11 12 13 17 19 20 21 22 26 32 36
.5273437500 -7639.4218750000  2  4  6  7  9 10 11 12 13 15 17 20 22 24 31 33 44
.5292968750 -7639.4199218750  1  2  4  5  6  9 10 11 12 14 15 18 20 22 29 33 40
.5312500000 -7639.4179687500  1  2  4  6  7  9 11 12 14 15 16 17 18 21 22 29 46
.5317382812 -7639.4174804688  2  3  7  9 11 13 15 16 17 18 20 21 22 26 33 34 36
.5322265625 -7639.4169921875  3  4  5  6  9 11 13 14 15 17 18 19 20 21 24 44 46
.5356445312 -7639.4135742188  1  2  3  4  5  6  7  8 15 17 19 20 21 22 23 24 47
.5361328125 -7639.4130859375  1  2  3  4  5  6  7  9 10 11 12 16 20 28 29 34 46
.5366210938 -7639.4125976562  3  4  5  6  9 11 13 14 15 17 18 19 20 21 24 34 44
.5371093750 -7639.4121093750  1  2  3  4  5  9 11 18 19 20 22 24 29 32 33 36 47
.5375976562 -7639.4116210938  3  4  5  6  9 11 13 14 15 18 19 20 21 22 24 34 44
.5400390625 -7639.4091796875  1  2  3  4  5  6  7  8 15 17 19 20 21 22 24 28 47
.5405273438 -7639.4086914062  2  4  6  7  9 10 11 12 13 15 17 20 22 24 33 43 44
.5429687500 -7639.4062500000  1  2  3  4  7  9 11 12 13 17 18 20 24 25 27 45 46
.5429687500 -7639.4062500000  2  4  5  7  9 10 11 12 13 16 18 20 22 26 27 36 45
.5434570312 -7639.4057617188  1  2  4  5  7  9 10 11 15 16 17 18 20 22 24 31 37
.5454101562 -7639.4038085938  1  2  3  4  5  6  9 11 12 14 15 18 20 22 29 33 38
.5463867188 -7639.4028320312  2  3  5  7  9 10 11 13 14 15 16 18 20 21 32 34 36
.5512695312 -7639.3979492188  1  2  3  4  5  6  9 10 11 13 17 19 20 26 36 39 42
.5517578125 -7639.3974609375  1  2  3  4  6  7  8 12 15 17 21 22 24 25 30 40 43
.5527343750 -7639.3964843750  2  4  7  8  9 10 11 12 13 14 15 17 20 21 30 46 48
.5546875000 -7639.3945312500  1  2  3  4  5  7  9 11 13 16 18 20 24 27 36 45 46
.5551757812 -7639.3940429688  2  4  7  8  9 10 11 12 13 14 15 17 20 21 32 46 48
.5576171875 -7639.3916015625  1  2  3  4  6  8 11 13 17 18 19 21 22 24 35 38 42
.5585937500 -7639.3906250000  1  3  4  5  6  9 11 14 15 18 19 20 22 24 33 34 42
.5625000000 -7639.3867187500  4  5  7  9 10 11 12 13 14 17 18 19 20 21 28 34 35
.5654296875 -7639.3837890625  3  4  5  6  9 10 11 13 14 15 17 18 19 20 24 31 38
.5664062500 -7639.3828125000  1  3  4  5  6  8  9 11 14 15 18 19 20 22 24 29 38
.5668945312 -7639.3823242188  1  3  4  5  9 11 14 15 18 19 20 22 24 34 36 38 41
.5673828125 -7639.3818359375  1  2  3  4  5  6  7 11 12 13 14 16 17 22 27 29 30
.5678710938 -7639.3813476562  1  2  3  4  7  8  9 11 12 13 14 15 16 17 19 20 25
.5698242188 -7639.3793945312  1  2  3  4  5  7  9 10 11 13 16 18 20 22 24 31 38
.5698242188 -7639.3793945312  1  2  4  6  7  8  9 11 12 14 17 20 21 22 34 40 45
.5703125000 -7639.3789062500  1  2  4  6  7  8 11 14 15 17 18 20 21 22 27 35 41
.5737304688 -7639.3754882812  2  4  6  9 10 11 12 13 17 19 20 21 22 26 32 36 37
.5761718750 -7639.3730468750  1  2  4  5  7  9 11 15 16 18 20 21 22 24 29 32 41
.5761718750 -7639.3730468750  1  2  4  6  7 11 15 16 17 18 20 21 22 25 35 46 48
.5781250000 -7639.3710937500  1  3  4  5  8  9 10 11 12 14 15 18 19 22 26 29 30
.5791015625 -7639.3701171875  1  2  4  5  7  9 11 15 16 18 20 21 22 24 25 29 32
.5791015625 -7639.3701171875  2  4  5  9 10 11 13 15 18 20 21 22 24 32 33 36 38
.5869140625 -7639.3623046875  1  2  3  5  7  9 10 13 15 16 18 20 21 26 31 34 36
.5883789062 -7639.3608398438  1  2  3  4  6  7  8 12 15 17 21 22 24 28 30 40 46
.5898437500 -7639.3593750000  1  3  4  5  8  9 10 11 12 14 15 18 19 26 29 36 48
.5917968750 -7639.3574218750  1  2  3  4  5  7  9 11 13 16 18 20 24 26 36 45 46
.5937500000 -7639.3554687500  1  2  4  6  7 11 15 16 17 18 20 21 22 34 35 46 48
.5942382812 -7639.3549804688  3  4  5  6  9 10 11 13 14 15 16 18 19 20 24 38 46
.5952148438 -7639.3540039062  2  4  6  9 10 12 13 17 19 20 21 23 24 25 31 36 37
.5957031250 -7639.3535156250  1  2  4  6  7  8  9 11 12 14 17 20 22 29 34 40 45
.5971679688 -7639.3520507812  2  4  6  8  9 10 11 12 13 17 19 20 21 22 26 30 36
.5986328125 -7639.3505859375  1  2  3  4  5  6  7 11 12 13 14 16 17 21 22 27 29
.6010742188 -7639.3481445312  2  3  5  7  9 11 13 14 15 16 17 18 20 21 32 34 36
.6054687500 -7639.3437500000  3  4  5  9 10 11 13 14 15 16 18 19 20 24 33 38 46
.6064453125 -7639.3427734375  1  2  3  4  6  7  8  9 11 13 15 17 18 22 24 32 48
.6113281250 -7639.3378906250  1  2  3  4  6  7  8 12 14 15 16 17 18 20 22 28 45
.6127929688 -7639.3364257812  3  4  5  6  9 10 11 13 14 15 18 19 20 24 31 38 46
.6201171875 -7639.3291015625  2  3  4  6  8  9 11 12 14 17 18 19 21 22 24 34 37
.6225585938 -7639.3266601562  1  2  3  6  7  8  9 10 11 12 13 14 15 17 20 25 26
.6259765625 -7639.3232421875  1  2  4  6  7  9 11 12 17 20 21 22 23 25 28 46 48
.6269531250 -7639.3222656250  1  2  3  4  5  6  9 11 12 17 20 21 22 23 25 28 48
.6274414062 -7639.3217773438  1  2  3  4  6  7  8 15 17 19 21 22 24 30 40 42 47
.6328125000 -7639.3164062500  1  2  4  5  9 11 15 16 18 20 21 22 24 32 33 36 41
.6386718750 -7639.3105468750  1  2  4  6  7  8 11 15 16 17 18 19 20 21 22 35 41
.6425781250 -7639.3066406250  3  4  5  6  9 10 11 13 15 16 18 19 20 24 36 44 46
.6440429688 -7639.3051757812  1  2  3  4  7  8  9 12 14 17 18 19 20 22 41 45 48
.6464843750 -7639.3027343750  1  2  3  5  7  9 10 13 15 16 18 20 21 26 27 36 43
.6499023438 -7639.2993164062  1  2  3  4  6  7  9 10 11 12 17 20 28 34 46 47 48
.6503906250 -7639.2988281250  1  2  3  4  5  9 11 14 18 19 20 22 24 29 33 45 47
.6508789062 -7639.2983398438  1  2  3  4  6  8 11 17 19 21 22 24 30 35 38 42 47
.6523437500 -7639.2968750000  1  2  3  4  7  8  9 12 16 17 18 19 20 22 35 41 48
.6562500000 -7639.2929687500  1  2  3  4  6  9 11 12 17 20 21 22 23 25 28 46 48
.6562500000 -7639.2929687500  1  4  5  9 10 11 12 14 15 16 18 19 22 26 29 30 45
.6572265625 -7639.2919921875  1  2  3  4  7  9 11 13 16 18 20 24 25 27 36 45 46
.6577148438 -7639.2915039062  1  2  3  4  5  6  7  8 15 17 21 22 24 30 40 42 47
.6650390625 -7639.2841796875  1  4  6  8 12 14 15 17 19 20 21 22 23 24 31 36 40
.6777343750 -7639.2714843750  1  2  3  5  7  9 11 13 15 16 18 20 24 26 36 45 46
.6860351562 -7639.2631835938  2  4  5  6  9 10 11 12 13 17 19 20 21 22 30 36 37
.6875000000 -7639.2617187500  1  2  3  4  5  6 12 15 16 17 19 20 22 24 34 42 47
.6923828125 -7639.2568359375  2  4  5  9 10 11 15 16 18 20 21 22 24 32 33 36 38
.6958007812 -7639.2534179688  1  2  3  4  7  8  9 11 12 13 14 16 17 19 20 25 26
.6972656250 -7639.2519531250  3  4  5  6  9 10 11 13 15 16 18 19 20 24 38 44 46
.7006835938 -7639.2485351562  1  2  3  6  7  8  9 11 12 14 15 17 20 25 26 46 47
.7177734375 -7639.2314453125  1  2  3  4  6  7  8 12 15 17 21 22 26 28 30 35 40
.7182617188 -7639.2309570312  2  6  7 10 13 15 16 17 20 21 22 24 28 34 35 39 42
.7221679688 -7639.2270507812  1  2  3  4  7  8 11 12 14 15 17 18 20 22 41 45 48
.7231445312 -7639.2260742188  2  4  6  7 10 13 16 17 20 21 22 24 28 34 35 39 42
.7246093750 -7639.2246093750  2  4  5  7  9 13 14 16 17 18 20 21 22 24 29 31 32
.7246093750 -7639.2246093750  2  4  6  9 10 11 12 13 17 19 20 21 22 30 36 37 38
.7373046875 -7639.2119140625  1  2  3  4  5  6  7 10 12 17 18 20 23 36 37 39 40
.7377929688 -7639.2114257812  1  2  3  4  6  7  9 11 12 17 20 25 28 34 46 47 48
.7387695312 -7639.2104492188  1  2  4  5  6  7 10 12 17 20 22 23 31 34 37 39 48
.7465820312 -7639.2026367188  4  5  6  7  9 10 11 12 13 14 17 18 19 20 23 28 39
.7612304688 -7639.1879882812  1  2  4  5  6  7 10 11 12 17 20 23 31 34 37 39 48
.7685546875 -7639.1806640625  1  2  4  5  6  7 10 12 17 20 21 23 28 29 31 34 37
.7817382812 -7639.1674804688  1  2  4  5  6  7 10 12 17 20 23 28 29 31 34 37 39
.7827148438 -7639.1665039062  4  5  9 10 11 12 14 15 17 18 19 22 23 26 29 30 43
.7846679688 -7639.1645507812  2  3  5  7  9 10 12 15 16 18 20 21 26 27 36 43 46
.7968750000 -7639.1523437500  2  4  5  6 11 12 13 15 17 20 21 22 27 29 38 47 48
.8168945312 -7639.1323242188  4  5  7  9 10 11 12 14 15 17 20 22 23 26 29 30 43
.8217773438 -7639.1274414062  2  3  4  5  6 11 12 13 15 17 20 21 22 29 38 47 48
.8359375000 -7639.1132812500  1  2  3  5  9 13 14 15 17 18 19 21 22 23 24 27 40
.8442382812 -7639.1049804688  2  3  4  5  7  8 10 11 13 15 16 18 21 32 34 36 39
.8461914062 -7639.1030273438  1  2  4  6  7  8  9 10 11 13 15 17 18 22 42 46 48
.8515625000 -7639.0976562500  1  2  3  5  6 11 12 15 16 17 19 20 22 24 29 42 47
.8535156250 -7639.0957031250  1  2  4  5  6  7 10 12 17 18 20 22 23 37 39 40 48
.8613281250 -7639.0878906250  1  2  4  6  7  8  9 10 11 13 15 17 18 22 32 42 48
.8696289062 -7639.0795898438  1  2  4  6  7  8 12 15 17 21 22 26 28 29 30 35 40
.8754882812 -7639.0737304688  1  2  4  6  7  8 12 15 17 21 22 26 28 30 35 40 46
.8891601562 -7639.0600585938  2  6  9 10 13 14 15 17 18 19 20 21 22 23 24 40 56
.9072265625 -7639.0419921875  2  3  4  6  7 12 13 14 20 21 22 28 32 34 35 39 41
.9228515625 -7639.0263671875  4  7  9 10 11 12 14 17 20 22 23 26 28 29 30 34 43
.9272460938 -7639.0219726562  4  5  7  9 10 11 12 14 17 20 22 23 26 29 30 43 45
.9501953125 -7638.9990234375  2  3  4  5  7  8 10 11 15 16 18 21 32 34 36 39 42
.9624023438 -7638.9868164062  1  2  3  4  5  7  8 11 12 13 14 16 17 27 29 30 32
1.0073242188 -7638.9418945312  2  3  5  7  9 10 15 16 18 20 21 25 26 27 36 43 46
1.0249023438 -7638.9243164062  2  3  4  5  6  7  8 10 12 17 18 23 36 37 39 40 44
1.0546875000 -7638.8945312500  2  4  6  7 12 13 14 20 21 22 23 28 32 34 35 39 41
1.0830078125 -7638.8662109375  1  2  3  4  5  7  8 10 12 17 18 21 27 36 37 40 44
1.1230468750 -7638.8261718750  2  3  4  6  7  8 12 14 15 21 22 23 27 28 32 41 43
1.1333007812 -7638.8159179688  1  2  3  6  9 14 17 19 20 22 23 24 27 28 42 43 46
1.2128906250 -7638.7363281250  2  3  5  7  9 10 15 16 18 21 24 25 32 36 43 46 47
1.2431640625 -7638.7060546875  1  2  3  4  5  7  8 10 12 17 18 27 30 36 37 39 40
1.2470703125 -7638.7021484375  1  2  3  4  5  7  8 12 13 16 17 22 26 30 35 39 40
1.2519531250 -7638.6972656250  1  2  4  7  8  9 10 11 15 17 18 21 27 32 34 45 48
1.2832031250 -7638.6660156250  1  2  3  4  5  6  7  8 12 13 16 17 26 30 36 39 43
1.3125000000 -7638.6367187500  1  2  3  4  5  6  8 12 16 17 20 21 26 30 39 40 48
1.3994140625 -7638.5498046875  1  4  5  7  9 10 11 12 15 22 23 26 29 31 32 34 46
