0 -7665.5078125000  1  2  3  4  5  6 18 19 20 21 22 23 24
.0087890625 -7665.4990234375  1  2  3  4  5  6 19 20 21 22 23 24 42
.0175781250 -7665.4902343750  1  2  3  4  5  6 19 20 21 22 23 24 35
.0205078125 -7665.4873046875  1  2  3  4  5  6 19 20 21 22 23 24 34
.0288085938 -7665.4790039062  1  2  3  4  5  6 19 20 21 22 23 24 36
.0463867188 -7665.4614257812  1  2  3  4  5  6 19 20 21 22 23 24 38
.0502929688 -7665.4575195312  1  2  3  4  5  6 19 20 21 22 23 24 41
.0561523438 -7665.4516601562  1  2  3  4  5  6 16 19 20 21 22 23 24
.0644531250 -7665.4433593750  1  2  3  4  5  6 15 19 20 21 22 23 24
.0742187500 -7665.4335937500  1  2  3  4  5  6 19 20 21 22 23 24 31
.0961914062 -7665.4116210938  1  2  3  4  5  7  8  9 10 11 12 18 26
.1289062500 -7665.3789062500  1  2  3  4  5  6 17 19 20 22 23 24 42
.1313476562 -7665.3764648438  1  2  3  4  5  6 11 19 20 21 22 24 35
.1450195312 -7665.3627929688  1  2  3  4  5  6 19 20 21 22 23 24 25
.1479492188 -7665.3598632812  1  2  3  4  5  6 17 19 20 22 23 24 36
.1552734375 -7665.3525390625  1  3  4  5  6  9 11 14 17 19 20 22 24
.1630859375 -7665.3447265625  1  2  3  4  5  6 16 17 19 20 22 23 24
.1655273438 -7665.3422851562  1  2  3  4  5  6 11 19 20 21 22 24 27
.1669921875 -7665.3408203125  1  7  8 11 12 14 15 16 17 18 21 22 23
.1840820312 -7665.3237304688  1  2  3  4  5  7 17 18 19 20 22 23 24
.1855468750 -7665.3222656250  1  2  6  7  8 12 15 16 17 18 21 22 23
.1879882812 -7665.3198242188  2  7  9 11 12 13 15 17 18 20 21 22 26
.1958007812 -7665.3120117188  1  2  3  4  5  6 19 20 22 23 24 32 45
.1962890625 -7665.3115234375  1  5  6 10 12 14 15 16 19 20 21 22 23
.1972656250 -7665.3105468750  1  2  3  4  5  6  7  9 11 12 17 20 34
.1972656250 -7665.3105468750  1  2  3  4  6 11 13 15 17 20 21 22 24
.1977539062 -7665.3100585938  1  3  4  5  9 14 16 17 18 19 20 22 24
.2006835938 -7665.3071289062  1  2  3  4  5  6 19 20 22 23 24 41 42
.2006835938 -7665.3071289062  1  5  6 10 14 15 16 19 20 21 22 23 24
.2065429688 -7665.3012695312  1  3  4  7  8  9 11 12 14 17 18 22 28
.2075195312 -7665.3002929688  1  3  4  7  8  9 11 12 14 16 17 18 22
.2075195312 -7665.3002929688  7  9 11 12 13 15 16 17 18 20 21 22 26
.2172851562 -7665.2905273438  1  2  6  7  8 12 15 16 17 21 22 23 35
.2197265625 -7665.2880859375  1  2  3  4  5  6 20 21 22 23 24 28 34
.2207031250 -7665.2871093750  1  2  4  5  6  7  8  9 10 11 12 15 17
.2211914062 -7665.2866210938  1  2  6  7  8 12 15 16 17 21 22 23 25
.2246093750 -7665.2832031250  1  2  3  4  5  6 19 20 22 23 24 35 41
.2275390625 -7665.2802734375  1  2  3  4  5  6 10 16 19 20 22 23 24
.2280273438 -7665.2797851562  1  2  3  4  5  6 11 18 19 20 21 22 24
.2280273438 -7665.2797851562  1  3  4  7  9 11 17 18 19 20 22 24 25
.2368164062 -7665.2709960938  1  3  5  9 10 11 14 16 18 19 20 23 24
.2431640625 -7665.2646484375  1  3  4  5  9 11 14 16 17 18 20 22 24
.2465820312 -7665.2612304688  1  3  7  8  9 11 12 14 15 17 18 19 22
.2480468750 -7665.2597656250  1  2  3  4  5  6 10 19 20 22 23 24 35
.2485351562 -7665.2592773438  1  2  3  4  5  6 15 19 20 21 22 24 40
.2500000000 -7665.2578125000  1  2  3  4  5  6  9 12 14 17 19 20 22
.2504882812 -7665.2573242188  1  3  8  9 11 14 15 16 17 18 20 22 24
.2514648438 -7665.2563476562  3  8  9 11 14 15 16 17 18 19 20 22 24
.2519531250 -7665.2558593750  3  5  9 14 15 16 18 19 20 21 22 23 24
.2539062500 -7665.2539062500  1  3  4  7  8  9 11 12 14 17 18 22 40
.2548828125 -7665.2529296875  1  2  4  6  7 11 12 15 17 18 21 22 37
.2553710938 -7665.2524414062  1  2  3  4  5  6 19 20 22 23 24 36 45
.2568359375 -7665.2509765625  1  3  4  7  9 11 14 17 18 19 20 22 25
.2573242188 -7665.2504882812  1  2  3  4  6  7  9 11 15 17 20 22 34
.2597656250 -7665.2480468750  1  2  3  4  5  6  9 11 14 17 19 20 22
.2602539062 -7665.2475585938  1  3  4  7  9 11 14 17 18 19 20 22 34
.2617187500 -7665.2460937500  1  8 12 14 15 16 17 18 19 21 22 23 26
.2666015625 -7665.2412109375  1  2  3  4  7  9 11 15 17 20 22 24 34
.2705078125 -7665.2373046875  1  2  3  4  6 11 15 17 20 21 22 24 37
.2709960938 -7665.2368164062  1  2  3  4  5  6 11 13 20 21 22 23 24
.2729492188 -7665.2348632812  1  2  3  4  5  6 10 14 19 20 22 23 24
.2739257812 -7665.2338867188  1  2  3  4  5  6 17 19 20 22 23 24 25
.2753906250 -7665.2324218750  1  3  4  7  8  9 10 11 14 17 18 19 22
.2773437500 -7665.2304687500  1  2  3  4  5  6  9 14 17 19 20 22 23
.2778320312 -7665.2299804688  1  2  3  4  7  9 11 17 19 20 22 24 34
.2788085938 -7665.2290039062  1  2  3  4  5  6 15 19 20 21 22 24 31
.2856445312 -7665.2221679688  1  3  5  9 11 14 16 18 19 20 22 23 24
.2866210938 -7665.2211914062  1  2  6  7 11 12 15 17 20 21 22 23 25
.2875976562 -7665.2202148438  1  2  3  4  5  6 14 19 20 22 23 24 41
.2875976562 -7665.2202148438  1  3  4  7  8  9 10 11 14 18 19 20 22
.2900390625 -7665.2177734375  1  2  4  5  6  7  8 10 11 12 15 17 22
.2900390625 -7665.2177734375  8 11 12 14 15 16 17 18 19 21 22 23 26
.2905273438 -7665.2172851562  3  4  5  9 11 14 16 17 18 19 20 22 24
.2910156250 -7665.2167968750  1  2  3  4  5  7  8  9 10 11 12 14 17
.2915039062 -7665.2163085938  3  5  9 10 13 14 16 18 19 20 22 23 24
.2919921875 -7665.2158203125  1 14 15 16 17 18 19 20 21 22 23 24 46
.2919921875 -7665.2158203125  1  2  3  4  5  7  8  9 10 11 12 17 18
.2944335938 -7665.2133789062  1  2  3  4  5  7  8  9 10 11 12 17 26
.2944335938 -7665.2133789062  3  5  9 14 16 18 19 20 21 22 23 24 31
.2949218750 -7665.2128906250  1  2  3  4  5  6 11 19 20 21 22 24 37
.2968750000 -7665.2109375000  3  5  9 10 13 14 16 18 19 20 23 24 25
.2988281250 -7665.2089843750  1  2  3  4  5  7 11 17 18 19 20 22 24
.2988281250 -7665.2089843750  1  2  3  4  7  8  9 11 17 20 22 24 34
.3012695312 -7665.2065429688  1  4  8  9 10 11 12 14 17 18 19 22 26
.3056640625 -7665.2021484375  3  5  9 14 16 17 18 19 20 21 22 23 24
.3066406250 -7665.2011718750  1  3  5  9 11 14 16 17 19 20 22 23 24
.3095703125 -7665.1982421875  1  2  3  4  5  6 12 19 20 22 23 33 36
.3095703125 -7665.1982421875  1  2  4  6  7 11 12 15 17 18 21 22 46
.3115234375 -7665.1962890625  1  2  3  4  5  6 10 12 14 19 20 22 23
.3115234375 -7665.1962890625  1  6  8  9 10 11 12 14 15 17 18 19 22
.3125000000 -7665.1953125000  1  5  7  8  9 10 11 12 14 15 16 18 19
.3149414062 -7665.1928710938  1  2  3  4  5  6 11 13 20 21 22 24 35
.3149414062 -7665.1928710938  1  2  4  6  7 12 15 17 20 21 22 25 28
.3149414062 -7665.1928710938  1  4  5  7  8  9 10 11 12 14 16 18 41
.3154296875 -7665.1923828125  4  9 11 13 14 17 18 19 20 21 22 24 29
.3193359375 -7665.1884765625  1  2  4  5  6 10 12 15 19 20 21 22 23
.3193359375 -7665.1884765625  1  3  4  7  8  9 11 14 15 17 18 19 22
.3203125000 -7665.1875000000  1  2  3  4  6 11 13 17 20 21 22 24 39
.3212890625 -7665.1865234375  1  2  4  5  6 12 15 17 19 20 21 22 23
.3276367188 -7665.1801757812  1  4  7  8 10 11 15 16 17 18 21 22 24
.3276367188 -7665.1801757812  8  9 12 14 15 16 17 18 19 21 22 23 26
.3281250000 -7665.1796875000  1  2  3  4  5  7  8  9 10 11 12 26 27
.3281250000 -7665.1796875000  1  3  7  8  9 11 14 15 17 18 19 20 22
.3281250000 -7665.1796875000  1  8 10 12 14 15 16 17 18 19 22 23 26
.3286132812 -7665.1791992188  1  3  4  7  8  9 10 11 14 17 18 19 25
.3291015625 -7665.1787109375  1  4 14 15 16 17 18 19 20 21 22 23 24
.3295898438 -7665.1782226562  2  6  7 10 12 13 15 16 20 21 23 25 34
.3305664062 -7665.1772460938  1  2  6  7  8 11 12 15 17 21 22 23 25
.3310546875 -7665.1767578125  2  3  4  6  7 11 13 17 20 21 22 24 39
.3315429688 -7665.1762695312  9 11 13 14 15 17 18 19 20 21 22 24 29
.3320312500 -7665.1757812500  1  3  4  7  8  9 11 12 14 17 18 19 25
.3320312500 -7665.1757812500  1  3  4  7  9 11 12 14 17 18 19 22 25
.3334960938 -7665.1743164062  3  5  9 10 11 14 16 18 19 20 23 24 37
.3364257812 -7665.1713867188  1  4  5  7  8  9 10 11 12 14 18 19 41
.3364257812 -7665.1713867188  8 10 11 14 15 16 17 18 20 21 22 23 24
.3378906250 -7665.1699218750  1  2  3  4  5  6 17 20 22 23 24 28 34
.3388671875 -7665.1689453125  8 10 11 14 15 16 17 18 19 20 21 22 24
.3398437500 -7665.1679687500  1  2  3  4  7  8  9 10 11 12 13 17 18
.3417968750 -7665.1660156250  1  2  3  4  6 11 13 17 20 21 22 24 35
.3432617188 -7665.1645507812  1  3  9 14 16 17 18 19 20 21 22 23 24
.3437500000 -7665.1640625000  1  2  3  4  5  7  8  9 10 11 12 18 21
.3452148438 -7665.1625976562  1  8  9 10 11 12 14 16 17 18 19 22 23
.3461914062 -7665.1616210938  1  2  4  5  7  8  9 10 11 12 17 18 48
.3471679688 -7665.1606445312  1  2  3  4  7  9 11 17 20 22 24 33 34
.3481445312 -7665.1596679688  9 11 12 13 14 15 17 18 19 20 21 22 26
.3486328125 -7665.1591796875  3  5  9 10 14 16 18 19 20 22 23 24 34
.3491210938 -7665.1586914062  1  5 11 14 15 16 17 18 20 21 22 23 24
.3505859375 -7665.1572265625  1  2  3  4  5 14 19 20 21 22 23 24 30
.3520507812 -7665.1557617188  2  6  7 10 12 13 15 16 20 21 22 23 25
.3525390625 -7665.1552734375  2  7  9 11 12 13 15 17 18 20 22 26 33
.3530273438 -7665.1547851562  1  3  4  7  8 11 12 14 15 17 18 19 22
.3530273438 -7665.1547851562  2  7  9 11 12 13 15 16 17 18 20 22 26
.3540039062 -7665.1538085938  1  2  6  7 10 12 15 16 20 21 22 23 25
.3540039062 -7665.1538085938  1  2  6  7 10 12 15 16 20 21 22 23 37
.3549804688 -7665.1528320312  1  9 14 15 16 17 18 19 20 21 22 23 24
.3559570312 -7665.1518554688  1  8  9 10 11 12 14 16 17 18 19 22 26
.3593750000 -7665.1484375000  1  3  4  5  7  8  9 10 11 14 15 18 19
.3598632812 -7665.1479492188  1  2  3  4  5  7 14 17 18 19 20 22 23
.3603515625 -7665.1474609375  2 13 14 15 16 17 18 20 21 22 23 24 36
.3613281250 -7665.1464843750  2  4  6  7  8 11 12 15 17 18 21 22 35
.3623046875 -7665.1455078125  2  6  7  9 10 12 13 15 16 17 20 21 25
.3623046875 -7665.1455078125  8 10 11 14 15 16 17 18 20 21 22 24 27
.3642578125 -7665.1435546875  1  2  3  4  5  7  8  9 10 11 12 17 48
.3642578125 -7665.1435546875  1  2  3  4  7  9 17 19 20 22 24 34 42
.3662109375 -7665.1416015625  1  2  7  8 11 15 16 17 18 21 22 24 27
.3662109375 -7665.1416015625  1  9 10 14 16 17 18 19 20 22 23 24 34
.3666992188 -7665.1411132812  2  6  7  9 10 12 13 15 16 20 21 23 25
.3686523438 -7665.1391601562  1  2  4  6  7 12 15 16 17 18 21 22 23
.3686523438 -7665.1391601562  1  2  6  7 12 14 15 16 17 21 22 23 37
.3691406250 -7665.1386718750  2 12 13 14 15 16 17 18 20 21 22 23 36
.3696289062 -7665.1381835938  1  2  4  6  7 12 15 17 21 22 23 25 28
.3706054688 -7665.1372070312  1  3  7  8  9 14 15 16 17 18 19 20 22
.3720703125 -7665.1357421875  1  3  4  5  6  9 11 14 17 19 20 22 36
.3720703125 -7665.1357421875  1  3  4  5  7  8  9 10 11 12 14 18 27
.3730468750 -7665.1347656250  1  3  4  7  8  9 10 11 13 14 18 19 20
.3750000000 -7665.1328125000  1  2  4  6  7 11 12 15 17 21 22 37 46
.3750000000 -7665.1328125000  3  9 13 14 17 18 19 20 21 22 23 24 40
.3754882812 -7665.1323242188  1  3  4  7  8 11 14 15 17 18 19 21 22
.3759765625 -7665.1318359375  1 14 15 16 17 18 19 20 21 22 23 24 29
.3764648438 -7665.1313476562  1  8 10 14 15 16 17 18 19 21 22 23 26
.3764648438 -7665.1313476562  3  4  7  8  9 10 11 12 13 14 16 18 30
.3774414062 -7665.1303710938  1 11 14 15 16 17 18 19 20 21 22 23 24
.3774414062 -7665.1303710938  1  2  3  4  7  9 11 17 20 22 24 34 47
.3774414062 -7665.1303710938  1  2  4  6  7 12 15 17 20 21 22 25 34
.3793945312 -7665.1284179688  8  9 11 12 14 16 17 18 19 21 22 23 26
.3803710938 -7665.1274414062  1  2  4  5  6  7  8 11 12 15 17 22 29
.3808593750 -7665.1269531250  3  5  9 10 14 16 18 19 20 23 24 25 34
.3818359375 -7665.1259765625  1  3  4  7  9 10 11 13 14 18 19 20 34
.3823242188 -7665.1254882812  1  2  3  4  6  7 12 15 16 20 21 22 25
.3833007812 -7665.1245117188  1  2  3  4  7  8  9 13 17 19 20 22 24
.3833007812 -7665.1245117188  3  7  8  9 11 14 15 16 17 18 19 20 22
.3837890625 -7665.1240234375  1  2  4  6 12 15 17 19 20 21 22 23 24
.3837890625 -7665.1240234375  1  5  7 11 15 16 17 18 20 21 22 23 24
.3872070312 -7665.1206054688  1  3  4  5  6  9 11 14 17 19 20 22 26
.3896484375 -7665.1181640625  2  3  4  6 11 12 15 17 20 21 22 24 37
.3896484375 -7665.1181640625  2  4  5  6 10 12 15 19 20 21 22 23 36
.3925781250 -7665.1152343750  1  2  4  6  7  8 10 11 12 15 21 22 34
.3930664062 -7665.1147460938  2  3  4  5  6 19 20 21 22 23 24 33 39
.3945312500 -7665.1132812500  1  3  4  9 11 14 17 18 19 20 22 25 26
.3950195312 -7665.1127929688  1  2  4  6  7 12 15 16 20 21 22 23 25
.3955078125 -7665.1123046875  2  3  4  6  8 11 12 15 17 20 21 22 24
.3984375000 -7665.1093750000  2  4  6  7  8 11 12 15 17 18 21 22 37
.3989257812 -7665.1088867188  1  2  4  6  7 12 14 15 16 17 21 22 23
.3994140625 -7665.1083984375  1  2  3  4  6  7  8 11 12 15 21 22 27
.4003906250 -7665.1074218750  2  3  4  5  6 19 20 21 22 23 24 34 38
.4008789062 -7665.1069335938  1  2  3  4  5  7  8  9 10 11 12 21 36
.4008789062 -7665.1069335938  2  4  7  8 11 12 15 17 18 21 22 23 24
.4013671875 -7665.1064453125  2  4  6  8 12 14 15 17 18 19 21 22 23
.4013671875 -7665.1064453125  3  5  9 10 14 16 18 19 20 23 24 31 37
.4013671875 -7665.1064453125  3  8  9 11 14 15 16 17 18 19 20 22 36
.4028320312 -7665.1049804688  1  2  3  4  5  6 14 20 21 22 23 24 37
.4033203125 -7665.1044921875  1  4  5  8  9 10 11 12 14 18 19 36 41
.4047851562 -7665.1030273438 10 12 13 14 15 16 17 18 19 20 22 23 24
.4047851562 -7665.1030273438  1  2  3  4  6  7  8 11 12 15 21 22 37
.4047851562 -7665.1030273438  1  7  8 11 12 15 16 17 18 21 22 24 27
.4052734375 -7665.1025390625  1  2  3  4  5  6 17 20 21 22 23 24 37
.4052734375 -7665.1025390625  2  4 13 14 15 16 17 18 20 21 22 23 36
.4072265625 -7665.1005859375  1  2  4  6  7 12 15 16 17 18 21 22 37
.4077148438 -7665.1000976562  1  3  4  5  7  8  9 10 11 12 14 18 36
.4091796875 -7665.0986328125  1  2  5  6  7 10 12 15 16 20 23 25 29
.4096679688 -7665.0981445312  2  3  4  5  6 19 20 21 22 23 24 38 39
.4111328125 -7665.0966796875 10 13 14 15 16 17 18 19 20 22 23 24 34
.4125976562 -7665.0952148438  1  2  4  6  7  8 10 11 12 15 20 21 34
.4130859375 -7665.0947265625  3  5  9 10 14 16 18 19 20 23 24 27 37
.4160156250 -7665.0917968750  1  2  3  4  7  9 13 17 19 20 22 24 34
.4160156250 -7665.0917968750  3  7  8  9 11 14 15 16 17 18 20 22 43
.4165039062 -7665.0913085938  1  2  4  6  7  8 11 12 15 17 22 29 46
.4165039062 -7665.0913085938  3  4  5  7  8  9 10 11 12 14 18 30 43
.4169921875 -7665.0908203125  1  2  3  4  5  6 20 22 23 24 28 34 45
.4174804688 -7665.0903320312  1  2  3  4  7  8  9 10 11 12 13 14 17
.4189453125 -7665.0888671875  3  9 10 14 16 17 18 19 20 22 23 24 34
.4213867188 -7665.0864257812  1  2  3  4  5  6 20 22 23 24 28 33 34
.4218750000 -7665.0859375000  1  2  4  6  7 11 12 15 17 21 22 29 46
.4228515625 -7665.0849609375  1  2  6  7  8 11 12 17 20 21 22 23 35
.4238281250 -7665.0839843750  1  2  4  6  7  9 10 11 12 13 15 21 25
.4282226562 -7665.0795898438  1  7  8 10 11 12 15 16 17 18 21 22 24
.4296875000 -7665.0781250000  1  6  8  9 10 11 12 14 15 17 18 19 37
.4306640625 -7665.0771484375  1  2  4  7 12 14 15 16 17 18 21 22 23
.4306640625 -7665.0771484375  1  3  7  8  9 11 12 14 15 17 18 19 34
.4311523438 -7665.0766601562  1  2  3  5  7  8 14 15 16 18 21 22 23
.4316406250 -7665.0761718750  2  3  4  5  6 12 19 20 22 23 24 33 39
.4335937500 -7665.0742187500  1  2  6  7  8 12 15 17 20 21 22 23 35
.4340820312 -7665.0737304688  1  2  4  7  8 10 11 15 16 17 18 21 22
.4350585938 -7665.0727539062  1  3  4  9 11 14 17 18 19 20 22 25 48
.4360351562 -7665.0717773438  1  3  4  7  8  9 10 11 13 14 17 18 43
.4360351562 -7665.0717773438  2  6  7  8 11 12 15 17 20 21 22 23 25
.4365234375 -7665.0712890625  1  2  3  4  5  6  7 17 19 20 22 24 27
.4379882812 -7665.0698242188  2  4  6  7 11 12 15 17 18 21 22 34 37
.4423828125 -7665.0654296875  1  2  3  4  6  7  8 10 11 12 15 21 22
.4423828125 -7665.0654296875  1  5  6 10 14 15 16 18 19 20 22 23 24
.4433593750 -7665.0644531250  1  6  8  9 10 11 12 14 15 17 18 19 34
.4448242188 -7665.0629882812  2  4  8 12 14 15 17 19 20 21 22 23 24
.4467773438 -7665.0610351562  1  3  4  6  7  8  9 11 12 14 17 18 22
.4477539062 -7665.0600585938  2  7  9 11 12 13 15 17 18 21 22 26 33
.4501953125 -7665.0576171875  1  2  4  7 12 14 15 16 17 18 21 22 37
.4516601562 -7665.0561523438  1  2  4  6  7 15 16 20 21 22 23 34 41
.4531250000 -7665.0546875000  1  2  3  5  7  8 12 14 15 16 21 22 23
.4570312500 -7665.0507812500  1  2  6  8 11 12 15 17 20 21 22 23 24
.4575195312 -7665.0502929688  1  2  6  7 10 12 14 15 16 17 21 22 23
.4580078125 -7665.0498046875  1  2  3  4  5  7 11 15 17 18 20 22 47
.4580078125 -7665.0498046875  1  3  4  5  6 19 20 21 22 23 24 34 38
.4580078125 -7665.0498046875  1  3  4  7  8  9 10 11 12 14 15 18 34
.4580078125 -7665.0498046875  2  7  9 11 12 13 15 16 17 20 22 26 45
.4584960938 -7665.0493164062  1  3  4  7  8  9 10 11 14 17 18 34 43
.4594726562 -7665.0483398438  4  7  8 11 12 15 16 17 18 21 22 23 24
.4614257812 -7665.0463867188  1  2  4  6  7  8 11 12 15 21 22 23 33
.4653320312 -7665.0424804688  1  2  5  6 10 15 16 19 20 22 23 24 45
.4658203125 -7665.0419921875  1  2  3  4  5  6  7  9 11 17 20 34 47
.4692382812 -7665.0385742188  1  2  3  4  5  6 19 20 22 23 24 32 43
.4692382812 -7665.0385742188  1  2  3  4  5  7 11 17 18 20 22 47 48
.4702148438 -7665.0375976562  1  2  3  4  7 14 15 17 18 19 20 21 22
.4721679688 -7665.0356445312  1  2  3  4  5  6 14 19 21 22 23 24 37
.4726562500 -7665.0351562500  1  5  6 10 12 15 16 19 20 22 23 24 29
.4755859375 -7665.0322265625  2  4  6  8 11 12 15 17 20 21 22 23 24
.4760742188 -7665.0317382812  2  4  5  6 10 12 16 19 20 21 22 23 36
.4765625000 -7665.0312500000  1  3  4  7  8  9 11 12 14 15 17 18 34
.4775390625 -7665.0302734375  1  2  3  4  6  7  8 10 11 15 17 18 22
.4799804688 -7665.0278320312  2  4  6  7  8 10 11 12 13 15 21 25 42
.4804687500 -7665.0273437500  1  4  5  7 10 11 12 14 15 20 21 22 28
.4809570312 -7665.0268554688  1  2  4  5  7 14 15 16 17 18 21 22 23
.4819335938 -7665.0258789062  2  4  6 12 14 15 17 19 20 21 22 23 24
.4824218750 -7665.0253906250  3  4  6  7  9 10 11 13 16 17 18 20 34
.4843750000 -7665.0234375000  1  2  3  4  7  8 14 15 17 18 19 20 22
.4882812500 -7665.0195312500  1  3  4  7  9 10 11 13 14 17 18 19 34
.4921875000 -7665.0156250000  2  4 12 14 15 17 19 20 21 22 23 24 34
.4936523438 -7665.0141601562  2  4  5  6 10 12 13 16 19 20 21 23 36
.4965820312 -7665.0112304688  1  2  3  4  6  7  8 12 17 21 22 23 35
.4980468750 -7665.0097656250  1  2  3  5  6  7  9 12 17 19 20 22 27
.4990234375 -7665.0087890625  1  3  4  7  8  9 11 12 14 17 18 22 38
.5029296875 -7665.0048828125  1  2  5  7 14 15 16 17 18 21 22 23 44
.5039062500 -7665.0039062500  9 12 13 14 17 18 19 20 21 22 23 24 40
.5063476562 -7665.0014648438  1  2  4  6  7 10 11 12 13 15 21 22 25
.5078125000 -7665.0000000000  1  2  3  5  6 19 20 22 23 24 32 35 37
.5083007812 -7664.9995117188  2  5  6  7 10 12 15 16 20 21 22 23 25
.5087890625 -7664.9990234375  1  2  3  5  6  8  9 12 14 19 22 23 33
.5131835938 -7664.9946289062  1  5  6 10 15 16 18 19 20 22 23 24 45
.5136718750 -7664.9941406250  1  2  3  4  6  7  8 12 17 22 23 28 35
.5146484375 -7664.9931640625  1  2  4  6  7  8 11 12 15 21 22 27 33
.5161132812 -7664.9916992188  1  2  3  4  5  6  7 11 15 17 20 34 47
.5166015625 -7664.9912109375 10 12 13 14 15 16 17 18 20 21 22 23 24
.5166015625 -7664.9912109375  2  5  6  7 10 12 15 16 20 21 23 25 29
.5190429688 -7664.9887695312  1  5  6 12 15 16 19 20 21 22 23 24 45
.5195312500 -7664.9882812500  2  7  9 10 12 13 15 16 17 20 21 25 36
.5209960938 -7664.9868164062  1  2  4  6  7  8 10 11 15 17 18 22 23
.5224609375 -7664.9853515625  1  2  4  6  7  8 12 17 21 22 23 28 35
.5263671875 -7664.9814453125  1  2  4  6  7 10 11 12 13 15 21 22 23
.5263671875 -7664.9814453125  1  5  6 15 16 18 19 20 21 22 23 24 35
.5268554688 -7664.9809570312  3  4  7  8 11 12 14 15 17 18 19 22 33
.5297851562 -7664.9780273438  1  2  4  6  7 10 11 12 13 15 21 25 42
.5302734375 -7664.9775390625  2  3  4  6  7  9 10 13 16 17 18 20 34
.5307617188 -7664.9770507812  1  2  3  4  6  7 12 17 20 22 23 35 37
.5307617188 -7664.9770507812  2  9 12 13 14 15 16 17 20 21 22 23 36
.5327148438 -7664.9750976562  3  4  7  8  9 10 11 12 14 17 18 30 43
.5332031250 -7664.9746093750  1  3  9 14 15 16 17 18 19 20 22 23 25
.5400390625 -7664.9677734375  2  4  6 11 12 15 17 19 20 21 22 23 24
.5410156250 -7664.9667968750  1  2  3  4  5 15 19 20 21 22 24 26 31
.5419921875 -7664.9658203125  1  2  6  7  8 12 17 20 21 22 23 28 35
.5424804688 -7664.9653320312  1  3  8  9 11 14 15 16 17 18 20 22 47
.5444335938 -7664.9633789062  2  4  6 12 15 17 19 20 21 22 23 24 45
.5444335938 -7664.9633789062  2  6  7 10 12 13 15 16 20 21 23 37 40
.5458984375 -7664.9619140625  1  2  3  4  6  7  8 12 17 21 22 23 44
.5458984375 -7664.9619140625  1  2  6 11 12 15 17 20 21 22 23 24 37
.5458984375 -7664.9619140625  2  6  9 13 14 17 18 19 20 21 22 23 40
.5468750000 -7664.9609375000  1  3  4  8  9 11 14 15 16 17 18 20 22
.5473632812 -7664.9604492188  1  2  5  6 16 19 20 21 22 23 24 35 37
.5483398438 -7664.9594726562  3  7  8  9 11 14 15 16 17 18 20 22 38
.5488281250 -7664.9589843750  1  2  3  4  5 12 15 19 20 21 22 24 26
.5498046875 -7664.9580078125  1  4  7 12 14 15 16 17 18 21 22 28 37
.5498046875 -7664.9580078125  2  4  6  8 14 15 16 17 18 19 20 21 22
.5532226562 -7664.9545898438  1  6  7 11 12 15 16 17 20 21 22 23 24
.5541992188 -7664.9536132812  1  2  3  6 17 19 20 22 23 24 34 35 37
.5541992188 -7664.9536132812  2  4  6  7  9 10 11 12 13 15 21 25 42
.5551757812 -7664.9526367188  2  9 12 13 14 17 18 19 20 21 22 23 36
.5556640625 -7664.9521484375  1  2  3  5  7 14 15 16 17 18 21 22 23
.5566406250 -7664.9511718750  1  2  4  6 15 16 17 21 22 23 24 30 34
.5566406250 -7664.9511718750  1  2  4  6  8 10 11 12 15 17 21 24 34
.5590820312 -7664.9487304688  4  5  7  8  9 10 11 12 14 17 18 30 43
.5605468750 -7664.9472656250  1  4  5  7 10 11 12 14 15 17 20 21 22
.5605468750 -7664.9472656250  2  3  4  6  7  8  9 10 12 13 16 17 30
.5625000000 -7664.9453125000  1  4  5  7 10 11 12 14 15 20 21 28 37
.5649414062 -7664.9428710938  1  2  3  4  8 14 15 17 18 19 20 21 22
.5649414062 -7664.9428710938  1  3  4  7  8 11 12 14 15 17 18 22 41
.5649414062 -7664.9428710938  2  9 13 14 16 17 18 19 20 21 22 23 38
.5664062500 -7664.9414062500  2  5  9 13 14 16 17 18 19 20 21 22 23
.5688476562 -7664.9389648438  2  4  8 12 14 15 16 17 18 19 20 21 22
.5800781250 -7664.9277343750  3  4  8  9 10 11 12 14 18 19 22 24 34
.5805664062 -7664.9272460938  3  4  8 11 12 14 15 17 18 19 22 24 33
.5810546875 -7664.9267578125  1  2  4  6  7 12 17 21 22 23 25 28 31
.5839843750 -7664.9238281250  1  2  4  6  7  8 12 17 21 22 23 31 39
.5859375000 -7664.9218750000  1  2  4  7  8 11 15 17 18 22 23 24 33
.5878906250 -7664.9199218750  2  7  9 10 11 12 13 15 17 20 22 25 36
.5888671875 -7664.9189453125  2  3  4  8 14 15 16 17 18 19 20 21 22
.5913085938 -7664.9165039062  1  3  4  6  7  8 11 14 15 17 18 19 22
.5913085938 -7664.9165039062  2  3  4  7  8  9 10 12 13 14 16 17 30
.5937500000 -7664.9140625000  2  7  9 10 12 13 15 16 17 20 25 36 45
.5947265625 -7664.9130859375  1  2  3  6  7 12 17 20 22 23 28 34 35
.5957031250 -7664.9121093750  1  5  6 12 15 16 19 20 21 22 23 24 38
.5986328125 -7664.9091796875  2  7  9 10 12 13 15 16 17 20 22 25 36
.6000976562 -7664.9077148438  2  5  6  9 13 14 17 18 19 20 21 22 23
.6010742188 -7664.9067382812  1  3  4  8  9 10 11 12 14 18 19 36 41
.6015625000 -7664.9062500000  1  7  8 10 12 14 15 16 17 21 23 27 37
.6015625000 -7664.9062500000  2  4  5  6 10 12 13 16 20 21 23 29 36
.6108398438 -7664.8969726562  1  2  4  6 15 16 17 21 22 23 24 34 44
.6137695312 -7664.8940429688  1  3  4  8  9 10 11 12 14 18 19 28 36
.6147460938 -7664.8930664062  1  3  9 14 15 16 17 18 19 20 22 23 48
.6157226562 -7664.8920898438  3  4  7  8  9 10 12 13 14 16 18 28 30
.6206054688 -7664.8872070312  1  2  4  6  7  8 12 17 21 22 23 31 38
.6206054688 -7664.8872070312  3  4  8  9 11 12 14 15 18 19 22 24 33
.6220703125 -7664.8857421875  1  2  3  4  7  8 16 21 22 23 24 32 41
.6220703125 -7664.8857421875  1  3  4  8  9 10 11 12 14 18 19 28 34
.6230468750 -7664.8847656250  1  2  4  6  7  8 11 15 17 18 22 23 33
.6240234375 -7664.8837890625  2  4  6  7 10 11 12 13 15 20 21 23 30
.6269531250 -7664.8808593750  1  2  3  4  6  7  8  9 12 13 16 17 34
.6274414062 -7664.8803710938  1  2  4  7  8 15 16 21 22 23 24 32 41
.6279296875 -7664.8798828125  1  3  4  7  8 11 14 15 17 18 22 27 43
.6284179688 -7664.8793945312  1  2  4  6  7  8 12 15 17 21 22 23 35
.6293945312 -7664.8784179688  3  5  7 11 15 16 18 20 21 22 23 24 34
.6328125000 -7664.8750000000  1  2  3  4  5  7  8  9 12 16 20 24 33
.6337890625 -7664.8740234375  1  5  6 15 16 19 20 21 22 23 24 35 45
.6367187500 -7664.8710937500  3  4  7  8  9 10 12 13 14 16 18 30 43
.6381835938 -7664.8696289062  1  5  6 10 12 15 16 19 20 22 23 24 38
.6396484375 -7664.8681640625  2  3  4  6  7  8  9 12 13 16 17 25 30
.6401367188 -7664.8676757812  1  2  3  4  5  7  8  9 12 19 22 23 33
.6425781250 -7664.8652343750  1  4  6  7 10 11 12 14 15 21 22 31 34
.6425781250 -7664.8652343750  3  4  7  8  9 10 12 13 14 16 17 18 30
.6430664062 -7664.8647460938  1  2  4  7 11 12 14 15 17 20 21 22 33
.6455078125 -7664.8623046875  1  4  7 10 11 12 14 15 18 21 22 31 34
.6474609375 -7664.8603515625  1  2  3  4  5  7  8  9 12 19 22 33 48
.6474609375 -7664.8603515625  1  2  6 15 16 17 20 21 22 23 24 25 48
.6499023438 -7664.8579101562  1  7  8 10 12 14 15 16 17 21 25 27 31
.6542968750 -7664.8535156250  1  2  3  4  6  7  8  9 12 13 16 17 21
.6542968750 -7664.8535156250  1  2  3  7  8 12 14 15 16 21 22 23 24
.6547851562 -7664.8530273438  1  2  4  6  7 15 16 20 21 22 23 28 41
.6547851562 -7664.8530273438  1  6  7 12 15 16 17 20 21 22 23 24 43
.6586914062 -7664.8491210938  3  5  7 11 15 16 18 20 21 22 23 24 32
.6699218750 -7664.8378906250  1  2  3  5  6  9 12 17 19 20 22 27 37
.6743164062 -7664.8334960938  1  2  3  5  6  9 12 17 19 20 22 27 34
.6767578125 -7664.8310546875  2  3  4  6  7  8  9 12 13 16 17 30 46
.6787109375 -7664.8291015625  1  2  4  6  7 16 20 21 22 23 28 33 34
.6811523438 -7664.8266601562  1  3  9 14 15 16 17 18 20 22 23 25 28
.6855468750 -7664.8222656250  1  2  3  7  8 12 15 16 21 22 23 24 44
.6933593750 -7664.8144531250  1  2  3  4  6  7  9 12 13 16 17 30 46
.6943359375 -7664.8134765625  1  7 10 12 14 15 16 17 19 21 22 23 27
.6958007812 -7664.8120117188  1  2  3  4  7  8 12 16 21 22 23 24 32
.7182617188 -7664.7895507812  2  3  4  5  7  8  9 12 16 20 23 24 33
.7246093750 -7664.7832031250  1  2  3  4  6 12 15 19 20 21 22 24 33
.7250976562 -7664.7827148438  2  3  5  7  8  9 12 16 20 23 24 33 35
.7275390625 -7664.7802734375  1  2  4  5  6 12 15 17 21 22 23 24 46
.7280273438 -7664.7797851562  2  7  8  9 10 11 12 15 19 20 21 24 34
.7314453125 -7664.7763671875  2  3  5  7  8  9 12 16 20 23 24 31 33
.7465820312 -7664.7612304688  4  7 10 11 12 14 15 17 19 20 22 25 45
.7514648438 -7664.7563476562  4  7 10 11 12 14 15 19 20 21 22 27 34
.7519531250 -7664.7558593750  7  8  9 10 11 12 15 19 20 21 22 24 25
.7578125000 -7664.7500000000  1  4  5  7 12 13 14 15 16 17 21 22 28
.7631835938 -7664.7446289062  1  2  3  4  6  7  9 13 16 17 18 34 43
.7651367188 -7664.7426757812  2  3  5  7  8  9 12 16 20 23 24 33 39
.7670898438 -7664.7407226562  7  9 10 11 12 14 15 17 19 20 22 25 45
.7729492188 -7664.7348632812  1  2  3  5  6  9 12 17 19 22 26 27 34
.7739257812 -7664.7338867188  1  2  7  8 10 12 14 15 16 17 21 27 31
.7773437500 -7664.7304687500  7  9 10 12 14 15 16 17 19 20 22 25 40
.7778320312 -7664.7299804688  1  2  3  4  6  7  8 12 13 15 16 17 26
.7846679688 -7664.7231445312  2  4  7  8 10 11 12 13 15 21 25 29 42
.7929687500 -7664.7148437500  1  2  3  4  6  7  8  9 12 13 17 30 46
.7929687500 -7664.7148437500  2  3  5  7 15 16 18 20 21 23 24 28 30
.7958984375 -7664.7119140625  2  4  7  8  9 10 11 12 13 15 21 29 42
.8007812500 -7664.7070312500  1  2  3  4  6  7  8 12 13 16 17 23 26
.8012695312 -7664.7065429688  1  2  3  4  5  7  8 12 13 15 16 17 26
.8046875000 -7664.7031250000  2  4  7  8  9 10 11 12 15 20 21 24 29
.8046875000 -7664.7031250000  4  7 10 11 12 14 15 19 20 21 22 34 45
.8110351562 -7664.6967773438  7  8 10 11 12 15 18 21 22 23 24 31 36
.8193359375 -7664.6884765625  7  8 10 11 12 15 18 20 21 22 23 24 36
.8217773438 -7664.6860351562  1  2  3  5  6  9 12 17 19 21 22 26 27
.8266601562 -7664.6811523438  7  8  9 10 11 12 15 19 21 22 24 30 34
.8271484375 -7664.6806640625  1  2  3  4  5  7  8 12 16 17 24 44 47
.8330078125 -7664.6748046875  1  2  3  4  5  7  8 12 16 17 26 44 47
.8398437500 -7664.6679687500  7  8  9 10 11 12 15 19 21 22 24 25 30
.8598632812 -7664.6479492188  2  3  4  5  7  8  9 12 16 23 24 33 44
.8906250000 -7664.6171875000  2  3  5  7  8  9 12 16 23 24 33 39 44
.9038085938 -7664.6040039062  1  2  3  4  6  7  9 13 16 17 21 22 43
.9501953125 -7664.5576171875  1  2  4  5  6 12 17 21 22 23 24 44 46
.9555664062 -7664.5522460938  1  2  4  5  6 12 16 17 21 22 23 24 49
.9624023438 -7664.5454101562  1  3  5  7  9 12 14 17 19 22 26 28 35
1.0346679688 -7664.4731445312  8 10 11 12 15 17 18 20 22 23 24 36 37
1.0429687500 -7664.4648437500  4  5  6  7 10 12 14 15 19 20 21 34 46
1.0488281250 -7664.4589843750  1  6  7  9 11 12 14 15 20 22 25 29 34
1.0727539062 -7664.4350585938  8 10 11 12 15 17 20 22 23 24 31 36 37
1.0830078125 -7664.4248046875  1  4  6  7  8 10 12 13 16 17 21 31 34
1.1025390625 -7664.4052734375  8 11 12 13 14 16 17 18 22 23 24 33 41
1.1279296875 -7664.3798828125  3  5  6  9 12 19 20 23 26 31 33 37 40
1.1303710938 -7664.3774414062  3  9 10 11 12 17 20 22 23 24 31 36 37
1.1376953125 -7664.3701171875  5  7  9 14 15 16 18 21 23 24 37 43 44
1.1450195312 -7664.3627929688  2  4  8 12 13 14 16 18 22 23 24 33 41
1.1738281250 -7664.3339843750  3  4  6  7  9 10 11 12 17 25 36 40 42
1.1884765625 -7664.3193359375  5 15 16 18 19 20 21 22 23 33 36 39 46
1.1992187500 -7664.3085937500  3  5  6  9 14 18 19 20 22 23 26 33 45
1.2187500000 -7664.2890625000  1  2  7  9 15 16 20 22 25 27 29 34 48
1.2197265625 -7664.2880859375  3  5  6  9 12 18 19 20 23 26 33 37 40
1.2216796875 -7664.2861328125  3  4  5  6 12 16 19 23 24 30 31 33 46
1.2807617188 -7664.2270507812  3  4  5  6 12 16 19 23 24 30 33 42 46
1.3583984375 -7664.1494140625  1  4  6  7  9 12 13 17 19 22 31 38 40
1.4560546875 -7664.0517578125  1  8 11 14 16 17 18 22 29 36 38 41 47
1.6640625000 -7663.8437500000  1  2  8 13 15 16 20 21 25 29 31 39 48
1.6645507812 -7663.8432617188  1  5  6 11 13 15 20 24 29 31 33 42 48
1.7968750000 -7663.7109375000  3  6  9 13 14 17 19 23 24 30 34 46 55
