0 -7659.0781250000  2  3  4  6  7 11 12 13 15 17 20 21 22 24
.0263671875 -7659.0517578125  2  3  4  7  9 11 13 17 18 19 20 21 22 24
.0405273438 -7659.0375976562  2  3  4  5  7  9 11 13 17 18 19 20 22 24
.0405273438 -7659.0375976562  2  3  4  7  9 11 12 13 15 17 18 20 22 24
.0410156250 -7659.0371093750  1  2  3  4  6  7 11 13 15 17 20 21 22 24
.0419921875 -7659.0361328125  1  3  4  5  9 10 11 14 17 18 19 20 22 24
.0424804688 -7659.0356445312  2  3  4  7  9 11 13 15 17 18 20 21 22 24
.0434570312 -7659.0346679688  1  2  3  4  5  7  9 11 17 18 20 22 24 26
.0434570312 -7659.0346679688  2  3  4  7  9 11 12 13 17 18 20 21 22 24
.0512695312 -7659.0268554688  1  3  4  5  9 10 11 14 18 19 20 22 23 24
.0527343750 -7659.0253906250  1  2  3  4  5  6 15 19 20 21 22 23 24 32
.0527343750 -7659.0253906250  1  2  3  4  5  6 19 20 21 22 23 24 32 39
.0605468750 -7659.0175781250  1  2  3  4  5  6 19 20 21 22 23 24 32 38
.0610351562 -7659.0170898438  1  3  4  5  7  9 11 14 17 18 19 20 22 24
.0620117188 -7659.0161132812  1  2  3  4  5  9 11 14 17 18 19 20 22 24
.0620117188 -7659.0161132812  1  3  4  5  7  9 10 11 14 18 19 20 22 24
.0688476562 -7659.0092773438  3  4  6 11 13 14 15 17 18 19 20 21 22 24
.0712890625 -7659.0068359375  2  4  6  7 11 12 13 15 17 20 21 22 24 33
.0751953125 -7659.0029296875  1  2  3  4  5  6 19 20 21 22 23 24 34 42
.0756835938 -7659.0024414062  4  7 11 13 14 15 17 18 19 20 21 22 24 25
.0810546875 -7658.9970703125  1  2  3  4  5  7  9 11 17 18 20 22 23 24
.0820312500 -7658.9960937500  4  7 10 11 12 13 15 16 17 18 20 21 22 24
.0839843750 -7658.9941406250  1  2  3  4  5  6 11 15 18 19 20 21 22 24
.0839843750 -7658.9941406250  4  7 10 11 13 14 15 16 17 18 20 21 22 24
.0874023438 -7658.9907226562  2  3  4  6  7 11 13 15 17 20 21 22 24 30
.0878906250 -7658.9902343750  3  4  7 11 13 14 15 16 17 18 20 21 22 24
.0893554688 -7658.9887695312  1  2  3  4  5  6 19 20 21 22 23 24 39 42
.0913085938 -7658.9868164062  1  2  3  5  9 14 16 18 19 20 21 22 23 24
.0937500000 -7658.9843750000  1  2  3  4  5  6 11 15 19 20 21 22 24 32
.0961914062 -7658.9819335938  2  4  7  9 11 12 13 17 18 20 21 22 24 25
.0966796875 -7658.9814453125  1  2  3  4  5  6 15 19 20 21 22 23 24 42
.0981445312 -7658.9799804688  1  2  3  4  5  6 19 20 21 22 23 24 38 42
.0981445312 -7658.9799804688  2  3  4  7 11 13 17 18 19 20 21 22 24 39
.0996093750 -7658.9785156250  1  2  3  4  5  6 16 17 19 20 21 22 23 24
.1005859375 -7658.9775390625  1  2  3  5  9 14 16 17 18 19 20 22 23 24
.1030273438 -7658.9750976562  1  2  3  4  5  7  9 11 15 18 20 22 24 41
.1044921875 -7658.9736328125  3  4  5  7  9 11 13 14 17 18 19 20 22 24
.1074218750 -7658.9707031250  1  2  3  4  5  6 11 19 20 21 22 24 32 35
.1088867188 -7658.9692382812  1  2  3  4  5  6 11 15 17 19 20 21 22 24
.1088867188 -7658.9692382812  1  2  3  4  5  6 15 17 19 20 21 22 23 24
.1132812500 -7658.9648437500  1  2  3  4  5  6 17 19 20 21 22 23 24 35
.1186523438 -7658.9594726562  1  2  3  4  5  7  9 11 18 19 20 22 24 41
.1201171875 -7658.9580078125  4  7 11 13 14 15 16 17 18 20 21 22 24 25
.1250000000 -7658.9531250000  2  3  4  7  9 11 13 15 17 18 20 22 24 36
.1259765625 -7658.9521484375  2  3  7  9 11 13 15 17 18 19 20 21 22 24
.1328125000 -7658.9453125000  7  9 10 11 12 13 15 16 17 18 20 21 22 24
.1337890625 -7658.9443359375  1  2  3  4  5  7  9 11 17 18 20 22 24 40
.1372070312 -7658.9409179688  2  4  7  9 11 13 17 18 19 20 21 22 24 25
.1376953125 -7658.9404296875  1  2  3  4  5  6 19 20 21 22 23 24 38 40
.1381835938 -7658.9399414062  7 10 12 13 14 15 16 17 18 19 20 21 22 23
.1396484375 -7658.9384765625  1  2  3  4  5  9 11 17 18 20 22 24 26 36
.1401367188 -7658.9379882812  1  2  3  5  9 16 17 18 19 20 22 23 24 36
.1420898438 -7658.9360351562  1  2  3  4  5  6 11 19 20 21 22 24 32 39
.1430664062 -7658.9350585938  2  3  4  6  7 11 13 15 17 20 21 22 24 44
.1459960938 -7658.9321289062  1  2  3  4  5  6 19 20 21 22 23 24 30 35
.1464843750 -7658.9316406250  1  2  3  4  5  7  9 18 19 20 22 23 24 41
.1499023438 -7658.9282226562  1  2  3  4  5  6 11 19 20 21 22 24 32 47
.1503906250 -7658.9277343750  1  2  3  4  5  7  9 11 18 20 22 24 34 41
.1513671875 -7658.9267578125  1  2  3  4  5  7  9 11 18 20 21 22 24 41
.1538085938 -7658.9243164062  1  2  3  4  5  7  9 11 18 20 22 23 24 41
.1562500000 -7658.9218750000  2  3  4  7 11 13 17 18 19 20 21 22 23 24
.1586914062 -7658.9194335938  1  3  4  5  7  9 11 13 17 18 19 20 22 24
.1586914062 -7658.9194335938  4  7 11 13 14 15 17 18 19 20 21 22 24 40
.1606445312 -7658.9174804688  1  3  4  5  8  9 10 11 14 18 19 22 24 32
.1611328125 -7658.9169921875  1  2  3  4  5  6 11 17 19 20 21 22 24 27
.1616210938 -7658.9165039062  3  4  5 11 13 14 15 16 18 19 20 21 22 24
.1665039062 -7658.9116210938  1  2  3  4  5  6 12 19 20 21 22 23 24 36
.1674804688 -7658.9106445312  1  2  3  4  5  7  9 10 11 18 20 22 24 28
.1684570312 -7658.9096679688  1  2  3  4  5  6 10 16 19 20 21 22 23 24
.1718750000 -7658.9062500000  1  2  3  4  5  9 17 18 19 20 22 24 26 36
.1738281250 -7658.9042968750  1  2  3  4  5  9 17 18 19 20 22 24 36 37
.1738281250 -7658.9042968750  2  4  7  9 11 13 17 18 19 20 21 22 24 32
.1748046875 -7658.9033203125  1  2  3  4  5  6 12 19 20 21 22 23 24 38
.1748046875 -7658.9033203125  1  2  3  4  5  7  9 11 18 20 22 24 38 41
.1777343750 -7658.9003906250  1  2  3  4  5  6 12 16 19 20 21 22 23 36
.1777343750 -7658.9003906250  1  2  3  4  5  6 19 20 21 22 23 24 30 38
.1816406250 -7658.8964843750  1  3  4  5  8  9 10 11 14 18 19 22 24 30
.1826171875 -7658.8955078125  1  3  4  5  8  9 10 11 14 18 19 22 23 24
.1835937500 -7658.8945312500  2  4  7  9 10 11 13 17 18 19 20 21 22 24
.1840820312 -7658.8940429688  1  2  3  4  5  6 10 19 20 21 23 24 32 34
.1840820312 -7658.8940429688  4  7 11 13 14 15 16 17 18 20 21 22 24 32
.1845703125 -7658.8935546875  3  4  5 13 14 15 16 17 18 19 20 21 22 24
.1850585938 -7658.8930664062  3  4  7  9 11 12 13 14 15 16 17 18 20 22
.1850585938 -7658.8930664062  7  9 10 11 12 13 14 15 16 17 18 21 22 28
.1894531250 -7658.8886718750  1  2  3  5  9 14 16 18 19 20 22 23 24 29
.1909179688 -7658.8872070312  3  4  5 13 14 15 16 18 19 20 21 22 23 24
.1928710938 -7658.8852539062  4  6 11 12 13 15 16 17 18 19 20 21 22 24
.1953125000 -7658.8828125000  1  3  4  5  8  9 10 11 14 18 19 24 28 32
.1972656250 -7658.8808593750  1  2  3  4  5  6 11 19 20 21 22 24 35 39
.1972656250 -7658.8808593750  2  4  7  8 11 12 13 15 17 20 21 22 24 33
.1977539062 -7658.8803710938  1  2  3  4  5  6 11 17 19 20 21 22 24 32
.1977539062 -7658.8803710938  1  2  3  4  5  6 15 16 18 19 20 21 22 24
.2001953125 -7658.8779296875  1  2  3  4  5  6 11 15 20 21 22 24 32 38
.2006835938 -7658.8774414062  1  3  4  5  7  8  9 10 11 14 18 24 28 32
.2026367188 -7658.8754882812  1  2  3  4  5  6 12 19 20 21 22 23 26 36
.2041015625 -7658.8740234375  3  4  5 11 13 14 15 16 17 18 19 20 22 24
.2050781250 -7658.8730468750  7 12 13 14 15 16 17 18 19 20 21 22 23 27
.2109375000 -7658.8671875000  2  3  4  7 11 12 13 15 17 18 20 21 22 46
.2114257812 -7658.8666992188  1  2  3  4  5  6 10 19 20 21 23 24 32 37
.2119140625 -7658.8662109375  1  3  5  6  7  8  9 10 11 12 14 15 16 18
.2133789062 -7658.8647460938  1  2  3  4  5  6 11 19 20 21 22 24 34 47
.2133789062 -7658.8647460938  2  3  4  5 13 14 15 16 18 19 20 21 22 24
.2138671875 -7658.8642578125  1  3  4  5  8  9 10 11 14 18 19 22 24 28
.2138671875 -7658.8642578125  3  4  7  9 10 11 12 13 14 16 17 18 20 22
.2148437500 -7658.8632812500  7 12 13 14 15 16 17 18 19 20 21 22 23 37
.2158203125 -7658.8623046875  7 10 12 13 14 15 16 17 18 20 21 22 23 28
.2163085938 -7658.8618164062  4  7 11 13 15 16 17 18 19 20 21 22 24 25
.2172851562 -7658.8608398438  1  2  3  4  5  6 12 15 19 20 21 22 23 36
.2182617188 -7658.8598632812  1  2  3  4  5  6 15 18 19 20 21 22 24 47
.2187500000 -7658.8593750000  1  3  4  5  6 11 19 20 21 22 23 24 32 38
.2192382812 -7658.8588867188  1  3  4  5  6 11 19 20 21 22 23 24 32 35
.2207031250 -7658.8574218750  1  2  3  4  5  6  9 10 11 20 22 24 32 34
.2216796875 -7658.8564453125  3  4 12 13 14 15 16 17 18 19 20 21 22 24
.2221679688 -7658.8559570312  1  3  5  8  9 10 14 16 18 19 23 24 28 30
.2241210938 -7658.8540039062  1  2  3  4  5  6 15 19 20 21 22 24 32 47
.2246093750 -7658.8535156250  1  3  4  5  6 11 18 19 20 21 22 23 24 34
.2255859375 -7658.8525390625  3  4  7  9 10 11 12 13 14 16 17 18 20 34
.2275390625 -7658.8505859375  7  9 11 12 13 14 15 16 17 18 21 22 28 34
.2285156250 -7658.8496093750  1  2  3  4  5  6 12 15 16 20 21 22 23 36
.2309570312 -7658.8471679688  2  3  4  7  9 11 13 17 18 20 22 24 25 42
.2333984375 -7658.8447265625  7  9 10 12 13 14 15 16 17 18 20 21 22 28
.2343750000 -7658.8437500000  1  2  3  4  6  7  8 11 12 16 17 21 22 35
.2353515625 -7658.8427734375  1  3  5  6  7  8  9 10 11 12 14 15 16 17
.2358398438 -7658.8422851562  1  3  4  5  6 11 19 20 21 22 23 24 35 38
.2358398438 -7658.8422851562  3  4  7  9 10 11 12 13 14 17 18 19 20 46
.2368164062 -7658.8413085938  4  6 11 13 15 16 17 18 19 20 21 22 24 25
.2377929688 -7658.8403320312  1  3  4  5  8  9 10 11 14 17 18 19 22 24
.2382812500 -7658.8398437500  1  2  3  4  5  8  9 10 11 14 18 19 22 24
.2402343750 -7658.8378906250  1  2  3  4  5  8  9 10 11 14 18 19 24 30
.2412109375 -7658.8369140625  2  3  4  6  7 11 12 13 15 17 18 20 22 46
.2431640625 -7658.8349609375  1  3  4  7  8  9 10 11 14 18 19 22 23 24
.2441406250 -7658.8339843750  1  3  5  6  7  8  9 10 11 12 14 15 16 28
.2446289062 -7658.8334960938  1  3  4  7  9 11 13 17 18 19 20 22 23 24
.2460937500 -7658.8320312500  1  2  3  4  6  7  8 11 12 16 17 21 22 23
.2504882812 -7658.8276367188  3  4  7  9 11 12 13 14 17 18 19 20 22 46
.2509765625 -7658.8271484375  1  2  3  5  6  7  8  9 10 11 12 15 16 47
.2524414062 -7658.8256835938  7  9 10 11 12 13 15 16 17 18 20 22 24 29
.2539062500 -7658.8242187500  3  4  7  8  9 11 12 13 14 16 17 18 20 22
.2543945312 -7658.8237304688  7 12 13 14 15 16 17 18 19 20 21 22 23 35
.2573242188 -7658.8208007812  1  3  4  5  6 10 11 14 18 19 20 23 24 34
.2583007812 -7658.8198242188  1  2  3  4  5  6 11 19 20 21 22 24 33 39
.2583007812 -7658.8198242188  2  3  4  7 11 13 15 17 18 20 21 22 26 46
.2617187500 -7658.8164062500  1  2  3  4  5  6 19 20 21 22 24 32 35 38
.2622070312 -7658.8159179688  1  3  4  5  6 10 11 14 18 19 20 21 23 24
.2622070312 -7658.8159179688  1  3  4  5  6 11 18 19 20 21 22 23 24 33
.2636718750 -7658.8144531250  7 12 13 14 15 16 17 18 19 20 21 22 23 40
.2670898438 -7658.8110351562  1  2  3  4  5  6 11 19 20 21 22 24 33 47
.2670898438 -7658.8110351562  2  6 12 13 14 15 16 17 18 20 21 22 23 27
.2675781250 -7658.8105468750  3  4 13 14 15 16 17 18 19 20 21 22 24 26
.2685546875 -7658.8095703125  1  3  4  5  8  9 10 14 16 18 19 23 24 32
.2685546875 -7658.8095703125  7 12 13 14 15 16 17 18 19 20 21 22 23 48
.2714843750 -7658.8066406250  1  2  3  4  5  6 19 20 21 22 24 32 34 47
.2719726562 -7658.8061523438  2  3  4  7  9 11 13 14 17 18 20 22 24 46
.2719726562 -7658.8061523438  3  7  9 11 12 13 14 15 16 17 18 20 22 47
.2744140625 -7658.8037109375  1  2  4  5  6  7 10 11 12 15 17 21 22 37
.2763671875 -7658.8017578125  3  4  7  9 10 11 12 13 14 16 17 18 20 37
.2768554688 -7658.8012695312  2  3  4  6  7  8  9 11 12 13 15 17 22 32
.2773437500 -7658.8007812500  1  2  3  5  8  9 14 16 18 19 22 23 24 29
.2778320312 -7658.8002929688  2  3  4  7  9 11 13 17 18 20 22 24 27 46
.2783203125 -7658.7998046875  1  2  3  4  5  6 11 20 21 22 23 24 35 41
.2797851562 -7658.7983398438  1  3  4  5  6 10 11 18 19 20 21 23 24 25
.2812500000 -7658.7968750000  3  4 13 14 15 16 17 18 19 20 21 22 24 27
.2817382812 -7658.7963867188  1  3  5  6  7  8  9 10 11 12 14 15 16 32
.2841796875 -7658.7939453125  1  2  3  4  5  6 12 19 20 21 22 23 24 46
.2856445312 -7658.7924804688  3  4  5  7  9 11 13 17 18 19 20 22 24 44
.2871093750 -7658.7910156250  3  4  5  7  9 11 13 17 18 19 20 22 24 40
.2885742188 -7658.7895507812  1  2  3  4  5  6  7  8 11 12 16 21 22 35
.2885742188 -7658.7895507812  1  2  3  4  6  7  8  9 11 12 17 22 30 34
.2890625000 -7658.7890625000  3  4 11 13 14 15 16 17 18 19 20 21 22 26
.2895507812 -7658.7885742188  2  3  4  6  7  8  9 11 12 13 15 17 22 44
.2910156250 -7658.7871093750  1  3  4  5  8  9 10 14 16 18 19 23 24 26
.2949218750 -7658.7832031250  3  4  5 13 14 15 18 19 20 21 22 23 24 31
.2954101562 -7658.7827148438  3  7  9 10 11 12 13 14 16 17 18 20 34 39
.2958984375 -7658.7822265625  1  2  3  4  5  6 11 14 19 20 21 22 24 27
.2958984375 -7658.7822265625  1  2  3  4  5  6  9 10 11 12 20 22 24 34
.2988281250 -7658.7792968750  1  2  3  4  5  6  7 10 12 20 21 22 23 40
.2993164062 -7658.7788085938  1  3  4  5  6 11 19 20 21 22 23 24 28 35
.2998046875 -7658.7783203125  2  3  4  6  7  8  9 11 12 13 17 22 30 32
.2998046875 -7658.7783203125  3  4  7  8  9 11 13 14 15 16 17 18 20 22
.3022460938 -7658.7758789062  1  2  3  4  5  6 11 18 19 20 21 23 24 25
.3022460938 -7658.7758789062  1  2  3  4  6  7  8  9 11 12 17 22 30 33
.3027343750 -7658.7753906250  1  2  3  4  5  6  9 10 11 20 22 24 34 38
.3032226562 -7658.7749023438  1  2  3  4  6  7  8  9 11 12 17 22 32 33
.3037109375 -7658.7744140625  1  2  4  5  6  7 11 12 15 16 17 21 22 37
.3061523438 -7658.7719726562  2  3  4  6  7 11 13 15 17 18 20 22 27 46
.3090820312 -7658.7690429688  1  2  3  4  5  6 19 20 21 22 24 32 38 47
.3095703125 -7658.7685546875  1  3  5  7  8  9 10 11 12 14 15 16 28 32
.3095703125 -7658.7685546875  1  3  5  8  9 10 14 16 18 19 23 24 25 32
.3115234375 -7658.7666015625  1  2  3  4  5  6 10 11 18 19 20 23 24 25
.3125000000 -7658.7656250000  1  2  3  4  6  7  8  9 11 12 13 17 22 30
.3129882812 -7658.7651367188  3  9 13 14 15 16 17 18 19 20 22 23 24 32
.3149414062 -7658.7631835938  2  3  4  9 11 13 14 17 18 20 22 24 25 32
.3159179688 -7658.7622070312  2  3  4  7  9 11 13 17 18 20 22 24 31 46
.3164062500 -7658.7617187500  1  3  4  7  9 11 13 17 18 19 20 22 24 27
.3178710938 -7658.7602539062  1  3  4  8  9 10 11 14 18 19 22 23 24 32
.3183593750 -7658.7597656250  1  2  3  4  5  6  7  8  9 11 12 22 32 33
.3193359375 -7658.7587890625  1  2  3  4  5  6 10 11 18 19 20 23 24 34
.3217773438 -7658.7563476562  1  2  3  4  5  6  9 10 11 20 23 24 34 38
.3251953125 -7658.7529296875  1  2  3  4  5  6  7 10 12 20 21 23 37 40
.3276367188 -7658.7504882812  1  3  5  8  9 10 11 14 18 19 22 23 24 28
.3315429688 -7658.7465820312  2  3  4  7  9 11 13 14 17 18 20 22 25 40
.3320312500 -7658.7460937500  1  2  3  4  5  6 11 14 19 20 21 22 24 32
.3334960938 -7658.7446289062  1  3  4  5  6  7  8 10 11 12 14 15 16 28
.3349609375 -7658.7431640625  1  2  3  4  5  6  7 10 12 19 20 21 23 46
.3349609375 -7658.7431640625  1  3  5  7  8  9 10 14 16 18 19 23 24 34
.3369140625 -7658.7412109375  1  4  5  6 10 11 14 16 17 19 20 22 23 24
.3388671875 -7658.7392578125  1  3  5  7  8  9 10 14 16 18 19 23 24 25
.3413085938 -7658.7368164062  1  2  3  4  5  6 19 20 21 22 24 34 36 47
.3422851562 -7658.7358398438  1  2  3  4  5  6  7  9 10 11 20 22 28 34
.3422851562 -7658.7358398438  1  2  4  5  6  7 10 11 15 17 20 21 24 37
.3422851562 -7658.7358398438  2  3  4  6 13 15 18 19 20 21 22 23 24 33
.3427734375 -7658.7353515625  3  4  5 13 14 18 19 20 21 22 23 24 31 36
.3437500000 -7658.7343750000  2  3  4  7  8  9 11 12 13 15 17 22 24 32
.3452148438 -7658.7329101562  2  3  4  9 11 13 14 17 18 20 22 24 25 36
.3481445312 -7658.7299804688  1  2  3  4  5  6 10 11 18 19 20 24 34 35
.3496093750 -7658.7285156250  3  4  7  9 11 12 13 17 18 19 20 22 24 27
.3520507812 -7658.7260742188  1  2  4  5  6  7 10 11 15 20 21 24 34 37
.3525390625 -7658.7255859375  1  3  5  7  8  9 10 14 16 18 19 23 24 29
.3525390625 -7658.7255859375  3  9 13 14 15 16 18 19 20 21 22 23 24 32
.3530273438 -7658.7250976562  1  3  4  5  6  7  8 10 11 12 15 16 20 23
.3540039062 -7658.7241210938  1  2  3  4  5  6  9 10 11 20 22 24 28 34
.3544921875 -7658.7236328125  1  2  3  4  5  6  7 10 12 20 21 23 31 46
.3554687500 -7658.7226562500  3  4 12 13 14 15 16 17 18 19 20 21 22 26
.3559570312 -7658.7221679688  2  3  4  6  7  8  9 11 12 13 15 17 22 24
.3574218750 -7658.7207031250  1  2  3  4  5  6  7  8 10 12 20 21 23 40
.3579101562 -7658.7202148438  1  2  4  5  6  7 10 11 15 20 21 24 37 42
.3579101562 -7658.7202148438  1  3  5  8  9 10 14 16 18 19 23 24 28 34
.3593750000 -7658.7187500000  1  2  3  4  5  6  7  9 10 11 18 20 24 29
.3632812500 -7658.7148437500  1  3  4  5  6  7  8 10 11 12 16 20 23 43
.3652343750 -7658.7128906250  1  2  3  5  8  9 14 18 19 20 22 23 24 29
.3652343750 -7658.7128906250  2  3  4  7  9 11 13 17 18 20 22 24 35 46
.3671875000 -7658.7109375000  1  2  3  5  6  9 14 18 19 20 22 23 24 29
.3686523438 -7658.7094726562  3  4  7  9 11 13 17 18 19 20 22 24 40 41
.3696289062 -7658.7084960938  1  2  3  4  5  6 10 11 19 20 24 34 35 42
.3696289062 -7658.7084960938  1  2  3  4  6  7  8 11 17 21 22 30 32 35
.3715820312 -7658.7065429688  1  3  5  6  8  9 10 11 14 15 16 18 19 32
.3725585938 -7658.7055664062  7  9 10 11 13 15 16 17 18 20 22 24 29 34
.3740234375 -7658.7041015625  3 13 14 15 16 18 19 20 21 22 23 24 25 32
.3754882812 -7658.7026367188  7 13 14 15 16 17 18 19 20 21 22 24 27 30
.3759765625 -7658.7021484375  7  9 13 14 16 17 18 19 20 21 22 23 24 30
.3769531250 -7658.7011718750  2  3  4  7 13 15 17 18 19 20 21 22 34 36
.3784179688 -7658.6997070312  1  2  3  4  5  6 19 20 21 22 24 27 34 47
.3789062500 -7658.6992187500  1  3  5  8  9 10 14 18 19 20 22 23 24 28
.3803710938 -7658.6977539062  2  3  4  5  6 18 19 20 21 22 23 24 27 33
.3828125000 -7658.6953125000  2  5  6 12 14 15 16 17 18 20 21 22 23 27
.3837890625 -7658.6943359375  1  2  3  5  6  7  8  9 10 11 15 16 18 47
.3876953125 -7658.6904296875  1  3  5  6  8  9 10 11 14 16 18 19 32 35
.3881835938 -7658.6899414062  1  2  3  4  5  6 10 11 19 20 24 34 35 39
.3906250000 -7658.6875000000  1  2  5  6  7  9 10 12 16 20 22 23 29 37
.3911132812 -7658.6870117188  2  4  7  8  9 11 12 13 15 17 21 22 24 42
.3916015625 -7658.6865234375  1  2  3  4  6  7  8 11 12 16 17 22 23 30
.3945312500 -7658.6835937500  1  2  3  5  8  9 14 16 18 19 23 24 29 30
.3950195312 -7658.6831054688  7  9 13 14 16 17 18 19 20 21 22 23 24 27
.3955078125 -7658.6826171875  3  7  9 13 14 16 18 19 20 21 22 23 24 27
.3969726562 -7658.6811523438  2  3  5  6  7 13 14 15 16 18 20 21 22 23
.3969726562 -7658.6811523438  3  9 10 13 14 16 17 18 19 20 22 23 24 32
.3999023438 -7658.6782226562  1  2  3  4  5  6  7 10 20 21 23 24 32 37
.4013671875 -7658.6767578125  1  2  3  5  7  8  9 11 15 16 17 18 24 38
.4028320312 -7658.6752929688  2  3  4  9 11 13 14 17 18 20 22 24 25 27
.4028320312 -7658.6752929688  2  4  7  8  9 11 12 13 15 17 22 24 29 32
.4042968750 -7658.6738281250  2  3  5  6 12 14 15 16 17 18 20 21 22 23
.4057617188 -7658.6723632812  1  2  3  4  5  6 10 11 19 20 24 35 37 42
.4057617188 -7658.6723632812  1  2  3  4  6  7  8 11 17 21 22 30 32 47
.4067382812 -7658.6713867188  2  3  4  5  6 14 16 18 20 21 22 23 24 37
.4072265625 -7658.6708984375  1  2  3  4  5  6 12 16 20 21 22 23 36 48
.4072265625 -7658.6708984375  2  3  4  6  9 11 13 17 20 22 24 25 29 32
.4091796875 -7658.6689453125  1  2  3  4  5  6 10 11 15 20 21 24 37 42
.4091796875 -7658.6689453125  3  4  5  7 11 12 13 17 18 19 20 22 24 27
.4096679688 -7658.6684570312  1  3  4  5  6 11 12 16 20 21 22 23 24 35
.4135742188 -7658.6645507812  1  2  3  4  6  7  8 11 12 16 17 22 30 39
.4155273438 -7658.6625976562  2  5  6 12 13 14 15 16 17 18 21 22 23 27
.4169921875 -7658.6611328125  2  3  4  7 11 13 17 18 19 20 21 22 34 36
.4174804688 -7658.6606445312  3  7 13 14 15 16 18 19 20 21 22 23 24 27
.4199218750 -7658.6582031250  2  3  4  5  6 12 16 18 20 21 22 23 24 37
.4213867188 -7658.6567382812  1  2  3  4  6  7  8 11 16 17 21 22 23 30
.4218750000 -7658.6562500000  2  3  4 13 14 15 18 19 20 21 22 23 24 31
.4228515625 -7658.6552734375  1  3  4  5  6 11 12 16 20 21 22 23 24 38
.4248046875 -7658.6533203125  1  2  3  4  5  6  9 11 13 19 20 24 33 34
.4257812500 -7658.6523437500  1  2  3  4  5  6 11 17 18 19 20 23 24 25
.4262695312 -7658.6518554688  1  2  3  4  5  6  7 11 12 16 21 22 35 41
.4267578125 -7658.6513671875  1  2  3  4  5  6 10 12 14 15 16 20 23 37
.4277343750 -7658.6503906250  1  3  4  5  6 11 16 20 21 22 23 24 38 41
.4291992188 -7658.6489257812  1  2  3  4  5  6  7 10 13 20 21 23 31 32
.4296875000 -7658.6484375000  1  4  5  6 10 11 14 17 19 20 21 22 24 32
.4296875000 -7658.6484375000  2  4  7  8 11 12 13 15 17 21 22 24 33 42
.4306640625 -7658.6474609375  4  7  8  9 10 11 12 13 17 18 19 22 24 44
.4316406250 -7658.6464843750  2  3  5  6 12 15 16 17 18 19 20 21 22 23
.4321289062 -7658.6459960938  3  9 10 13 14 16 17 18 19 20 22 23 24 43
.4345703125 -7658.6435546875  1  2  3  4  5  6 10 14 16 18 20 23 24 37
.4350585938 -7658.6430664062  1  2  3  4  6  9 11 13 19 20 22 24 32 33
.4355468750 -7658.6425781250  2  3  4  7 13 15 17 18 19 20 21 22 27 36
.4360351562 -7658.6420898438  2  3  4  6  9 11 13 19 20 22 24 25 29 32
.4370117188 -7658.6411132812  2  4  7  8  9 11 12 13 15 17 22 24 29 42
.4375000000 -7658.6406250000  1  2  3  4  5  6 11 19 20 21 22 26 27 41
.4404296875 -7658.6376953125  1  2  3  5  6  9 12 13 16 20 21 22 23 36
.4409179688 -7658.6372070312  1  2  3  5  7  8  9 11 15 16 17 18 21 24
.4414062500 -7658.6367187500  1  2  3  4  5  6 14 16 18 20 21 23 24 37
.4418945312 -7658.6362304688  2  3  5  6 13 14 15 16 18 20 21 22 23 27
.4433593750 -7658.6347656250  1  2  3  5  6  9 12 16 20 21 22 23 28 36
.4443359375 -7658.6337890625  1  2  3  5  6  9 12 16 20 21 22 23 36 47
.4448242188 -7658.6333007812  3  4  5  7 11 12 13 17 18 19 20 22 24 35
.4477539062 -7658.6303710938  1  2  3  4  5  6 11 12 19 20 21 22 27 33
.4487304688 -7658.6293945312  1  2  3  4  5  6 12 16 20 21 22 23 36 47
.4506835938 -7658.6274414062  1  2  5  6  7  9 10 12 16 20 22 23 29 47
.4516601562 -7658.6264648438  1  2  3  5  6  7  8  9 11 15 16 17 18 24
.4560546875 -7658.6220703125  1  2  3  4  5  6  9 11 13 19 20 24 33 46
.4565429688 -7658.6215820312  1  2  3  4  5  6  9 10 11 12 20 22 28 34
.4570312500 -7658.6210937500  1  2  3  4  5  6 11 19 20 21 22 26 27 33
.4575195312 -7658.6206054688  1  2  3  5  7  8  9 11 15 16 18 21 24 33
.4599609375 -7658.6181640625  1  2  3  4  5  6  9 11 18 20 24 29 34 36
.4604492188 -7658.6176757812  1  2  3  5  7  8  9 11 12 15 16 21 24 27
.4614257812 -7658.6166992188  1  2  3  4  6  9 11 13 19 20 22 24 25 32
.4663085938 -7658.6118164062  1  2  3  4  6  7  8 11 17 21 22 32 42 47
.4663085938 -7658.6118164062  1  3  4  5  6  8  9 10 11 14 18 19 32 35
.4721679688 -7658.6059570312  1  2  5  6  7  9 10 12 16 20 22 23 29 33
.4780273438 -7658.6000976562  3  7  8  9 10 13 14 16 18 19 22 23 24 30
.4833984375 -7658.5947265625  1  3  5  6  8  9 10 11 12 14 15 16 27 41
.4833984375 -7658.5947265625  2  3  4  5 13 14 16 18 20 21 22 23 24 42
.4843750000 -7658.5937500000  1  3  4  5  6  7 10 11 12 16 17 20 23 43
.4882812500 -7658.5898437500  1  2  3  4  5  6  7  8 11 12 22 32 33 35
.4907226562 -7658.5874023438  1  2  3  4  5  6  9 12 16 20 22 23 28 29
.4916992188 -7658.5864257812  1  2  3  4  5  6  9 12 16 20 21 22 23 28
.4921875000 -7658.5859375000  1  2  3  4  5  6  7  8 10 12 21 23 26 40
.4926757812 -7658.5854492188  1  2  3  4  5  6 11 19 20 21 22 26 27 44
.4936523438 -7658.5844726562  1  2  3  4  6  7  8 11 17 21 22 23 30 39
.4936523438 -7658.5844726562  2  3  4  5 13 14 19 20 21 22 23 24 30 42
.4980468750 -7658.5800781250  1  2  3  4  5  6 10 14 15 16 18 20 23 37
.4980468750 -7658.5800781250  1  2  3  4  6  7  8 11 16 17 22 24 30 39
.4985351562 -7658.5795898438  1  2  3  4  5  6  9 11 18 20 24 29 34 43
.5014648438 -7658.5766601562  3  4  5  7 11 12 13 17 19 20 21 22 24 35
.5034179688 -7658.5747070312  1  2  4  5  6 11 12 19 20 21 22 26 27 33
.5048828125 -7658.5732421875  1  3  4  5  6  8  9 10 11 14 18 22 28 32
.5058593750 -7658.5722656250  1  3  5  6  8  9 10 11 14 15 16 18 32 41
.5078125000 -7658.5703125000  9 10 11 14 15 16 18 19 20 21 22 24 25 34
.5122070312 -7658.5659179688  3  8  9 10 13 14 16 18 19 20 21 22 24 47
.5126953125 -7658.5654296875  1  2  3  4  5  6  9 11 18 20 24 28 29 34
.5131835938 -7658.5649414062  1  2  4  5  6 11 12 15 19 20 21 22 27 33
.5151367188 -7658.5629882812  1  3  5  6  9 10 14 18 19 22 23 24 28 44
.5156250000 -7658.5625000000  2  3  5 13 14 15 16 18 20 21 22 23 24 42
.5180664062 -7658.5600585938  1  2  3  4  6  7  8 11 17 21 22 23 30 38
.5205078125 -7658.5576171875  1  3  5  6  9 14 18 19 21 22 23 24 28 44
.5253906250 -7658.5527343750  1  2  4  5  6 11 12 19 20 21 22 27 33 38
.5312500000 -7658.5468750000  1  2  3  4  6  7  8 11 17 21 22 34 42 47
.5327148438 -7658.5454101562  3  9 10 11 14 15 16 18 19 20 21 22 24 34
.5332031250 -7658.5449218750  1  2  5  6  7 12 15 17 20 21 22 23 27 29
.5356445312 -7658.5424804688  2  3  5  6 13 14 15 16 18 20 21 22 23 42
.5371093750 -7658.5410156250  1  2  3  4  5  6  9 11 13 20 24 28 29 34
.5385742188 -7658.5395507812  1  2  3  4  5  7  9 10 12 14 16 20 23 48
.5595703125 -7658.5185546875  1  2  3  4  5  6  7 17 19 20 23 24 25 37
.5605468750 -7658.5175781250  2  3  4  5 14 15 19 20 21 22 23 24 30 42
.5664062500 -7658.5117187500  2  3  5 13 14 15 17 19 20 21 22 23 24 42
.5668945312 -7658.5112304688  1  2  3  4  5  6  7 10 20 21 23 31 32 35
.5673828125 -7658.5107421875  1  2  3  4  5  7 10 12 14 16 20 23 35 37
.5683593750 -7658.5097656250  3  4  5  7 11 12 13 17 19 20 21 22 24 44
.5693359375 -7658.5087890625  3  7  9 10 13 14 16 18 19 21 22 23 24 30
.5698242188 -7658.5083007812  3  8  9 10 13 14 16 18 19 22 23 24 28 30
.5771484375 -7658.5009765625  1  2  3  4  5  6  9 10 12 14 16 23 46 48
.5776367188 -7658.5004882812  3  9 10 13 14 16 18 19 20 21 22 24 30 39
.5820312500 -7658.4960937500  1  2  5  6  7  9 10 12 20 22 23 28 29 37
.5825195312 -7658.4956054688  1  3  4  5  6  8  9 10 11 14 18 22 28 29
.5893554688 -7658.4887695312  1  2  3  4  5  6  7  8 11 12 23 32 33 35
.5893554688 -7658.4887695312  1  3  4  5  6  7  8 10 11 12 16 23 43 48
.5957031250 -7658.4824218750  1  2  3  4  5  6  7  8 12 16 23 32 33 35
.6000976562 -7658.4780273438  1  3  7  8  9 10 14 19 20 21 22 23 24 28
.6054687500 -7658.4726562500  1  2  3  4  5  6  7 10 11 12 16 23 46 48
.6098632812 -7658.4682617188  2  3  6  7  9 13 15 16 20 22 23 24 32 41
.6225585938 -7658.4555664062  3  4  7  8  9 10 11 13 19 20 21 24 30 32
.6313476562 -7658.4467773438  3  8  9 10 14 16 18 19 20 21 22 24 34 47
.6411132812 -7658.4370117188  1  2  3  5  7  8  9 12 15 16 21 24 27 32
.6435546875 -7658.4345703125  3  9 10 13 14 16 17 18 19 22 23 24 30 43
.6474609375 -7658.4306640625  3  4  7  8  9 10 11 13 19 20 24 30 32 46
.6489257812 -7658.4291992188  3  9 10 13 14 16 18 19 21 22 23 24 30 43
.6557617188 -7658.4223632812  2  4  7  8  9 10 11 13 19 20 21 24 30 32
.6567382812 -7658.4213867188  1  2  3  5  6  9 12 15 20 22 23 28 36 41
.6601562500 -7658.4179687500  1  3  4  5  6  7 10 11 12 16 21 23 46 48
.6601562500 -7658.4179687500  2  3  5  7  9 11 13 14 15 17 18 20 29 34
.6679687500 -7658.4101562500  1  2  3  5  7  8  9 12 15 16 21 24 27 33
.6684570312 -7658.4096679688  1  2  3  4  5  6  7 19 20 23 24 25 37 41
.6782226562 -7658.3999023438  3  6  9 10 13 14 16 18 19 20 22 24 30 39
.6806640625 -7658.3974609375  1  3  5  9 14 18 19 21 22 23 24 28 34 44
.6821289062 -7658.3959960938  7  8  9 10 11 12 13 17 18 19 23 24 27 44
.6855468750 -7658.3925781250  3  5  6  8  9 10 11 12 14 16 20 23 27 41
.7241210938 -7658.3540039062  7  8  9 10 12 16 17 18 19 23 24 25 30 34
.7260742188 -7658.3520507812  1  2  3  4  5  6  7  8 11 12 21 26 29 30
.7265625000 -7658.3515625000  2  6  7  9 13 15 16 20 22 23 29 32 33 41
.7299804688 -7658.3481445312  3  4  6  9 10 13 14 16 19 20 22 24 30 39
.7343750000 -7658.3437500000  1  2  3  4  5  6  7  8 11 12 21 26 30 40
.7416992188 -7658.3364257812  3  4  5  7 13 15 17 19 20 21 22 23 24 44
.7460937500 -7658.3320312500  7  8  9 10 12 16 17 18 19 23 24 25 27 30
.7475585938 -7658.3305664062  3  8  9 10 13 14 16 18 19 22 23 24 27 28
.7500000000 -7658.3281250000  2  3  5 13 14 15 17 19 21 22 23 24 42 44
.7514648438 -7658.3266601562  1  2  3  5  6  9 12 15 20 22 23 33 36 38
.7675781250 -7658.3105468750  1  2  3  5  6  9 12 15 20 22 23 36 38 40
.7812500000 -7658.2968750000  2  3  4  5  6  8 19 20 23 24 32 33 38 41
.7817382812 -7658.2963867188  2  3  4  5  6  8 12 19 20 23 24 32 33 41
.7988281250 -7658.2792968750  2  3  6  7  9 12 13 15 16 22 23 28 32 41
.8159179688 -7658.2622070312  1  2  3  4  6  7 19 20 23 24 25 32 37 41
.8164062500 -7658.2617187500  1  3  6  8  9 10 14 16 19 23 26 27 32 46
.8168945312 -7658.2612304688  1  3  4  5  6  8 10 12 14 16 19 26 28 30
.8198242188 -7658.2583007812  3  4  6  9 10 12 13 14 16 19 20 24 39 46
.8286132812 -7658.2495117188  1  2  3  5  6  9 12 15 20 22 33 36 38 40
.8330078125 -7658.2451171875  1  3  4  5  6  8  9 12 14 16 19 26 30 45
.8789062500 -7658.1992187500  3  4  6  9 10 13 14 16 19 20 24 32 39 46
.8872070312 -7658.1909179688  3  6  8  9 10 12 14 16 19 23 32 36 41 46
1.0551757812 -7658.0229492188  2  4  7  8 10 13 19 20 21 24 30 32 34 39
1.0659179688 -7658.0122070312  1  2  3  4  5  6  7  8 12 16 26 30 33 43
1.0874023438 -7657.9907226562  2  4  7  8  9 10 12 17 20 24 30 31 34 35
1.1000976562 -7657.9780273438  1  2  3  4  5  7  8 12 16 26 30 33 43 47
1.1284179688 -7657.9497070312  1  2  3  4  5  6  8 11 15 16 20 24 33 53
1.1591796875 -7657.9189453125  1  2  3  4  5  6  7  8 12 16 30 33 36 43
1.1645507812 -7657.9135742188  2  3  5  7  9 11 13 17 20 23 24 28 37 39
1.1796875000 -7657.8984375000  2  7  9 10 14 15 20 22 23 31 32 33 34 40
1.2021484375 -7657.8759765625  1  2  4  7  8 10 20 21 23 24 30 32 34 39
1.2216796875 -7657.8564453125  3  4  7  8 10 12 14 18 27 30 31 35 43 46
1.2382812500 -7657.8398437500  3  5  9 10 13 14 17 20 23 24 28 37 39 44
1.2524414062 -7657.8256835938  1  6  7 11 12 13 14 15 16 23 29 33 45 46
1.2978515625 -7657.7802734375  1  3  6  7 12 13 14 15 16 22 23 29 33 46
1.4536132812 -7657.6245117188  3  4  5  7  8 10 12 14 30 31 33 35 43 46
1.8374023438 -7657.2407226562  1  2  4  7 15 16 17 26 30 33 34 40 43 46
