0 -7755.1704101562  1 12 20 32 44
.6767578124 -7754.4936523438  2 11 16 28 40
.6767578124 -7754.4936523438  4  9 15 27 39
.6767578124 -7754.4936523438  4  9 23 35 47
.6767578124 -7754.4936523438  5  8 22 34 46
.9951171874 -7754.1752929688  8 13 22 34 46
1.0327148437 -7754.1376953125  8 13 22 34 37
1.1875000000 -7753.9829101562  5 13 22 34 46
1.2680664062 -7753.9023437500  9 15 23 35 47
1.4599609374 -7753.7104492188  2 16 19 31 43
1.6997070312 -7753.4707031250  5  8 22 25 46
1.8208007812 -7753.3496093750  2 11 19 28 43
1.9438476562 -7753.2265625000  1 12 30 32 44
2.2421875000 -7752.9282226562  2 11 19 28 40
3.3364257812 -7751.8339843750  5  8 25 37 46
3.4399414062 -7751.7304687500  9 15 35 39 47
9.0668945312 -7746.1035156250  9 15 35 39 57
9.2348632812 -7745.9355468750  2 11 16 19 31
9.6245117187 -7745.5458984375 12 18 32 42 54
10.3188476562 -7744.8515625000  5 13 22 34 37
11.7832031250 -7743.3872070312  4  9 16 27 39
12.1513671874 -7743.0190429688  5  8 25 37 58
12.2622070312 -7742.9082031250  2 19 28 31 40
12.7524414062 -7742.4179687500 12 18 32 42 48
13.0185546874 -7742.1518554688  2 11 27 28 40
14.1376953124 -7741.0327148438  3  9 15 35 39
15.6665039062 -7739.5039062500  1 12 30 44 49
15.7500000000 -7739.4204101562  2 11 14 16 31
16.8066406250 -7738.3637695312  2 11 23 31 40
17.2656250000 -7737.9047851562  5  8 25 46 58
17.6074218750 -7737.5629882812  2 11 15 28 40
18.1342773437 -7737.0361328125 11 23 28 31 40
18.4433593750 -7736.7270507812 12 18 30 42 48
18.6455078124 -7736.5249023438 12 18 26 30 42
19.3017578124 -7735.8686523438  1  8 12 30 44
20.5717773437 -7734.5986328125  4  9 16 27 40
21.5727539062 -7733.5976562500  2 11 16 28 50
22.2104492187 -7732.9599609375  1  8 13 37 49
22.7519531250 -7732.4184570312  1 12 30 44 48
23.0668945312 -7732.1035156250  8 13 37 44 49
23.2319335937 -7731.9384765625  3  9 15 21 35
25.0039062500 -7730.1665039062 18 26 30 32 42
25.4360351562 -7729.7343750000 13 22 34 44 56
26.2324218750 -7728.9379882812  2 11 14 31 50
26.2441406250 -7728.9262695312  4  9 16 17 27
26.9208984374 -7728.2495117188 25 34 46 53 58
29.5122070312 -7725.6582031250  5 25 34 53 58
30.9360351562 -7724.2343750000  2 11 15 40 59
30.9658203124 -7724.2045898438  2 11 15 40 55
32.5458984374 -7722.6245117188 18 26 30 42 48
33.3764648437 -7721.7939453125  4  9 16 23 29
33.6162109374 -7721.5541992188  2 28 31 32 50
34.8701171874 -7720.3002929688 11 19 31 42 43
35.5415039062 -7719.6289062500 19 31 40 42 43
36.3637695312 -7718.8066406250  2  3  4 11 31
37.1811523437 -7717.9892578125  3  5 11 15 23
37.5771484374 -7717.5932617188  1 24 30 44 48
39.5209960937 -7715.6494140625  1  3  5  6 16
39.6298828124 -7715.5405273438 25 43 46 53 58
39.9072265624 -7715.2631835938  7  8 21 30 39
