0 -7746.6157226562  1 18 20 30
.5678710937 -7746.0478515625  1 20 30 32
.7402343750 -7745.8754882812 12 18 20 42
.8110351562 -7745.8046875000 11 16 19 31
.8110351562 -7745.8046875000  7 14 24 36
.8247070312 -7745.7910156250  2 16 19 43
.8247070312 -7745.7910156250  4 15 23 47
.8247070312 -7745.7910156250  6 14 24 48
.8247070312 -7745.7910156250  7 14 24 38
.9755859374 -7745.6401367188 12 18 20 44
1.0600585937 -7745.5556640625  2 16 19 40
1.0600585937 -7745.5556640625  7 14 24 48
1.4790039062 -7745.1367187500 12 18 20 30
1.5634765624 -7745.0522460938  2 16 19 31
1.7607421874 -7744.8549804688 10 21 33 45
1.7607421874 -7744.8549804688 12 20 32 44
1.7607421874 -7744.8549804688  2 16 28 40
1.8696289062 -7744.7460937500 11 16 28 40
1.8696289062 -7744.7460937500  2 19 31 43
1.9707031250 -7744.6450195312  2 11 40 43
2.2246093750 -7744.3911132812 16 19 40 43
2.2368164062 -7744.3789062500 11 16 40 43
2.6162109374 -7743.9995117188 20 30 32 44
2.8320312500 -7743.7836914062 19 31 40 43
3.0429687500 -7743.5727539062  4 15 27 47
3.1713867187 -7743.4443359375 15 23 27 47
3.4765625000 -7743.1391601562  2 28 31 43
3.5629882812 -7743.0527343750  2 28 40 43
4.2441406250 -7742.3715820312 12 20 30 44
5.1962890624 -7741.4194335938 10 21 33 58
5.8452148437 -7740.7705078125 10 17 33 58
6.3759765624 -7740.2397460938 14 24 48 60
6.5947265624 -7740.0209960938 11 16 40 52
7.0166015624 -7739.5991210938 12 20 44 56
7.6855468750 -7738.9301757812 18 20 30 54
7.7656250000 -7738.8500976562  1 12 32 49
8.1376953124 -7738.4780273438 11 16 31 52
8.2685546874 -7738.3471679688 15 23 47 51
8.6411132812 -7737.9746093750  2 40 43 55
8.7607421874 -7737.8549804688  2 11 28 55
9.3305664062 -7737.2851562500  1 12 44 48
9.9506835937 -7736.6650390625  1 20 30 54
10.0249023437 -7736.5908203125  7 19 40 43
10.0722656250 -7736.5434570312 23 35 47 51
10.7504882812 -7735.8652343750  7 19 43 55
10.7573242187 -7735.8583984375  1 32 44 60
10.7905273437 -7735.8251953125  1 13 20 30
10.9511718750 -7735.6645507812  3 15 23 47
11.1523437500 -7735.4633789062  2 31 38 43
11.4882812500 -7735.1274414062 11 28 40 55
11.8027343750 -7734.8129882812 15 29 35 39
15.2709960937 -7731.3447265625 24 48 55 60
24.0874023437 -7722.5283203125  2  4 22 36
24.3867187500 -7722.2290039062  8 11 12 15
24.4970703124 -7722.1186523438 17 19 22 24
24.5283203124 -7722.0874023438  4  5 24 30
24.5449218750 -7722.0708007812 14 19 21 22
24.5517578124 -7722.0639648438  7 12 15 25
24.6225585937 -7721.9931640625  1  3  4 31
24.6660156250 -7721.9497070312  1  2  4 21
24.6684570312 -7721.9472656250  1  2 21 24
24.8291015624 -7721.7866210938 17 18 31 46
24.8383789062 -7721.7773437500  2  6 22 27
