0 -7739.8886718750  1
0 -7739.8886718750 10
0 -7739.8886718750 11
0 -7739.8886718750 12
0 -7739.8886718750  2
0 -7739.8886718750  3
0 -7739.8886718750  4
0 -7739.8886718750  5
0 -7739.8886718750  6
0 -7739.8886718750  7
0 -7739.8886718750  8
0 -7739.8886718750  9
.0590820312 -7739.8295898438 13
.0590820312 -7739.8295898438 14
.0590820312 -7739.8295898438 15
.0590820312 -7739.8295898438 16
.0590820312 -7739.8295898438 17
.0590820312 -7739.8295898438 18
.0590820312 -7739.8295898438 19
.0590820312 -7739.8295898438 20
.0590820312 -7739.8295898438 21
.0590820312 -7739.8295898438 22
.0590820312 -7739.8295898438 23
.0590820312 -7739.8295898438 24
.2685546875 -7739.6201171875 34
