0 -7703.4580078125  1  2  3  4  5 20 24
.0039062500 -7703.4541015625  2  4  6 13 20 21 22
.0463867187 -7703.4116210938  7  9 11 13 17 18 22
.0527343750 -7703.4052734375  7  9 11 12 13 17 22
.0605468750 -7703.3974609375  7  9 11 13 17 18 20
.0664062500 -7703.3916015625  2  6 13 15 20 21 22
.0668945313 -7703.3911132812  2  4 17 20 21 22 24
.0668945313 -7703.3911132812  2  6 15 20 21 22 23
.0673828125 -7703.3906250000  1  2  3  4  5  6 22
.0771484375 -7703.3808593750  1  3  4  5 19 20 24
.0898437500 -7703.3681640625  3  4  5 19 20 22 24
.0903320313 -7703.3676757812  2  4 18 20 21 22 24
.0937500000 -7703.3642578125  1  2  3  4  5  6 23
.0961914063 -7703.3618164062  1  2  3  4  5  6 24
.0976562500 -7703.3603515625  3  5 16 19 20 23 24
.1059570313 -7703.3520507812  1  3  5  6 19 20 23
.1069335937 -7703.3510742188  7  9 10 11 12 13 17
.1098632813 -7703.3481445312  1  3  4  6 19 20 22
.1103515625 -7703.3476562500  1  2  3  4  5  6 32
.1123046875 -7703.3457031250  1  3  4 19 20 22 24
.1171875000 -7703.3408203125  3  4  5 19 20 23 24
.1196289063 -7703.3383789062  2  3  4  5  6 20 23
.1196289063 -7703.3383789062  3  4  5 14 19 20 24
.1201171875 -7703.3378906250  3  5  6 19 20 23 24
.1215820313 -7703.3364257812  3  5 14 19 20 23 24
.1235351563 -7703.3344726562  3  4 19 20 22 23 24
.1279296875 -7703.3300781250  3  5 19 20 22 23 24
.1293945313 -7703.3286132812  3  5 18 19 20 23 24
.1303710937 -7703.3276367188  7  9 10 13 16 18 20
.1308593750 -7703.3271484375  1  3  4  6 11 20 22
.1391601563 -7703.3188476562  7  9 10 12 13 16 17
.1440429687 -7703.3139648438  3  7  9 11 13 18 20
.1469726563 -7703.3110351562  2  5  6 20 21 23 24
.1489257813 -7703.3090820312  1  2  5  6 20 21 23
.1616210937 -7703.2963867188  2  3  5 19 20 23 24
.1791992187 -7703.2788085938  2  6 13 15 17 20 21
.1796875000 -7703.2783203125  2  3  4  5  6 13 20
.1850585937 -7703.2729492188  2  4  6 12 17 21 22
.1899414063 -7703.2680664062  3  5 19 20 23 24 32
.1938476563 -7703.2641601562  7  9 10 11 12 13 20
.1953125000 -7703.2626953125  2  6 15 17 20 21 22
.2016601563 -7703.2563476562  2  3  4  5  6 19 20
.2080078125 -7703.2500000000  1  2  3  4  5  6 42
.2084960937 -7703.2495117188  4  7 11 13 18 20 21
.2099609375 -7703.2480468750  2  4  6 12 13 21 22
.2187500000 -7703.2392578125  1  2  3  7  9 20 22
.2197265625 -7703.2382812500  4  6 11 12 17 21 22
.2231445313 -7703.2348632812  3  5 19 20 23 24 31
.2304687500 -7703.2275390625  1  2  5 20 21 23 24
.2309570313 -7703.2270507812  1  2  3  4  5  6  7
.2319335937 -7703.2260742188  2  6 13 15 20 21 34
.2353515625 -7703.2226562500  7  9 10 11 13 20 25
.2421875000 -7703.2158203125  7  9 11 13 17 20 25
.2543945313 -7703.2036132812  2  6 13 15 20 21 25
.2631835937 -7703.1948242188  7 10 13 15 16 18 34
.2636718750 -7703.1943359375  3  5 19 20 23 24 42
.2666015625 -7703.1914062500  2  3  7  9 18 20 22
.2714843750 -7703.1865234375  3  5 10 19 20 23 24
.2802734375 -7703.1777343750  2  3  4  5  6 20 36
.2910156250 -7703.1669921875  9 10 13 14 16 17 18
.2915039063 -7703.1665039062  2  4  6 12 21 22 23
.2915039063 -7703.1665039062  7  9 10 13 16 20 25
.2968750000 -7703.1611328125  5 10 14 19 20 23 24
.3007812500 -7703.1572265625  4  6 12 17 19 21 22
.3022460937 -7703.1557617188  9 10 13 14 15 16 18
.3076171875 -7703.1503906250 10 13 14 15 16 17 18
.3095703125 -7703.1484375000  7 10 13 15 16 18 37
.3144531250 -7703.1435546875  2  3  9 18 20 22 24
.3295898437 -7703.1284179688  3  5 14 18 19 20 23
.3310546875 -7703.1269531250  1  3  5  6 14 19 23
.3359375000 -7703.1220703125  7  9 10 11 13 17 20
.3369140625 -7703.1210937500  3  7  9 11 18 20 22
.3486328125 -7703.1093750000  1  3  4  5 14 19 20
.3569335937 -7703.1010742188  2  4  6 12 19 21 22
.3691406250 -7703.0888671875  2  4 17 20 22 24 36
.3696289063 -7703.0883789062  9 10 11 14 17 18 22
.3720703125 -7703.0859375000  1  3  5  9 14 19 20
.3808593750 -7703.0771484375  1  3  5 14 19 20 23
.3886718750 -7703.0693359375  7  9 10 13 15 16 20
.4008789063 -7703.0571289062  7  9 10 13 16 17 20
.4106445313 -7703.0473632812  9 10 14 16 17 18 22
.4165039063 -7703.0415039062  7  9 13 16 17 20 34
.5151367187 -7702.9428710938  4 12 14 16 17 21 22
.5527343750 -7702.9052734375  2  3  8  9 18 20 24
.5688476563 -7702.8891601562  2  3  5  8  9 20 24
.5698242187 -7702.8881835938  2  4 20 22 24 29 36
.5878906250 -7702.8701171875  2  3  9 18 20 24 46
.5917968750 -7702.8662109375  5 10 14 19 20 23 36
.6025390625 -7702.8554687500  1  3  4  5 14 19 35
.6328125000 -7702.8251953125  1  3  4  5 14 19 47
.6552734375 -7702.8027343750  4 12 14 16 17 22 29
.6669921875 -7702.7910156250  1  5 10 14 19 23 35
.7021484375 -7702.7558593750  5  9 10 19 20 23 36
.7236328125 -7702.7343750000  2  4 20 22 29 33 36
.7280273437 -7702.7299804688  1  3  4  5 14 19 43
.7397460937 -7702.7182617188  9 11 17 18 22 38 44
.7495117187 -7702.7084960938 12 14 16 17 22 34 35
.7504882813 -7702.7075195312  4  5  9 10 18 19 36
.7636718750 -7702.6943359375 12 14 16 17 22 31 35
.7841796875 -7702.6738281250  1  5 10 14 15 19 35
.7871093750 -7702.6708984375  1  5 10 14 15 19 30
.7919921875 -7702.6660156250  4  5 10 18 19 36 45
.8027343750 -7702.6552734375  2  3  8  9 20 24 35
.8413085937 -7702.6166992188  4  5 10 18 19 35 36
1.0078125000 -7702.4501953125  1  2  7  9 25 33 42
1.0556640625 -7702.4023437500  9 11 17 18 27 38 46
1.0566406250 -7702.4013671875 11 14 17 18 27 34 38
1.2802734375 -7702.1777343750  3  6  7 10 20 22 35
1.3159179687 -7702.1420898438  3  7 11 19 23 25 30
