0 -7678.2548828125  2  4  7 11 13 15 17 18 20 21 22
.0366210937 -7678.2182617188  1  2  3  4  5  6 20 21 22 23 24
.0825195313 -7678.1723632812  1  2  3  4  5  6 19 20 21 22 24
.0913085937 -7678.1635742188  2  3  4  7  9 11 13 17 18 20 22
.0966796875 -7678.1582031250  1  2  3  4  5  6 19 20 21 23 24
.0966796875 -7678.1582031250  2  4  7 11 12 13 15 17 20 21 22
.0991210937 -7678.1557617188  2  7 11 13 15 17 18 20 21 22 24
.0996093750 -7678.1552734375  2  4  6  7 12 13 15 17 20 21 22
.1171875000 -7678.1376953125  2  4  7 13 15 16 17 18 20 21 22
.1250000000 -7678.1298828125  2  6  7 11 12 13 15 17 20 21 22
.1416015625 -7678.1132812500  1  2  4  5  6 19 20 21 22 23 24
.1596679687 -7678.0952148438  6  7 11 12 13 15 16 17 20 21 22
.1655273437 -7678.0893554688  2  4  7 11 13 15 18 20 21 22 24
.1674804687 -7678.0874023438  7 11 13 14 15 16 17 18 20 21 22
.1718750000 -7678.0830078125  1  2  3  4  5  7  8  9 10 11 12
.1728515625 -7678.0820312500  4  7 11 13 14 15 17 18 20 21 22
.1831054687 -7678.0717773438  2  3  4  7  9 11 13 18 20 22 24
.1835937500 -7678.0712890625  1  2  3  4  5  6 16 20 21 22 23
.1914062500 -7678.0634765625  4  6  7 11 13 15 17 18 20 21 22
.1918945313 -7678.0629882812  2  4  7 12 13 15 16 17 20 21 22
.1967773437 -7678.0581054688  1  2  3  4  5  6 20 22 23 24 29
.2114257813 -7678.0434570312  2  4  7 12 13 15 17 20 21 22 24
.2182617187 -7678.0366210938  2  4  6 13 15 16 17 18 20 21 22
.2216796875 -7678.0332031250  7 11 12 13 15 16 17 18 20 21 22
.2270507813 -7678.0278320312  1  2  3  4  5  6 20 22 23 24 33
.2275390625 -7678.0273437500  2  4  6 13 15 17 18 19 20 21 22
.2290039063 -7678.0258789062  2  3  4  7 13 15 18 20 21 22 24
.2338867187 -7678.0209960938  2  4  6  7 12 13 16 17 20 21 22
.2343750000 -7678.0205078125  2  4  6  7 11 13 15 18 20 21 22
.2348632813 -7678.0200195312  2  7 11 12 13 15 17 18 20 21 22
.2416992187 -7678.0131835938  4  7 13 15 17 18 19 20 21 22 24
.2460937500 -7678.0087890625  1  2  3  4  5  6 20 22 23 24 40
.2500000000 -7678.0048828125  1  2  3  4  6 19 20 22 23 24 34
.2509765625 -7678.0039062500  1  2  3  4  5  6  7  8 10 11 12
.2524414063 -7678.0024414062  2  3  4  7 13 18 19 20 21 22 24
.2602539063 -7677.9946289062  2  4  7 11 13 15 18 20 21 22 29
.2612304687 -7677.9936523438  2  7 11 12 13 15 17 20 21 22 24
.2651367187 -7677.9897460938  1  2  3  4  5  6 20 22 23 24 32
.2656250000 -7677.9892578125  2  4  7 13 14 15 17 18 20 21 22
.2714843750 -7677.9833984375  2  4  6  7 12 13 15 17 20 21 25
.2724609375 -7677.9824218750  2  4  7  9 11 13 17 18 20 22 29
.2773437500 -7677.9775390625  2  4  7 10 11 13 15 18 20 21 22
.2832031250 -7677.9716796875  1  2  4  7 11 15 17 20 21 22 24
.2866210937 -7677.9682617188  2  3  4 13 15 18 19 20 21 22 24
.2871093750 -7677.9677734375  1  2  3  4  5  6 20 21 23 24 28
.2919921875 -7677.9628906250  2  3  4  7  9 10 11 13 18 20 22
.2934570313 -7677.9614257812  1  2  4  5  6  7  8 10 11 12 15
.2949218750 -7677.9599609375 13 15 16 17 18 19 20 21 22 24 27
.2954101563 -7677.9594726562  4  7 10 11 13 15 18 20 21 22 24
.2993164063 -7677.9555664062  1  2  3  4  5  6  9 20 22 24 29
.3007812500 -7677.9541015625  2  3  4  7  9 13 18 19 20 22 24
.3081054687 -7677.9467773438  3  4  7  9 11 13 18 19 20 22 24
.3081054687 -7677.9467773438  9 11 13 14 15 17 18 19 20 22 24
.3105468750 -7677.9443359375  2  4  6 12 13 16 17 20 21 22 23
.3144531250 -7677.9404296875  2  4  6  7 12 13 17 20 21 22 31
.3154296875 -7677.9394531250  1  2  3  4  5  6  9 20 22 24 28
.3164062500 -7677.9384765625  2  4  7 11 13 15 17 18 20 22 45
.3168945313 -7677.9379882812  1  2  4  7 11 15 17 18 20 21 22
.3208007813 -7677.9340820312  7 13 15 16 17 18 19 20 21 22 27
.3227539063 -7677.9321289062  4  7 13 15 16 17 18 19 20 21 22
.3261718750 -7677.9287109375  2  4  7 12 13 15 17 20 21 22 31
.3300781250 -7677.9248046875  1  2  3  4  6 19 20 22 23 24 29
.3330078125 -7677.9218750000  4  7 10 11 13 15 18 20 21 24 25
.3383789063 -7677.9165039062  3  8  9 14 16 17 18 19 22 23 24
.3432617187 -7677.9116210938  6 13 15 16 17 18 19 20 21 22 27
.3447265625 -7677.9101562500  1  2  4  5  6 19 20 22 23 24 29
.3457031250 -7677.9091796875  1  2  4  7 15 17 18 20 21 22 24
.3476562500 -7677.9072265625  2  3  7  9 11 13 17 18 20 22 39
.3500976563 -7677.9047851562  2  4  7 10 11 13 15 17 18 20 22
.3505859375 -7677.9042968750  2  4  7 11 13 17 18 19 20 21 22
.3520507813 -7677.9028320312  1  2  4  7 11 13 17 18 20 21 22
.3544921875 -7677.9003906250  2  3  4  7  9 11 13 18 20 22 26
.3559570313 -7677.8989257812  1  3  8  9 14 16 17 18 19 22 23
.3623046875 -7677.8925781250  1  2  4  6  7 11 12 17 20 21 22
.3627929687 -7677.8920898438  1  2  3  6 19 20 21 22 23 24 34
.3647460937 -7677.8901367188  2  7 12 13 15 16 20 21 22 23 33
.3666992187 -7677.8881835938  2  4  6  7 12 13 15 17 20 21 37
.3691406250 -7677.8857421875  2  4  6  7 12 16 17 20 21 22 23
.3715820313 -7677.8833007812  1  2  3  4  5  7 11 15 20 22 24
.3725585937 -7677.8823242188  2  4  6  7 11 12 17 20 21 22 34
.3730468750 -7677.8818359375  2  4  7 12 13 14 15 17 20 21 22
.3730468750 -7677.8818359375  2  4  7  9 11 13 14 17 18 20 22
.3740234375 -7677.8808593750  2  7 11 13 15 17 18 20 21 22 29
.3750000000 -7677.8798828125  9 10 11 13 14 17 18 19 20 22 24
.3779296875 -7677.8769531250  4  9 10 11 13 14 17 18 19 20 22
.3823242187 -7677.8725585938  2  7 13 15 16 17 18 19 20 21 22
.3862304687 -7677.8686523438  1  2  3  4  5  7  9 20 22 24 29
.3881835937 -7677.8666992188  4  9 10 11 13 17 18 19 20 22 24
.3886718750 -7677.8662109375  1  2  4  5  7 11 15 20 21 22 24
.3920898437 -7677.8627929688  1  2  3  5  6  7 16 17 20 22 23
.3930664063 -7677.8618164062  1  2  3  4  5  7 11 20 22 24 35
.3945312500 -7677.8603515625  1  2  3  4  5  6  7 13 20 21 23
.3984375000 -7677.8564453125  7 13 15 16 17 18 19 20 21 22 39
.3989257813 -7677.8559570312  1  2  3  4  7  9 11 20 22 24 29
.4038085937 -7677.8510742188  2  4  7 11 12 15 17 20 21 22 34
.4042968750 -7677.8505859375  2  3  4  9 11 13 18 20 22 24 41
.4047851563 -7677.8500976562  4  7 10 11 13 15 17 18 20 21 25
.4067382813 -7677.8481445312  1  2  3  6  7 16 17 20 22 23 34
.4077148437 -7677.8471679688  4  9 11 13 17 18 19 20 22 24 33
.4086914063 -7677.8461914062  1  2  3  4  5  6  7  8 11 12 35
.4130859375 -7677.8417968750  2  3  4  7  9 13 18 20 22 24 29
.4160156250 -7677.8388671875  2  7 12 13 15 16 17 20 22 23 29
.4165039063 -7677.8383789062  2  4  6  7 12 13 15 17 20 21 43
.4174804687 -7677.8374023438  4  9 11 13 14 17 18 19 20 22 36
.4223632813 -7677.8325195312  2  3  4  5  7  9 11 13 18 20 41
.4272460937 -7677.8276367188  1  2  3  4  5  6  7 11 21 22 35
.4355468750 -7677.8193359375  2  4  6  7 12 13 16 17 20 22 23
.4418945313 -7677.8129882812  2  5  6  7 12 13 15 17 20 21 23
.4433593750 -7677.8115234375  1  2  6 17 19 20 21 22 23 24 35
.4453125000 -7677.8095703125  2  6  7 12 15 16 20 21 22 23 41
.4482421875 -7677.8066406250  2  3  4  7  9 13 14 18 19 20 22
.4511718750 -7677.8037109375  1  2  3  4  5  7 11 20 21 22 35
.4545898437 -7677.8002929688  2  6  7 12 15 16 20 21 22 23 25
.4594726563 -7677.7954101562  2  3  4  7 13 14 18 19 20 21 22
.4614257813 -7677.7934570312  1  2  4  5  6  7 11 12 20 21 22
.4628906250 -7677.7919921875  2  6  7 12 16 17 20 21 22 23 25
.4633789063 -7677.7915039062  1  2  4  5  6  7  8 10 11 12 47
.4663085937 -7677.7885742188  1  2  3  6  7 16 17 20 22 23 39
.4702148437 -7677.7846679688  2  6  7 12 13 15 17 20 21 23 43
.4707031250 -7677.7841796875 13 15 16 17 18 19 20 21 22 24 31
.4848632813 -7677.7700195312  1  2  4  5  6  7 11 12 21 22 27
.4882812500 -7677.7666015625  3  9 11 13 14 15 17 18 19 20 24
.4936523437 -7677.7612304688  1  2  4  5  6  7 12 16 17 22 23
.5039062500 -7677.7509765625  1  2  3  4  5  6  7 16 17 22 23
.5039062500 -7677.7509765625  1  2  3  6  7 16 17 20 22 23 46
.5126953125 -7677.7421875000  1  2  3  4  5  6 12 16 22 23 48
.5175781250 -7677.7373046875  4  5  6 10 11 12 14 17 19 20 22
.5195312500 -7677.7353515625  2  4  7  9 13 18 20 21 22 24 29
.5229492187 -7677.7319335938  1  2  3  4  5  6  7 11 21 32 35
.5312500000 -7677.7236328125  1  2  4  6  7 12 16 17 20 22 23
.5322265625 -7677.7226562500  1  2  3  4  5  6  7  8 11 21 35
.5332031250 -7677.7216796875 11 13 14 15 17 18 20 21 22 24 29
.5375976563 -7677.7172851562  1  2  3  7  9 11 13 17 18 22 39
.5385742187 -7677.7163085938  1  2  4  5  6  7  8 11 12 21 35
.5419921875 -7677.7128906250  1  2  3  4  5  6  7 21 22 32 35
.5458984375 -7677.7089843750  3  4  5  8 11 14 15 18 19 21 24
.5463867187 -7677.7084960938  1  3  7  9 11 13 16 17 18 22 27
.5502929687 -7677.7045898438  1  2  3  7  9 11 13 17 20 22 39
.5541992187 -7677.7006835938  1  2  5  6  7 12 15 17 20 21 23
.5546875000 -7677.7001953125  3  4  5  8 11 14 18 19 21 23 24
.5576171875 -7677.6972656250  1  2  3  4  5  6  7  8 11 18 35
.5595703125 -7677.6953125000  4  5  8 10 11 14 18 19 21 24 35
.5610351563 -7677.6938476562  1  2  3  4  5  6  7 13 20 21 31
.5649414063 -7677.6899414062  3  8 14 16 17 18 19 20 22 24 35
.5668945313 -7677.6879882812  3  8 14 16 17 18 19 20 22 24 27
.5703125000 -7677.6845703125  1  2  4  5  6  7  8 11 12 17 35
.5742187500 -7677.6806640625  1  2  3  4  5  6  7  8 11 30 35
.5751953125 -7677.6796875000  1  4  5 10 11 14 18 19 21 24 35
.5761718750 -7677.6787109375  1  2  3  4  5  6  7 20 22 28 33
.5844726563 -7677.6704101562  1  2  3  4  5  6  7 19 20 22 33
.5878906250 -7677.6669921875  1  2  3  4  5  6  7 15 17 22 32
.5971679687 -7677.6577148438  3  4  5 11 14 18 19 21 23 24 32
.6015625000 -7677.6533203125  1  2  4  5  6  7 12 15 20 21 23
.6059570313 -7677.6489257812  1  2  3  4  5  7  9 10 11 12 41
.6074218750 -7677.6474609375  1  3  5  6  8  9 10 11 12 35 38
.6118164063 -7677.6430664062  3  5  8  9 11 14 17 18 19 23 24
.6181640625 -7677.6367187500  1  2  3  4  5  6 13 15 20 21 31
.6215820313 -7677.6333007812  1  2  3  4  5  6 12 15 20 21 46
.6220703125 -7677.6328125000  4  5 11 18 19 20 21 22 24 35 38
.6250000000 -7677.6298828125  1  2  3  5  6  9 10 11 12 35 38
.6274414063 -7677.6274414062  1  2  6  7 12 16 17 20 22 23 34
.6289062500 -7677.6259765625  1  2  3  4  5  6  7  8 11 17 47
.6347656250 -7677.6201171875  1  2  3  4  5  6  7 12 19 22 47
.6347656250 -7677.6201171875  3  8  9 11 13 14 15 18 19 21 24
.6376953125 -7677.6171875000  3  9 13 14 15 18 19 20 21 24 25
.6381835937 -7677.6166992188  1  2  3  4  7  9 10 13 20 25 36
.6386718750 -7677.6162109375  1  6 17 19 20 21 22 23 24 34 35
.6386718750 -7677.6162109375  3  8  9 13 14 16 17 18 19 22 23
.6450195313 -7677.6098632812  1  2  3  4  5  7  9 10 12 13 36
.6469726563 -7677.6079101562  1  2  3  4  6  7 11 17 20 23 46
.6474609375 -7677.6074218750  1  2  3  4  7  8  9 10 13 20 36
.6503906250 -7677.6044921875  1  4  5  9 10 11 12 14 17 20 22
.6528320313 -7677.6020507812  1  2  3  4  5  6  7 11 30 34 35
.6567382813 -7677.5981445312 12 13 15 16 17 18 20 21 22 24 31
.6567382813 -7677.5981445312  8  9 13 14 16 17 18 19 22 23 24
.6635742187 -7677.5913085938  1  2  3  4  5  7  8 11 17 18 22
.6660156250 -7677.5888671875  1  2  3  4  7  9 10 13 20 36 46
.6791992187 -7677.5756835938  1  8 14 15 16 17 19 20 22 24 35
.6796875000 -7677.5751953125  1  4  5 11 18 19 20 21 22 24 35
.6904296875 -7677.5644531250  1  2  4  5  6  7 10 12 16 34 39
.6909179687 -7677.5639648438  3  8 14 15 16 17 19 20 22 24 47
.6933593750 -7677.5615234375  1  8 11 14 15 17 19 20 22 24 29
.6933593750 -7677.5615234375  2  3  4  6  7  9 13 20 21 25 30
.7016601563 -7677.5532226562  1  4  5  9 10 11 14 17 20 22 36
.7036132813 -7677.5512695312  1  4  6  8 11 12 15 17 21 22 23
.7036132813 -7677.5512695312  3  4  5  8  9 11 14 18 19 23 24
.7080078125 -7677.5468750000  3  4 14 15 16 17 19 20 22 24 42
.7084960937 -7677.5463867188  1  2  3  4  5  7  9 10 12 13 48
.7099609375 -7677.5449218750  1  2  3  4  5  6  7 12 16 34 39
.7187500000 -7677.5361328125  2  3  4  5  6 12 15 20 21 31 46
.7280273437 -7677.5268554688  2  5  6  7  9 12 13 15 20 21 31
.7290039063 -7677.5258789062  1  3  4  6  7 11 12 13 17 18 22
.7309570313 -7677.5239257812  1  2  3  4  5  6  7 11 13 23 30
.7329101563 -7677.5219726562  1  3  5  6  8  9 10 11 12 35 48
.7353515625 -7677.5195312500  2  3  6  7  9 12 13 20 21 25 31
.7358398437 -7677.5190429688  2  3  6  7  9 12 13 15 20 21 31
.7568359375 -7677.4980468750  1  3  6  7  9 11 13 17 18 22 35
.7573242187 -7677.4975585938  3  4  8 14 15 17 19 20 22 24 28
.7641601563 -7677.4907226562  1  3  6  7  9 11 12 13 17 18 22
.7714843750 -7677.4833984375  3  4  8 14 15 17 19 20 22 24 42
.7758789063 -7677.4790039062  2  3  6  7  9 13 15 20 21 25 30
.7792968750 -7677.4755859375  5  6 11 12 15 17 20 21 22 23 31
.7958984375 -7677.4589843750  1  2  3  4  5  6  7 12 22 26 47
.8085937500 -7677.4462890625  1  2  3  4  7  9 10 12 13 20 36
.8159179687 -7677.4389648438  1  3  4  6 11 13 14 17 18 22 40
.8212890625 -7677.4335937500  1  8 11 14 15 16 17 18 20 24 29
.8227539063 -7677.4321289062  1  2  3  4  5  6  7 15 17 22 37
.8305664063 -7677.4243164062  1  4  9 10 11 12 17 20 22 24 37
.8676757813 -7677.3872070312  1  4  9 10 11 14 17 20 22 26 37
.8730468750 -7677.3818359375  1  3  7  8 14 15 16 17 18 24 35
.9189453125 -7677.3359375000  1  6 11 17 19 20 21 23 24 34 35
.9233398437 -7677.3315429688  1  2  3  4  5  7  8 11 22 30 36
.9301757813 -7677.3247070312  1  8 11 14 15 16 17 19 20 24 29
1.0136718750 -7677.2412109375  1  3  6 11 17 19 20 24 34 35 39
1.0175781250 -7677.2373046875  3  8  9 12 14 16 17 18 22 24 38
1.1147460937 -7677.1401367188  1  4  9 10 11 13 17 20 24 34 37
1.1279296875 -7677.1269531250  2  3  8  9 10 14 16 17 18 38 47
1.1381835937 -7677.1166992188  1  3  4 11 13 14 17 18 22 34 48
1.2509765625 -7677.0039062500  3  4  7 11 13 14 17 18 20 35 60
1.2641601563 -7676.9907226562  1  4 11 12 15 19 21 22 23 26 48
1.3237304687 -7676.9311523438  1 12 16 19 21 22 23 26 33 34 47
1.3881835937 -7676.8666992188  5 12 16 19 21 22 26 27 33 47 48
1.3955078125 -7676.8593750000  1  3  4  5  7 11 16 18 24 29 60
1.4609375000 -7676.7939453125  5 12 16 17 19 22 26 27 30 47 48
1.4682617187 -7676.7866210938  4 11 12 19 21 22 23 26 33 46 48
1.4897460937 -7676.7651367188  1  3  5 11 15 21 24 26 37 46 47
