0 -7697.0405273438  2  7 13 15 18 20 21 22
.0419921876 -7696.9985351562  2  4 13 17 20 21 22 24
.0498046876 -7696.9907226562  2  4 17 18 20 21 22 24
.0537109376 -7696.9868164062  7  9 11 12 13 17 18 22
.0620117188 -7696.9785156250  1  2  3  4  5  6 22 23
.0639648438 -7696.9765625000  1  2  3  4  5  6 22 24
.0649414063 -7696.9755859375  7 13 15 16 17 18 20 22
.0737304688 -7696.9667968750  7 13 15 16 17 20 21 22
.0761718750 -7696.9643554688  8 12 14 15 16 17 19 21
.0888671876 -7696.9516601562  7  8  9 10 11 12 14 15
.0922851563 -7696.9482421875  4 11 17 18 20 21 22 24
.1240234376 -7696.9165039062  1  2  3  4  5  6 12 22
.1240234376 -7696.9165039062 17 18 19 20 21 22 23 24
.1303710938 -7696.9101562500 16 17 19 20 21 22 23 24
.1313476563 -7696.9091796875  2 13 15 18 20 21 22 24
.1313476563 -7696.9091796875  8  9 11 12 14 15 17 18
.1328125000 -7696.9077148438  8  9 10 11 12 14 15 16
.1352539063 -7696.9052734375  7  8 12 15 16 17 21 23
.1372070313 -7696.9033203125  1  2  3  4  5  6 19 22
.1386718750 -7696.9018554688  6 13 15 16 17 20 21 22
.1420898438 -7696.8984375000  7  9 11 12 13 16 17 18
.1425781250 -7696.8979492188  8 12 14 15 16 17 18 21
.1425781250 -7696.8979492188  8 12 14 15 16 17 21 23
.1430664063 -7696.8974609375  1  2  3  4  5  6 22 44
.1459960938 -7696.8945312500  2 13 15 20 21 22 23 24
.1484375000 -7696.8920898438 14 15 16 17 18 20 21 22
.1523437500 -7696.8881835938  7  8  9 10 14 15 16 18
.1538085938 -7696.8867187500  7  8 12 15 16 17 21 22
.1542968750 -7696.8862304688  8 11 12 14 15 16 17 21
.1542968750 -7696.8862304688  8 12 14 15 16 17 21 22
.1547851563 -7696.8857421875  7 15 16 17 18 20 21 22
.1552734376 -7696.8852539062  2  4  5 19 20 21 22 24
.1606445313 -7696.8798828125  1  2  5  6 20 21 23 24
.1625976563 -7696.8779296875  8 10 14 15 16 18 19 23
.1655273438 -7696.8750000000  7  9 12 13 15 16 17 25
.1684570313 -7696.8720703125 12 14 15 16 17 19 21 22
.1684570313 -7696.8720703125  2  5 19 20 21 22 23 24
.1684570313 -7696.8720703125  8 14 15 16 17 18 21 22
.1723632813 -7696.8681640625  1  2  3  4  5  6 19 23
.1743164063 -7696.8662109375  2  5  6 19 20 21 23 24
.1743164063 -7696.8662109375  7  8  9 10 13 15 16 18
.1787109376 -7696.8618164062  2  6 13 15 16 20 21 22
.1787109376 -7696.8618164062  9 13 14 16 17 18 19 22
.1806640626 -7696.8598632812  2 15 17 20 21 22 23 24
.1826171876 -7696.8579101562  1  2  3  4  5  6 23 44
.1831054688 -7696.8574218750  5  6 19 20 21 22 23 24
.1875000000 -7696.8530273438  8  9 10 14 15 16 18 19
.1982421876 -7696.8422851562  9 13 14 16 17 18 19 20
.2045898438 -7696.8359375000  1  2  4  5 20 21 23 24
.2070312500 -7696.8334960938  1  4  7  8  9 11 12 17
.2099609376 -7696.8305664062  1  3  4  7  8  9 11 12
.2114257813 -7696.8291015625  2  5  6 12 15 20 21 23
.2128906250 -7696.8276367188 14 15 16 17 19 20 21 22
.2182617188 -7696.8222656250  1  2  3  5  6 19 23 24
.2182617188 -7696.8222656250  1  7  8 12 15 16 17 22
.2207031250 -7696.8198242188  1  2  3  4  7  8  9 11
.2226562500 -7696.8178710938 15 16 17 20 21 22 23 24
.2241210938 -7696.8164062500  1  2  3  5  6 23 24 44
.2265625000 -7696.8139648438  2  7 13 15 18 20 21 27
.2280273438 -7696.8125000000  9 13 14 17 18 19 20 22
.2290039063 -7696.8115234375  4 11 13 19 20 21 22 24
.2304687500 -7696.8100585938  7  8  9 12 15 16 17 22
.2309570313 -7696.8095703125  2  7 12 13 15 16 21 22
.2314453126 -7696.8090820312  2  7  8 12 15 16 21 23
.2324218750 -7696.8081054688  4 11 18 19 20 21 22 24
.2368164063 -7696.8037109375  2  6 13 15 16 17 20 21
.2377929688 -7696.8027343750  4 11 17 18 19 21 22 24
.2387695313 -7696.8017578125  1  4  7  9 11 12 17 22
.2387695313 -7696.8017578125  2  7 12 13 15 16 20 21
.2402343750 -7696.8002929688  2  7  8  9 10 11 12 15
.2402343750 -7696.8002929688  7  9 11 13 16 17 18 25
.2431640626 -7696.7973632812  1  2  3  4  7  8  9 12
.2431640626 -7696.7973632812  7 13 15 16 17 18 22 23
.2495117188 -7696.7910156250  1  2  3  4  5 19 23 24
.2504882813 -7696.7900390625  2  7  8 13 15 18 20 21
.2534179688 -7696.7871093750  7  8 10 13 15 16 18 20
.2563476563 -7696.7841796875  1  2  7  8 12 15 17 22
.2807617188 -7696.7597656250  8 12 14 15 16 18 21 23
.2919921876 -7696.7485351562  1  2  3  4  5  6  7 44
.3022460938 -7696.7382812500  5 15 16 20 21 22 23 24
.3041992188 -7696.7363281250  7 10 12 13 15 16 20 23
.3051757813 -7696.7353515625 13 14 15 16 17 18 22 23
.3120117188 -7696.7285156250  1  7  9 11 12 16 17 22
.3144531250 -7696.7260742188  1  2  3  4  5 21 24 32
.3149414063 -7696.7255859375  6 13 15 16 17 20 21 34
.3198242188 -7696.7207031250  1  2  5  6 20 21 23 29
.3242187500 -7696.7163085938  7 10 12 13 15 16 17 31
.3276367188 -7696.7128906250  1  7  9 11 12 14 17 22
.3408203126 -7696.6997070312  6 13 15 16 17 20 21 25
.3413085938 -7696.6992187500  2  7 13 15 19 20 21 22
.3476562500 -7696.6928710938  5  7 10 12 15 16 20 23
.3593750000 -7696.6811523438  8 10 11 12 13 14 15 16
.3627929688 -7696.6777343750  1  4  9 11 12 14 17 22
.3627929688 -7696.6777343750  2  3  5  6 20 21 23 39
.3642578126 -7696.6762695312  2  7  8  9 11 12 15 29
.3652343750 -7696.6752929688  2  7 13 15 20 21 25 33
.3652343750 -7696.6752929688  7 13 15 16 20 21 22 27
.3691406250 -7696.6713867188  2  5  6 20 21 22 23 39
.3715820313 -7696.6689453125  1  2  3  4  7  8  9 17
.3720703126 -7696.6684570312  2  7  8 12 15 16 18 21
.3837890626 -7696.6567382812  1  2  5  6 20 21 23 39
.3867187500 -7696.6538085938  1  2  4  5 19 21 23 24
.3940429688 -7696.6464843750  7 10 13 15 16 20 23 25
.3955078126 -7696.6450195312  3  7  9 11 12 13 16 20
.3979492188 -7696.6425781250  2  5  6 12 20 21 23 35
.4013671876 -7696.6391601562  1  7  9 10 12 16 17 22
.4057617188 -7696.6347656250  1  2  7  8  9 11 15 29
.4091796876 -7696.6313476562  7 10 13 15 17 18 20 31
.4145507813 -7696.6259765625  7  8 10 11 14 15 16 30
.4199218750 -7696.6206054688  1  4 14 19 21 22 23 24
.4389648438 -7696.6015625000  1  2  3  4  5 14 21 24
.4394531250 -7696.6010742188  1  9 11 12 14 15 17 22
.4506835938 -7696.5898437500  1  4 18 19 21 22 23 24
.4604492188 -7696.5800781250  4  7 13 15 20 21 22 31
.4970703126 -7696.5434570312  2  5  6 12 20 21 23 31
.5029296876 -7696.5375976562  1  2  5  6 12 20 21 23
.5131835938 -7696.5273437500  1  4  5  7  8 10 11 16
.5156250000 -7696.5249023438  2  3  5  6 10 20 23 39
.5166015626 -7696.5239257812  1  7  8 10 11 16 20 27
.5195312500 -7696.5209960938  2  3  5  6 13 20 23 44
.5205078126 -7696.5200195312  2  5  6 13 20 21 23 31
.5434570313 -7696.4970703125  2  3  5  6 15 20 23 29
.5483398438 -7696.4921875000  1  3  7  8 10 11 15 30
.5566406250 -7696.4838867188  1  7  8 10 11 15 30 47
.5571289063 -7696.4833984375  1  2  3  4  5  7 26 44
.5620117188 -7696.4785156250  2  3  4  7  8 11 12 30
.5659179688 -7696.4746093750  7 16 17 20 21 22 23 25
.5703125000 -7696.4702148438  2  3  4  7  8 11 13 30
.5737304688 -7696.4667968750  7  9 12 16 17 22 25 33
.5795898438 -7696.4609375000  7 10 13 15 16 20 25 39
.5815429688 -7696.4589843750  7  8 13 15 17 18 20 31
.5820312500 -7696.4584960938  6 10 15 16 17 18 22 23
.5883789063 -7696.4521484375  2  7  8 12 15 18 21 43
.6005859376 -7696.4399414062  2  7  8 12 15 18 21 36
.6010742188 -7696.4394531250  6 10 13 15 16 20 23 43
.6210937500 -7696.4194335938  1  5  7  9 10 11 17 44
.6313476563 -7696.4091796875  6  7 10 13 15 16 20 43
.6333007813 -7696.4072265625  5  6 18 19 21 23 24 44
.6513671876 -7696.3891601562  3  5  6 18 19 21 23 44
.6538085938 -7696.3867187500  2  5  6 20 21 23 43 48
.6635742188 -7696.3769531250  1  7 11 13 15 20 22 29
.6875000000 -7696.3530273438  1  3  4  7 18 22 24 40
.7011718750 -7696.3393554688  1  6  7 11 15 20 22 29
.7089843750 -7696.3315429688  1  4  5  7 10 11 16 37
.7241210938 -7696.3164062500  1  3  4  6 22 23 40 42
.7294921876 -7696.3110351562  2  3  4  7  8 13 21 44
.7695312500 -7696.2709960938  1  5  7  9 11 18 20 41
.7963867188 -7696.2441406250  6 10 13 16 20 23 42 43
.7993164063 -7696.2412109375  1  2  3  4  5 20 41 43
.8803710938 -7696.1601562500  1  5  9 10 11 36 41 44
.8823242188 -7696.1582031250  2  4 12 13 18 21 23 24
.9121093750 -7696.1284179688  5  6 15 17 20 21 31 43
.9291992188 -7696.1113281250  6  7  8 10 11 15 20 37
.9775390626 -7696.0629882812  4  9 10 12 13 17 24 25
.9775390626 -7696.0629882812  6 10 11 13 20 23 42 43
