0 -7652.7099609375  1  2  3  4  5  7  9 11 13 17 18 19 20 22 24
.0019531250 -7652.7080078125  1  2  3  4  7  9 11 13 15 17 18 20 22 24 25
.0258789063 -7652.6840820312  2  3  4  7 11 12 13 15 17 18 20 21 22 24 34
.0263671875 -7652.6835937500  2  3  4  7 11 13 15 17 18 19 20 21 22 24 34
.0278320313 -7652.6821289062  2  4  7  9 11 12 13 15 17 18 20 21 22 24 25
.0288085937 -7652.6811523438  2  4  7  9 11 12 13 15 17 18 20 21 22 24 34
.0317382813 -7652.6782226562  2  3  4  7  9 11 12 13 15 17 18 20 21 22 24
.0322265625 -7652.6777343750  2  4  7 11 12 13 15 17 18 19 20 21 22 24 34
.0380859375 -7652.6718750000  1  2  3  4  5  7  9 11 15 17 18 19 20 22 24
.0468750000 -7652.6630859375  1  2  4  6  7  8 10 12 15 16 17 20 21 22 23
.0488281250 -7652.6611328125  2  4  7  9 11 12 13 15 17 18 19 20 21 22 24
.0537109375 -7652.6562500000  2  3  4  7  9 11 12 13 15 17 18 20 22 24 25
.0615234375 -7652.6484375000  1  2  4  5  6  7 10 12 15 16 17 20 21 22 23
.0629882813 -7652.6469726562  1  2  4  6  7 11 12 13 15 16 17 20 21 22 25
.0649414063 -7652.6450195312  1  2  4  6  7 11 12 13 15 16 17 20 21 22 29
.0654296875 -7652.6445312500  1  2  4  5  6  7 10 11 12 15 16 17 20 21 22
.0664062500 -7652.6435546875  1  2  3  4  5  7  9 11 17 18 19 20 22 24 29
.0693359375 -7652.6406250000  1  2  4  5  6  7 11 12 13 15 16 17 20 21 22
.0742187500 -7652.6357421875  1  3  4  5  6  9 10 11 14 18 19 20 22 23 24
.0776367187 -7652.6323242188  2  4  7 11 12 13 15 17 18 20 21 22 24 29 34
.0820312500 -7652.6279296875  1  2  3  4  5  7 11 15 17 18 19 20 21 22 24
.0830078125 -7652.6269531250  1  3  4  5  7  9 11 14 17 18 19 20 22 23 24
.0830078125 -7652.6269531250  4  6 10 11 12 13 14 15 16 17 18 19 20 21 22
.0834960937 -7652.6264648438  2  4  7 10 11 12 13 15 17 18 20 21 22 24 34
.0854492187 -7652.6245117188  2  4  7  9 11 12 13 15 17 18 20 21 22 24 36
.0898437500 -7652.6201171875  1  2  3  4  5  6  9 11 15 17 18 19 20 22 24
.0952148437 -7652.6147460938  2  4  7 11 12 13 15 16 17 18 20 21 22 24 36
.0961914063 -7652.6137695312  1  3  5  8  9 10 11 14 16 18 19 20 22 23 24
.0971679687 -7652.6127929688  1  2  4  5  6  7 10 12 15 16 20 21 22 23 29
.0991210937 -7652.6108398438  2  3  4  7  9 11 12 13 17 18 20 21 22 24 37
.1040039063 -7652.6059570312  2  4  7 11 12 13 15 17 18 20 21 22 24 27 34
.1054687500 -7652.6044921875  1  2  4  5  6  7 10 11 12 15 16 20 21 22 23
.1059570313 -7652.6040039062  2  4  7 11 12 13 15 17 18 20 21 22 24 36 37
.1074218750 -7652.6025390625  1  2  4  6  7  8 12 14 15 16 17 20 21 22 23
.1123046875 -7652.5976562500  1  2  3  4  5  6  9 11 17 18 19 20 22 23 24
.1123046875 -7652.5976562500  1  2  3  4  5  9 11 17 18 19 20 22 24 36 37
.1123046875 -7652.5976562500  1  3  8  9 10 11 14 16 17 18 19 20 22 23 24
.1152343750 -7652.5947265625  1  2  3  4  5  7  9 14 17 18 19 20 22 23 24
.1171875000 -7652.5927734375  4 10 11 12 13 14 15 16 17 18 19 20 21 22 24
.1186523437 -7652.5913085938  2  4  7  9 11 12 13 15 16 17 18 20 21 22 24
.1196289063 -7652.5903320312  1  2  3  4  7  8 11 15 17 18 20 21 22 24 26
.1220703125 -7652.5878906250  1  3  4  5  7  9 11 14 17 18 19 20 22 24 37
.1235351563 -7652.5864257812  1  2  3  4  5  7  9 11 17 18 19 20 22 24 36
.1245117187 -7652.5854492188  1  2  4  5  6  7 10 11 12 15 17 20 21 22 23
.1259765625 -7652.5839843750  4  7 10 11 13 14 15 16 17 18 19 20 21 22 24
.1274414063 -7652.5825195312  1  2  3  4  5  7  9 10 11 18 19 20 21 22 24
.1279296875 -7652.5820312500  1  2  5  7  8  9 10 12 14 15 16 18 21 23 26
.1308593750 -7652.5791015625  2  4  7 11 12 13 15 16 17 18 20 21 22 36 37
.1318359375 -7652.5781250000  4  7 10 11 13 14 15 17 18 19 20 21 22 24 34
.1328125000 -7652.5771484375  4  6 10 11 13 14 15 16 17 18 19 20 21 22 24
.1337890625 -7652.5761718750  1  2  3  4  5  9 11 14 17 18 19 20 22 24 37
.1367187500 -7652.5732421875  1  2  3  4  5  7  9 11 16 17 18 20 22 24 34
.1372070313 -7652.5727539062  1  2  3  4  7  9 11 13 17 18 20 21 22 24 37
.1376953125 -7652.5722656250  1  2  4  5  6  7  8 10 12 15 16 20 21 22 23
.1386718750 -7652.5712890625  1  2  3  4  5  6  9 10 11 18 19 20 22 23 24
.1406250000 -7652.5693359375  1  2  3  4  5  7  9 13 17 18 19 20 22 23 24
.1425781250 -7652.5673828125  4  5 10 11 13 14 15 16 17 18 19 20 21 22 24
.1450195313 -7652.5649414062  1  2  3  4  5  6  7  9 10 11 18 20 22 23 24
.1455078125 -7652.5644531250  2  4  7 11 12 13 15 17 18 20 21 22 24 25 39
.1479492187 -7652.5620117188  2  4  7 11 12 13 15 17 18 19 20 21 22 24 36
.1484375000 -7652.5615234375  2  4  7 10 11 13 15 17 18 19 20 21 22 24 34
.1484375000 -7652.5615234375  4  7  8 10 11 13 14 15 17 18 19 20 21 22 24
.1538085937 -7652.5561523438  1  3  4  5  7  9 10 11 14 18 19 20 23 24 37
.1577148437 -7652.5522460938  1  2  3  4  5  6  9 10 11 18 19 20 21 22 24
.1596679687 -7652.5502929688  1  2  3  4  5  7  9 11 17 18 19 20 22 24 25
.1601562500 -7652.5498046875  1  3  7  8  9 14 15 16 17 18 19 20 22 23 24
.1606445313 -7652.5493164062  1  2  3  4  5  6  7  8  9 10 11 12 18 22 23
.1611328125 -7652.5488281250  4  7 10 11 13 14 15 16 17 18 20 21 22 24 28
.1621093750 -7652.5478515625  1  2  5  6  7  8  9 10 12 15 16 20 21 22 23
.1621093750 -7652.5478515625  4  7 10 11 13 14 15 17 18 19 20 21 22 23 24
.1630859375 -7652.5468750000  4  7 10 11 13 14 15 16 17 18 20 21 22 24 32
.1640625000 -7652.5458984375  1  2  4  5  6  7  8  9 10 11 12 15 18 21 22
.1660156250 -7652.5439453125  4 10 11 13 14 15 16 17 18 19 20 21 22 24 34
.1660156250 -7652.5439453125  4  7 10 11 13 14 15 17 18 19 20 21 22 24 40
.1694335937 -7652.5405273438  1  2  3  4  5  7  9 10 11 18 19 20 22 24 36
.1694335937 -7652.5405273438  1  2  3  4  5  7  9 11 17 18 20 22 24 34 35
.1694335937 -7652.5405273438  1  3  4  7  8  9 10 11 14 17 18 19 22 24 42
.1708984375 -7652.5390625000  2  4  7 11 12 13 15 17 18 20 21 22 24 25 31
.1713867187 -7652.5385742188  2  4  7 11 12 13 15 17 18 20 21 22 24 34 40
.1728515625 -7652.5371093750  1  2  3  4  5  7  8  9 10 11 18 19 22 24 32
.1738281250 -7652.5361328125  2  4  7 11 12 13 15 17 18 20 21 22 24 31 34
.1748046875 -7652.5351562500  1  2  3  4  7  9 13 17 18 19 20 22 23 24 25
.1752929687 -7652.5346679688  1  2  3  4  5  7  8  9 10 11 12 15 18 22 24
.1767578125 -7652.5332031250  2  8  9 13 14 15 16 17 18 19 20 21 22 23 24
.1782226563 -7652.5317382812  4  7 10 11 13 14 15 16 17 18 20 21 22 24 43
.1791992187 -7652.5307617188  1  2  3  4  5  6  9 10 11 13 18 19 20 22 24
.1791992187 -7652.5307617188  1  2  4  7  8 10 11 15 17 18 20 21 22 24 35
.1791992187 -7652.5307617188  1  3  4  5  9 10 11 14 17 18 19 20 23 24 37
.1796875000 -7652.5302734375  1  2  3  4  5  6  7  8  9 10 11 12 16 18 23
.1811523437 -7652.5288085938  1  2  4  5  7  8  9 10 11 12 15 18 21 22 24
.1816406250 -7652.5283203125  1  2  3  4  5  9 17 18 19 20 22 23 24 36 38
.1816406250 -7652.5283203125  2  4  7 11 12 13 15 17 18 20 21 22 24 25 38
.1821289063 -7652.5278320312  1  2  4  6  7 10 11 15 17 18 20 21 22 24 34
.1826171875 -7652.5273437500  1  2  3  4  5  7  8  9 10 11 12 15 17 18 26
.1826171875 -7652.5273437500  1  2  3  4  5  9 10 11 18 19 20 22 24 36 38
.1835937500 -7652.5263671875  1  2  3  4  6  7  8 12 14 16 17 20 21 22 23
.1840820313 -7652.5258789062  4  7 10 11 13 14 15 16 17 18 20 21 22 24 37
.1845703125 -7652.5253906250  1  2  3  4  7 11 13 15 17 18 19 20 21 24 25
.1860351563 -7652.5239257812  1  2  4  5  7  8  9 10 11 12 15 18 22 24 29
.1860351563 -7652.5239257812  1  2  4  7 11 13 15 17 18 20 21 22 24 25 26
.1879882813 -7652.5219726562  4  7 11 12 13 14 15 16 17 18 20 21 22 33 34
.1884765625 -7652.5214843750  1  2  3  4  5  7  8  9 10 11 12 16 18 23 26
.1884765625 -7652.5214843750  1  3  4  5  7  8  9 10 11 14 17 18 19 22 24
.1894531250 -7652.5205078125  4  7 11 12 13 14 15 16 17 18 20 21 22 34 39
.1904296875 -7652.5195312500  1  2  3  4  5  7  9 17 18 19 20 22 23 24 36
.1904296875 -7652.5195312500  2  7  9 11 12 13 15 16 17 18 20 21 22 29 36
.1909179687 -7652.5190429688  1  3  4  5  9 10 11 14 18 19 20 23 24 36 37
.1914062500 -7652.5185546875  1  3  8  9 10 11 14 16 18 19 20 21 22 23 24
.1918945313 -7652.5180664062  1  2  4  7  8 10 11 15 17 18 20 21 22 24 27
.1923828125 -7652.5175781250  1  2  3  4  7  9 13 17 18 19 20 21 22 23 24
.1933593750 -7652.5166015625  2  5  7  9 12 13 14 15 16 17 18 20 21 22 23
.1953125000 -7652.5146484375  2  4  7 11 12 13 15 17 18 20 21 22 24 35 36
.1953125000 -7652.5146484375  7  9 10 11 13 14 15 16 17 18 20 21 22 24 32
.1962890625 -7652.5136718750  1  2  3  4  5  9 10 11 18 19 20 22 23 24 36
.1982421875 -7652.5117187500  2  7  9 13 14 15 16 17 18 19 20 21 22 23 24
.1987304687 -7652.5112304688  1  3  4  7  8  9 10 11 14 17 18 19 22 24 40
.1997070313 -7652.5102539062  1  2  6  7  8  9 10 12 14 15 16 20 21 22 23
.2006835937 -7652.5092773438  1  8  9 10 14 15 16 17 18 19 20 22 23 24 28
.2016601563 -7652.5083007812  1  2  3  4  5  6  7  8  9 10 11 12 18 22 27
.2016601563 -7652.5083007812  1  2  4  7 11 13 15 17 18 20 21 22 24 34 39
.2021484375 -7652.5078125000  1  3  4  5  6  9 10 11 14 18 19 20 23 24 46
.2036132813 -7652.5063476562  1  2  3  4  7  8 11 15 17 18 20 21 22 24 40
.2055664063 -7652.5043945312  1  2  3  4  5  7  8  9 10 11 12 15 18 19 26
.2060546875 -7652.5039062500  2  9 13 14 15 16 17 18 19 20 21 22 23 24 25
.2065429687 -7652.5034179688  2  4  7 11 12 13 15 17 18 19 20 21 24 25 46
.2070312500 -7652.5029296875  1  2  3  4  5  7  9 10 11 15 18 20 24 36 37
.2075195313 -7652.5024414062  1  2  3  4  5  6  7  8  9 10 11 12 16 22 30
.2075195313 -7652.5024414062  1  2  3  4  5  6  9 10 11 18 19 20 22 24 27
.2080078125 -7652.5019531250  1  2  4  5  7  8  9 10 11 12 15 17 18 24 29
.2080078125 -7652.5019531250  1  2  4  5  7  8  9 10 11 12 15 17 18 26 29
.2089843750 -7652.5009765625  2  4  7  9 11 12 13 15 17 18 20 21 22 29 36
.2099609375 -7652.5000000000  1  2  3  4  5  6  7  9 10 11 18 19 20 22 24
.2109375000 -7652.4990234375  1  2  4  7 11 13 15 17 18 20 21 22 24 25 28
.2124023437 -7652.4975585938  3  4  5  7  9 10 11 12 13 14 17 18 19 20 37
.2133789063 -7652.4965820312  1  2  3  4  5  7  9 17 18 19 20 22 23 24 48
.2133789063 -7652.4965820312  1  2  4  7  8  9 10 11 12 15 17 18 24 25 46
.2133789063 -7652.4965820312  1  2  5  6  7  9 10 12 15 16 20 21 22 23 24
.2177734375 -7652.4921875000  1  2  4  5  7  8  9 10 11 12 15 18 22 29 38
.2177734375 -7652.4921875000  2  7  9 11 12 13 14 15 16 17 18 20 21 22 23
.2187500000 -7652.4912109375  1  2  3  4  5  6  7  8  9 10 11 12 18 22 24
.2187500000 -7652.4912109375  3  9 13 14 15 16 17 18 19 20 21 22 23 24 25
.2187500000 -7652.4912109375  4  6 10 11 12 13 14 15 16 17 18 20 21 22 23
.2221679687 -7652.4877929688  1  2  4  6  7  8 10 11 15 17 18 20 21 22 24
.2221679687 -7652.4877929688  1  2  5  7  8  9 10 12 14 15 16 20 21 22 23
.2255859375 -7652.4843750000  1  2  4  7 11 13 15 17 18 20 21 22 24 34 47
.2270507813 -7652.4829101562  1  2  4  7 11 15 17 18 20 21 22 23 24 25 34
.2280273437 -7652.4819335938  1  2  3  4  5  7  9 11 17 18 20 22 24 33 34
.2290039063 -7652.4809570312  1  2  4  5  7  8  9 10 11 12 15 18 21 22 38
.2299804687 -7652.4799804688  1  2  3  4  5  6  7  9 10 11 18 20 21 24 25
.2299804687 -7652.4799804688  1  3  8  9 10 11 14 16 18 19 20 22 23 24 36
.2314453125 -7652.4785156250  2  4  7 11 12 13 14 15 16 17 18 20 21 22 23
.2324218750 -7652.4775390625  1  2  3  4  5  6  7  8  9 10 11 12 22 23 30
.2329101563 -7652.4770507812  1  2  4  6  7 11 13 15 17 18 20 21 22 34 47
.2348632813 -7652.4750976562  1  2  4  7  8 10 11 12 15 17 18 20 21 22 24
.2353515625 -7652.4746093750  1  2  5  7  8  9 10 12 14 15 16 18 20 21 23
.2358398437 -7652.4741210938  1  2  3  4  5  7 11 15 18 20 21 22 24 34 35
.2358398437 -7652.4741210938  1  3  8  9 10 11 14 16 18 19 20 22 23 24 35
.2363281250 -7652.4736328125  4  7 10 11 13 15 16 17 18 19 20 21 22 24 34
.2373046875 -7652.4726562500  1  2  3  4  5  7 11 15 17 18 20 21 22 24 32
.2382812500 -7652.4716796875  1  2  5  7  8  9 10 12 14 15 16 18 21 23 46
.2392578125 -7652.4707031250  1  2  3  4  5  7  8  9 10 11 12 13 15 18 36
.2426757813 -7652.4672851562  1  2  4  5  7  8  9 10 11 12 15 17 18 19 26
.2431640625 -7652.4667968750  4  5  6 10 11 12 13 14 15 18 19 20 21 22 23
.2436523437 -7652.4663085938  1  2  3  4  5  6  7  9 10 11 18 20 23 24 37
.2446289063 -7652.4653320312  1  2  3  4  5  6  9 10 11 18 19 20 22 24 41
.2446289063 -7652.4653320312  4 10 11 13 14 15 16 17 18 19 20 21 22 24 35
.2451171875 -7652.4648437500  1  2  3  4  5  7  8  9 10 11 12 15 18 20 36
.2451171875 -7652.4648437500  1  3  4  7  8  9 10 11 14 17 18 19 20 24 37
.2460937500 -7652.4638671875  1  8  9 10 11 14 15 16 17 18 20 21 22 23 24
.2475585937 -7652.4624023438  1  2  5  6  7  9 10 12 13 15 16 20 21 22 23
.2480468750 -7652.4619140625  1  2  3  4  5  6  9 11 13 17 19 20 22 24 27
.2500000000 -7652.4599609375  1  2  3  4  5  7  8  9 10 11 12 17 18 23 26
.2514648437 -7652.4584960938  1  2  3  4  5  6  7  9 10 11 12 13 19 20 22
.2514648437 -7652.4584960938  1  2  4  7 11 13 15 17 18 20 21 22 24 25 34
.2529296875 -7652.4570312500  1  2  3  4  5  6  9 11 17 19 20 22 23 24 30
.2543945313 -7652.4555664062  1  2  4  7  8  9 10 11 12 15 17 18 21 24 25
.2558593750 -7652.4541015625  1  2  3  4  5  6  7  8  9 10 11 12 14 16 32
.2558593750 -7652.4541015625  1  2  5  7  8  9 10 12 15 16 18 22 23 29 38
.2563476563 -7652.4536132812  1  3  7  8  9 14 15 16 17 18 19 22 23 24 30
.2578125000 -7652.4521484375  2  5  7  9 11 12 13 15 16 17 18 20 22 29 36
.2583007813 -7652.4516601562  4  6 11 12 13 14 15 16 17 18 20 21 22 23 34
.2587890625 -7652.4511718750  1  3  7  8  9 11 14 16 18 19 20 21 22 23 24
.2597656250 -7652.4501953125  1  2  3  4  5  6  7  8  9 10 11 12 22 32 39
.2602539063 -7652.4497070312  4  7 11 12 13 14 15 17 18 19 20 21 22 27 46
.2617187500 -7652.4482421875  2  3  7  8  9 13 14 15 16 17 18 19 20 21 22
.2626953125 -7652.4472656250  2  3  7  8  9 13 14 15 16 17 18 20 21 22 23
.2626953125 -7652.4472656250  4  5  6 10 11 12 13 14 15 16 18 20 21 22 23
.2636718750 -7652.4462890625  1  2  3  4  5  7  9 10 11 14 18 20 23 24 34
.2641601563 -7652.4458007812  1  2  4  5  7  9 10 11 15 17 18 20 24 36 37
.2656250000 -7652.4443359375  1  2  3  4  5  6  7  9 11 18 20 21 22 24 33
.2656250000 -7652.4443359375  1  2  4  7  8  9 10 11 12 15 17 18 19 24 25
.2656250000 -7652.4443359375  1  3  6  8  9 14 15 16 17 18 19 20 22 23 24
.2661132813 -7652.4438476562  1  2  3  4 13 14 15 17 18 19 20 21 22 24 25
.2666015625 -7652.4433593750  1  3  4  8 11 14 17 18 19 20 21 22 23 24 28
.2680664063 -7652.4418945312  1  2  3  4  5  7  9 11 18 20 21 22 24 34 35
.2695312500 -7652.4404296875  1  2  3  4  5  6  7  8  9 10 11 12 14 23 32
.2695312500 -7652.4404296875  1  2  4  5  7  8  9 10 11 12 15 16 18 21 36
.2700195313 -7652.4399414062  1  2  3  4  7 11 15 16 17 18 20 21 22 24 26
.2700195313 -7652.4399414062  1  2  4  7 11 14 15 17 18 20 21 22 24 25 34
.2705078125 -7652.4394531250  1  2  3  4  5  6  7  8  9 10 11 12 16 32 39
.2705078125 -7652.4394531250  1  3  4  5  8  9 10 11 14 18 19 20 23 24 46
.2709960937 -7652.4389648438  1  2  3  4  5  6  7  8  9 10 11 12 22 27 30
.2709960937 -7652.4389648438  2  3  4  9 13 14 15 17 18 19 20 21 22 24 25
.2714843750 -7652.4384765625  1  2  4  5  7  8  9 10 11 12 13 15 18 21 36
.2714843750 -7652.4384765625  2  7  8  9 13 14 15 16 17 18 19 20 21 22 24
.2719726563 -7652.4379882812  4  7 11 12 13 14 15 16 17 18 20 21 22 33 48
.2734375000 -7652.4365234375  1  2  3  4  5  6  7  9 10 11 13 19 20 22 24
.2734375000 -7652.4365234375  1  3  4  5  9 10 13 14 16 18 19 20 23 24 46
.2739257813 -7652.4360351562  1  2  3  4  5  6  7  8  9 10 11 12 22 28 30
.2744140625 -7652.4355468750  4  7 11 12 13 14 15 16 17 18 20 21 22 27 33
.2763671875 -7652.4335937500  1  3  7  8  9 14 15 16 17 18 19 22 23 24 32
.2763671875 -7652.4335937500  2  7  8  9 11 13 14 15 16 17 18 20 21 22 32
.2797851563 -7652.4301757812  1  2  3  4  5  6  7  9 11 18 20 22 24 33 34
.2797851563 -7652.4301757812  2  9 13 14 15 16 17 18 19 20 21 22 23 24 36
.2802734375 -7652.4296875000  1  2  3  4  5  9 10 14 16 18 19 20 23 24 46
.2807617187 -7652.4291992188  1  2  3  4  5  6  7  9 10 11 12 18 20 21 25
.2812500000 -7652.4287109375  1  3  5  7  8  9 10 11 12 14 16 18 22 23 29
.2817382813 -7652.4282226562  1  2  4  7  8  9 10 11 13 15 17 18 21 24 25
.2822265625 -7652.4277343750  3  4  7  9 10 11 12 13 14 17 18 19 20 37 46
.2832031250 -7652.4267578125  1  3  7  8  9 11 14 15 16 18 20 21 22 23 24
.2836914063 -7652.4262695312  1  2  4  6  7  8 10 11 13 15 17 18 21 24 25
.2851562500 -7652.4248046875  4  7 11 12 13 14 15 17 18 19 20 21 22 26 27
.2856445313 -7652.4243164062  1  2  3  4  5  7  9 10 14 16 18 20 23 24 46
.2856445313 -7652.4243164062  1  2  4  7  8  9 10 11 12 15 17 18 20 24 25
.2856445313 -7652.4243164062  1  3  4  8  9 10 11 14 16 18 19 20 22 24 36
.2861328125 -7652.4238281250  1  2  3  4  7  8 11 14 17 18 20 21 22 23 24
.2866210937 -7652.4233398438  1  2  4  6  7 10 11 15 17 18 20 21 22 34 47
.2871093750 -7652.4228515625  1  2  3  4  5  6  7  9 10 11 12 18 20 22 43
.2875976563 -7652.4223632812  1  2  3  4  5  6  7  9 11 18 20 21 22 24 43
.2875976563 -7652.4223632812  1  3  5  8  9 14 15 16 17 18 19 22 23 24 30
.2880859375 -7652.4218750000  1  2  3  4  5  7  9 10 11 14 18 20 23 24 37
.2880859375 -7652.4218750000  4  5  7  9 10 11 12 13 14 17 18 19 20 24 37
.2885742187 -7652.4213867188  1  2  4  5  7  8  9 10 11 15 18 22 24 29 30
.2885742187 -7652.4213867188  1  2  4  5  7  9 10 11 12 15 18 20 22 29 36
.2885742187 -7652.4213867188  1  4  7  8 10 11 14 15 17 18 20 21 22 24 43
.2890625000 -7652.4208984375  2  3  4  5  6  7 10 11 12 13 15 18 20 21 27
.2900390625 -7652.4199218750  4  5  6  7 10 11 12 13 15 16 17 18 20 21 37
.2900390625 -7652.4199218750  4  7 10 11 13 15 16 17 18 19 20 21 22 24 37
.2905273437 -7652.4194335938  1  2  3  4  5  6  7 10 11 13 20 21 24 25 39
.2910156250 -7652.4189453125  1  3  4  5  6 10 11 14 16 19 20 21 23 24 37
.2919921875 -7652.4179687500  1  2  4  7  9 13 15 17 18 20 21 22 24 25 28
.2924804687 -7652.4174804688  1  3  4  5  7  8  9 11 14 17 18 19 22 24 40
.2929687500 -7652.4169921875  1  4  7  9 11 13 15 17 18 20 21 22 24 25 28
.2949218750 -7652.4150390625  1  2  3  4  5  6  7  9 10 11 18 20 24 25 29
.2958984375 -7652.4140625000  1  2  5  7  8  9 10 11 12 14 16 18 22 23 29
.2963867187 -7652.4135742188  1  2  3  4  5  6  7  8  9 10 11 12 22 23 29
.2983398437 -7652.4116210938  1  3  4  5  6 10 11 14 19 20 21 23 24 37 42
.2983398437 -7652.4116210938  1  3  4  5  9 10 11 14 18 19 20 23 24 25 31
.2993164063 -7652.4106445312  1  2  3  8  9 14 15 16 17 18 19 22 23 24 30
.2998046875 -7652.4101562500  2  4  6  7  8 11 12 13 14 15 17 18 21 22 30
.3012695313 -7652.4086914062  1  4  5  7  8  9 10 11 14 17 18 19 22 24 32
.3027343750 -7652.4072265625  1  2  4  5  7  8  9 10 11 14 15 18 22 24 29
.3027343750 -7652.4072265625  2  3  9 13 14 15 16 17 18 19 20 22 23 24 25
.3037109375 -7652.4062500000  1  2  5  7  8  9 10 11 12 15 16 18 22 23 29
.3037109375 -7652.4062500000  1  3  8  9 11 14 16 17 18 19 22 23 24 29 30
.3041992187 -7652.4057617188  2  5  7  9 12 13 15 16 17 18 20 21 22 23 48
.3046875000 -7652.4052734375  1  7  8  9 10 11 14 15 16 17 18 21 22 23 28
.3051757813 -7652.4047851562  1  3  4  5  6 10 11 14 19 20 21 23 24 25 42
.3056640625 -7652.4042968750  1  2  3  4  5  9 10 13 14 18 19 20 23 24 46
.3061523437 -7652.4038085938  2  3  4  7  9 11 12 13 14 17 18 20 22 24 37
.3066406250 -7652.4033203125  1  2  3  4  5  6  7  8  9 10 11 12 13 23 32
.3071289063 -7652.4028320312  1  2  6  7  8  9 10 12 14 15 16 20 21 23 25
.3071289063 -7652.4028320312  2  3  4  9 13 14 15 16 17 18 19 20 22 24 25
.3076171875 -7652.4023437500  1  3  4  5  6  8  9 10 12 14 16 19 20 23 24
.3081054687 -7652.4018554688  1  3  4  5  9 10 14 18 19 20 23 24 25 28 31
.3085937500 -7652.4013671875  4  6  9 10 11 12 13 14 15 17 18 19 20 22 25
.3090820313 -7652.4008789062  1  2  3  4  6  7  8  9 12 14 17 20 22 23 40
.3095703125 -7652.4003906250  1  3  4  5  6 10 11 13 14 19 20 21 23 24 42
.3095703125 -7652.4003906250  2  3  4  7  9 10 11 12 13 14 17 18 20 25 37
.3105468750 -7652.3994140625  1  3  4  5  6  8 10 11 14 19 20 21 23 24 42
.3115234375 -7652.3984375000  1  2  5  7  8  9 12 15 16 17 18 22 23 26 29
.3144531250 -7652.3955078125  1  2  4  7  8 11 13 15 17 18 19 20 21 24 25
.3144531250 -7652.3955078125  1  3  4  7  8  9 10 11 14 15 17 18 19 24 46
.3154296875 -7652.3945312500  2  3  9 13 14 15 16 17 18 19 20 22 23 24 34
.3164062500 -7652.3935546875  1  2  3  4  5  6  7  9 10 11 18 20 21 22 43
.3168945313 -7652.3930664062  1  2  3  6  7  8  9 11 12 15 16 17 22 25 33
.3173828125 -7652.3925781250  1  2  4  7  9 10 11 12 15 17 18 20 24 25 37
.3178710937 -7652.3920898438  1  2  3  4  5  9 17 18 19 20 22 23 24 36 48
.3178710937 -7652.3920898438  2  7  9 11 13 14 15 16 17 18 20 21 22 32 34
.3183593750 -7652.3916015625  1  2  4  7  9 13 17 18 19 20 21 22 23 24 25
.3188476563 -7652.3911132812  1  3  4  5  8  9 10 14 16 18 19 20 22 24 36
.3203125000 -7652.3896484375  1  2  3  4  5  6  7  9 10 11 12 18 20 25 43
.3203125000 -7652.3896484375  3  4  7  9 10 11 12 13 14 17 18 19 20 31 37
.3208007813 -7652.3891601562  4 11 12 13 14 15 17 18 19 20 21 22 24 27 46
.3227539063 -7652.3872070312  1  3  8  9 11 14 16 17 18 19 21 22 23 24 25
.3237304687 -7652.3862304688  1  3  4  5  6  8 10 11 12 14 16 19 20 23 24
.3247070313 -7652.3852539062  1  2  3  4  5  6  7  8 10 11 12 20 21 24 39
.3251953125 -7652.3847656250  1  2  5  7  8  9 10 12 15 16 17 18 23 29 38
.3266601563 -7652.3833007812  4  7 11 12 13 14 15 17 18 19 20 21 22 26 47
.3281250000 -7652.3818359375  2  4  5  7 11 12 13 15 16 17 18 20 22 29 36
.3291015625 -7652.3808593750  1  3  4  7  8  9 10 11 14 17 18 19 24 37 46
.3310546875 -7652.3789062500  1  2  4  7  9 10 11 15 17 18 20 24 25 36 37
.3310546875 -7652.3789062500  4  7 11 12 13 14 15 16 17 18 20 21 22 33 40
.3320312500 -7652.3779296875  1  4  7  8  9 10 11 13 14 15 17 18 19 24 46
.3325195313 -7652.3774414062  1  2  3  5  6  7  8  9 11 12 15 16 22 32 41
.3325195313 -7652.3774414062  1  2  4  7 11 13 15 17 18 20 21 22 24 28 39
.3330078125 -7652.3769531250  2  4  5  6  7 11 12 13 15 17 18 20 21 27 34
.3349609375 -7652.3750000000  1  2  3  4  5  6  7  8  9 10 11 12 13 28 42
.3364257813 -7652.3735351562  1  2  3  4  7  9 10 11 13 14 18 20 21 25 46
.3388671875 -7652.3710937500  1  2  4  5  7  8  9 10 11 12 15 16 18 26 36
.3398437500 -7652.3701171875  1  2  4  5  7  8  9 10 11 12 14 15 18 24 29
.3398437500 -7652.3701171875  1  8  9 10 14 15 16 17 18 19 20 22 23 24 32
.3413085937 -7652.3686523438  1  2  5  7  8  9 10 12 15 16 18 23 29 33 36
.3417968750 -7652.3681640625  2  3  4  7  9 10 11 12 13 14 17 18 20 34 37
.3427734375 -7652.3671875000  1  3  8  9 10 11 14 16 18 19 20 22 23 24 48
.3432617187 -7652.3666992188  1  2  3  4  5  6  7  8  9 10 11 12 29 32 40
.3437500000 -7652.3662109375  1  5  7  8  9 10 11 12 14 16 18 22 23 29 45
.3447265625 -7652.3652343750  1  2  3  4  5  7  8  9 11 18 19 20 23 24 41
.3447265625 -7652.3652343750  1  2  3  4  7  8  9 10 11 13 14 18 20 24 46
.3457031250 -7652.3642578125  1  2  3  4  5  9 10 14 18 19 20 23 24 40 46
.3457031250 -7652.3642578125  1  3  4  5  9 10 14 18 19 20 23 24 28 31 46
.3476562500 -7652.3623046875  1  4  7  8 10 11 14 15 16 17 18 21 22 23 28
.3476562500 -7652.3623046875  1  7  9 11 13 14 15 17 18 20 21 22 24 25 28
.3476562500 -7652.3623046875  2  3  4  5  6  7 11 12 13 15 18 20 21 27 34
.3486328125 -7652.3613281250  1  2  3  4  5  6  7 10 11 20 21 24 25 32 39
.3491210937 -7652.3608398438  1  2  3  4 13 14 15 17 18 19 20 21 22 24 27
.3496093750 -7652.3603515625  1  3  4  5  7  9 10 14 18 19 20 23 24 40 46
.3505859375 -7652.3593750000  1  2  3  5  6  7  8  9 10 15 16 20 22 23 24
.3515625000 -7652.3583984375  1  3  4  5  6  7  9 10 11 12 13 17 19 20 22
.3525390625 -7652.3574218750  1  3  8  9 11 14 16 17 18 19 22 23 24 25 29
.3535156250 -7652.3564453125  1  3  4  5  6  9 10 11 14 18 19 20 24 41 46
.3554687500 -7652.3544921875  1  4  5  6  7  9 10 11 12 13 15 17 19 20 22
.3569335937 -7652.3530273438  2  4  5  6  7 11 12 13 14 15 17 18 21 22 27
.3574218750 -7652.3525390625  1  2  3  4  5  6  7  8  9 10 11 12 22 30 32
.3579101563 -7652.3520507812  1  2  3  4  5  7  8  9 11 18 19 20 21 24 41
.3618164063 -7652.3481445312  2  3  4  7  8  9 10 11 13 14 17 18 20 24 46
.3632812500 -7652.3466796875  1  2  3  4  5  8  9 10 14 16 18 19 20 24 36
.3642578125 -7652.3457031250  1  2  4  5  7  8  9 10 11 12 15 18 22 24 36
.3671875000 -7652.3427734375  1  2  3  5  6  7  8  9 11 12 15 16 22 33 41
.3686523437 -7652.3413085938  1  2  4  5  7  9 10 11 12 15 18 20 22 36 45
.3686523437 -7652.3413085938  1  5  7  8  9 10 11 12 15 16 18 22 23 26 33
.3691406250 -7652.3408203125  4  6  7 10 11 12 13 15 16 17 18 20 21 31 37
.3696289063 -7652.3403320312  1  3  4  5  8  9 10 14 17 18 19 20 23 24 28
.3715820313 -7652.3383789062  1  2  4  5  6  7  8 11 12 15 17 21 22 26 47
.3715820313 -7652.3383789062  2  4  6  7  8 12 13 14 15 16 17 18 21 22 29
.3720703125 -7652.3378906250  1  6  9 10 13 14 15 16 17 18 19 20 22 23 24
.3735351563 -7652.3364257812  1  2  4  5  6  7  8  9 10 11 12 15 18 22 24
.3740234375 -7652.3359375000  1  2  3  5  6  7  8  9 10 13 15 16 20 23 24
.3750000000 -7652.3349609375  1  7  9 11 13 15 17 18 19 20 21 22 23 24 25
.3754882813 -7652.3344726562  1  2  3  4  5  6  7  8  9 10 11 12 29 32 43
.3759765625 -7652.3339843750  1  2  3  4  5  8  9 10 14 16 19 20 23 24 32
.3774414063 -7652.3325195312  1  4  7  8 10 11 13 14 15 17 18 20 21 22 24
.3774414063 -7652.3325195312  1  8  9 10 11 14 15 16 18 20 21 22 23 24 38
.3779296875 -7652.3320312500  1  3  4  5  6  7  9 11 12 13 17 19 20 22 40
.3798828125 -7652.3300781250  2  4  5  6  7 11 12 13 14 15 17 18 21 22 30
.3813476563 -7652.3286132812  1  8  9 10 11 14 15 16 18 20 21 22 23 24 26
.3818359375 -7652.3281250000  1  2  4  5  7  9 10 11 12 15 20 22 26 29 36
.3828125000 -7652.3271484375  1  2  3  5  6  7  8  9 11 12 15 16 22 30 41
.3862304687 -7652.3237304688  2  4  5  7  9 10 11 12 13 15 16 18 20 22 29
.3872070313 -7652.3227539062  1  2  3  4  5  9 10 16 18 19 20 22 24 29 36
.3872070313 -7652.3227539062  1  2  3  4  7  9 10 11 15 18 20 24 25 36 37
.3876953125 -7652.3222656250  1  2  3  6  7  8  9 11 12 13 15 16 17 25 30
.3881835937 -7652.3217773438  1  2  3  5  6  7  8  9 11 12 15 16 22 24 41
.3901367187 -7652.3198242188  2  4  5  7 10 11 12 13 15 16 17 18 20 22 29
.3906250000 -7652.3193359375  1  2  3  4  5  7  8  9 10 18 19 22 23 24 36
.3911132813 -7652.3188476562  1  2  3  4  5  7  8  9 10 18 19 21 22 23 24
.3916015625 -7652.3183593750  2  4  5  6  7 11 12 13 14 15 17 18 21 22 47
.3920898437 -7652.3178710938  1  2  3  4  6  7  9 10 11 20 21 24 25 32 34
.3925781250 -7652.3173828125  1  5  6  7  8  9 10 11 12 15 16 18 22 23 33
.3930664063 -7652.3168945312  1  2  3  4  6  7  9 11 12 13 15 20 21 22 38
.3940429687 -7652.3159179688  1  4  7  8 10 11 14 15 16 17 18 21 22 23 25
.3950195313 -7652.3149414062  3  4  5  6 10 11 13 14 19 20 21 23 24 30 43
.3959960937 -7652.3139648438  1  3  4  8 14 17 18 19 20 21 22 23 24 28 31
.3964843750 -7652.3134765625  1  2  3  4  5  7  8 10 18 19 21 22 23 24 30
.3989257813 -7652.3110351562  1  2  3  4  6  7  8  9 12 14 17 20 22 25 40
.3994140625 -7652.3105468750  1  2  3  4  5  7  9 10 11 18 19 22 24 27 32
.3994140625 -7652.3105468750  1  2  3  4  5  8  9 11 18 19 20 23 24 36 41
.4003906250 -7652.3095703125  1  2  3  4  5  6  7  8 10 11 12 20 21 28 39
.4008789063 -7652.3090820312  1  2  3  4  5  6  7  8  9 10 11 12 30 32 43
.4023437500 -7652.3076171875  1  3  4  5  8  9 10 11 14 18 19 20 24 29 46
.4033203125 -7652.3066406250  1  2  3  5  6  7  8 10 15 16 20 21 22 23 24
.4042968750 -7652.3056640625  1  2  3  4  6  7  9 10 11 18 20 21 24 25 37
.4052734375 -7652.3046875000  1  2  3  4  5  7  8  9 18 19 20 21 22 24 41
.4052734375 -7652.3046875000  1  4  7  8 10 11 14 15 16 17 18 21 22 25 44
.4052734375 -7652.3046875000  4  6  7 10 11 12 13 15 17 18 20 21 24 37 40
.4057617187 -7652.3041992188  4  6  7  9 10 11 12 13 17 18 20 21 25 34 40
.4062500000 -7652.3037109375  1  2  3  4  6  7  9 10 11 13 20 21 24 25 37
.4062500000 -7652.3037109375  3  4  5  6  7  9 11 12 13 17 19 20 22 42 45
.4072265625 -7652.3027343750  1  2  3  4  5 10 16 18 19 20 22 23 24 29 36
.4082031250 -7652.3017578125  1  2  3  4  5  7  8 10 16 18 21 22 23 24 32
.4096679687 -7652.3002929688  1  2  5  7  8  9 10 15 16 18 21 22 23 32 36
.4130859375 -7652.2968750000  1  2  3  4  5  6  7  9 10 11 20 24 25 27 29
.4169921875 -7652.2929687500  1  2  3  4  5  7  8 10 16 18 19 21 23 24 30
.4169921875 -7652.2929687500  1  3  4  5  9 10 14 17 18 19 20 23 24 40 46
.4174804687 -7652.2924804688  1  2  3  4  6  7  9 10 11 13 15 18 20 22 28
.4204101563 -7652.2895507812  1  2  3  4  6  7  9 10 11 12 13 15 18 20 22
.4208984375 -7652.2890625000  1  2  3  4  6  7  8  9 11 12 13 16 17 25 30
.4233398437 -7652.2866210938  1  2  3  5  6  7  8  9 10 11 15 16 20 24 25
.4233398437 -7652.2866210938  1  3  4  7  8 11 14 17 18 20 21 22 23 24 31
.4326171875 -7652.2773437500  4  5  6  9 10 11 12 13 14 15 17 18 19 24 25
.4340820313 -7652.2758789062  1  2  3  4  5  7  8  9 10 18 23 24 32 36 40
.4350585937 -7652.2749023438  1  7  9 11 13 15 17 18 19 20 21 22 24 25 28
.4360351563 -7652.2739257812  1  3  4  5  6 10 11 13 19 20 21 23 24 32 43
.4375000000 -7652.2724609375  4  5  7  9 10 11 12 13 14 17 18 19 20 22 33
.4389648437 -7652.2709960938  1  2  3  4  5  6  7  8 10 15 16 20 23 24 25
.4399414063 -7652.2700195312  1  3  4  5  6 10 11 19 20 21 23 24 32 34 43
.4428710937 -7652.2670898438  1  2  3  4  5  8  9 10 14 16 19 20 23 24 36
.4438476563 -7652.2661132812  1  2  3  4  5  7  8  9 10 18 22 23 24 36 40
.4438476563 -7652.2661132812  1  7  8  9 10 11 13 14 15 17 18 19 24 31 42
.4443359375 -7652.2656250000  1  2  3  4  5  6  7  8 10 11 12 21 26 35 47
.4443359375 -7652.2656250000  1  2  3  4  5  6  7  9 10 11 18 20 28 29 46
.4462890625 -7652.2636718750  1  2  3  4  6  7  9 10 11 12 13 15 20 22 28
.4472656250 -7652.2626953125  1  7  9 11 13 14 15 17 18 20 21 22 24 28 47
.4472656250 -7652.2626953125  4  6  7  9 10 11 12 13 15 17 20 25 34 40 43
.4477539063 -7652.2622070312  2  4  5  6  7  9 10 11 12 13 15 16 18 22 29
.4492187500 -7652.2607421875  1  2  3  4  5  7  8 10 16 18 21 23 24 32 36
.4501953125 -7652.2597656250  1  5  7  8  9 10 12 14 15 16 21 23 24 28 42
.4526367187 -7652.2573242188  1  3  4  8 11 12 14 17 18 19 21 22 23 24 28
.4541015625 -7652.2558593750  1  7  9 11 15 17 18 19 20 21 22 23 24 25 34
.4545898437 -7652.2553710938  2  7  9 11 13 15 16 17 18 20 21 22 27 32 34
.4570312500 -7652.2529296875  1  2  3  4  5  6  7  8 10 11 12 21 31 35 39
.4580078125 -7652.2519531250  4  7  9 10 11 12 13 15 17 18 20 25 34 40 43
.4594726563 -7652.2504882812  2  4  5  7  9 10 13 15 16 17 18 20 22 24 36
.4599609375 -7652.2500000000  1  4  5  6  7  8 10 11 12 15 16 18 22 23 33
.4604492187 -7652.2495117188  1  2  3  4  5  8 10 16 18 19 20 23 24 36 41
.4604492187 -7652.2495117188  2  5  7  9 13 15 16 17 18 19 20 21 22 23 48
.4609375000 -7652.2490234375  1  3  8  9 10 11 14 15 16 18 20 21 22 23 24
.4614257813 -7652.2485351562  1  2  3  4  5  7  8  9 10 18 19 23 24 40 41
.4614257813 -7652.2485351562  1  5  7  8  9 10 11 12 15 16 17 18 22 23 45
.4619140625 -7652.2480468750  2  4  5  6  7 10 11 12 13 14 15 17 18 21 39
.4638671875 -7652.2460937500  1  2  3  4  5  6  7  8 11 12 21 22 26 35 47
.4658203125 -7652.2441406250  1  2  3  4  5  6  7  8 10 11 12 20 31 35 39
.4658203125 -7652.2441406250  1  2  3  4  5  7  8  9 10 18 19 23 24 36 40
.4672851563 -7652.2426757812  1  2  3  4  5  7  8 10 16 18 21 23 24 30 32
.4677734375 -7652.2421875000  1  4  7  8 10 11 13 14 15 17 18 21 24 31 46
.4702148437 -7652.2397460938  1  2  3  4  5  6 10 11 19 20 21 24 32 38 46
.4702148437 -7652.2397460938  1  2  3  4  5  8 11 18 19 20 21 23 24 36 41
.4760742187 -7652.2338867188  1  5  7  8  9 10 12 14 15 16 21 23 24 31 32
.4770507813 -7652.2329101562  2  6  7  8 12 13 14 15 16 17 18 21 22 31 35
.4775390625 -7652.2324218750  1  2  4  5  7  8  9 10 11 15 18 22 24 29 31
.4775390625 -7652.2324218750  2  7  8 12 13 14 15 16 17 18 21 22 30 31 35
.4799804687 -7652.2299804688  2  7  9 11 13 15 16 17 18 21 22 24 27 32 34
.4829101563 -7652.2270507812  1  5  7  8  9 10 11 12 16 17 18 22 23 26 45
.4848632813 -7652.2250976562  1  3  4  7  8 14 17 18 20 21 22 23 24 28 31
.4873046875 -7652.2226562500  1  2  3  5  6  7  8  9 10 13 15 16 20 24 27
.4882812500 -7652.2216796875  1  4  6 11 14 15 17 18 19 21 22 24 25 28 34
.4907226563 -7652.2192382812  1  2  4  5  7  8  9 10 12 15 16 18 29 33 36
.4921875000 -7652.2177734375  2  7  8 12 13 14 15 16 17 18 21 22 31 35 44
.4946289063 -7652.2153320312  4  6  7  9 10 11 12 13 17 18 20 21 24 25 40
.4956054687 -7652.2143554688  1  2  4  5  7  8  9 10 12 16 18 23 26 33 36
.4960937500 -7652.2138671875  2  5  7  9 13 15 16 17 18 19 20 21 22 24 48
.4965820313 -7652.2133789062  1  2  5  7  8  9 10 15 16 21 22 23 24 29 32
.4975585937 -7652.2124023438  1  2  3  4  7 11 15 16 17 18 21 22 24 26 46
.4985351563 -7652.2114257812  1  4  5  6  8 10 12 14 15 16 17 22 23 24 28
.4985351563 -7652.2114257812  1  4  6 11 14 15 17 18 19 21 22 24 25 28 30
.4990234375 -7652.2109375000  1  7  8  9 10 11 13 14 15 17 18 21 24 31 46
.5000000000 -7652.2099609375  2  3  4  5  6  7  9 10 11 12 13 15 18 22 43
.5019531250 -7652.2080078125  1  2  4  5  7  8  9 10 12 15 16 18 23 33 36
.5043945313 -7652.2055664062  4  5  9 10 11 12 14 15 17 18 19 22 24 28 34
.5048828125 -7652.2050781250  1  7  8  9 10 11 13 14 15 17 18 24 31 42 46
.5073242187 -7652.2026367188  2  7  8 12 13 14 15 16 17 18 21 22 30 35 48
.5092773437 -7652.2006835938  1  2  3  5  6  7  8  9 10 15 16 20 24 31 32
.5112304687 -7652.1987304688  1  2  3  4  6  7  9 11 12 13 15 19 20 21 46
.5112304687 -7652.1987304688  2  4  5  6  7  9 10 11 12 13 15 18 22 29 43
.5117187500 -7652.1982421875  1  2  5  7  8  9 15 16 18 21 22 23 32 36 41
.5141601563 -7652.1958007812  1  2  3  4  6  7  9 11 13 15 18 19 20 21 46
.5146484375 -7652.1953125000  1  4  6  7  9 10 11 12 13 15 17 20 22 43 45
.5156250000 -7652.1943359375  1  2  3  5  6  7  8  9 10 11 12 22 23 24 41
.5156250000 -7652.1943359375  2  3  4  5  6  7 10 11 12 13 18 20 22 27 43
.5200195313 -7652.1899414062  1  4  5  6  7  9 11 12 13 15 17 20 22 40 45
.5244140625 -7652.1855468750  1  3  5  6  8 10 11 12 14 15 16 18 22 23 43
.5244140625 -7652.1855468750  2  3  4  5  6  7  9 10 11 12 13 18 22 27 43
.5263671875 -7652.1835937500  2  3  4  5  6  7  9 11 12 13 18 20 22 27 43
.5268554687 -7652.1831054688  2  7  9 11 13 14 16 17 18 20 21 22 27 32 34
.5273437500 -7652.1826171875  1  2  5  7  8  9 12 15 16 17 18 22 24 29 47
.5327148437 -7652.1772460938  1  2  3  5  6  7  8  9 10 11 12 15 22 24 41
.5327148437 -7652.1772460938  1  2  3  5  6  7  8  9 10 13 15 16 20 24 31
.5332031250 -7652.1767578125  1  2  3  4  7  8 12 15 16 17 18 19 22 24 25
.5332031250 -7652.1767578125  1  4  6 11 14 15 17 18 19 21 22 24 28 30 34
.5346679687 -7652.1752929688  1  2  4  5  7  8  9 10 12 15 16 18 23 26 36
.5371093750 -7652.1728515625  1  2  3  4  6  7  8 10 15 16 20 21 23 24 32
.5371093750 -7652.1728515625  4  6  7  9 10 11 12 13 15 17 20 22 25 43 45
.5380859375 -7652.1718750000  1  2  5  7  8  9 10 15 16 21 23 24 31 32 42
.5405273437 -7652.1694335938  2  4  5  7  9 10 13 15 16 17 18 20 22 24 48
.5566406250 -7652.1533203125  1  2  3  4  6  7  8 10 16 20 21 23 24 32 37
.5571289063 -7652.1528320312  1  2  3  5  6  7  8  9 10 13 15 16 20 24 41
.5590820313 -7652.1508789062  4  5  9 10 11 12 14 15 17 18 19 22 24 25 28
.5693359375 -7652.1406250000  2  5  9 13 15 16 17 18 19 20 21 22 24 26 48
.5698242187 -7652.1401367188  1  4  6  7  9 11 12 13 15 17 20 22 28 40 45
.5854492187 -7652.1245117188  1  2  3  4  7  8 10 15 16 20 21 23 24 25 32
.5854492187 -7652.1245117188  1  6  7  8 10 11 14 15 16 17 18 21 25 30 47
.5869140625 -7652.1230468750  1  2  3  4  6  7  8 10 16 20 21 23 24 32 39
.5913085937 -7652.1186523438  3  5  6  7  8  9 10 11 12 13 16 23 24 30 32
.5991210937 -7652.1108398438  1  2  3  4  5  6  7  8 10 11 12 20 31 33 39
.6005859375 -7652.1093750000  4  6  7  9 10 11 12 13 15 17 20 22 25 34 43
.6025390625 -7652.1074218750  2  4  5  9 13 15 16 17 18 19 20 21 22 24 48
.6044921875 -7652.1054687500  1  4  5 11 14 15 17 18 19 21 22 24 28 30 34
.6049804687 -7652.1049804688  1  4  6 11 14 15 17 18 19 21 22 24 28 30 46
.6074218750 -7652.1025390625  1  2  3  4  6  7  8 11 17 20 21 23 24 32 39
.6113281250 -7652.0986328125  1  2  4  5  6  7  8 10 11 12 15 17 30 39 43
.6210937500 -7652.0888671875  4  5  9 10 11 14 15 17 18 19 22 24 28 30 34
.6245117187 -7652.0854492188  1  2  5  8  9 10 12 14 15 16 21 23 24 31 32
.6293945313 -7652.0805664062  1  3  5  6  8 10 11 12 14 16 20 22 23 35 43
.6391601563 -7652.0708007812  1  3  4  5  6  7  8  9 10 11 12 22 23 29 32
.6479492187 -7652.0620117188  1  4  5  6 10 12 14 15 16 17 22 23 24 25 28
.6494140625 -7652.0605468750  1  4  5  6  8 10 11 12 14 15 16 18 22 23 39
.6577148437 -7652.0522460938  1  3  4  5  6 10 11 18 19 20 23 24 32 38 46
.6606445313 -7652.0493164062  1  3  4  7 11 15 17 18 19 21 22 24 26 30 46
.6630859375 -7652.0468750000  1  2  5  8  9 10 14 15 16 21 23 24 31 32 41
.6699218750 -7652.0400390625  1  4  5  6  7  8 10 11 12 15 16 18 22 23 39
.6835937500 -7652.0263671875  2  7 11 13 15 16 17 18 21 22 23 24 27 32 37
.7060546875 -7652.0039062500  1  3  4  7 11 15 17 18 21 22 24 26 28 30 46
.7070312500 -7652.0029296875  1  3  4  5  6  7  8  9 10 11 12 23 29 30 32
.7148437500 -7651.9951171875  1  2  4  5  6  7  8 10 11 12 15 17 28 30 43
.7182617187 -7651.9916992188  1  4  5  6 10 12 14 15 16 17 23 25 28 30 43
.7197265625 -7651.9902343750  1  2  3  4  8 15 16 17 18 19 21 22 24 27 44
.7392578125 -7651.9707031250  1  3  4  5  6 10 12 14 15 16 17 23 28 37 43
.7431640625 -7651.9667968750  2  6 11 13 15 16 17 18 21 22 23 24 27 30 34
.7700195313 -7651.9399414062  1  3  4  5  6 10 14 18 19 20 23 24 35 38 46
.7719726563 -7651.9379882812  1  2  3  4  7  8 12 15 16 17 18 19 22 25 34
.7827148437 -7651.9272460938  1  2  8 12 14 15 16 17 18 19 21 22 30 35 48
.7875976563 -7651.9223632812  1  2  3  4  7  8 12 15 16 17 18 19 23 25 34
.8081054687 -7651.9018554688  1  3  4  5  6  9 10 18 19 20 23 24 35 38 46
.8344726563 -7651.8754882812  1  2  3  4  7  8 10 12 15 16 23 25 26 30 34
.8369140625 -7651.8730468750  6  8 11 12 14 15 16 17 18 20 21 25 27 46 47
.8447265625 -7651.8652343750  6  8 11 12 14 15 16 17 18 21 25 27 30 46 47
.8476562500 -7651.8623046875  3  4  5  6  7  8  9 10 11 12 23 24 29 30 32
.8564453125 -7651.8535156250  1  2  4  5  8 10 15 16 18 21 23 26 34 36 41
.9135742187 -7651.7963867188  5  6  8 10 11 12 13 14 15 16 18 27 29 33 45
.9291992187 -7651.7807617188  1  2  3  4  7  8 12 15 16 17 23 26 30 34 48
.9335937500 -7651.7763671875  1  2  3  4  5  6  7  8  9 14 17 25 30 40 43
.9399414063 -7651.7700195312  1  2  3  4  5  6  7  8  9 14 17 30 40 43 46
1.0693359375 -7651.6406250000  1  4  5  8 10 12 15 16 18 21 23 26 27 36 41
1.0708007813 -7651.6391601562  1  4  5 10 12 14 16 18 21 23 26 27 36 37 43
1.0981445313 -7651.6118164062  6  8 11 12 13 14 15 16 18 20 25 27 29 33 45
1.1542968750 -7651.5556640625  1  2  4  5  6  7 11 12 13 17 18 19 21 35 54
1.1713867187 -7651.5385742188  1  4  5  6 10 12 14 16 17 23 28 37 41 43 48
1.2143554687 -7651.4956054688  1  5 10 14 15 16 18 21 23 26 27 31 33 36 37
1.6552734375 -7651.0546875000  1  2  5  6 11 12 13 18 21 22 23 38 43 45 60
1.7666015625 -7650.9433593750  1  2  5 12 15 18 21 23 24 27 36 37 38 41 54
