.2908552525130864632186919817131701805519	3	3	0	0	0	0	0	0	0	0	0	0	0	0	0	0	0	0	0	0	0	0	0	0	0	0	3	0	0	0	0	STW_SiGe_distribution_May2017/stw_Ge_03/stw_scan_03_0012/0d970/conp/stw_scan_03_0012_0d970.cif
.1207793695978181303860633044545521581166	3	3	0	0	0	0	0	0	0	0	0	0	0	0	0	0	0	0	0	0	0	0	0	0	0	0	1	2	0	0	0	STW_SiGe_distribution_May2017/stw_Ge_03/stw_scan_03_0008/0d970/conp/stw_scan_03_0008_0d970.cif
.1025114080435783143219381044938021055538	3	3	0	0	0	0	0	0	0	0	0	0	0	0	0	0	0	0	0	0	0	0	0	0	0	0	2	1	0	0	0	STW_SiGe_distribution_May2017/stw_Ge_03/stw_scan_03_0011/0d970/conp/stw_scan_03_0011_0d970.cif
.0725554721473638307882775964431603155460	3	3	0	0	0	0	0	0	0	0	0	0	0	0	0	0	0	0	0	0	0	0	0	0	0	0	1	2	0	0	0	STW_SiGe_distribution_May2017/stw_Ge_03/stw_scan_03_0010/0d970/conp/stw_scan_03_0010_0d970.cif
.0421646239792892065545867945146224079839	3	3	0	0	0	0	0	0	0	0	0	0	0	0	0	0	0	0	0	0	0	0	0	0	0	0	1	2	0	0	0	STW_SiGe_distribution_May2017/stw_Ge_03/stw_scan_03_0007/0d970/conp/stw_scan_03_0007_0d970.cif
.0318777325385886670978647187854772012485	3	3	0	0	0	0	0	0	0	0	0	0	0	0	0	0	0	0	0	0	0	0	0	0	0	0	2	1	0	0	0	STW_SiGe_distribution_May2017/stw_Ge_03/stw_scan_03_0013/0d970/conp/stw_scan_03_0013_0d970.cif
.0315434271877054095330316322238716348177	3	3	0	0	0	0	0	0	0	0	0	0	0	0	0	0	0	0	0	0	0	0	0	0	0	0	1	2	0	0	0	STW_SiGe_distribution_May2017/stw_Ge_03/stw_scan_03_0006/0d970/conp/stw_scan_03_0006_0d970.cif
.0304011208061420268169206597351977372244	3	3	0	0	0	0	0	0	0	0	0	0	0	0	0	0	0	0	0	0	0	0	0	0	0	0	0	3	0	0	0	SiGe_distribution_January_2017/3.3/1d000/conp/3.3.cif
.0304011208061420268169206597351977372244	3	3	0	0	0	0	0	0	0	0	0	0	0	0	0	0	0	0	0	0	0	0	0	0	0	0	0	3	0	0	0	SiGe_distribution_January_2017/3.3/0d970/conp/3.3.cif
.0304011208061420268169206597351977372244	3	3	0	0	0	0	0	0	0	0	0	0	0	0	0	0	0	0	0	0	0	0	0	0	0	0	0	3	0	0	0	STW_SiGe_distribution_May2017/stw_Ge_03/stw_scan_03_0002/0d970/conp/stw_scan_03_0002_0d970.cif
.0304003333384805139270018509427774127449	3	3	0	0	0	0	0	0	0	0	0	0	0	0	0	0	0	0	0	0	0	0	0	0	0	0	0	3	0	0	0	STW_SiGe_distribution_May2017/stw_Ge_03/stw_scan_03_0016/0d970/conp/stw_scan_03_0016_0d970.cif
.0304003333384805139270018509427774127449	3	3	0	0	0	0	0	0	0	0	0	0	0	0	0	0	0	0	0	0	0	0	0	0	0	0	0	3	0	0	0	SiGe_distribution_January_2017/3.3/1d030/conp/3.3.cif
.0251359784244958763064277507345809890292	3	3	0	0	0	0	0	0	0	0	0	0	0	0	0	0	0	0	0	0	0	0	0	0	0	0	2	1	0	0	0	STW_SiGe_distribution_May2017/stw_Ge_03/stw_scan_03_0014/0d970/conp/stw_scan_03_0014_0d970.cif
.0219610030289420985889751976826872317628	3	3	0	0	0	0	0	0	0	0	0	0	0	0	0	0	0	0	0	0	0	0	0	0	0	0	1	2	0	0	0	SiGe_distribution_January_2017/3.2/1d000/conp/3.2.cif
.0219610030289420985889751976826872317628	3	3	0	0	0	0	0	0	0	0	0	0	0	0	0	0	0	0	0	0	0	0	0	0	0	0	1	2	0	0	0	SiGe_distribution_January_2017/3.4/0d970/conp/3.4.cif
.0219604341821614172446690002067420451281	3	3	0	0	0	0	0	0	0	0	0	0	0	0	0	0	0	0	0	0	0	0	0	0	0	0	1	2	0	0	0	STW_SiGe_distribution_May2017/stw_Ge_03/stw_scan_03_0004/0d970/conp/stw_scan_03_0004_0d970.cif
.0219604341821614172446690002067420451281	3	3	0	0	0	0	0	0	0	0	0	0	0	0	0	0	0	0	0	0	0	0	0	0	0	0	1	2	0	0	0	SiGe_distribution_January_2017/3.2/1d030/conp/3.2.cif
.0171291477687096078775110871111899188695	3	3	0	0	0	0	0	0	0	0	0	0	0	0	0	0	0	0	0	0	0	0	0	0	0	0	1	2	0	0	0	STW_SiGe_distribution_May2017/stw_Ge_03/stw_scan_03_0020/0d970/conp/stw_scan_03_0020_0d970.cif
.0147809934393160542358082078389936338912	3	3	0	0	0	0	0	0	0	0	0	0	0	0	0	0	0	0	0	0	0	0	0	0	0	0	0	3	0	0	0	STW_SiGe_distribution_May2017/stw_Ge_03/stw_scan_03_0017/0d970/conp/stw_scan_03_0017_0d970.cif
.0074497758077469396228852578623028231848	3	3	0	0	0	0	0	0	0	0	0	0	0	0	0	0	0	0	0	0	0	0	0	0	0	0	1	2	0	0	0	STW_SiGe_distribution_May2017/stw_Ge_03/stw_scan_03_0015/0d970/conp/stw_scan_03_0015_0d970.cif
.0025402290868666787788493917829796304539	3	3	0	0	0	0	0	0	0	0	0	0	0	0	0	0	0	0	0	0	0	0	0	0	0	0	1	1	1	0	0	STW_SiGe_distribution_May2017/stw_Ge_03/stw_scan_03_0009/0d985/conp/stw_scan_03_0009_0d985.cif
.0002866266581197286690914658097503735147	3	3	0	0	0	0	0	0	0	0	0	0	0	0	0	0	0	0	0	0	0	0	0	0	0	0	1	1	1	0	0	STW_SiGe_distribution_May2017/stw_Ge_03/stw_scan_03_0021/0d970/conp/stw_scan_03_0021_0d970.cif
.0000926581337922138297417731429340769126	3	3	0	0	0	0	0	0	0	0	0	0	0	0	0	0	0	0	0	0	0	0	0	0	0	0	1	1	1	0	0	STW_SiGe_distribution_May2017/stw_Ge_03/stw_scan_03_0009/0d970/conp/stw_scan_03_0009_0d970.cif
.0000897339267317188884770369213949745915	3	3	0	0	0	0	0	0	0	0	0	0	0	0	0	0	0	0	0	0	0	0	0	0	0	0	0	3	0	0	0	SiGe_distribution_January_2017/3.1/1d000/conp/3.1.cif
.0000897316023909193374450074755497172090	3	3	0	0	0	0	0	0	0	0	0	0	0	0	0	0	0	0	0	0	0	0	0	0	0	0	0	3	0	0	0	STW_SiGe_distribution_May2017/stw_Ge_03/stw_scan_03_0005/0d970/conp/stw_scan_03_0005_0d970.cif
.0000897316023909193374450074755497172090	3	3	0	0	0	0	0	0	0	0	0	0	0	0	0	0	0	0	0	0	0	0	0	0	0	0	0	3	0	0	0	SiGe_distribution_January_2017/3.1/0d985/conp/3.1.cif
.0000825894429371282721930035236858682117	3	3	0	0	0	0	0	0	0	0	0	0	0	0	0	0	0	0	0	0	0	0	0	0	0	0	1	1	1	0	0	STW_SiGe_distribution_May2017/stw_Ge_03/stw_scan_03_0022/0d970/conp/stw_scan_03_0022_0d970.cif
.0000458591479928940086362300517605544800	3	3	0	0	0	0	0	0	0	0	0	0	0	0	0	0	0	0	0	0	0	0	0	0	0	0	0	2	1	0	0	STW_SiGe_distribution_May2017/stw_Ge_03/stw_scan_03_0023/0d970/conp/stw_scan_03_0023_0d970.cif
.0000263490834013496496306738625267409415	3	3	0	0	0	0	0	0	0	0	0	0	0	0	0	0	0	0	0	0	0	0	0	0	0	0	1	1	0	1	0	STW_SiGe_distribution_May2017/stw_Ge_03/stw_scan_03_0019/1d015/conp/stw_scan_03_0019_1d015.cif
.0000263490834013496496306738625267409415	3	3	0	0	0	0	0	0	0	0	0	0	0	0	0	0	0	0	0	0	0	0	0	0	0	0	1	1	0	1	0	STW_SiGe_distribution_May2017/stw_Ge_03/stw_scan_03_0019/0d985/conp/stw_scan_03_0019_0d985.cif
.0000000286333412298538710904128174971622	3	3	0	0	0	0	0	0	0	0	0	0	0	0	0	0	0	0	0	0	0	0	0	0	0	0	1	0	1	1	0	STW_SiGe_distribution_May2017/stw_Ge_03/stw_scan_03_0024/0d985/conp/stw_scan_03_0024_0d985.cif
.0000000286333412298538710904128174971622	3	3	0	0	0	0	0	0	0	0	0	0	0	0	0	0	0	0	0	0	0	0	0	0	0	0	1	0	1	1	0	STW_SiGe_distribution_May2017/stw_Ge_03/stw_scan_03_0024/1d000/conp/stw_scan_03_0024_1d000.cif
Average: 3.0000000000000000001320688733400700455831 3.0000000000000000001320688733400700455831 0 0 0 0 0 0 0 0 0 0 0 0 0 0 0 0 0 0 0 0 0 0 0 0 1.5741355452186261700950603243658273709193 1.4227636796114975677637509752868087005591 .0030480197363911032662540451367454978973 .0000527554334851590070035285506884762074 0
