-7721.76067140 4 18 22 24
-7721.69086102 6 16 22 23
-7720.04671861 17 21 22 41
-7719.94134051 11 15 23 28
-7719.91545697 5 20 22 46
-7719.90760641 3 5 22 46
-7719.90008441 12 14 24 36
-7719.85880631 5 8 18 34
-7719.85264588 5 8 21 34
-7719.85120937 17 22 29 41
-7719.84568344 1 12 24 26
-7719.83924879 20 24 32 44
-7719.83105220 11 15 23 27
-7719.79171658 14 24 32 60
-7719.78815098 15 23 27 45
-7719.74350197 5 17 22 46
-7719.73830569 1 12 44 48
-7719.73494437 1 12 13 32
-7719.69297165 1 12 24 36
-7719.64187945 12 24 36 48
-7719.63771611 6 18 26 60
-7719.62449379 5 22 41 46
-7719.62366698 15 29 35 57
-7719.62289420 3 10 29 39
-7719.59197439 16 31 36 43
-7719.48251543 15 31 51 59
-7719.43758858 4 16 27 52
-7719.41383641 8 25 41 53
-7719.31982290 14 24 36 54
-7719.30893415 1 18 20 32
-7719.24828817 5 8 13 25
-7719.22614218 5 13 22 25
-7719.22436996 1 12 20 32
-7719.22236764 3 10 17 29
-7719.21943269 8 22 25 53
-7719.21925574 5 8 13 34
-7719.20722025 10 17 21 33
-7719.20301413 10 17 21 45
-7719.19588499 5 22 46 56
-7719.18894830 14 24 26 36
-7719.18845605 13 22 25 58
-7719.18539108 3 10 17 33
-7719.18226543 18 20 30 32
-7719.16463654 12 18 20 42
-7719.11810748 14 24 26 54
-7719.10214539 6 14 36 48
-7719.09255599 3 21 29 33
-7719.08742596 1 20 30 32
-7719.08708412 6 14 26 48
-7719.07977019 15 23 35 39
-7719.07713766 8 13 25 34
-7719.07099621 14 24 38 60
-7719.06037503 5 22 25 53
-7719.04378344 2 19 31 43
-7719.03376571 18 20 32 44
-7719.03366999 14 24 36 48
-7719.02144632 5 13 25 53
-7719.00007589 15 35 57 58
-7718.98210939 29 39 47 51
-7718.97793945 4 9 35 47
-7718.97072377 10 21 33 45
-7718.96844250 14 24 38 48
-7718.96519573 10 33 45 53
-7718.95985505 5 8 25 34
-7718.94481763 5 22 25 46
-7718.91874370 16 31 43 55
-7718.91395918 2 19 28 43
-7718.90572717 14 26 38 48
-7718.88921240 9 39 47 51
-7718.87013786 19 28 31 43
-7718.87013385 13 25 34 37
-7718.82373414 3 41 53 57
-7718.76740919 19 31 43 55
-7718.74370048 3 29 45 57
-7718.71678597 18 42 44 54
-7718.71314699 35 39 53 57
-7718.68631212 27 39 47 51
