0 -7721.76067140 4 18 22 24 4_104 .85915542032484104011
.06981038 -7721.69086102 6 16 22 23 4_105 .14084457967515895984
1.71395279 -7720.04671861 17 21 22 41 4_84 .00000000000000000004
1.81933089 -7719.94134051 11 15 23 28 4_92 0
1.84521443 -7719.91545697 5 20 22 46 4_71 0
1.85306499 -7719.90760641 3 5 22 46 4_67 0
1.86058699 -7719.90008441 12 14 24 36 4_80 0
1.90186509 -7719.85880631 5 8 18 34 4_73 0
1.90802552 -7719.85264588 5 8 21 34 4_68 0
1.90946203 -7719.85120937 17 22 29 41 4_88 0
1.91498796 -7719.84568344 1 12 24 26 4_93 0
1.92142261 -7719.83924879 20 24 32 44 4_79 0
1.92961920 -7719.83105220 11 15 23 27 4_90 0
1.96895482 -7719.79171658 14 24 32 60 4_95 0
1.97252042 -7719.78815098 15 23 27 45 4_83 0
2.01716943 -7719.74350197 5 17 22 46 4_76 0
2.02236571 -7719.73830569 1 12 44 48 4_74 0
2.02572703 -7719.73494437 1 12 13 32 4_62 0
2.06769975 -7719.69297165 1 12 24 36 4_86 0
2.11879195 -7719.64187945 12 24 36 48 4_69 0
2.12295529 -7719.63771611 6 18 26 60 4_96 0
2.13617761 -7719.62449379 5 22 41 46 4_77 0
2.13700442 -7719.62366698 15 29 35 57 4_100 0
2.13777720 -7719.62289420 3 10 29 39 4_64 0
2.16869701 -7719.59197439 16 31 36 43 4_94 0
2.27815597 -7719.48251543 15 31 51 59 4_103 0
2.32308282 -7719.43758858 4 16 27 52 4_91 0
2.34683499 -7719.41383641 8 25 41 53 4_99 0
2.44084850 -7719.31982290 14 24 36 54 4_89 0
2.45173725 -7719.30893415 1 18 20 32 4_10 0
2.51238323 -7719.24828817 5 8 13 25 4_16 0
2.53452922 -7719.22614218 5 13 22 25 4_8 0
2.53630144 -7719.22436996 1 12 20 32 4_7 0
2.53830376 -7719.22236764 3 10 17 29 4_24 0
2.54123871 -7719.21943269 8 22 25 53 4_82 0
2.54141566 -7719.21925574 5 8 13 34 4_20 0
2.55345115 -7719.20722025 10 17 21 33 4_12 0
2.55765727 -7719.20301413 10 17 21 45 4_21 0
2.56478641 -7719.19588499 5 22 46 56 4_87 0
2.57172310 -7719.18894830 14 24 26 36 4_17 0
2.57221535 -7719.18845605 13 22 25 58 4_63 0
2.57528032 -7719.18539108 3 10 17 33 4_26 0
2.57840597 -7719.18226543 18 20 30 32 4_11 0
2.59603486 -7719.16463654 12 18 20 42 4_1 0
2.64256392 -7719.11810748 14 24 26 54 4_81 0
2.65852601 -7719.10214539 6 14 36 48 4_58 0
2.66811541 -7719.09255599 3 21 29 33 4_27 0
2.67324544 -7719.08742596 1 20 30 32 4_9 0
2.67358728 -7719.08708412 6 14 26 48 4_55 0
2.68090121 -7719.07977019 15 23 35 39 4_56 0
2.68353374 -7719.07713766 8 13 25 34 4_19 0
2.68967519 -7719.07099621 14 24 38 60 4_66 0
2.70029637 -7719.06037503 5 22 25 53 4_60 0
2.71688796 -7719.04378344 2 19 31 43 4_38 0
2.72690569 -7719.03376571 18 20 32 44 4_46 0
2.72700141 -7719.03366999 14 24 36 48 4_48 0
2.73922508 -7719.02144632 5 13 25 53 4_59 0
2.76059551 -7719.00007589 15 35 57 58 4_101 0
2.77856201 -7718.98210939 29 39 47 51 4_98 0
2.78273195 -7718.97793945 4 9 35 47 4_54 0
2.78994763 -7718.97072377 10 21 33 45 4_30 0
2.79222890 -7718.96844250 14 24 38 48 4_29 0
2.79547567 -7718.96519573 10 33 45 53 4_85 0
2.80081635 -7718.95985505 5 8 25 34 4_5 0
2.81585377 -7718.94481763 5 22 25 46 4_47 0
2.84192770 -7718.91874370 16 31 43 55 4_78 0
2.84671222 -7718.91395918 2 19 28 43 4_50 0
2.85494423 -7718.90572717 14 26 38 48 4_52 0
2.87145900 -7718.88921240 9 39 47 51 4_70 0
2.89053354 -7718.87013786 19 28 31 43 4_25 0
2.89053755 -7718.87013385 13 25 34 37 4_15 0
2.93693726 -7718.82373414 3 41 53 57 4_97 0
2.99326221 -7718.76740919 19 31 43 55 4_57 0
3.01697092 -7718.74370048 3 29 45 57 4_75 0
3.04388543 -7718.71678597 18 42 44 54 4_61 0
3.04752441 -7718.71314699 35 39 53 57 4_102 0
3.07435928 -7718.68631212 27 39 47 51 4_72 0
